90 0
0 1 1.2432702042067547
0 2 1.4084155532084959
0 3 1.1401486166635046
0 4 1.355194847175618
0 5 1.377963361561557
0 6 1.356144000182367
0 7 1.4443110840458415
0 8 1.465623051999724
0 9 1.4515129436230103
0 10 1.2984081961460638
0 11 1.2588108167978482
0 12 1.3056241077962858
0 13 1.2632968627637695
0 14 1.321166180781521
0 15 1.3267753928300314
0 16 0.8853989124993739
0 17 1.2603252541508154
0 18 1.2805013686902338
0 19 1.2559939364227721
0 20 1.3017671298365832
0 21 1.429923982663279
0 22 1.3795008598665164
0 23 1.3247933514488992
0 24 1.2994953414539254
0 25 1.4689247796012228
0 26 1.3354983514249823
0 27 1.094638300261566
0 28 1.4089433777420177
0 29 1.3075931208250458
0 30 1.382056636297586
0 31 1.2312118350755652
0 32 1.3165779488352047
0 33 1.4394015324690088
0 34 1.2300193668021098
0 35 1.3212406678546185
0 36 1.4314125352652993
0 37 1.1602225410103628
0 38 0.9116990778134983
0 39 1.3468224521284478
0 40 1.253619400011386
0 41 1.4536960631146902
0 42 1.4184868143892266
0 43 1.4378881739855365
0 44 1.3839035318404327
0 45 1.3689147232062162
0 46 1.3475300276081337
0 47 1.3016369235122716
0 48 1.483301952520733
0 49 1.1939967884759322
0 50 1.3732306207994558
0 51 1.2662795200466326
0 52 1.347762015897529
0 53 1.4138025480321756
0 54 1.2120242543630193
0 55 1.41259480662782
0 56 1.3838681195696287
0 57 1.4587160000997728
0 58 1.300876638353177
0 59 1.3233235865326303
0 60 1.351156007561877
0 61 1.4643820424256655
0 62 1.2480967648397876
0 63 1.2032495596486608
0 64 1.337406469707983
0 65 1.2017406108797781
0 66 1.389831535375635
0 67 1.0029421989995488
0 68 1.386966568173978
0 69 1.4343826183381647
0 70 1.1121208155860145
0 71 1.3753839751032695
0 72 1.4277848842917842
0 73 1.1446582001660037
0 74 1.3817959628115624
0 75 1.397765244633969
0 76 1.1307732086331337
0 77 1.2699359459051245
0 78 1.4667770111878424
0 79 1.3436656485815839
0 80 1.216941401457692
0 81 1.2838412044972718
0 82 1.3048301919542724
0 83 1.345774716857516
0 84 1.2466544607562762
0 85 1.0022871888685068
0 86 1.4574076033631131
0 87 1.3534022039144262
0 88 1.3946667290146655
0 89 1.3812507220614914
1 2 1.3123899730754143
1 3 0.9658564684556186
1 4 1.2140422238704112
1 5 1.482972618183218
1 6 1.5103217336123174
1 7 1.2725498267396649
1 8 1.2118984455971835
1 9 1.6022671196530887
1 10 1.28020063708472
1 11 1.318586861360951
1 12 1.129816537483802
1 13 0.44231929278496085
1 14 1.2738054373429208
1 15 1.194759452727119
1 16 1.245255062629271
1 17 0.6309464479533233
1 18 1.0361129484624099
1 19 1.377554585618655
1 20 1.2169255481130907
1 21 1.2094192604251695
1 22 1.304663183870354
1 23 1.3217578164500228
1 24 1.405285571822204
1 25 1.31245986214432
1 26 1.2967366271498424
1 27 1.259481817796252
1 28 1.282466090307399
1 29 1.2873319150342375
1 30 1.2726190716879537
1 31 1.3457235607650968
1 32 0.8982433120368247
1 33 1.0642751087703555
1 34 0.9540749452713202
1 35 1.1492538980697702
1 36 1.356454974087598
1 37 1.2281013157470524
1 38 1.2322422764714447
1 39 1.080859963852274
1 40 1.0724954776335358
1 41 1.244422119704545
1 42 1.3351682977737476
1 43 1.2409875357504077
1 44 1.471024106726204
1 45 1.1803531826820541
1 46 1.1236972079148237
1 47 1.1308291992478376
1 48 1.3660853598190394
1 49 1.1131227252834723
1 50 1.1605625825497417
1 51 0.6189794374568717
1 52 1.3789331248499042
1 53 1.2532939418020572
1 54 1.0627300947632958
1 55 1.1979285732565772
1 56 1.3220302923614469
1 57 1.1654028518736237
1 58 1.0650094848423541
1 59 1.1827194371999992
1 60 1.4552138859491799
1 61 1.2584572649006678
1 62 0.564625807756362
1 63 1.2031966518732775
1 64 1.2586690503135642
1 65 1.03089604741169
1 66 1.2232815119153293
1 67 1.3028597616081892
1 68 1.1832705379864479
1 69 1.443666203847608
1 70 1.2361595373255747
1 71 1.2868864478550754
1 72 1.3688303067785146
1 73 1.4207938765829902
1 74 1.3085763507800114
1 75 1.084974649518333
1 76 1.03070903958242
1 77 1.0911102812875686
1 78 1.445228574857171
1 79 1.1050892553425988
1 80 0.5854692872290213
1 81 0.8766546698462564
1 82 1.1255569828419796
1 83 1.234161455044171
1 84 1.1065049146469788
1 85 1.1207329116384102
1 86 1.2844527657884892
1 87 1.1863545740733152
1 88 1.288715607825281
1 89 1.5348917102835387
2 3 1.3380996389492434
2 4 1.3402959124102465
2 5 1.4123955283011926
2 6 1.3386759863947237
2 7 1.230836693538121
2 8 1.283387690976301
2 9 1.402782435402469
2 10 1.3414413465254367
2 11 1.4177013527646958
2 12 1.2228007614351624
2 13 1.3421781644122541
2 14 1.2748738337790975
2 15 1.3026846420465588
2 16 1.3299876174275618
2 17 1.359047009377208
2 18 1.3327090374422252
2 19 1.428094178225267
2 20 1.2374794677067806
2 21 1.3378577033664951
2 22 1.5729292492640408
2 23 1.4190761622126975
2 24 1.393159027379316
2 25 1.3908229797415526
2 26 1.3845551032667422
2 27 1.3642413027304956
2 28 1.2320088576074673
2 29 1.367884175946322
2 30 1.427914886412088
2 31 1.3545251100649738
2 32 1.2602962500073471
2 33 1.3929164138072907
2 34 1.1914512010309164
2 35 1.3513567544520304
2 36 1.4308001325796724
2 37 1.3823576691089703
2 38 1.3656839172247357
2 39 1.2633951555368854
2 40 1.1931430397692326
2 41 1.37598942672853
2 42 1.3554841129754565
2 43 1.2024696569472353
2 44 1.4107500832444921
2 45 1.2906389361156474
2 46 1.2289051522830496
2 47 1.3051832744473004
2 48 1.4055502126191493
2 49 1.3180639087009354
2 50 1.3069128295585102
2 51 1.3729600098262866
2 52 1.3801286271757345
2 53 1.4355879984264581
2 54 1.3166387629835419
2 55 1.4089051486801216
2 56 1.4187018502030289
2 57 1.3039962042955535
2 58 1.3627990061340953
2 59 1.3447810290093722
2 60 1.400746272453353
2 61 1.3685261082785847
2 62 1.3780096405202886
2 63 1.2001108636267293
2 64 1.1349852431005152
2 65 1.2551114403806354
2 66 1.3671199924917616
2 67 1.4122346598604798
2 68 1.367323884660944
2 69 1.3082603234027883
2 70 1.3408364815322893
2 71 1.2820743577617115
2 72 1.314847047155527
2 73 1.4720222303601753
2 74 1.4601239602940446
2 75 1.3052103066684433
2 76 1.3759785199552559
2 77 1.2471877032203444
2 78 1.405023342289247
2 79 1.4461003017584095
2 80 1.318272935031566
2 81 1.2683026375307114
2 82 1.4238732541242607
2 83 1.333702517089184
2 84 1.2237744124120347
2 85 1.374060303429419
2 86 1.2440240849054793
2 87 1.3689454053946364
2 88 1.3949932040403654
2 89 1.4015553945255685
3 4 1.147264800454116
3 5 1.3719525288080665
3 6 1.365799635260057
3 7 1.318580926372419
3 8 1.2718685729169272
3 9 1.4326986650990765
3 10 1.1979933399141478
3 11 1.2518559156882496
3 12 1.0939735485518045
3 13 0.9588154931482876
3 14 1.2898578940075565
3 15 1.2079188227392084
3 16 1.178119538133891
3 17 0.9725802582227425
3 18 1.004940037110389
3 19 1.3316395018326512
3 20 1.2887251286708534
3 21 1.1500432446002213
3 22 1.3904029702167928
3 23 1.374516293940628
3 24 1.239333022005178
3 25 1.32060146242486
3 26 1.319073319368349
3 27 1.1716002622296728
3 28 1.296857098848991
3 29 1.158883837412847
3 30 1.3125290858902237
3 31 1.2592597976719972
3 32 1.1428928317265825
3 33 1.179929906511205
3 34 1.050728032402166
3 35 1.1737313049128628
3 36 1.3239422258186053
3 37 1.1787437928566424
3 38 1.1470593148308599
3 39 1.2416516897724639
3 40 1.1007393620022443
3 41 1.385309052051756
3 42 1.2962866735247036
3 43 1.2601656969141266
3 44 1.4314056928505925
3 45 1.2658507625953532
3 46 1.1483556688286405
3 47 1.224102803945647
3 48 1.3757304939809043
3 49 1.1116569540711472
3 50 1.2372340326530138
3 51 1.11872822682769
3 52 1.2750465019100168
3 53 1.3799188595596166
3 54 0.9523676097406778
3 55 1.2721428199118743
3 56 1.2160297050485365
3 57 1.3010523996201446
3 58 1.137946318890553
3 59 1.1988170064834014
3 60 1.33804158692763
3 61 1.3054711198841622
3 62 1.0446450798227602
3 63 1.1587496531844208
3 64 1.300867907810073
3 65 1.1194555637022838
3 66 1.2231837169025266
3 67 1.232805123946303
3 68 1.103850993892028
3 69 1.4421594936571989
3 70 1.1624414903896838
3 71 1.224717965844853
3 72 1.4446194587853667
3 73 1.2600289398216724
3 74 1.366347839996981
3 75 1.170944592400157
3 76 0.8344286254551959
3 77 1.189840534963938
3 78 1.4321907977417097
3 79 1.1132861683239579
3 80 0.9837178751317488
3 81 1.1023968576776049
3 82 1.1070861836878765
3 83 1.2103989060059779
3 84 1.2019279133193044
3 85 1.0687018718639079
3 86 1.304615613278211
3 87 1.2831121613610819
3 88 1.206942660159253
3 89 1.386154249995219
4 5 1.386661669700545
4 6 1.381656746649449
4 7 1.2587754059127176
4 8 1.2620890228171462
4 9 1.4523383126194582
4 10 1.3608137107798484
4 11 1.2403981782161513
4 12 1.160645629968697
4 13 1.2141594286611317
4 14 1.3421516303929395
4 15 1.3772990954331477
4 16 1.3226540273556338
4 17 1.2223049337081864
4 18 1.2339284973721412
4 19 1.4341850418524773
4 20 1.3070546404619756
4 21 1.2517883909538496
4 22 1.2853825678890733
4 23 1.4336797403261765
4 24 1.4180680071996639
4 25 1.442495545087511
4 26 1.2513794450388074
4 27 1.332509369796433
4 28 1.3389645619120707
4 29 1.3655977587440884
4 30 1.43959416295782
4 31 1.4090952766918279
4 32 1.2588682392732702
4 33 1.2227756132083811
4 34 1.266426059639219
4 35 1.149732639038922
4 36 1.3530815901427025
4 37 1.2632225051482004
4 38 1.2900515406667712
4 39 1.405059432156335
4 40 1.2025563483986825
4 41 1.2815001638908952
4 42 1.3610777821730848
4 43 1.3464739750830297
4 44 1.3495090189057124
4 45 1.2946222473892832
4 46 1.0430677515992643
4 47 1.3284473510503116
4 48 1.4286792025296164
4 49 1.2321187671787273
4 50 0.6529721552889114
4 51 1.2780202961826552
4 52 1.2743014714360823
4 53 1.20811312940896
4 54 1.187028950545717
4 55 1.2978087907493623
4 56 1.2589270790257217
4 57 1.3010067500646185
4 58 1.3244231604397851
4 59 1.3100801981724803
4 60 1.3484079351468918
4 61 1.2922085919813349
4 62 1.2601957549934186
4 63 1.284161738440298
4 64 1.259129820228457
4 65 1.1896728122373081
4 66 1.2473386860540066
4 67 1.391313279647434
4 68 1.357199432568839
4 69 1.3783798299573362
4 70 1.36615913686437
4 71 1.2580015652337966
4 72 1.2910591059214465
4 73 1.2049677501372713
4 74 1.3053910244805804
4 75 1.138650260329825
4 76 1.29393099407412
4 77 1.3108842672672492
4 78 1.3416817333396955
4 79 1.241995776462698
4 80 1.209858862106426
4 81 1.1402484727435132
4 82 1.4236032725309822
4 83 1.266501145832469
4 84 1.33260062705317
4 85 1.3282842049207695
4 86 1.3403997720258995
4 87 1.3820517261241707
4 88 1.350341245117821
4 89 1.3542577563484721
5 6 0.8517326491555562
5 7 1.339054667226263
5 8 1.5386490848703136
5 9 0.9634714958498104
5 10 1.426002361061716
5 11 1.2066739943321294
5 12 1.304433972066797
5 13 1.4730324992781418
5 14 1.486619880853519
5 15 1.3902531762633612
5 16 1.2510762604530699
5 17 1.393712809170079
5 18 1.4193870249998193
5 19 1.3023556328612775
5 20 1.4811281504260299
5 21 1.3439278809780688
5 22 1.5075735520919304
5 23 1.2594952655886482
5 24 0.9398910461495776
5 25 1.4815970117055726
5 26 1.4509241738597494
5 27 1.3919073251647338
5 28 1.345973315616362
5 29 1.4018585036100661
5 30 1.4887280244564938
5 31 1.2851843502367162
5 32 1.4561205284434149
5 33 1.3695975081718292
5 34 1.4419045314600987
5 35 1.2917923299351481
5 36 1.3949415146741984
5 37 1.387413062475563
5 38 1.361431165293049
5 39 1.506801556061743
5 40 1.4694375956962704
5 41 1.4937500998179027
5 42 1.5969330286002679
5 43 1.3659083356179114
5 44 1.2659458384373559
5 45 1.4355035792256925
5 46 1.3969195315953238
5 47 1.4770451053447877
5 48 1.3506773856699215
5 49 1.4744926348139953
5 50 1.390031968026724
5 51 1.5395551430229117
5 52 1.2664393941915342
5 53 1.47054254884395
5 54 1.290391333956923
5 55 1.2786403204834806
5 56 1.425460922247777
5 57 1.4446760251932254
5 58 1.4077502980643513
5 59 1.5247747698492222
5 60 1.309214745727691
5 61 1.44251095315548
5 62 1.5691223292599317
5 63 1.487067490741769
5 64 1.3261722388531554
5 65 1.4708352356286216
5 66 1.4173425003641014
5 67 1.2502720879386469
5 68 1.345783884632162
5 69 1.4446452442743871
5 70 1.340428431273813
5 71 1.2319721961670178
5 72 1.3927390808116957
5 73 1.2240125429682849
5 74 1.3878356564035463
5 75 1.32871259032
5 76 1.4260122396616608
5 77 1.3919770166309213
5 78 1.4861830775538274
5 79 1.3100650225730475
5 80 1.488355921050624
5 81 1.4298832527226195
5 82 1.3529797343002519
5 83 1.4505458153577788
5 84 1.4681962845391088
5 85 1.3510564075515352
5 86 1.354311608363053
5 87 1.4010706444586887
5 88 1.3458896019183597
5 89 1.2981767742447483
6 7 1.2885206329883345
6 8 1.5201863253944476
6 9 0.7350201930715199
6 10 1.395390844234665
6 11 1.2465223853998961
6 12 1.3063574005162089
6 13 1.501544914400146
6 14 1.4368204129802475
6 15 1.3538091987983958
6 16 1.2746149537617961
6 17 1.3874909345127022
6 18 1.3663531351744027
6 19 1.3295288558178755
6 20 1.4361836811414712
6 21 1.249131693699031
6 22 1.576500871706176
6 23 1.2933316897833291
6 24 0.9945723467694774
6 25 1.3856115919307184
6 26 1.477532085829507
6 27 1.402246704592903
6 28 1.362011899155952
6 29 1.3020199212175485
6 30 1.5148182764330147
6 31 1.3066440120952272
6 32 1.4707339735510085
6 33 1.3510588010594258
6 34 1.4156644181449958
6 35 1.335037106646646
6 36 1.3720554885099143
6 37 1.318661455807157
6 38 1.4062087411925999
6 39 1.4250633622232305
6 40 1.3975620118902026
6 41 1.5369413074352287
6 42 1.4311032976102755
6 43 1.3600469127594932
6 44 1.4038301344208022
6 45 1.378911542477283
6 46 1.4017224167312319
6 47 1.4429198688812113
6 48 1.439619865904472
6 49 1.4495420071280554
6 50 1.3959430687915684
6 51 1.5726673632346289
6 52 1.2617239834567577
6 53 1.5654036835556826
6 54 1.3115105352775454
6 55 1.2359602522075828
6 56 1.370285056366482
6 57 1.4368573062267862
6 58 1.4053948104382379
6 59 1.4152614832148964
6 60 1.2271681420303984
6 61 1.4676895532945569
6 62 1.6007722062231855
6 63 1.4300812702900605
6 64 1.3226296307650076
6 65 1.4490592489480736
6 66 1.3951579412474489
6 67 1.3538257098980415
6 68 1.3417700536617307
6 69 1.4087839309887458
6 70 1.3677213214780621
6 71 1.2778075065583978
6 72 1.3090699881830372
6 73 1.2637302779848516
6 74 1.34559329587899
6 75 1.3616834555702715
6 76 1.4702643092829293
6 77 1.3443809199479024
6 78 1.4012887178101723
6 79 1.3223770408943876
6 80 1.489685364131945
6 81 1.4504348418130768
6 82 1.3836572400278606
6 83 1.4681153906020898
6 84 1.4191217540236132
6 85 1.3591846483536927
6 86 1.3165823127535667
6 87 1.4460776635830817
6 88 1.2259939366697268
6 89 1.262421642996554
7 8 1.324762676898337
7 9 1.376981420900487
7 10 1.378154097434375
7 11 1.321325983619488
7 12 1.2892019974301685
7 13 1.28000341126312
7 14 1.3433118910562551
7 15 1.3204904243646314
7 16 1.3787443902244891
7 17 1.2182099608073467
7 18 1.2239422940198637
7 19 1.4422863885695059
7 20 1.342483961873613
7 21 1.2594839245138323
7 22 1.4942514297598106
7 23 1.4288510633852924
7 24 1.4163258339304323
7 25 1.4272974050505163
7 26 1.36305248479679
7 27 1.3442155146789734
7 28 1.3752301453605735
7 29 1.3381871113034216
7 30 1.3173174186249765
7 31 1.299416375199793
7 32 1.3509553860549737
7 33 1.280732964021769
7 34 1.319292310898896
7 35 1.370953738918898
7 36 1.3729484057326267
7 37 1.3237894098944554
7 38 1.3538688351446226
7 39 1.3322740529375
7 40 1.177257595829388
7 41 1.37899460348035
7 42 1.3425696825425248
7 43 1.3295535760776072
7 44 1.3434841990260187
7 45 1.2778824583938235
7 46 1.3369496057845274
7 47 1.3881165865568534
7 48 1.3551309884523768
7 49 1.3044660367335261
7 50 1.2406350254536573
7 51 1.3967878494492987
7 52 1.350506653225411
7 53 1.4006588461533722
7 54 1.3703293443715059
7 55 1.2841338587298188
7 56 1.2966939387760479
7 57 1.31221304502476
7 58 1.2796365457536314
7 59 1.3597950268610026
7 60 1.2861515267483234
7 61 1.4323711132382133
7 62 1.343365511609421
7 63 1.3995145319970743
7 64 1.1710784402507
7 65 1.1715968627346969
7 66 1.2836753648157138
7 67 1.412900061190426
7 68 1.2169882383297084
7 69 1.477673162424659
7 70 1.4748155892478891
7 71 1.2003956046633977
7 72 1.2049018466968122
7 73 1.4384104394004769
7 74 1.3618213908974401
7 75 1.3648675616531407
7 76 1.3564628650384498
7 77 1.3231298025921754
7 78 1.3602709884637416
7 79 1.245860872037429
7 80 1.3373506258581032
7 81 1.283804561829137
7 82 1.3769963631697362
7 83 1.2939106019534514
7 84 1.3136731590904531
7 85 1.4434267030819503
7 86 1.3282068890924963
7 87 1.4361262860705213
7 88 1.3550874525784737
7 89 1.420725131081547
8 9 1.509627408578483
8 10 1.273972172227461
8 11 1.2137633196574846
8 12 1.284465206065744
8 13 1.2205748487474493
8 14 1.301285916047996
8 15 1.3526212933904667
8 16 1.4351876608906906
8 17 1.203544183232501
8 18 1.1710607665115322
8 19 1.394642454052158
8 20 1.4588748208991225
8 21 1.1562511138473603
8 22 1.2875261570896732
8 23 1.2537004025787142
8 24 1.4296880924164155
8 25 1.2378366314468143
8 26 1.0891769105326794
8 27 1.401474483571671
8 28 1.265723710840002
8 29 1.2900949983249055
8 30 1.3205646357399308
8 31 1.3462914916380972
8 32 1.2127201399164849
8 33 1.1846950117268564
8 34 1.2633707026755359
8 35 1.318480300861169
8 36 1.1224528404645011
8 37 1.4023065936485106
8 38 1.4822602788454582
8 39 1.2125934415742723
8 40 1.2102328003736271
8 41 1.1736335227677097
8 42 1.2289570773852072
8 43 1.4272325002944344
8 44 1.3390636086437875
8 45 1.1700769409821667
8 46 1.220283502264013
8 47 1.1860016231111905
8 48 1.391038278739219
8 49 1.3015509217972387
8 50 1.1866340026701947
8 51 1.2558423283039633
8 52 1.3443948232020122
8 53 1.3712733496849163
8 54 1.3045257382556976
8 55 1.3326130009065504
8 56 1.2486025646122665
8 57 1.1608708489639008
8 58 1.2381044069795748
8 59 1.2392596960994906
8 60 1.316201797549337
8 61 1.1055780457933242
8 62 1.2056102548407814
8 63 1.3257021859681235
8 64 1.3788788305052533
8 65 1.2580884213039494
8 66 1.1332082342574166
8 67 1.4067235015469475
8 68 1.2146997301493412
8 69 1.2569502637723837
8 70 1.4208853010936044
8 71 1.2847336743005304
8 72 1.4090150455844097
8 73 1.4005018392389916
8 74 1.317050494866374
8 75 1.3041856919435266
8 76 1.2809382356891812
8 77 1.3622573977834016
8 78 1.2841931903961123
8 79 1.2923350572754133
8 80 1.208283656107658
8 81 1.1460693769832646
8 82 1.2920943435567596
8 83 1.1458745588864019
8 84 1.233941050380418
8 85 1.4380905570577225
8 86 1.3376527995080416
8 87 1.198509158976679
8 88 1.2308505320714225
8 89 1.4049378629223597
9 10 1.4722796647651195
9 11 1.3168600597722464
9 12 1.3945958017392408
9 13 1.5741872368405727
9 14 1.434339158579973
9 15 1.402698695287802
9 16 1.3589300448150288
9 17 1.437670100570834
9 18 1.4109149925793523
9 19 1.3048136257943495
9 20 1.5259591105395713
9 21 1.2803029982045975
9 22 1.5550362414127377
9 23 1.2731313584703876
9 24 1.0290173260536266
9 25 1.4424910048591673
9 26 1.4950663213632527
9 27 1.4626541964119115
9 28 1.391053856979965
9 29 1.2841593171253576
9 30 1.4848546834617915
9 31 1.3279838859409487
9 32 1.5204734182739457
9 33 1.403054129003859
9 34 1.5455757144756173
9 35 1.383250937236179
9 36 1.4077293879120871
9 37 1.40663891199419
9 38 1.4755893483682518
9 39 1.403902171960864
9 40 1.4569760950737791
9 41 1.4863805330158841
9 42 1.48818742908531
9 43 1.4768036538956417
9 44 1.4585601634804741
9 45 1.4206520577705897
9 46 1.423229527348675
9 47 1.3882475422765033
9 48 1.430314325424459
9 49 1.4759230540828616
9 50 1.4721200905528613
9 51 1.6299704554873025
9 52 1.273844720548017
9 53 1.5742485842639313
9 54 1.3330255985195565
9 55 1.2941405990279768
9 56 1.4048804264002437
9 57 1.4992384947939985
9 58 1.3990130991024712
9 59 1.4470590819345495
9 60 1.1290131562710728
9 61 1.4927330533058794
9 62 1.6262291737842913
9 63 1.4764362366773107
9 64 1.4185710674695264
9 65 1.5068540263611032
9 66 1.4133311241784003
9 67 1.4537071706619131
9 68 1.2546713707345787
9 69 1.4111750348030618
9 70 1.3590848383765892
9 71 1.341176556973239
9 72 1.368225993368824
9 73 1.3544624815044595
9 74 1.382467901259685
9 75 1.3610805948705014
9 76 1.4896143179151329
9 77 1.4465920607025915
9 78 1.4324672556836922
9 79 1.272131943568542
9 80 1.5392372252012188
9 81 1.4972804041104308
9 82 1.3517843575337705
9 83 1.528381851880118
9 84 1.4989172727315787
9 85 1.4078908429292403
9 86 1.384491382231688
9 87 1.4259336868364334
9 88 1.2180592888654795
9 89 1.219363221111464
10 11 1.3635791690724288
10 12 1.3355528178302667
10 13 1.2584146626458703
10 14 1.2091129149061302
10 15 1.249165762934954
10 16 1.3308199017386395
10 17 1.3074406224269812
10 18 1.2316951249745378
10 19 1.4195920454788133
10 20 1.3281111542455508
10 21 1.422087366821377
10 22 1.3582526806983832
10 23 1.2812007071035503
10 24 1.3287564128359355
10 25 1.1454688523222298
10 26 1.3555853804167302
10 27 1.304624220519394
10 28 1.338982914256889
10 29 1.0000186639909576
10 30 1.3924192792301415
10 31 1.4043562366554918
10 32 1.1900823969381158
10 33 1.4117169290492
10 34 1.2735260003559283
10 35 1.4544547923368945
10 36 1.1859599519721837
10 37 1.3224497332298635
10 38 1.3204461225338204
10 39 1.2732561126146726
10 40 1.3097256121623528
10 41 1.3191545597183139
10 42 1.0251826620047637
10 43 1.44619425156165
10 44 1.369325080748655
10 45 1.2371602315580954
10 46 1.338520181853407
10 47 1.1321180127092736
10 48 1.3638200070244322
10 49 1.3550952002274679
10 50 1.3304942893142702
10 51 1.2588224894877367
10 52 1.4271211606620606
10 53 1.5294016030104527
10 54 1.3003767861462092
10 55 1.3864646236469056
10 56 1.3920728291495026
10 57 1.151338946609467
10 58 1.3511797578028866
10 59 1.244983182228631
10 60 1.4577411468027368
10 61 1.3785858366786077
10 62 1.2348220614884557
10 63 1.1483335017101068
10 64 1.33943850962448
10 65 1.2917960947923743
10 66 1.1249801981164724
10 67 1.51084657129314
10 68 1.368965817010472
10 69 1.3463771794578665
10 70 1.4306267991727548
10 71 1.283540197770707
10 72 1.4117338289480568
10 73 1.1969986032574904
10 74 1.3656029486120358
10 75 1.319563434781637
10 76 1.176699657004057
10 77 1.153004370868882
10 78 1.3510781101006475
10 79 1.4523632077543913
10 80 1.2668848181018064
10 81 1.3344695436228684
10 82 1.1940539123836338
10 83 1.3464173609284504
10 84 1.231178557335229
10 85 1.2990293779837603
10 86 1.2570351422501778
10 87 1.3499044779716234
10 88 1.359315026933266
10 89 1.3316455554376294
11 12 1.2595898983134166
11 13 1.3218804647397664
11 14 1.3864894377583878
11 15 1.3594998593388803
11 16 1.292242887681634
11 17 1.305593766160966
11 18 1.228288607293173
11 19 1.288723948646643
11 20 1.3789868290950238
11 21 1.2397372901393062
11 22 1.3720464567726112
11 23 1.2911518475504173
11 24 1.1409182355498826
11 25 1.464539599526343
11 26 1.293661031638319
11 27 1.3617148648954225
11 28 1.26745799365524
11 29 1.2264754773534026
11 30 1.409253070521452
11 31 1.356070396400464
11 32 1.3419910009490188
11 33 1.2260910266145606
11 34 1.3223230338983418
11 35 1.2852688421821334
11 36 1.2699361177461024
11 37 1.3552636625517434
11 38 1.3095681746649748
11 39 1.3306101484775945
11 40 1.3048380622298352
11 41 1.3244274554176316
11 42 1.4625973227480986
11 43 1.4266422835013188
11 44 1.2109011315421234
11 45 1.3040806209991278
11 46 1.2450638908104241
11 47 1.2939305837883959
11 48 1.4322187541660043
11 49 1.3429717903003255
11 50 1.2411290495982676
11 51 1.409385215800137
11 52 1.126455125777794
11 53 1.3825139630641727
11 54 1.267622280501232
11 55 1.2174555425562006
11 56 1.2415748071812125
11 57 1.3490745576843985
11 58 1.3037422502588918
11 59 1.298735654772084
11 60 1.31207677688796
11 61 1.257645768439798
11 62 1.3595762707066323
11 63 1.4592643476731555
11 64 1.2850335573488683
11 65 1.2946482447564565
11 66 1.2616914583815444
11 67 1.2299054392353261
11 68 1.2380041910347106
11 69 1.316684588303131
11 70 1.2626968748608647
11 71 1.228892896744484
11 72 1.191999429636605
11 73 1.215239244353396
11 74 1.365411737578606
11 75 1.2967788269023113
11 76 1.333417729913519
11 77 1.3347329569776325
11 78 1.347117722128253
11 79 1.3161828333468422
11 80 1.3066675126599299
11 81 1.161404507990924
11 82 1.3479992835831907
11 83 1.1153469871519568
11 84 1.2881110739882142
11 85 1.2801940655418587
11 86 1.2737394312160664
11 87 1.321271504858915
11 88 1.3467624567262784
11 89 1.3845974901733322
12 13 1.0936422543661584
12 14 1.2514167402803538
12 15 1.1609805861415807
12 16 1.1845482484309489
12 17 1.0384762168584747
12 18 1.1732035126194154
12 19 1.2594414035186352
12 20 1.20391896722396
12 21 1.1477793689746472
12 22 1.4087476885229022
12 23 1.3796504335710864
12 24 1.262290633270682
12 25 1.4015896926958669
12 26 1.289698801929702
12 27 1.2833376750922607
12 28 1.3034568566184868
12 29 1.3298899478121584
12 30 1.3860415306929128
12 31 1.3326022953986152
12 32 1.1781494556362397
12 33 1.174704124623271
12 34 1.1811381662431226
12 35 1.2501463494620517
12 36 1.4071850135415243
12 37 1.2461159097531025
12 38 1.2813975463251244
12 39 1.3530123766075937
12 40 1.156686952096234
12 41 1.3015680855433194
12 42 1.3624478276190624
12 43 1.1596905699951812
12 44 1.3412605299708635
12 45 1.2489683490147327
12 46 1.128197232060684
12 47 1.3751038384242897
12 48 1.437103048372426
12 49 1.2581938198499782
12 50 1.1438998174536632
12 51 1.1713998789318556
12 52 1.3260163768101674
12 53 1.2529331129867567
12 54 1.117960356873401
12 55 1.237197499871826
12 56 1.3123298659872127
12 57 1.311470295916137
12 58 1.1850525256413191
12 59 1.364165935809086
12 60 1.2962629320746983
12 61 1.3520359812062954
12 62 1.232543092075275
12 63 1.2882550349298094
12 64 1.1978734019211361
12 65 1.1547406630605652
12 66 1.2150304356673058
12 67 1.2929305709317778
12 68 1.1792546457033963
12 69 1.3551903407621795
12 70 1.2245474451246348
12 71 1.255075893894925
12 72 1.3175906169927927
12 73 1.3104226957659213
12 74 1.291245534669867
12 75 1.22518373450853
12 76 1.2119728683002016
12 77 1.1849588235792872
12 78 1.4374119255829456
12 79 1.1270970062109227
12 80 1.098520652459823
12 81 1.0716769846473149
12 82 1.2797724785596933
12 83 1.2495894689674139
12 84 1.1978632233225923
12 85 1.293003973878797
12 86 1.353910489227828
12 87 1.3810856147549244
12 88 1.2427469240503384
12 89 1.3581808791544299
13 14 1.2724084457312972
13 15 1.1981234329610528
13 16 1.2402434107193987
13 17 0.6160204116699488
13 18 1.007550934126924
13 19 1.3669856937207212
13 20 1.2488418863647168
13 21 1.2187829678702593
13 22 1.35332623989296
13 23 1.3313695142463082
13 24 1.418457248736827
13 25 1.320686434696529
13 26 1.3431109459163735
13 27 1.2782427013003297
13 28 1.2513725370684983
13 29 1.2323155231069334
13 30 1.2926733004232753
13 31 1.3366744697183184
13 32 0.9088960871646301
13 33 1.0398476204874814
13 34 0.9184915141693545
13 35 1.1365487195490451
13 36 1.3157374525791423
13 37 1.2793419708729055
13 38 1.2351621884817607
13 39 1.11982447222758
13 40 1.1120799742626943
13 41 1.2334640783872093
13 42 1.3346282029562484
13 43 1.2406570797111822
13 44 1.4281084270733235
13 45 1.2049916627052957
13 46 1.1837003775555148
13 47 1.1606747901290813
13 48 1.414293221358274
13 49 1.0974647015411199
13 50 1.1786305496932927
13 51 0.6427421280919324
13 52 1.3438141438294178
13 53 1.3062221628056914
13 54 1.0708608987181174
13 55 1.2022970148829195
13 56 1.3156469852733
13 57 1.1512925341055873
13 58 1.1163970321587127
13 59 1.235421187914396
13 60 1.4318704226125019
13 61 1.2606053404402005
13 62 0.6102988237195411
13 63 1.2167531588643232
13 64 1.228163504016237
13 65 1.0274087772263998
13 66 1.2306593172171987
13 67 1.3136532230996993
13 68 1.1499060617451036
13 69 1.4178394844041662
13 70 1.1953238913988764
13 71 1.2836808667837645
13 72 1.3359969448087716
13 73 1.4307530644864455
13 74 1.313517463417466
13 75 1.1077740444464674
13 76 1.0112936324151234
13 77 1.0656885044088984
13 78 1.4416284623754458
13 79 1.0823629640944221
13 80 0.5954782988029744
13 81 0.8826690825218849
13 82 1.1519291001974892
13 83 1.263320543448843
13 84 1.0863155129232853
13 85 1.0945831798516004
13 86 1.2773707183115135
13 87 1.2279419131962594
13 88 1.276080264482328
13 89 1.4992087410662986
14 15 1.1805811038379097
14 16 1.3254197340643017
14 17 1.3050385940273423
14 18 1.3275910003438085
14 19 1.4808447715144661
14 20 1.3187927055318815
14 21 1.3029318416265214
14 22 1.469049055755021
14 23 1.4464021348835179
14 24 1.37166677713846
14 25 1.358493923837169
14 26 1.3599889013089779
14 27 1.3194981418646128
14 28 1.3536741779563795
14 29 1.2881044174973053
14 30 1.3006979575150883
14 31 1.3335558387606288
14 32 1.3590244730356849
14 33 1.324662658105206
14 34 1.3036471826437466
14 35 1.4435059853853514
14 36 1.2868050717457056
14 37 1.377888361584049
14 38 1.2788970886054598
14 39 1.359381158493766
14 40 1.28847417433603
14 41 1.3124005946231379
14 42 1.1965275031890819
14 43 1.4144980811356833
14 44 1.4319391699744668
14 45 1.4138339851172763
14 46 1.344878428766275
14 47 1.1728154050716701
14 48 1.3780635257861509
14 49 1.285616886097171
14 50 1.3203376000794047
14 51 1.3719725169686157
14 52 1.4597177714695861
14 53 1.3909976874651793
14 54 1.3668890590893557
14 55 1.2918882745407632
14 56 1.386895348730994
14 57 1.363906583401897
14 58 1.3645807690846714
14 59 1.2992032985407436
14 60 1.3575684522688036
14 61 1.3948363682250973
14 62 1.2736541988195054
14 63 1.132699164844787
14 64 1.1305831583029777
14 65 1.2494053332514599
14 66 1.2187162094465518
14 67 1.4386511946634948
14 68 1.4830165468729746
14 69 1.452310706887168
14 70 1.4398471682111693
14 71 1.2374149039335212
14 72 1.2713269720134395
14 73 1.3579370052447184
14 74 1.26195881456698
14 75 1.3115400268560697
14 76 1.337321592011239
14 77 1.3036624592733763
14 78 1.4621139699990033
14 79 1.4230375687719334
14 80 1.338300505381633
14 81 1.2668417662238145
14 82 1.2721062317042227
14 83 1.3063384055992853
14 84 1.2855022824718052
14 85 1.3218973124700348
14 86 1.2666814699863955
14 87 1.3646831762897746
14 88 1.3141695047310236
14 89 1.4448721781472644
15 16 1.2894368764393147
15 17 1.144999618058258
15 18 1.2332749524792508
15 19 1.3437563874253355
15 20 1.2224899037887547
15 21 1.2596684641101488
15 22 1.4240805254886528
15 23 1.3901584672901868
15 24 1.35154276884165
15 25 1.10511139055225
15 26 1.3674892127875007
15 27 1.2651454348740498
15 28 1.3177678700221933
15 29 1.2705723040365164
15 30 1.3123575675371983
15 31 1.24972112258119
15 32 1.1644574868823534
15 33 1.283647247507251
15 34 1.1957361523426846
15 35 1.258652120978214
15 36 1.4044219018247697
15 37 1.2630108913645801
15 38 1.3629721919829718
15 39 1.2779121790109909
15 40 1.223219168111523
15 41 1.2632679070129715
15 42 1.3798977153607872
15 43 1.427707094807321
15 44 1.4009737823779438
15 45 1.3470664678571955
15 46 1.2644189652346975
15 47 1.2620619670892497
15 48 1.4134427028205498
15 49 1.2246122062771547
15 50 1.3427573518762164
15 51 1.2647076608188945
15 52 1.3657429773175631
15 53 1.330067876674076
15 54 1.2322313846602782
15 55 1.2380777956640652
15 56 1.3955851090098381
15 57 1.3853774356098874
15 58 1.1314935660122694
15 59 1.2728482153140428
15 60 1.3621738898874192
15 61 1.2869330800472694
15 62 1.2547059488880212
15 63 1.204259360301965
15 64 1.2443952489280992
15 65 1.1777439057346806
15 66 1.2706854838406139
15 67 1.4046127901642342
15 68 1.3241076276676014
15 69 1.3037133687528104
15 70 1.3206614254563178
15 71 1.3421864431584567
15 72 1.3218620555316318
15 73 1.194757079116229
15 74 1.1134564032612937
15 75 1.2923891546861357
15 76 1.2904028036552868
15 77 1.1854649272843314
15 78 1.4292231279011023
15 79 1.2433017406990452
15 80 1.2318540482165323
15 81 1.2278519704860937
15 82 1.3068185974288793
15 83 1.3711101503030763
15 84 1.165904262947202
15 85 1.291543297830851
15 86 1.4462812087865413
15 87 1.4696892234003134
15 88 1.1200380482629286
15 89 1.4249644514714475
16 17 1.2342375971920343
16 18 1.32448374531898
16 19 1.3316129395359646
16 20 1.226018123663408
16 21 1.3972166121840401
16 22 1.424942275600663
16 23 1.2871766802818432
16 24 1.198960167362204
16 25 1.393421030209289
16 26 1.369435905072221
16 27 1.1079339348741966
16 28 1.3656091495389207
16 29 1.2874377238780212
16 30 1.4200996156633867
16 31 1.247941613796746
16 32 1.243072287845271
16 33 1.3332671375255016
16 34 1.2001985074058383
16 35 1.2364353355445836
16 36 1.3956872269323495
16 37 1.2609329952563266
16 38 0.954283671870048
16 39 1.288579135927293
16 40 1.264761257603462
16 41 1.468579502360307
16 42 1.4416897218150375
16 43 1.3718753980937144
16 44 1.4189845572357698
16 45 1.365236322911802
16 46 1.2516998775450945
16 47 1.3266503678930661
16 48 1.456596407570787
16 49 1.2906864603768604
16 50 1.3562748494678196
16 51 1.2910232159429367
16 52 1.3150542891462638
16 53 1.3846384332677057
16 54 1.1457962977637925
16 55 1.3434558270948698
16 56 1.4314400395232798
16 57 1.4314500117323474
16 58 1.3505959943388484
16 59 1.2814524451871376
16 60 1.3517701647341263
16 61 1.373814005069736
16 62 1.2831832581039881
16 63 1.1750105007642535
16 64 1.3517169407101073
16 65 1.2471959983742051
16 66 1.3595089221736198
16 67 1.0311461024924586
16 68 1.3185051174874018
16 69 1.463749057306098
16 70 1.0188670829144502
16 71 1.3739899013669856
16 72 1.4280941885904603
16 73 1.1592511647799493
16 74 1.3742144850145146
16 75 1.2510699457070416
16 76 1.167344111217124
16 77 1.2717372721940916
16 78 1.473205597073937
16 79 1.3043766572806998
16 80 1.2509318354545889
16 81 1.2789486947966926
16 82 1.2777659545038484
16 83 1.3604169451205959
16 84 1.3464460642116078
16 85 0.9749701621383231
16 86 1.386930541458408
16 87 1.319397078990046
16 88 1.3098106283785431
16 89 1.3227120933011003
17 18 0.9001796499313774
17 19 1.3226126101199227
17 20 1.2526172331833851
17 21 1.0571070699623804
17 22 1.3421674119190186
17 23 1.2310868282248388
17 24 1.3414246749335519
17 25 1.329453664888813
17 26 1.3441284306536614
17 27 1.2709649268682144
17 28 1.2796286181571148
17 29 1.2327376636272402
17 30 1.2435823911022235
17 31 1.296327339594886
17 32 0.8508188271404882
17 33 1.0011740786372254
17 34 1.000042823890884
17 35 1.1148627219317238
17 36 1.3257846171147134
17 37 1.1958640706200794
17 38 1.2587400796785968
17 39 1.1424868046597174
17 40 1.0553513410783482
17 41 1.2986587078152505
17 42 1.3387130270751435
17 43 1.2378442502697933
17 44 1.4361576700812253
17 45 1.1720035959888797
17 46 1.1282725903859459
17 47 1.1831904681248513
17 48 1.3493608180462549
17 49 1.0893552361695211
17 50 1.1869014999629572
17 51 0.7690606692056905
17 52 1.296197414908
17 53 1.3013283548834254
17 54 0.9958498918022449
17 55 1.2106782641725564
17 56 1.2556523647089588
17 57 1.2180731001583416
17 58 1.0410606231887203
17 59 1.2325987276748613
17 60 1.3550879724173388
17 61 1.2935480607538212
17 62 0.7791341878127079
17 63 1.2311419756974857
17 64 1.2679884087208344
17 65 1.034028532717423
17 66 1.1833531182021875
17 67 1.2841268790254379
17 68 1.0203053744825172
17 69 1.3828038738853277
17 70 1.1917348859794088
17 71 1.2725218902888178
17 72 1.35056930666677
17 73 1.355309306720588
17 74 1.2603351715345916
17 75 1.101343543106465
17 76 1.0170764436279136
17 77 1.095200665663902
17 78 1.418836367949637
17 79 0.9333474525448291
17 80 0.6491099678300682
17 81 0.9108667745099409
17 82 1.093424621047216
17 83 1.2535206688534593
17 84 1.1134062298347727
17 85 1.1223225993073793
17 86 1.2728399916719884
17 87 1.180814839717117
17 88 1.1754347675699297
17 89 1.4250566289596838
18 19 1.4109688779456022
18 20 1.381748509418971
18 21 1.024329958366385
18 22 1.3408788584743871
18 23 1.2622562720562585
18 24 1.297896362861257
18 25 1.2718906935161958
18 26 1.2068174847562596
18 27 1.3822226629207226
18 28 1.3039204240992637
18 29 1.163667567495677
18 30 1.2750546463805559
18 31 1.3263527296348887
18 32 1.1091028618212084
18 33 1.1691522667009149
18 34 0.9996695862862462
18 35 1.2358564017071365
18 36 1.1645000412020736
18 37 1.2654672828887688
18 38 1.4190648736758045
18 39 1.2208972839965508
18 40 1.1395190933575565
18 41 1.3435828259776286
18 42 1.2549588559949238
18 43 1.3529511698006127
18 44 1.345369535379532
18 45 1.089597318608081
18 46 1.150867394039705
18 47 1.202291981804576
18 48 1.3103036559083394
18 49 1.014732282331173
18 50 1.1760846631071105
18 51 1.1144030024784863
18 52 1.3449667446769198
18 53 1.3230156760792744
18 54 1.0254153611778443
18 55 1.1985631329617543
18 56 1.1540333356454036
18 57 1.1674031193316055
18 58 1.0878532767491702
18 59 1.2664816942389836
18 60 1.3319147445009303
18 61 1.3037552806677197
18 62 1.0840940817890088
18 63 1.2811595438669408
18 64 1.3394272540154357
18 65 1.0085316569165976
18 66 1.1112223000796806
18 67 1.369475443792419
18 68 0.9538281645436325
18 69 1.2946587136986636
18 70 1.292861897806491
18 71 1.2444030750809443
18 72 1.3966402314222957
18 73 1.325061871997355
18 74 1.2766636947344996
18 75 1.272962595037596
18 76 1.107203978717712
18 77 1.1753266829007638
18 78 1.3608149175255104
18 79 1.1353255922433063
18 80 1.0440033624062455
18 81 1.080225273559361
18 82 1.1931384652268158
18 83 1.2289824974848957
18 84 1.1542910042489951
18 85 1.3255753542751758
18 86 1.2369334904092035
18 87 1.2080746409510008
18 88 1.1430031080987721
18 89 1.3730835551988385
19 20 1.4939623132717197
19 21 1.2581173799681693
19 22 1.3448135562085899
19 23 1.2498513541770935
19 24 1.327266549180098
19 25 1.4621199404557348
19 26 1.3656888734984587
19 27 1.400345879984451
19 28 1.3038687561520739
19 29 1.2925760991040676
19 30 1.5081297183701323
19 31 1.3050394214001384
19 32 1.4174588473717356
19 33 1.3741832925738695
19 34 1.45727360188234
19 35 1.326682837096795
19 36 1.3107141484866345
19 37 1.3622867632988336
19 38 1.347382199214619
19 39 1.3086967926386892
19 40 1.3309672678289353
19 41 1.3663778384125653
19 42 1.4524308469171265
19 43 1.4055764658438201
19 44 1.3276447408530865
19 45 1.3556685708998302
19 46 1.3693056496927447
19 47 1.35076579512184
19 48 1.5290551265546237
19 49 1.3889266662588753
19 50 1.4567593945275772
19 51 1.3145536103728317
19 52 1.2822088421308864
19 53 1.4808469527981034
19 54 1.2804789582495955
19 55 1.3836045318678905
19 56 1.2327612082013122
19 57 1.4383473813099594
19 58 1.302695216232733
19 59 1.2536259608275429
19 60 1.3071357116977682
19 61 1.381476224871792
19 62 1.3450148559218829
19 63 1.4121582250425218
19 64 1.3714473653348487
19 65 1.3907244357826245
19 66 1.3311364482758723
19 67 1.252043909255832
19 68 1.3295909184292247
19 69 1.2397264047698293
19 70 1.2548626568254462
19 71 1.4013747632340716
19 72 1.3495809049874112
19 73 1.2612639929778202
19 74 1.4428883625448357
19 75 1.4360410782364028
19 76 1.4145147116727332
19 77 1.4099395703283397
19 78 1.3057570202926845
19 79 1.2313569569646996
19 80 1.2520630445162317
19 81 1.312467437519866
19 82 1.30010791251652
19 83 1.4278236441292143
19 84 1.2488441908435064
19 85 1.2630372364431242
19 86 1.4731663103629615
19 87 1.4901639023339437
19 88 1.421105985087939
19 89 1.454456759162428
20 21 1.38457069073631
20 22 1.4582931749512718
20 23 1.3809078509208181
20 24 1.4659216602985474
20 25 1.407886807989087
20 26 1.4549943670747478
20 27 1.2109171381453754
20 28 1.3069705569904444
20 29 1.3186534538334007
20 30 1.4271256463280328
20 31 1.4398696724862015
20 32 1.2013895474938165
20 33 1.332882991124162
20 34 1.2436452347171845
20 35 1.4082400332482117
20 36 1.4800593841798555
20 37 1.3905894439589015
20 38 1.2170542297481137
20 39 1.3463358760537918
20 40 1.3010737421270933
20 41 1.4398001241843623
20 42 1.3618640105929203
20 43 1.0914207419225588
20 44 1.3999183630712897
20 45 1.3402950171824912
20 46 1.3244078363192755
20 47 1.3639428288735154
20 48 1.349303110371098
20 49 1.3574995247889428
20 50 1.3329355739135371
20 51 1.2279056850169465
20 52 1.4482412248990981
20 53 1.2308930383109569
20 54 1.3340962140201709
20 55 1.3486380541954857
20 56 1.4559866122800882
20 57 1.2983141616065428
20 58 1.3244029520976845
20 59 1.3904469263776547
20 60 1.4582989003536835
20 61 1.461366845300277
20 62 1.2799705355597835
20 63 1.3269542871472433
20 64 1.0925479452343518
20 65 1.1831092321315981
20 66 1.3578219250782928
20 67 1.346992394642777
20 68 1.3959193407839947
20 69 1.479420412026414
20 70 1.2342273342415795
20 71 1.370266508528423
20 72 1.286210092644121
20 73 1.3021754342677012
20 74 1.416196256652335
20 75 1.3181285154899245
20 76 1.356130583290787
20 77 1.1734563440438501
20 78 1.4577246215198636
20 79 1.3854425966698518
20 80 1.2396585425586724
20 81 1.1946324224816833
20 82 1.4098416801136686
20 83 1.2944999427508808
20 84 1.3127214579241464
20 85 1.3231256242657485
20 86 1.3142002942148217
20 87 1.4601747218288115
20 88 1.3548364007533038
20 89 1.4195417614477717
21 22 1.2868079129060033
21 23 1.232217030305932
21 24 1.2943430446453505
21 25 1.3129990031576724
21 26 1.1808477761090235
21 27 1.42188054935149
21 28 1.271441397557955
21 29 1.2245213176846745
21 30 1.3343268582502588
21 31 1.3244231464909624
21 32 1.2299064362155283
21 33 1.181773728853727
21 34 1.22196017208943
21 35 1.288173464264857
21 36 1.233262586219353
21 37 1.2769371914201768
21 38 1.458445938470074
21 39 1.3771056847919538
21 40 1.2305548386196308
21 41 1.231108435313061
21 42 1.2681637903238874
21 43 1.3503124593214368
21 44 1.3320021016749435
21 45 1.1625330079512102
21 46 1.0840753227355286
21 47 1.3251740540264978
21 48 1.2989969666118313
21 49 1.1637385088158776
21 50 1.239287712180116
21 51 1.273170596873258
21 52 1.297660745332315
21 53 1.4133719190975176
21 54 1.1962733755626334
21 55 1.2211090281992052
21 56 0.9838164746369769
21 57 1.3296854344499671
21 58 1.2053942861358922
21 59 1.322590812065303
21 60 1.194978950182863
21 61 1.3002980337315875
21 62 1.2899510344668972
21 63 1.2993826038114316
21 64 1.291731519087216
21 65 1.2418179432821022
21 66 1.2381590995674097
21 67 1.3716793160567808
21 68 1.1122078223368095
21 69 1.2215091661554047
21 70 1.4133380323994411
21 71 1.3299957677815937
21 72 1.3476295048864455
21 73 1.34886664477819
21 74 1.2418407529244027
21 75 1.2954934684254362
21 76 1.265149987885056
21 77 1.2777463857501996
21 78 1.2679906518699522
21 79 1.0679374889903919
21 80 1.222314692535387
21 81 1.1998627158290578
21 82 1.2195898062452866
21 83 1.238606457628911
21 84 1.254692721244306
21 85 1.3738773169438114
21 86 1.323765176517245
21 87 1.2482179812067742
21 88 1.1098216095151208
21 89 1.3268098048296328
22 23 1.360853827160299
22 24 1.566411414073325
22 25 1.4513302264732981
22 26 1.2577025389693783
22 27 1.4699530887886825
22 28 1.4245717593181706
22 29 1.4121194557566916
22 30 1.3559953435644183
22 31 1.508417207956064
22 32 1.2627336484855323
22 33 1.3798765144828855
22 34 1.4247933380113667
22 35 1.358047517975003
22 36 1.3201402948071117
22 37 1.272055124408889
22 38 1.4668141793119407
22 39 1.3976143994383232
22 40 1.3639939762821531
22 41 1.1030093181272809
22 42 1.307492892851209
22 43 1.5035121965439229
22 44 1.4470673358803154
22 45 1.262411681604965
22 46 1.217242811226084
22 47 1.3158538316210322
22 48 1.382595506521967
22 49 1.285610947200832
22 50 1.2880440988816486
22 51 1.2409794981452051
22 52 1.3357482908158276
22 53 1.4002391476151723
22 54 1.4140436203256566
22 55 1.4735454876640393
22 56 1.279391086027923
22 57 1.3009305604944386
22 58 1.3298196849981787
22 59 1.327941928074804
22 60 1.466646404348401
22 61 1.3662636346919679
22 62 1.256623122112617
22 63 1.3191632542539218
22 64 1.5551628122725127
22 65 1.4064666787131772
22 66 1.3561845270606465
22 67 1.3746276752525501
22 68 1.3760117481228824
22 69 1.2125660982373656
22 70 1.4325624100866892
22 71 1.5313125078027228
22 72 1.4190315647479754
22 73 1.42239861191461
22 74 1.3629119858877505
22 75 1.386812785629568
22 76 1.3094599798203048
22 77 1.3506687405497335
22 78 1.3160435718882806
22 79 1.3746324035453215
22 80 1.2552973127837124
22 81 1.2834277041021416
22 82 1.308736883124898
22 83 1.2750209766652083
22 84 1.3952737126624688
22 85 1.3554168567368223
22 86 1.4237935304146954
22 87 1.331169697398114
22 88 1.467587748408465
22 89 1.4583903559425986
23 24 1.3474556927417018
23 25 1.2927384952865364
23 26 1.3267558772749206
23 27 1.4047656410522864
23 28 1.183143139674408
23 29 1.1726477683329688
23 30 1.4569855460009622
23 31 1.3568480598619295
23 32 1.3056676584072182
23 33 1.290341920044016
23 34 1.3582171398224618
23 35 1.3178004779794275
23 36 1.2490913038289948
23 37 1.3779048949942996
23 38 1.4648234161960496
23 39 1.2402296354482076
23 40 1.3310355797753073
23 41 1.4137310440466953
23 42 1.4206283310731478
23 43 1.4936668138245122
23 44 1.3719363371524287
23 45 1.2898895064058722
23 46 1.267553093956799
23 47 1.2590347799953203
23 48 1.1876766091634885
23 49 1.4845738254193208
23 50 1.4029375748416857
23 51 1.3237831348634004
23 52 1.3117668295138656
23 53 1.3918306301328447
23 54 1.2862032732404505
23 55 1.3767807032006125
23 56 1.3893972264584837
23 57 1.2257352404864528
23 58 1.3347995349732902
23 59 1.312932675097433
23 60 1.3171499020624982
23 61 1.3949476447832996
23 62 1.3498506989050558
23 63 1.4496293678355185
23 64 1.4729596028157546
23 65 1.3298391360744055
23 66 1.3264693902553735
23 67 1.3991525793648563
23 68 1.077262470521696
23 69 1.350069625496322
23 70 1.2976226482303943
23 71 1.425479824347075
23 72 1.4706867498298737
23 73 1.3312795621120925
23 74 1.412570636783667
23 75 1.358582074209745
23 76 1.3598791894921427
23 77 1.3845929899946237
23 78 1.2885814740350732
23 79 1.2393280517366847
23 80 1.299712477241174
23 81 1.2878495030028694
23 82 1.2697281923590662
23 83 1.3344552615901915
23 84 1.3029173243502505
23 85 1.3965166283485473
23 86 1.266705910974718
23 87 1.314702054858877
23 88 1.2791689656265661
23 89 1.334267459011297
24 25 1.3733140012632234
24 26 1.3893262400853428
24 27 1.3589989119081025
24 28 1.3783068744466636
24 29 1.301067538830322
24 30 1.4624541680928838
24 31 1.20550155374151
24 32 1.4172884864709698
24 33 1.340808561386081
24 34 1.3464997049604226
24 35 1.3299419588072805
24 36 1.3611198470293295
24 37 1.3176931383746173
24 38 1.318521170073343
24 39 1.366053024692866
24 40 1.4529694043858525
24 41 1.4635639970852612
24 42 1.5363492697062737
24 43 1.3642057260520617
24 44 1.364240555969677
24 45 1.3357470360083084
24 46 1.393958809199953
24 47 1.3998023432940958
24 48 1.3699284147781108
24 49 1.4855438159654464
24 50 1.406406743278491
24 51 1.521408729376182
24 52 1.2728888079406389
24 53 1.4636581444713728
24 54 1.2009843316859559
24 55 1.2604264954429112
24 56 1.3787981312914515
24 57 1.3660143411187018
24 58 1.338947622367005
24 59 1.4324254640202443
24 60 1.3076083582075646
24 61 1.4295046390975237
24 62 1.5192482832289385
24 63 1.362573237829537
24 64 1.3983717232096604
24 65 1.45046086831821
24 66 1.3801196728402176
24 67 1.2314178111792045
24 68 1.3133518382235547
24 69 1.426108943842972
24 70 1.2563107793416792
24 71 1.295345324413541
24 72 1.3925515458002686
24 73 1.1411534732455881
24 74 1.379315556440936
24 75 1.2963441428117528
24 76 1.4028018385065681
24 77 1.3199780498311553
24 78 1.475526471469827
24 79 1.3227318754920745
24 80 1.4215088048822309
24 81 1.3454357186148507
24 82 1.3376164885649164
24 83 1.350973526474705
24 84 1.4613002746346648
24 85 1.2662388431092273
24 86 1.3262433662183846
24 87 1.2851145314286208
24 88 1.2959769714877392
24 89 1.3843975020996049
25 26 1.382180066067289
25 27 1.2793416061288925
25 28 1.3209051078117189
25 29 1.2710403744163183
25 30 1.3995930443784488
25 31 1.237019752223218
25 32 1.322829764914476
25 33 1.2899581236943916
25 34 1.27029336893448
25 35 1.3457707175106224
25 36 1.3148477124535718
25 37 1.3205658698678295
25 38 1.4529767385065386
25 39 1.3079459739077448
25 40 1.31864855632678
25 41 1.345567399753639
25 42 1.334979075351798
25 43 1.4465734163217188
25 44 1.4872082933467736
25 45 1.298544994345464
25 46 1.2976718201704653
25 47 1.2585695545247144
25 48 1.3396491150593854
25 49 1.4016855920729432
25 50 1.3668437096665573
25 51 1.349049067273009
25 52 1.4007145280862205
25 53 1.4136983803881296
25 54 1.3483269579901578
25 55 1.3650604002001487
25 56 1.2751624350957607
25 57 1.310457992244497
25 58 1.3970899120210942
25 59 1.2676292908854927
25 60 1.3462257578086816
25 61 1.3318286936748036
25 62 1.2852389740514523
25 63 1.2789407756841285
25 64 1.4398699212059691
25 65 1.3963036860155857
25 66 1.2557138790185738
25 67 1.4235582347254878
25 68 1.3833586518876795
25 69 1.3350084440334375
25 70 1.4363293960431214
25 71 1.4268413450339956
25 72 1.46603595769065
25 73 1.2406853329943328
25 74 1.256381707943652
25 75 1.3611076708102323
25 76 1.3195894598891327
25 77 1.2732998094587407
25 78 1.3971535648242615
25 79 1.374986848290581
25 80 1.3904271240713637
25 81 1.3239229779486346
25 82 1.340183461574372
25 83 1.3916390941122907
25 84 1.3188979714757207
25 85 1.469337999232046
25 86 1.3487556913830148
25 87 1.314176004232665
25 88 1.0485077231740723
25 89 1.4153523251945885
26 27 1.4504550631784339
26 28 1.4053409051803885
26 29 1.356096024969973
26 30 1.2885180807531667
26 31 1.4001986024344972
26 32 1.4119997802426723
26 33 1.260679070447805
26 34 1.3974309832783147
26 35 1.3312975995023377
26 36 1.1224121836677752
26 37 1.331723574769187
26 38 1.4812988164278436
26 39 1.3000564603015103
26 40 1.37308293925674
26 41 1.2456511969706245
26 42 1.3124397317748695
26 43 1.4678861825768694
26 44 1.30815370448821
26 45 1.1283611674288454
26 46 1.2650282433371454
26 47 1.2570749926360356
26 48 1.4415290860491163
26 49 1.213291393761746
26 50 1.268665888239627
26 51 1.380503628268784
26 52 1.3937242301790116
26 53 1.3209387343752337
26 54 1.2642440515617848
26 55 1.4136035833355465
26 56 1.3369866590648716
26 57 1.28271244909952
26 58 1.1070868293739786
26 59 1.3194114495697487
26 60 1.26554668548482
26 61 1.3058417279480752
26 62 1.3346797278311038
26 63 1.3835887437915169
26 64 1.4519854466952953
26 65 1.3683873054799776
26 66 1.2226561510633287
26 67 1.315131923143751
26 68 1.2814137591666244
26 69 1.375117095005788
26 70 1.4051639578651254
26 71 1.4700068801686694
26 72 1.453548582327738
26 73 1.3237101315508775
26 74 1.176903502042237
26 75 1.3334823736301302
26 76 1.243964298148483
26 77 1.3867342048727886
26 78 1.2699775780157676
26 79 1.3694937212398572
26 80 1.287468732173498
26 81 1.345306610730676
26 82 1.3193725813569812
26 83 1.179911913018341
26 84 1.1890237776515584
26 85 1.4338762567489622
26 86 1.527968626523703
26 87 1.248911380714633
26 88 1.3804275905134966
26 89 1.3887068249356869
27 28 1.4423511822010353
27 29 1.3209797312407614
27 30 1.3687429324719205
27 31 1.3238402499093873
27 32 1.2737589321209701
27 33 1.3541639974765665
27 34 1.290128335791242
27 35 1.3085642882008657
27 36 1.5006584409560884
27 37 1.2481907444544187
27 38 0.9347216332222448
27 39 1.4065069778713677
27 40 1.1644868964109132
27 41 1.4940182136751556
27 42 1.4084976338637556
27 43 1.3024282362678419
27 44 1.4277336253261201
27 45 1.3615429734515057
27 46 1.3104203896177178
27 47 1.3929456930486575
27 48 1.494706078419313
27 49 1.245936975174473
27 50 1.3672542093963056
27 51 1.3028600995177737
27 52 1.3766822131461829
27 53 1.3436357845984217
27 54 1.257922048969469
27 55 1.5188718878309206
27 56 1.3200590312326892
27 57 1.5234413962177769
27 58 1.3860489780991325
27 59 1.3383659022900598
27 60 1.3363391321593987
27 61 1.5040314033768636
27 62 1.2810081906556174
27 63 1.2323187143312515
27 64 1.3387893060643947
27 65 1.3397851139310375
27 66 1.2607551006172677
27 67 1.1486134817927454
27 68 1.4414271739272762
27 69 1.4487183367969774
27 70 1.1319167706858044
27 71 1.2622657316333064
27 72 1.440264510261918
27 73 1.1849806184651552
27 74 1.3032657795410965
27 75 1.4092747455811967
27 76 1.1896080583516118
27 77 1.3421949605261059
27 78 1.5258869128154375
27 79 1.3001704905516644
27 80 1.2991331219904971
27 81 1.3188947365125987
27 82 1.3575562728811303
27 83 1.2746777994970329
27 84 1.298987514271494
27 85 1.1230738401513056
27 86 1.4571782035513874
27 87 1.330880972119421
27 88 1.3474876858426899
27 89 1.2328974456785782
28 29 1.3049814140470535
28 30 1.4121246890422186
28 31 1.2153920933441873
28 32 1.3180001644826138
28 33 1.2884658985670108
28 34 1.3075416213441686
28 35 1.3243117347241156
28 36 1.2944116782469641
28 37 1.3717947495570937
28 38 1.420568700030142
28 39 1.1735351822869706
28 40 1.285241600691185
28 41 1.3324035236583767
28 42 1.333793348513201
28 43 1.3249865903472213
28 44 1.3578613813332598
28 45 1.3146134518570405
28 46 1.245655476042577
28 47 1.2859486485293883
28 48 1.2069799044642886
28 49 1.477869261114864
28 50 1.300002471391336
28 51 1.290950758558621
28 52 1.2821255912291791
28 53 1.3470960991141212
28 54 1.3061908090671832
28 55 1.3507132508169244
28 56 1.3282482434688931
28 57 1.3392132411918138
28 58 1.4836310744651393
28 59 1.3453258942172586
28 60 1.386316958413888
28 61 1.200141591326528
28 62 1.310403531819544
28 63 1.3377645232272202
28 64 1.2087199873005738
28 65 1.3756723930303492
28 66 1.313964142585769
28 67 1.4404684795696283
28 68 1.3392546794929954
28 69 1.3514032736082016
28 70 1.4305380048163832
28 71 1.3225131657744995
28 72 1.2518056005276224
28 73 1.2690398662332367
28 74 1.5196991074667427
28 75 1.2645201407193916
28 76 1.3564454759773188
28 77 1.256815313984517
28 78 1.3012251059997568
28 79 1.290688649632659
28 80 1.315386138551787
28 81 1.1538643796024926
28 82 1.422524359882104
28 83 1.309820226561515
28 84 1.4041192660603214
28 85 1.4144621404861744
28 86 1.0531006967750858
28 87 1.2883894387010053
28 88 1.3509383034597329
28 89 1.4583461004003955
29 30 1.3673903682230466
29 31 1.3149123929589999
29 32 1.1955311604970142
29 33 1.354588774272156
29 34 1.2612313105427784
29 35 1.4511385081849189
29 36 1.1097149113012466
29 37 1.3065561739291631
29 38 1.3905063771130228
29 39 1.2028723736540354
29 40 1.327016270712131
29 41 1.2958792568043118
29 42 1.1438995742443903
29 43 1.357123874669207
29 44 1.3202474022941344
29 45 1.1766261572759598
29 46 1.2693314404364806
29 47 1.166078780793829
29 48 1.3603811494482099
29 49 1.2718891415114482
29 50 1.348331807307443
29 51 1.2852034139140265
29 52 1.3608788459667425
29 53 1.4492760266464595
29 54 1.184760102071797
29 55 1.3018418742078752
29 56 1.2284089340730828
29 57 1.2072762139766064
29 58 1.2989822254830214
29 59 1.199070700119992
29 60 1.3875096260267585
29 61 1.3020338447383006
29 62 1.2941895764070974
29 63 1.2015111384457517
29 64 1.276011913736376
29 65 1.2040775985015073
29 66 1.2180915519793347
29 67 1.481273975561154
29 68 1.1179065312037588
29 69 1.332007281436554
29 70 1.307231407636376
29 71 1.319665094743483
29 72 1.3358202583062855
29 73 1.3012623799331848
29 74 1.3037083087423063
29 75 1.274509499413016
29 76 1.2049307818333277
29 77 1.2363673487867255
29 78 1.335637541601347
29 79 1.2723764613935225
29 80 1.2213051103046237
29 81 1.2841947266919607
29 82 1.196065829212494
29 83 1.2578190964924953
29 84 1.1846296522424205
29 85 1.3072921459351103
29 86 1.2788161882823919
29 87 1.29521547778165
29 88 1.1703673030756592
29 89 1.4142086275505747
30 31 1.3861228726060886
30 32 1.2813350886697126
30 33 1.2845503563924974
30 34 1.2733360537324239
30 35 1.3529950346723445
30 36 1.4322231648893946
30 37 1.3424182746306323
30 38 1.43865225639451
30 39 1.2966754928319806
30 40 1.3269390436613295
30 41 1.2989497899489018
30 42 1.350392023439601
30 43 1.4071969016331356
30 44 1.3889257695560902
30 45 1.3558046100687675
30 46 1.266238563080475
30 47 1.2669420986235294
30 48 1.3755071033723003
30 49 1.2623117529557464
30 50 1.4050853946521384
30 51 1.3028417838439852
30 52 1.5122468289397915
30 53 1.2907800143755714
30 54 1.3169977747324277
30 55 1.5222585459398248
30 56 1.3801448495581996
30 57 1.3900389851553137
30 58 1.302387706078242
30 59 1.1491962232927542
30 60 1.4791669441344826
30 61 1.275650071598334
30 62 1.2625699472349001
30 63 1.3299364109184086
30 64 1.3686196290254273
30 65 1.2816338283863051
30 66 1.3163381765979592
30 67 1.3616018795394649
30 68 1.338054161626328
30 69 1.3631444404997934
30 70 1.4927350511244033
30 71 1.471555681077514
30 72 1.413787778529353
30 73 1.4005571160241388
30 74 1.1844352168618706
30 75 1.287612790280619
30 76 1.2439433356629974
30 77 1.3362651899083418
30 78 1.324382656999289
30 79 1.4154464181792614
30 80 1.2240631740123304
30 81 1.301186529077412
30 82 1.3613695656600344
30 83 1.331880727158023
30 84 1.317679761132767
30 85 1.394193908547523
30 86 1.4153690043528184
30 87 1.2732177527504807
30 88 1.3234206868534677
30 89 1.4028064174698613
31 32 1.39910206161632
31 33 1.3364357260720567
31 34 1.2487959309061842
31 35 1.3370013445437294
31 36 1.4445146888678664
31 37 1.2449486333921473
31 38 1.2572092217260589
31 39 1.3505368750369893
31 40 1.3565810659498818
31 41 1.4968818929035483
31 42 1.4349582031900607
31 43 1.3897107763388346
31 44 1.2553675037056138
31 45 1.2806625777897793
31 46 1.3262636777136834
31 47 1.3816105338639824
31 48 1.365935656798812
31 49 1.374655168243174
31 50 1.3184397846133744
31 51 1.3853497247465076
31 52 1.300675068924678
31 53 1.3971809866033653
31 54 1.2676657464880283
31 55 1.3328562246016995
31 56 1.355948371298504
31 57 1.4458246281103135
31 58 1.3659674433341513
31 59 1.414554414763159
31 60 1.377009764923125
31 61 1.2491731802475687
31 62 1.405275092043084
31 63 1.3075274376660126
31 64 1.1778224104485255
31 65 1.2896393372364805
31 66 1.3843651368381085
31 67 1.2636443448663464
31 68 1.3373241064638617
31 69 1.3581737863635448
31 70 1.396991907426867
31 71 1.2665641359260424
31 72 1.3603022738947703
31 73 1.1406723730359105
31 74 1.2763824044956957
31 75 1.2959356348348137
31 76 1.3127693135013676
31 77 1.3190682761343953
31 78 1.3640928833458645
31 79 1.2912834984610646
31 80 1.3998066384862142
31 81 1.2745797123149847
31 82 1.3906987386421243
31 83 1.4138073230442043
31 84 1.349187479188831
31 85 1.2859513089575625
31 86 1.3332012457192768
31 87 1.3641546027383549
31 88 1.1862498696718664
31 89 1.4276181543939312
32 33 1.1326065582960674
32 34 1.045943361308564
32 35 1.191465621739463
32 36 1.318532605958807
32 37 1.281339963691267
32 38 1.2904362805861105
32 39 1.185074565656071
32 40 1.131929085678219
32 41 1.2244529943498665
32 42 1.3429942519206133
32 43 1.1778001492701988
32 44 1.3855026736003877
32 45 1.2054481734630058
32 46 1.1473671976666229
32 47 1.222506205693961
32 48 1.353648648841968
32 49 1.1815613673415029
32 50 1.1849174054713623
32 51 0.8729678374163916
32 52 1.388439152031551
32 53 1.2667432035238597
32 54 1.1567115349115593
32 55 1.266530792588217
32 56 1.3145852253620647
32 57 1.2035592312926684
32 58 1.0681822780617454
32 59 1.183807829947868
32 60 1.4485488749989701
32 61 1.1704389341692119
32 62 0.942861916117508
32 63 1.1627375973954752
32 64 1.2493374045962649
32 65 1.0335112279601177
32 66 1.2588492549341737
32 67 1.390580839957589
32 68 1.2326880051583213
32 69 1.33253746328101
32 70 1.2589025905556468
32 71 1.2298971632799591
32 72 1.3185417430775963
32 73 1.4323308656366098
32 74 1.283303962326878
32 75 1.1634615829418429
32 76 1.1183791827801932
32 77 1.1306809345833728
32 78 1.466009723492168
32 79 1.1390228569205585
32 80 0.8526701191757169
32 81 1.014024705692915
32 82 1.2154765133237537
32 83 1.2679768995744978
32 84 1.1404382948870018
32 85 1.2358070295030512
32 86 1.2581826116374069
32 87 1.2201522920897232
32 88 1.1997127399306187
32 89 1.408110132503595
33 34 1.2146458918402752
33 35 1.0939463511266947
33 36 1.3352678170103367
33 37 1.2295859695122828
33 38 1.3741834058982336
33 39 1.2733657044586553
33 40 1.256797177072014
33 41 1.2700238183213235
33 42 1.4249541416876073
33 43 1.294672944542708
33 44 1.2448431716420234
33 45 1.1222753694213903
33 46 1.1496930988026732
33 47 1.3510939538764108
33 48 1.4419243805942237
33 49 1.3174149096368877
33 50 1.2786444446753338
33 51 1.2234716029682693
33 52 1.1375945863526211
33 53 1.310170080859237
33 54 1.1328047090812894
33 55 1.2422753257706285
33 56 1.2831760161442103
33 57 1.267981409070194
33 58 1.1622607826571543
33 59 1.2294362790227533
33 60 1.2843333920969562
33 61 1.1784081320229287
33 62 1.1604038334980127
33 63 1.4142036562102276
33 64 1.2931704847514762
33 65 1.2972501413986564
33 66 1.2967226183228522
33 67 1.2794051994108324
33 68 1.1342388513089765
33 69 1.445276125079255
33 70 1.321779629786092
33 71 1.2548264738576642
33 72 1.3003608103823316
33 73 1.3320065237554757
33 74 1.1472162197985252
33 75 1.239511220950037
33 76 1.215546401806529
33 77 1.2293458321577735
33 78 1.488494110335866
33 79 1.0371106919791762
33 80 1.1155837862435172
33 81 1.0668800780948224
33 82 1.2166558328902308
33 83 1.2961193622097542
33 84 1.2374867750208274
33 85 1.322549069485352
33 86 1.277923031165745
33 87 1.2470266949333142
33 88 1.1937048198358493
33 89 1.3860042226893456
34 35 1.1916544980191814
34 36 1.3705427275072655
34 37 1.2143982951420835
34 38 1.2136153154778286
34 39 1.2725008205987798
34 40 1.100444904664962
34 41 1.2967347914219327
34 42 1.2704546403790509
34 43 1.2436594365224225
34 44 1.3652349591906767
34 45 1.2306869023175966
34 46 1.2413669900145818
34 47 1.204321902105868
34 48 1.4042100253498366
34 49 1.2616228184277836
34 50 1.2161978082334068
34 51 1.0028243880883296
34 52 1.3943559666504286
34 53 1.2922391832426403
34 54 1.108896020246604
34 55 1.258215834680522
34 56 1.2754096753800483
34 57 1.1694054879603517
34 58 1.2132667317899022
34 59 1.2548515351708782
34 60 1.5391969351317585
34 61 1.309153221831374
34 62 0.9967943527654993
34 63 1.157945898498326
34 64 1.267586672124111
34 65 1.027116806793454
34 66 1.3442616665099
34 67 1.3381027253654083
34 68 1.1993106405734093
34 69 1.3806347276783866
34 70 1.2243530716315874
34 71 1.353713181341204
34 72 1.5085100440943977
34 73 1.3294981328110083
34 74 1.2652630064031294
34 75 1.1525953660202937
34 76 1.1087898375767582
34 77 1.109814367076816
34 78 1.4067735663548493
34 79 1.1845799684665481
34 80 1.0349336209932405
34 81 1.0682821430718108
34 82 1.359818747370366
34 83 1.2124018768387235
34 84 1.1679640190816105
34 85 1.2169862714837845
34 86 1.2930288371807004
34 87 1.3143792028484031
34 88 1.2254873744873556
34 89 1.4918552033950363
35 36 1.4383576896480932
35 37 1.3037630288580684
35 38 1.3073734304574298
35 39 1.3747975177715945
35 40 1.2780746656379947
35 41 1.377382773414423
35 42 1.5165310777490069
35 43 1.3588051669688046
35 44 1.3674797135094507
35 45 1.5087798090964097
35 46 1.2422396697615965
35 47 1.356719799401901
35 48 1.5321994376430774
35 49 1.2402595444305222
35 50 1.2111609275228952
35 51 1.1822057120356106
35 52 1.1719583105660736
35 53 1.333472101769337
35 54 1.2310013681678882
35 55 1.3215702524686714
35 56 1.3527598413468367
35 57 1.412312007241521
35 58 1.2715284727517404
35 59 1.3839784529245098
35 60 1.3868783269516816
35 61 1.356122255097527
35 62 1.1602692255907079
35 63 1.2844055622062311
35 64 1.3775415671614242
35 65 1.2353394301736171
35 66 1.3446142770252436
35 67 1.2972525982215874
35 68 1.2223567858576145
35 69 1.405838726851344
35 70 1.2021633799909848
35 71 1.4279598422739708
35 72 1.4348301260519263
35 73 1.235030758482963
35 74 1.4156860250889007
35 75 1.2530490005063293
35 76 1.192001699482345
35 77 1.3137844462874795
35 78 1.454511202782934
35 79 1.149476454911894
35 80 1.0846480378754941
35 81 1.1525781130065897
35 82 1.2102858410341362
35 83 1.370437515297136
35 84 1.2602736402669645
35 85 1.2433383464998364
35 86 1.4003799289954693
35 87 1.4284484598157385
35 88 1.2509857000909275
35 89 1.3903062695462665
36 37 1.4093184935124012
36 38 1.480030919894522
36 39 1.2347637800838633
36 40 1.367197444852877
36 41 1.2799870695555087
36 42 1.2020626618234107
36 43 1.4263866436566415
36 44 1.3624547752836274
36 45 1.1162592708160626
36 46 1.3455046219289284
36 47 1.1692121036965402
36 48 1.3436063440596007
36 49 1.350943530801203
36 50 1.3709718102420605
36 51 1.3812796956518345
36 52 1.4632212850218815
36 53 1.5456178809177785
36 54 1.3143567749416323
36 55 1.357795385291961
36 56 1.2837615558960518
36 57 1.09769536489831
36 58 1.2554206743720961
36 59 1.3207381084613703
36 60 1.474956369424383
36 61 1.2770595959394133
36 62 1.351348219850326
36 63 1.322038099572539
36 64 1.3862583873717178
36 65 1.3581862575734225
36 66 0.992620034635622
36 67 1.4408153093347873
36 68 1.2755867169834056
36 69 1.363776114830304
36 70 1.4704242623021686
36 71 1.3864770058233675
36 72 1.402382927178933
36 73 1.341810041241827
36 74 1.4002852889312731
36 75 1.3852293064620487
36 76 1.383794171633986
36 77 1.376054649403206
36 78 1.2300608279533345
36 79 1.3651847148482104
36 80 1.3259479330055985
36 81 1.2895592537083362
36 82 1.3489726609406922
36 83 1.214719504856138
36 84 1.274063678038588
36 85 1.459059646809242
36 86 1.3090543415286229
36 87 1.2607587221796894
36 88 1.3833095699559705
36 89 1.4759836297524773
37 38 1.2433565018530643
37 39 1.3302075822956436
37 40 1.0429334641391195
37 41 1.3186780871792085
37 42 1.3938624175416119
37 43 1.3619926555657946
37 44 1.382609388384165
37 45 1.185589820864768
37 46 1.2524569480620507
37 47 1.3712074862882364
37 48 1.4963621496879198
37 49 1.2488026128498482
37 50 1.1956995120880045
37 51 1.3071920765084837
37 52 1.380111741813786
37 53 1.3798239138839339
37 54 1.1459970994323818
37 55 1.4068806954813164
37 56 1.2835801934630982
37 57 1.3010647105156274
37 58 1.2692402557546594
37 59 1.291507044643713
37 60 1.3854096151956727
37 61 1.3635796107174125
37 62 1.2914087785072594
37 63 1.189178481710768
37 64 1.4259451940360761
37 65 1.2751483991422987
37 66 1.3637428147919242
37 67 1.2054373786834016
37 68 1.2634009515177538
37 69 1.3253579742743633
37 70 1.4041105058350885
37 71 1.4486410224998296
37 72 1.3974586808152178
37 73 1.204509392482868
37 74 1.2891199787917085
37 75 1.2757279987998646
37 76 1.2239823943807355
37 77 1.274279962474158
37 78 1.4091414014352797
37 79 1.2614015979271596
37 80 1.308264348833174
37 81 1.2930449243344215
37 82 1.4169537776189411
37 83 1.2412731653299254
37 84 1.295047528114092
37 85 1.2595459352751
37 86 1.3204465315541207
37 87 1.3694800746024434
37 88 1.2236584634592151
37 89 1.3805753160189527
38 39 1.407472943078612
38 40 1.1700506381423805
38 41 1.4071860652972494
38 42 1.4257064207826236
38 43 1.4005227684597243
38 44 1.3767775868850554
38 45 1.3936490606268617
38 46 1.4017173123517497
38 47 1.3457794849423532
38 48 1.4981040835752033
38 49 1.2824339978758112
38 50 1.338177232014287
38 51 1.2562925543814722
38 52 1.3836673168945777
38 53 1.3693910163806386
38 54 1.218684140076169
38 55 1.4035696583066057
38 56 1.447161104323555
38 57 1.4833666504681309
38 58 1.3820750299973237
38 59 1.3376956979876238
38 60 1.439174667594287
38 61 1.4913860887286792
38 62 1.2347344029933556
38 63 1.1939211679106003
38 64 1.2508524743551424
38 65 1.2683930199273974
38 66 1.4102531884460503
38 67 1.0659879976326967
38 68 1.5003822486932086
38 69 1.5130636456740842
38 70 1.0362591019196503
38 71 1.344256224765552
38 72 1.3947250065555
38 73 1.172105500318905
38 74 1.3367299382128182
38 75 1.3194649664230615
38 76 1.1100901160560375
38 77 1.3626437544767802
38 78 1.461116577640871
38 79 1.3746461348916275
38 80 1.265922211416327
38 81 1.255644545520322
38 82 1.347970954884958
38 83 1.2968246857421388
38 84 1.381828527917949
38 85 0.8669190964874988
38 86 1.423750348111241
38 87 1.4068361817513848
38 88 1.4768947111462343
38 89 1.425322664388757
39 40 1.2744527790807274
39 41 1.3540985380150687
39 42 1.364984346310353
39 43 1.386219670789673
39 44 1.6070134246364232
39 45 1.1953909179563558
39 46 1.2951705336954238
39 47 0.9330997374706791
39 48 1.2715128633340649
39 49 1.2934133081825303
39 50 1.3176742903755403
39 51 1.1585827672174542
39 52 1.395733728550431
39 53 1.4389649329330827
39 54 1.2020168983699782
39 55 1.3211266380309623
39 56 1.3801466791137302
39 57 1.248881296125437
39 58 1.264563523403942
39 59 0.9650778010683175
39 60 1.39958627647836
39 61 1.2716643822748643
39 62 1.109670768772339
39 63 1.391372971161991
39 64 1.3868991203034347
39 65 1.2721264064873847
39 66 1.2348050066340261
39 67 1.3972184589661794
39 68 1.1937854804782642
39 69 1.376954243897685
39 70 1.3578569822420832
39 71 1.4061685900652434
39 72 1.3743220559172435
39 73 1.3887500953539518
39 74 1.3533391118745768
39 75 1.2353305138504356
39 76 1.316167833709122
39 77 1.242602181616256
39 78 1.3694871770783499
39 79 1.3157219409265313
39 80 1.0982365677907509
39 81 1.0159065536604894
39 82 1.3089420227575994
39 83 1.3145379722328734
39 84 1.2462963590400766
39 85 1.2609155066868953
39 86 1.2369388541938189
39 87 1.2575767492291767
39 88 1.3695234689234401
39 89 1.5370872677760505
40 41 1.2882754319438152
40 42 1.3017170203609503
40 43 1.283465152750593
40 44 1.4214182821592038
40 45 1.2301405708099138
40 46 1.1085781338542786
40 47 1.2367295461740073
40 48 1.4532917076330154
40 49 1.2182054062399792
40 50 1.1899447391518276
40 51 1.1647961450225646
40 52 1.366744553481831
40 53 1.288361269647651
40 54 1.1503866178311648
40 55 1.4176554423567729
40 56 1.2780292610304276
40 57 1.220984468362913
40 58 1.16204010801822
40 59 1.2242902928057553
40 60 1.438925523944753
40 61 1.2868999538488926
40 62 1.091526896838621
40 63 1.2021913500173633
40 64 1.3138399309958155
40 65 1.1493620287002055
40 66 1.2919803461807793
40 67 1.3001528873874597
40 68 1.2379430902142463
40 69 1.3569558825789874
40 70 1.2972354222329172
40 71 1.2833099417771872
40 72 1.3378691350316745
40 73 1.363586668799622
40 74 1.3865350829771925
40 75 1.1603881609220446
40 76 1.188015999479694
40 77 1.2639472553571802
40 78 1.339972480475427
40 79 1.2535628241063144
40 80 1.1372047070634606
40 81 1.1515217992590268
40 82 1.3866188141763185
40 83 1.1041129739539968
40 84 1.1566687953809984
40 85 1.230533035196674
40 86 1.3184654146776436
40 87 1.4311862866183087
40 88 1.2720391050393371
40 89 1.430481429536261
41 42 1.251357103581375
41 43 1.4545499702522602
41 44 1.3331759582315286
41 45 1.225706977593413
41 46 1.2756341213746032
41 47 1.2815204468378778
41 48 1.397448651605097
41 49 1.3613623516873148
41 50 1.2506977535882364
41 51 1.2928606415957729
41 52 1.3910291263304906
41 53 1.3280064588636271
41 54 1.3516961003411412
41 55 1.3750005991876886
41 56 1.238567249864148
41 57 1.1498367935794946
41 58 1.2756216359279884
41 59 1.2851531749394838
41 60 1.4461455235752998
41 61 1.2436143879425623
41 62 1.1929899967082063
41 63 1.295315882120475
41 64 1.3447762528247202
41 65 1.349886743650151
41 66 1.2949943158326853
41 67 1.3951397731296662
41 68 1.3711262584207253
41 69 1.2307654659833007
41 70 1.433957043811731
41 71 1.4422344159093736
41 72 1.3417667382654468
41 73 1.47113354601194
41 74 1.2379589370497548
41 75 1.2924398175243992
41 76 1.3221025774263018
41 77 1.2747581932250627
41 78 1.3166648458000254
41 79 1.3290079347667352
41 80 1.2390099280801263
41 81 1.2380259711568538
41 82 1.3575522195432446
41 83 1.154064953950742
41 84 1.321807438657939
41 85 1.4062316929732672
41 86 1.3857305748156599
41 87 1.3746145868770545
41 88 1.364860236671735
41 89 1.5017525224789234
42 43 1.4015345541061193
42 44 1.383488109085277
42 45 1.2097283997222614
42 46 1.3291832690761556
42 47 1.223193875354799
42 48 1.2945420378036385
42 49 1.353673776619443
42 50 1.416976180426717
42 51 1.3401391850811557
42 52 1.4769911138427518
42 53 1.3960501780179284
42 54 1.3328874782997622
42 55 1.4157383885510937
42 56 1.3076268093164343
42 57 1.2343059560183094
42 58 1.3356012818040242
42 59 1.392092486847163
42 60 1.3988022649755318
42 61 1.3906338282783108
42 62 1.2930451231826265
42 63 1.1915593916084837
42 64 1.3443797712382115
42 65 1.3704847130273332
42 66 1.2438307927810832
42 67 1.632511228103215
42 68 1.3484961755986011
42 69 1.3442501852618074
42 70 1.5227124850036617
42 71 1.3843206201832334
42 72 1.4711140426472533
42 73 1.399551710672679
42 74 1.3254944182579222
42 75 1.3698659760407086
42 76 1.2724284447197436
42 77 1.2989398042970417
42 78 1.228242435163281
42 79 1.4078848188895796
42 80 1.3575620449219923
42 81 1.3591579714690538
42 82 1.244785130467667
42 83 1.2270469092083853
42 84 1.277982609814345
42 85 1.4054272678589976
42 86 1.3177521288058383
42 87 1.3742126350483272
42 88 1.4168463230440194
42 89 1.4239468056051785
43 44 1.3634385320384486
43 45 1.2884250716350931
43 46 1.313226885185496
43 47 1.4634640014868279
43 48 1.4061144011489985
43 49 1.438911573404184
43 50 1.3319350246936903
43 51 1.2659158880452481
43 52 1.4173459170969847
43 53 1.3395316968827515
43 54 1.3085543579739531
43 55 1.3698962980317326
43 56 1.3183813049199313
43 57 1.1887716123182193
43 58 1.3164346953778228
43 59 1.4208711932070908
43 60 1.3582115142035174
43 61 1.3888952818957
43 62 1.3313166480033307
43 63 1.4000170282164952
43 64 1.0764533413858235
43 65 1.2492901917988495
43 66 1.3427562343983805
43 67 1.3767746342643665
43 68 1.3643791618381218
43 69 1.4145154239707856
43 70 1.3771242224920255
43 71 1.2581677857533866
43 72 1.2684203500871902
43 73 1.3858936644199833
43 74 1.367251028353353
43 75 1.33272835669879
43 76 1.409861183096436
43 77 1.2524501663331478
43 78 1.4184390288935793
43 79 1.2559503072674811
43 80 1.2338369526379696
43 81 1.2225001930592303
43 82 1.3872356195863582
43 83 1.3174738324148423
43 84 1.2767275884247122
43 85 1.370913897534704
43 86 1.2995811919783502
43 87 1.4128666820417553
43 88 1.314153819645354
43 89 1.4344945163264442
44 45 1.3238394153024517
44 46 1.358903524021555
44 47 1.5378733247826746
44 48 1.424454585485213
44 49 1.4514614703431428
44 50 1.316472388926003
44 51 1.44792540388711
44 52 1.212944923293646
44 53 1.3856693337549746
44 54 1.3876390320301895
44 55 1.3258830003566364
44 56 1.3790483725107503
44 57 1.3051607802157543
44 58 1.3454024927929025
44 59 1.4965743992705325
44 60 1.4103154952049752
44 61 1.316376718102372
44 62 1.4558671556415745
44 63 1.4357903616328216
44 64 1.246780967392055
44 65 1.35302035449884
44 66 1.402208039651289
44 67 1.3679193724857646
44 68 1.407922840096685
44 69 1.3428624539792136
44 70 1.3944673742379627
44 71 1.3133518093268404
44 72 1.3077548629066356
44 73 1.2527646988004815
44 74 1.3028739970515613
44 75 1.4929006580601356
44 76 1.3808649320583977
44 77 1.371111154104833
44 78 1.3502937388369234
44 79 1.3225723364655548
44 80 1.4176374462014407
44 81 1.3791976294534112
44 82 1.4058710166036807
44 83 1.307788139799743
44 84 1.2607148086087103
44 85 1.4428004862013368
44 86 1.4483049368950571
44 87 1.4577768496216656
44 88 1.3530080838330414
44 89 1.2605248652819863
45 46 1.2391335228181075
45 47 1.1909910790424392
45 48 1.3370534688308504
45 49 1.2606041617175077
45 50 1.2950291359921513
45 51 1.240034065336959
45 52 1.3831927208092536
45 53 1.4202604823636102
45 54 1.0801777595820754
45 55 1.292037163814372
45 56 1.2873030938972674
45 57 1.1413717230731368
45 58 1.212819796964925
45 59 1.2090591028190756
45 60 1.3373585563999026
45 61 1.2623962226305703
45 62 1.2188969312134679
45 63 1.3591497454329893
45 64 1.3606729219557065
45 65 1.257746316585511
45 66 1.1987423244571207
45 67 1.336522248998851
45 68 1.1925536809405597
45 69 1.2527145034281946
45 70 1.4028236230942521
45 71 1.3273465139948253
45 72 1.405488013131857
45 73 1.3423048066578525
45 74 1.1572614804383015
45 75 1.2767773894618435
45 76 1.2718854412468463
45 77 1.2780037194459188
45 78 1.3435153835817735
45 79 1.2383908622757487
45 80 1.2266183439892526
45 81 1.1291594357714136
45 82 1.3103855785754748
45 83 1.2229364774065756
45 84 1.2129924535582262
45 85 1.3063196789235307
45 86 1.247763196483247
45 87 1.1910445240443315
45 88 1.2967409820344225
45 89 1.3212633475288038
46 47 1.2494292422001287
46 48 1.3908008680805986
46 49 1.1563448625186843
46 50 1.0246691668237182
46 51 1.1814022848213703
46 52 1.2685070034703632
46 53 1.3474370485218126
46 54 1.1810188244999955
46 55 1.3177094643298568
46 56 1.2731121133962935
46 57 1.304108851885213
46 58 1.2402936545824919
46 59 1.2172599022401747
46 60 1.3176718848667848
46 61 1.2140698005642638
46 62 1.17090051172213
46 63 1.1547743723693678
46 64 1.3217770295820683
46 65 1.2107711535636894
46 66 1.2252112358918197
46 67 1.3567220722817108
46 68 1.189852845083694
46 69 1.2871245960775743
46 70 1.3583986530778014
46 71 1.3481709222724265
46 72 1.364418657470988
46 73 1.2905731477453706
46 74 1.2686251555407642
46 75 1.0373415223081386
46 76 1.1731070391971121
46 77 1.2042050539348386
46 78 1.3539491576430236
46 79 1.178607444064544
46 80 1.1468579201516482
46 81 1.1631603995399957
46 82 1.240318248560625
46 83 1.277920581286673
46 84 1.2615773168808613
46 85 1.329362031245798
46 86 1.243121375224155
46 87 1.2626297887780609
46 88 1.2359169939034953
46 89 1.320992284523451
47 48 1.3856791427459378
47 49 1.2944180872631288
47 50 1.2783736003364465
47 51 1.2177466476575634
47 52 1.4609856494051836
47 53 1.3767225750818761
47 54 1.1638776220975746
47 55 1.2668789964826437
47 56 1.4726005603140928
47 57 1.2083611835972106
47 58 1.276254681063358
47 59 1.013060190414729
47 60 1.4264921186188841
47 61 1.3601733416030357
47 62 1.08261645837183
47 63 1.2559181495861413
47 64 1.3543768886273304
47 65 1.2405718785791122
47 66 1.0749762983895403
47 67 1.4397079972867126
47 68 1.2726870870094227
47 69 1.4027966332077264
47 70 1.316491238744189
47 71 1.398083147607366
47 72 1.4090759534047737
47 73 1.3644910360291855
47 74 1.2953722306921873
47 75 1.0844481022228993
47 76 1.1663081755705431
47 77 1.2289769681417022
47 78 1.3861982459944646
47 79 1.3684864871201023
47 80 1.139601173999343
47 81 1.0532158086907277
47 82 1.1345610499668675
47 83 1.2921754043401001
47 84 1.2819216536893212
47 85 1.2363726654901477
47 86 1.1599681482711692
47 87 1.27503866698575
47 88 1.391739594136017
47 89 1.4696156240895786
48 49 1.4779063003600814
48 50 1.3827740438969027
48 51 1.4142690454748366
48 52 1.5200480646680823
48 53 1.3568773806114225
48 54 1.4277945196180917
48 55 1.3652681529391224
48 56 1.3475631861892936
48 57 1.3293248206338983
48 58 1.4589941121124341
48 59 1.3653486714018186
48 60 1.4283237336720431
48 61 1.3645052894264613
48 62 1.4255432386147708
48 63 1.4636504605163136
48 64 1.3431604814664757
48 65 1.331363970974921
48 66 1.4037392323378945
48 67 1.4132096513735104
48 68 1.3485861751044455
48 69 1.3746960721754349
48 70 1.5438119930703424
48 71 1.3981039769956463
48 72 1.3723733380918486
48 73 1.4278392162130908
48 74 1.4555854895927125
48 75 1.4241016815199727
48 76 1.438286660897251
48 77 1.3676583334659718
48 78 1.272427909872077
48 79 1.3572813906866428
48 80 1.4483181049488976
48 81 1.3261028229504142
48 82 1.3253187682208514
48 83 1.3182654665540687
48 84 1.4940048175589584
48 85 1.5329647551300605
48 86 1.2244581106228072
48 87 1.1779100113830399
48 88 1.3709438873098654
48 89 1.4615881655897722
49 50 1.205529482258589
49 51 1.1331416831255001
49 52 1.3512401806815446
49 53 1.3927031961827065
49 54 1.1713167848639516
49 55 1.2690453279571863
49 56 1.2367261258423237
49 57 1.5230490817135631
49 58 1.1231254661088963
49 59 1.2977943267392449
49 60 1.3299728163017885
49 61 1.3244759658720326
49 62 1.1260284556435827
49 63 1.2276952835006052
49 64 1.3169203053813807
49 65 1.0790583775014169
49 66 1.270876051709069
49 67 1.3558627554542342
49 68 1.2283836606814056
49 69 1.239771106785957
49 70 1.2672441179078944
49 71 1.282116396109675
49 72 1.3776127367880004
49 73 1.340841554503808
49 74 1.2016580013790537
49 75 1.366541403465965
49 76 1.1689664337846828
49 77 1.2320560509759617
49 78 1.4696230714698348
49 79 1.2491530179120005
49 80 1.1165297833326995
49 81 1.2076350215652905
49 82 1.222497045029802
49 83 1.2922295300799225
49 84 1.120490715921028
49 85 1.1955481669330812
49 86 1.4874577477980568
49 87 1.2768511728854188
49 88 1.2706996175456744
49 89 1.3762883332866145
50 51 1.1943067989967686
50 52 1.3655804688849285
50 53 1.2614587281746124
50 54 1.2888530488310288
50 55 1.2090447718852175
50 56 1.2631555487072343
50 57 1.2478563592263476
50 58 1.3282634774446218
50 59 1.2911705921256316
50 60 1.373719345806992
50 61 1.2625746964147033
50 62 1.2131586702756854
50 63 1.2745249309312858
50 64 1.2086223113637673
50 65 1.102065550858993
50 66 1.2303831907501803
50 67 1.4073357949251952
50 68 1.3393105247246289
50 69 1.340683996444132
50 70 1.4443057276972042
50 71 1.2165150808258642
50 72 1.2442376900939165
50 73 1.2377534421299694
50 74 1.299325922871026
50 75 1.1902443429711476
50 76 1.305200556888098
50 77 1.2695866632853747
50 78 1.3716298474555857
50 79 1.227353309591143
50 80 1.2056630715601795
50 81 1.0803407444023023
50 82 1.4314276928716572
50 83 1.2727584383088135
50 84 1.3079312320980099
50 85 1.34831883649969
50 86 1.2234178917450316
50 87 1.2790073711414378
50 88 1.2913266606218605
50 89 1.3797323777741293
51 52 1.4760656989654861
51 53 1.344179015029712
51 54 1.1758541949767527
51 55 1.2590722446443696
51 56 1.3287957598869578
51 57 1.253543349379496
51 58 1.1648191731634452
51 59 1.2223664408075503
51 60 1.4882922356444983
51 61 1.2866382163593535
51 62 0.5143889810928429
51 63 1.219935268927777
51 64 1.342286880253029
51 65 1.03542399963967
51 66 1.258602467463755
51 67 1.3629059953082483
51 68 1.2354887224579179
51 69 1.3516905658417915
51 70 1.2147646587172591
51 71 1.3808374623443072
51 72 1.4292431805980264
51 73 1.4555664460210154
51 74 1.3914097944411983
51 75 1.1608001366653107
51 76 1.1291781990749752
51 77 1.1765646019306473
51 78 1.4272772013901034
51 79 1.1415029807509924
51 80 0.5967996532848515
51 81 1.0187188400842728
51 82 1.2000556727232414
51 83 1.318274473229435
51 84 1.1240609170000713
51 85 1.1028129499488688
51 86 1.3492046575987073
51 87 1.2474723604466773
51 88 1.3077721066609937
51 89 1.5118653651569056
52 53 1.500136798728124
52 54 1.2768171511981288
52 55 1.3381317956276138
52 56 1.3177113875954585
52 57 1.3947733249513978
52 58 1.4039935335595262
52 59 1.3426681755761978
52 60 1.2780433244015803
52 61 1.4009475145467156
52 62 1.4042289201457507
52 63 1.419421365680087
52 64 1.4189787438841972
52 65 1.3376720669710853
52 66 1.3770460631956039
52 67 1.3068249274132757
52 68 1.2567095398668966
52 69 1.3361661971955534
52 70 1.2441962054284357
52 71 1.3103407212853049
52 72 1.387710043360327
52 73 1.1955510088779646
52 74 1.3384558934089241
52 75 1.3495327639559132
52 76 1.2736245767739
52 77 1.3476904963580545
52 78 1.4379057893516747
52 79 1.196429173267582
52 80 1.3493111813201004
52 81 1.2794284976292212
52 82 1.3391899528229152
52 83 1.303685306626082
52 84 1.2891770155450053
52 85 1.33841863734111
52 86 1.3351771806317005
52 87 1.494032178659631
52 88 1.318386713003509
52 89 1.256512942692948
53 54 1.2982148043607222
53 55 1.3684383691543618
53 56 1.4075719854893451
53 57 1.3917708246458558
53 58 1.306073220413038
53 59 1.40068593515599
53 60 1.4636328117821942
53 61 1.3426763076437402
53 62 1.3327392699642078
53 63 1.4314016939464171
53 64 1.3173962990019938
53 65 1.3340411074696066
53 66 1.4000460177786502
53 67 1.4499079204332355
53 68 1.3476519374144347
53 69 1.4197616378085336
53 70 1.312168224817483
53 71 1.3688670380128423
53 72 1.3550102850571593
53 73 1.3879125712624207
53 74 1.316692955156067
53 75 1.2538310741532868
53 76 1.330266461741197
53 77 1.386981270520952
53 78 1.442335360473975
53 79 1.3312392158456574
53 80 1.3264128467489584
53 81 1.2172139046198485
53 82 1.405942176415455
53 83 1.3130925276325338
53 84 1.37488258428639
53 85 1.4911609526712584
53 86 1.3538017777679168
53 87 1.4087491966595482
53 88 1.3122913116872326
53 89 1.5086590018267878
54 55 1.1955222603966202
54 56 1.3471657810639017
54 57 1.2593931996016388
54 58 1.0461246087551614
54 59 1.1365508825631583
54 60 1.3140054843483737
54 61 1.2642509703511715
54 62 1.113464590344822
54 63 1.2656637184360586
54 64 1.297605061259338
54 65 1.1791642601151273
54 66 1.2240499715491386
54 67 1.2122054946414074
54 68 1.0819982810862954
54 69 1.4350363058238296
54 70 1.1535441218556894
54 71 1.276117051215243
54 72 1.4566150893463867
54 73 1.2531739631741439
54 74 1.1753951508248606
54 75 0.9811017640936873
54 76 0.9728683624667313
54 77 1.241927645164807
54 78 1.3899179594518989
54 79 1.170591615474219
54 80 1.0587784158386866
54 81 1.1463021104466184
54 82 1.1745093968936515
54 83 1.1858985979487384
54 84 1.2817624776375702
54 85 1.1471418981197519
54 86 1.2685874251516525
54 87 1.2634311255510782
54 88 1.2398685379605154
54 89 1.4039768233387229
55 56 1.3267778077585448
55 57 1.3171707344311951
55 58 1.2362848753968527
55 59 1.3378956026632958
55 60 1.2329005714250683
55 61 1.2122576285267368
55 62 1.255371809688735
55 63 1.404507317409348
55 64 1.199060614220207
55 65 1.141839169795217
55 66 1.3054576248179455
55 67 1.4736443032820778
55 68 1.2200655063308825
55 69 1.3214407047384542
55 70 1.372762249336051
55 71 1.2453512620694207
55 72 1.1829137422822902
55 73 1.384781147114451
55 74 1.2692593911853407
55 75 1.3300833594692312
55 76 1.3422080791600086
55 77 1.252962745115673
55 78 1.4246377925747846
55 79 1.139091842383415
55 80 1.2312081016739482
55 81 1.2359192554452527
55 82 1.2117319258069785
55 83 1.4589259372408656
55 84 1.2956665840435018
55 85 1.3694162458930943
55 86 1.2538131700318622
55 87 1.3369907949039084
55 88 1.2236787196489325
55 89 1.3533839492350108
56 57 1.4229187388631488
56 58 1.3835482488921547
56 59 1.291127005576271
56 60 1.2326126432146423
56 61 1.287182261790971
56 62 1.3379386480544857
56 63 1.4203303383422732
56 64 1.326757912009701
56 65 1.3351366061385705
56 66 1.3013666199647829
56 67 1.3856574456056148
56 68 1.289259682761165
56 69 1.2390048758708643
56 70 1.4025004559208634
56 71 1.2873523204543977
56 72 1.3330406250114608
56 73 1.3165168007666965
56 74 1.3848515336880232
56 75 1.5154027232223817
56 76 1.4321731037814216
56 77 1.3127582317719564
56 78 1.38983973597403
56 79 1.0971952889243164
56 80 1.3078190056347234
56 81 1.2803419162432619
56 82 1.4592218256543685
56 83 1.2476212067534314
56 84 1.306962166544843
56 85 1.4339308652648213
56 86 1.399019436189894
56 87 1.256780397064055
56 88 1.2390919957705988
56 89 1.3987346790805535
57 58 1.1691358199912627
57 59 1.2620647318244564
57 60 1.4800813166436206
57 61 1.337204639839087
57 62 1.2175896145025729
57 63 1.3938624163265874
57 64 1.2705681573939733
57 65 1.223323367272856
57 66 1.1837003826645236
57 67 1.416185804598088
57 68 1.22267875752803
57 69 1.3263789660704037
57 70 1.503112378360439
57 71 1.3730972613265313
57 72 1.302451900275589
57 73 1.3991287781932706
57 74 1.3233273846163125
57 75 1.2186757166046212
57 76 1.325033720070649
57 77 1.177573544720759
57 78 1.226197830135511
57 79 1.398437183799716
57 80 1.2016039759585768
57 81 1.1711180161445034
57 82 1.3363941828853314
57 83 1.2177560206023972
57 84 1.177924141748354
57 85 1.4510737234354405
57 86 1.2480545494742683
57 87 1.3049936057080112
57 88 1.3766334639023652
57 89 1.462343470469801
58 59 1.3044638603422254
58 60 1.3397718486304664
58 61 1.3330680123077743
58 62 1.1465964193612082
58 63 1.390698319023325
58 64 1.2623808848449525
58 65 1.1522496234448032
58 66 1.261573049009889
58 67 1.3642525565311876
58 68 1.0693518175316583
58 69 1.3751828743988368
58 70 1.3268772739596773
58 71 1.3222280610834916
58 72 1.3129968797585287
58 73 1.403614213914595
58 74 1.1022154576745606
58 75 1.1905627733594335
58 76 1.2479276494670253
58 77 1.2209928196735491
58 78 1.3204672971370792
58 79 1.1965184300718197
58 80 1.0360812364196064
58 81 1.244682649580302
58 82 1.2358298834100327
58 83 1.2397026015080213
58 84 1.0020757797705264
58 85 1.346293027694016
58 86 1.5669004184179165
58 87 1.3258749770931977
58 88 1.3255763331889856
58 89 1.4907413030114098
59 60 1.3854889949041267
59 61 1.2252392696600727
59 62 1.1481842356139156
59 63 1.3416500778172291
59 64 1.3671389376461622
59 65 1.2002029823671754
59 66 1.2710392238985078
59 67 1.2572561288649575
59 68 1.3274574189173098
59 69 1.334897790635575
59 70 1.2945803914029939
59 71 1.4096543718596581
59 72 1.3504221184264877
59 73 1.382007774767488
59 74 1.2492322413505428
59 75 1.2079062673285526
59 76 1.284240260497048
59 77 1.2684525043488442
59 78 1.3289916978959502
59 79 1.3211610359570403
59 80 1.1496430851845632
59 81 1.1275816799349114
59 82 1.3267755519133044
59 83 1.2586935804276205
59 84 1.33369700861916
59 85 1.244410483446451
59 86 1.2583288670842396
59 87 1.2892617682555276
59 88 1.2942137799354652
59 89 1.3935813567574753
60 61 1.472455769223672
60 62 1.477359539625619
60 63 1.3708008308235178
60 64 1.3648877495153793
60 65 1.406151919690011
60 66 1.3564739110611252
60 67 1.3539304696695336
60 68 1.315470952188221
60 69 1.3743830990309662
60 70 1.3644746220649369
60 71 1.3492735891047634
60 72 1.3251296543768045
60 73 1.371153387225268
60 74 1.3209750865094483
60 75 1.4511671363181449
60 76 1.3554882690553975
60 77 1.4123087893461317
60 78 1.5202077858415484
60 79 1.1852196680376956
60 80 1.4428240596417774
60 81 1.3891823145372508
60 82 1.2783315614569144
60 83 1.41892621038034
60 84 1.3470701255612223
60 85 1.3753940834778782
60 86 1.3853414499881374
60 87 1.340995826460945
60 88 1.2530807668355806
60 89 1.135024070735918
61 62 1.3147435963450376
61 63 1.3453257885216028
61 64 1.2708055741001332
61 65 1.3165319957622257
61 66 1.3372426871489622
61 67 1.3989437704250611
61 68 1.3295522863982039
61 69 1.2763150607975602
61 70 1.4820056562749402
61 71 1.2553052237193147
61 72 1.2677496974633422
61 73 1.375319215716746
61 74 1.351012315179419
61 75 1.3020120690348715
61 76 1.3642529458165655
61 77 1.3080914637298982
61 78 1.241900403103437
61 79 1.3713002134495664
61 80 1.2970393487094187
61 81 1.2844342012264758
61 82 1.4452578730814682
61 83 1.2920805225346534
61 84 1.3155172112846585
61 85 1.3630421476634191
61 86 1.4060255396688608
61 87 1.2498477587970318
61 88 1.226782076625432
61 89 1.3843035048116314
62 63 1.2188524190838388
62 64 1.3550483071395238
62 65 1.0392394636281401
62 66 1.2002966811887297
62 67 1.3174669251239253
62 68 1.2315488970952835
62 69 1.3975453902304165
62 70 1.2330758129357022
62 71 1.3771230442917861
62 72 1.4516981768687187
62 73 1.472841419293376
62 74 1.3642910177421805
62 75 1.1079002828510098
62 76 0.9988278878976323
62 77 1.1074875722977935
62 78 1.4469884270220565
62 79 1.1512717560024717
62 80 0.5756185095679305
62 81 0.9611191796544233
62 82 1.109852392323546
62 83 1.2298050210032765
62 84 1.1475036395232738
62 85 1.1347167932650892
62 86 1.2818864904729173
62 87 1.2879340410356115
62 88 1.3020402107028435
62 89 1.5371674902319468
63 64 1.3107360143116065
63 65 1.2636563066278201
63 66 1.2915733332082344
63 67 1.3749284903004289
63 68 1.4376777266224317
63 69 1.3266183148798762
63 70 1.2948402808705448
63 71 1.4120463070457874
63 72 1.4568547330365471
63 73 1.2898705492566764
63 74 1.4108673009947064
63 75 1.1968095668307508
63 76 1.0352951400710275
63 77 1.2391780034037139
63 78 1.4315283584779064
63 79 1.3562773061024225
63 80 1.2122041398041354
63 81 1.287900946996936
63 82 1.1812231599740612
63 83 1.3059758046561927
63 84 1.347362055172445
63 85 1.1468599323746778
63 86 1.280846955343253
63 87 1.387141128436218
63 88 1.2933236867714601
63 89 1.3645648434491888
64 65 1.0839740665945659
64 66 1.3204597963107703
64 67 1.3840937602418313
64 68 1.4294867459777982
64 69 1.3566209487631697
64 70 1.3819905474022833
64 71 1.106834230002943
64 72 0.9286011517809566
64 73 1.2952307143874635
64 74 1.2803473057995547
64 75 1.3090132668377639
64 76 1.3908573774165423
64 77 1.1378669703779154
64 78 1.3871089533169043
64 79 1.3087925554801827
64 80 1.2786660932546707
64 81 1.1519024843420307
64 82 1.3558182089950137
64 83 1.3252557520766348
64 84 1.2871579313190937
64 85 1.334581869053958
64 86 1.2611318948247676
64 87 1.3955751575743736
64 88 1.3225592921590317
64 89 1.472666988474477
65 66 1.2359532516198968
65 67 1.3277709610635224
65 68 1.189601119057464
65 69 1.3327690082027648
65 70 1.266778403998176
65 71 1.2363112919609556
65 72 1.2789290565876774
65 73 1.3441399634509643
65 74 1.3332100531981288
65 75 1.2326135393173412
65 76 1.1978726730550862
65 77 1.20835165053056
65 78 1.4111947244359504
65 79 1.150585799642874
65 80 1.007070276362412
65 81 1.0722665867969936
65 82 1.2827322478674035
65 83 1.2621268049030798
65 84 1.185392881205723
65 85 1.2668030106009005
65 86 1.2615211800712023
65 87 1.3781584267615856
65 88 1.2008543034456565
65 89 1.3824634592843468
66 67 1.3930736268792687
66 68 1.2278817449023673
66 69 1.3025139600480793
66 70 1.4033527004982862
66 71 1.2285532751900958
66 72 1.348495380295641
66 73 1.2459053520355796
66 74 1.222623915873156
66 75 1.2429510065549556
66 76 1.2167187958360455
66 77 1.2797645185163788
66 78 1.3228831042043272
66 79 1.2555111787987396
66 80 1.2020468039961338
66 81 1.1929835775787678
66 82 1.1081259041961726
66 83 1.2467416536979667
66 84 1.1671775592487976
66 85 1.3669538465936288
66 86 1.2548262785969635
66 87 1.2600547433809848
66 88 1.2883207353093296
66 89 1.3065163258333745
67 68 1.424302105870646
67 69 1.412450478448156
67 70 1.0843026180329278
67 71 1.4594094165701461
67 72 1.4499880643431449
67 73 1.2119830104799232
67 74 1.374958795280611
67 75 1.357685057857233
67 76 1.23720147159901
67 77 1.3281255648361538
67 78 1.462795705913774
67 79 1.386411121623055
67 80 1.2818923413457002
67 81 1.2757753935068934
67 82 1.3586031653117139
67 83 1.3042016273609909
67 84 1.3737560675788985
67 85 1.1084074028930475
67 86 1.4036384393839527
67 87 1.3260354818568407
67 88 1.3890776891329064
67 89 1.410105278895061
68 69 1.3212602317707014
68 70 1.2936571265135852
68 71 1.306701769954107
68 72 1.467914797087198
68 73 1.4253927226755214
68 74 1.3068555342974104
68 75 1.1846618684045376
68 76 1.2038195952300788
68 77 1.3519154359136327
68 78 1.3724265620712188
68 79 1.0540377315662004
68 80 1.175208237345924
68 81 1.1932196374936883
68 82 1.1433274901320718
68 83 1.3200286107214154
68 84 1.2321085776928462
68 85 1.3413125277208906
68 86 1.279546340006079
68 87 1.2566558794341753
68 88 1.2033850936932184
68 89 1.371650108882411
69 70 1.4357677929635428
69 71 1.411173674990628
69 72 1.3028667530217755
69 73 1.3407750669576342
69 74 1.3207600741994001
69 75 1.4419110267819146
69 76 1.48351482647443
69 77 1.2606610612346534
69 78 1.2083393544419525
69 79 1.2872781809605918
69 80 1.3320627992293874
69 81 1.3228612772152628
69 82 1.2966242799024341
69 83 1.378602181501654
69 84 1.2793815806555815
69 85 1.412165217248402
69 86 1.389209395320334
69 87 1.307671414033471
69 88 1.2459340087959092
69 89 1.332706313725656
70 71 1.4445813949194806
70 72 1.5051623505250937
70 73 1.2981731962749519
70 74 1.4025630189806217
70 75 1.3046683977951088
70 76 1.1522916414707352
70 77 1.3302501838251337
70 78 1.596818930710928
70 79 1.2341001889402703
70 80 1.1589911923506535
70 81 1.2548867833930772
70 82 1.297859927468391
70 83 1.2988983593768653
70 84 1.3234804455138236
70 85 0.8804734827044485
70 86 1.4535360507892618
70 87 1.4552188399535297
70 88 1.3093934004598224
70 89 1.4230894779009409
71 72 1.2130373222418527
71 73 1.3830298502000926
71 74 1.3880466372583384
71 75 1.3016507428663986
71 76 1.3706604525938875
71 77 1.2765885629288944
71 78 1.4831671737294096
71 79 1.2404416293690195
71 80 1.3586641053523525
71 81 1.284453126796252
71 82 1.3536849644232196
71 83 1.3537992034962867
71 84 1.3783981765008462
71 85 1.3593938298379684
71 86 1.3048530744602485
71 87 1.317788651866646
71 88 1.2435559986042202
71 89 1.3318582147755678
72 73 1.442091386151168
72 74 1.3819263865723839
72 75 1.4518013721126528
72 76 1.4977296147570325
72 77 1.2213080534794358
72 78 1.3031139708808137
72 79 1.3816253801375775
72 80 1.3459778583786437
72 81 1.2661077927762785
72 82 1.4006998964665807
72 83 1.4449907838449227
72 84 1.3059486361983084
72 85 1.4335126609530238
72 86 1.3247062898875317
72 87 1.3199770109243825
72 88 1.3556055351790512
72 89 1.3539050782395414
73 74 1.1612058111669536
73 75 1.3362085299087747
73 76 1.3539160607632927
73 77 1.3077207928400525
73 78 1.3701369921925028
73 79 1.339610762082614
73 80 1.431546182167268
73 81 1.2922345298201734
73 82 1.3797693090379541
73 83 1.35173304913869
73 84 1.3576079770097373
73 85 1.2003400670451891
73 86 1.3951023272136729
73 87 1.4355512715493755
73 88 1.2555969515870484
73 89 1.3433697663285453
74 75 1.2624735682927015
74 76 1.3148250677261688
74 77 1.3182945977933465
74 78 1.37434228806145
74 79 1.2816640417292373
74 80 1.3472048033418536
74 81 1.3460845593715616
74 82 1.232343639244696
74 83 1.3103711796456454
74 84 1.157986180348413
74 85 1.3235286021810913
74 86 1.4804545761752324
74 87 1.3515448130062881
74 88 1.1945186693664265
74 89 1.3509990493314967
75 76 1.11775113420866
75 77 1.2509942918512185
75 78 1.3786904905286683
75 79 1.2862549727045511
75 80 1.1431672068164864
75 81 1.140299857564159
75 82 1.2628003382363022
75 83 1.2881988186149207
75 84 1.329800409498084
75 85 1.2221497544832967
75 86 1.182371381593214
75 87 1.3537683251229073
75 88 1.2949504377406882
75 89 1.4418552239953768
76 77 1.269592081939593
76 78 1.4327155971240855
76 79 1.1952873901006225
76 80 1.02161286281689
76 81 1.1688026059374867
76 82 0.9983057892789015
76 83 1.2439395221228884
76 84 1.2090634493072525
76 85 1.1219187622468645
76 86 1.2400112215321217
76 87 1.2907496955440172
76 88 1.2499591403394963
76 89 1.34354182260304
77 78 1.48105715754135
77 79 1.304135603522577
77 80 1.1142966979138649
77 81 1.092208899203622
77 82 1.259528231146719
77 83 1.287868546464577
77 84 1.22060925076545
77 85 1.3427138838747192
77 86 1.2982454005785498
77 87 1.3717152108767172
77 88 1.2794461030521767
77 89 1.4026603198774759
78 79 1.4307454464587144
78 80 1.393007363070654
78 81 1.4782463114286222
78 82 1.440468648871364
78 83 1.3319512874385209
78 84 1.3247286836694547
78 85 1.519999642137308
78 86 1.4718017238617338
78 87 1.4161728404910576
78 88 1.389393781309555
78 89 1.4411747111812392
79 80 1.0594650400445458
79 81 1.155279340972928
79 82 1.1552737674337963
79 83 1.3088143739420457
79 84 1.2973123734896483
79 85 1.318503030412079
79 86 1.3064235015458083
79 87 1.2833695725640422
79 88 1.070953741797919
79 89 1.3155894596573412
80 81 0.9441355859082337
80 82 1.0691166952731916
80 83 1.2592462845349395
80 84 1.0737459424156997
80 85 1.1419214687617174
80 86 1.3203652005311162
80 87 1.2326529155767014
80 88 1.2867749617114728
80 89 1.5114383503844222
81 82 1.2385904599082336
81 83 1.208470760711759
81 84 1.1917370317474723
81 85 1.1859897243868334
81 86 1.1379850069318376
81 87 1.2380412175614584
81 88 1.2829959815526188
81 89 1.5043547143449914
82 83 1.3881279430546762
82 84 1.2472902276020204
82 85 1.2412385948146651
82 86 1.2791304113560333
82 87 1.2402403616583144
82 88 1.2204091705573947
82 89 1.3668648403435686
83 84 1.273063363651531
83 85 1.3253269712187787
83 86 1.3470736880363388
83 87 1.3277570457219856
83 88 1.3412416558426183
83 89 1.517923869523459
84 85 1.3203642404590714
84 86 1.4980435899889541
84 87 1.3388698325085169
84 88 1.2742161348434426
84 89 1.3695691781776385
85 86 1.3969068802489304
85 87 1.3391324635781294
85 88 1.3728855067738348
85 89 1.4050036971869129
86 87 1.3334061481064317
86 88 1.308917069834609
86 89 1.4645509990877115
87 88 1.3367735962767249
87 89 1.395215640768536
88 89 1.3404000266341647
