90 0
0 1 1.4495407128660966
0 2 1.290079312868707
0 3 1.4300751370740052
0 4 1.347122194747809
0 5 1.4795376175384458
0 6 1.3653271535397908
0 7 1.3702201365541509
0 8 1.3557737043597786
0 9 1.3786844193693688
0 10 1.3753099451428246
0 11 1.4944127018929685
0 12 1.427517229450342
0 13 1.282506479768264
0 14 1.2234605392670201
0 15 1.4272301926920106
0 16 1.2605519821604223
0 17 1.2620740632455139
0 18 1.3895817505306851
0 19 1.5082493285489222
0 20 1.3347731844457786
0 21 1.3507302172121647
0 22 1.4281420462332406
0 23 1.3498153150591559
0 24 1.434482459914303
0 25 1.3716726934404022
0 26 1.364918586569388
0 27 1.4854075291388225
0 28 1.33259973387791
0 29 1.2980070421316614
0 30 1.3430931266045747
0 31 1.2558526980137559
0 32 1.31929379314584
0 33 1.351357895787147
0 34 1.2733625367975898
0 35 1.3318272108491302
0 36 1.277416962682345
0 37 1.3815255288707387
0 38 1.3758046304211256
0 39 1.4210773350128025
0 40 1.3429982660544197
0 41 1.3804426544580952
0 42 1.3575760167911093
0 43 1.4283628029544817
0 44 1.306114240638692
0 45 1.3590720417746351
0 46 1.3010926854921634
0 47 1.3527374753865424
0 48 1.2196604065438021
0 49 1.369144714211513
0 50 1.4218981884810047
0 51 1.3287128980538465
0 52 1.2286541353345126
0 53 1.404131997069521
0 54 1.3554369969548885
0 55 1.2135989369942397
0 56 1.311630974518895
0 57 1.3012522198589722
0 58 1.3943646060511634
0 59 1.3900849155135673
0 60 1.1826891769168744
0 61 1.1519400638241986
0 62 1.3088400912772549
0 63 1.4072784517858843
0 64 1.446223690776103
0 65 1.3904328495214426
0 66 1.3934785036217596
0 67 1.1877950731520617
0 68 1.4622132027125585
0 69 1.3704479848820088
0 70 1.4110121527346215
0 71 1.437712426033891
0 72 1.356877582888385
0 73 1.2530745845930669
0 74 1.3266482978109793
0 75 1.4158952716635476
0 76 1.5214965321530154
0 77 1.3008660569833488
0 78 1.3666024388546252
0 79 1.3443674479221894
0 80 1.4197898201189323
0 81 1.376357236941313
0 82 1.3340066921554437
0 83 1.304953459026786
0 84 1.2147483145036182
0 85 1.3455629413095926
0 86 1.2157239724222377
0 87 1.4242187850860624
0 88 1.4247662864123294
0 89 1.529069411982116
1 2 1.280887263851227
1 3 1.3333011350902253
1 4 1.3918202927131018
1 5 1.3831639116486376
1 6 1.4154774789259155
1 7 1.2600011755829137
1 8 1.284536477641218
1 9 1.3330463529954264
1 10 1.40320243847502
1 11 1.19757003798497
1 12 1.4563843093575104
1 13 1.233715771348266
1 14 1.3977960478798248
1 15 1.43331728763169
1 16 1.432288745813937
1 17 1.3165976711106315
1 18 1.4244819737013412
1 19 1.3685191080301586
1 20 1.2982631792623378
1 21 1.3426798530238317
1 22 1.2761438260142415
1 23 1.350096402748095
1 24 1.2296489135336102
1 25 1.3960264783499354
1 26 1.2821380783323266
1 27 1.4556702709800817
1 28 1.3073282803360313
1 29 1.409631898192239
1 30 1.3333318702031844
1 31 1.283006647142937
1 32 1.2784557518229651
1 33 1.400158521947067
1 34 1.3929801232214054
1 35 1.2389196821497133
1 36 1.3750609362632602
1 37 1.482791899438081
1 38 1.3420247570679307
1 39 1.1765624040631628
1 40 1.2272881405294387
1 41 1.435334862079802
1 42 1.3015278977322997
1 43 1.4632046684177102
1 44 1.347342019820915
1 45 1.3004356778603674
1 46 1.312954077485866
1 47 1.3318919491557517
1 48 1.4310200367245431
1 49 1.3890564654774415
1 50 1.3409584691503043
1 51 1.4825811010891685
1 52 1.4459601756614069
1 53 1.3743602731444369
1 54 1.3083939778205371
1 55 1.3397563794176264
1 56 1.3821779590934804
1 57 1.3839876507186883
1 58 1.375502167720409
1 59 1.4797135461610684
1 60 1.32243220825995
1 61 1.3859572025968074
1 62 1.3981247700626505
1 63 1.271667754937904
1 64 1.3918389962341722
1 65 1.4566698196307815
1 66 1.4818094877179078
1 67 1.2981428138880327
1 68 1.3203368345385769
1 69 1.3271959944254854
1 70 1.4142766113503145
1 71 1.360229855356547
1 72 1.3354112201210584
1 73 1.269392533164071
1 74 1.3218685885484367
1 75 1.3353745696464279
1 76 1.3480160913437915
1 77 1.366502121909486
1 78 1.452648263583501
1 79 1.4661345448097034
1 80 1.4097299359899629
1 81 1.436602916511316
1 82 1.2378944765582005
1 83 1.3113795823819536
1 84 1.358538162559206
1 85 1.3555496927669928
1 86 1.4335972272001005
1 87 1.386718761491381
1 88 1.4009949460527806
1 89 1.240526595467982
2 3 1.2933568286617492
2 4 1.2597409667550814
2 5 1.2766977573852685
2 6 1.3803442705805344
2 7 1.3018425701680205
2 8 1.300183021594662
2 9 1.2802271098567326
2 10 1.260887415957066
2 11 1.2579304568941772
2 12 1.4325376599260256
2 13 0.8913067893971959
2 14 1.1149832962930757
2 15 1.4697505257822534
2 16 1.0060851349335416
2 17 0.9996919861513436
2 18 1.4756008920807873
2 19 1.4761241769727071
2 20 1.1647441963734302
2 21 1.2098254863748692
2 22 1.272800161540932
2 23 1.3978527845608384
2 24 1.310792111578474
2 25 1.1932994357799287
2 26 1.4223306203527126
2 27 1.2252341062206058
2 28 1.4326171287591236
2 29 1.2672732544710823
2 30 1.2383614067843722
2 31 0.7910599236119871
2 32 1.275193737983469
2 33 1.3129268734482678
2 34 1.3908494297956506
2 35 1.1879185316486085
2 36 1.3294256968748233
2 37 1.4217465137360397
2 38 1.4028607325239777
2 39 1.3653154397413125
2 40 1.1926061798135998
2 41 1.3280629376404134
2 42 1.2980716119270554
2 43 1.415433092624086
2 44 0.8300163754105896
2 45 0.947518548174588
2 46 1.18731144545949
2 47 1.3235437919200428
2 48 1.1853890085646306
2 49 1.2834188962166624
2 50 1.3594088525292474
2 51 1.281458977020966
2 52 1.3779696532192063
2 53 1.4033050764214519
2 54 1.2085078618610665
2 55 0.7284344772165032
2 56 1.3945422754127288
2 57 1.2188831359325776
2 58 1.3784883058073942
2 59 1.417837058901527
2 60 1.2057620541595304
2 61 1.1998558856257056
2 62 1.155301692512096
2 63 1.2084426201084597
2 64 1.3497153451400878
2 65 1.3498326009294224
2 66 1.1472954255986423
2 67 1.2211656613269766
2 68 1.338103361282413
2 69 1.1913992964566988
2 70 1.1033299938998808
2 71 1.276237829160492
2 72 1.3209469468554627
2 73 1.3532836234545411
2 74 1.179959762505464
2 75 1.3231204959032798
2 76 1.445165650741225
2 77 1.3351494177065595
2 78 1.3412003616073438
2 79 1.3164318579741239
2 80 1.2577008461543193
2 81 1.3862791858360555
2 82 1.3785153648218296
2 83 1.1826479323637769
2 84 1.28539298779059
2 85 1.3765822403242767
2 86 1.314775827673268
2 87 1.3556693852708939
2 88 1.3164733546655678
2 89 1.3079341804328355
3 4 1.0984196741833585
3 5 1.0492379065835549
3 6 1.0961471666940676
3 7 1.3440450006707838
3 8 1.1519229329541807
3 9 1.3277660689365967
3 10 1.1161368997564047
3 11 1.3121276211532122
3 12 1.1629678382624908
3 13 1.3775607557178304
3 14 1.2894664944811811
3 15 1.286924258261442
3 16 1.3919572059300018
3 17 1.45670584757385
3 18 1.2824172913461382
3 19 1.1931519074322061
3 20 1.2804951863470795
3 21 1.005039184196397
3 22 1.1538950906560568
3 23 1.1837258017074208
3 24 1.1473252674137502
3 25 1.200778054026243
3 26 1.2908027191056393
3 27 1.2277619678817315
3 28 1.282421728827066
3 29 1.0801865311102952
3 30 1.320169426689115
3 31 1.401791955738011
3 32 1.1957044982084346
3 33 1.2597861095958696
3 34 1.3005258363424748
3 35 1.368770944688276
3 36 1.089815708615104
3 37 1.1218223132972673
3 38 1.1551669075162927
3 39 1.201125297790627
3 40 1.2849432849637408
3 41 1.0912651198952912
3 42 1.436672590088322
3 43 1.22464910324452
3 44 1.383334528955545
3 45 1.419947248998213
3 46 1.3231235136175403
3 47 1.328467117625066
3 48 1.1939452161609978
3 49 1.2349719498334504
3 50 1.1271481251368942
3 51 1.2179556376687566
3 52 1.3630172112187027
3 53 1.1609548227714845
3 54 1.059124355792021
3 55 1.3755129830964434
3 56 1.0599687427035256
3 57 1.2450261782701542
3 58 1.2487651902376797
3 59 1.075610509371437
3 60 1.4293208196403593
3 61 1.3989284766211298
3 62 1.2674371457987184
3 63 1.2733133633703206
3 64 1.1200946656705604
3 65 1.3341721042812573
3 66 1.2139953916814463
3 67 1.3823996366861957
3 68 1.238043010221055
3 69 1.2891597917920454
3 70 1.2695239260582245
3 71 1.2796508253207783
3 72 1.1957400859128196
3 73 1.1732001443158901
3 74 1.3188352433233759
3 75 1.3483657474624509
3 76 1.2857848661603066
3 77 1.3366493820258607
3 78 1.3094394627227777
3 79 1.0862258814490928
3 80 1.1303488979915237
3 81 1.0682594928769775
3 82 1.2933538105754399
3 83 1.143598136433087
3 84 1.347021284857535
3 85 1.1080141733170412
3 86 1.2229757503671579
3 87 1.3419095068003803
3 88 1.1960634646115365
3 89 1.3039070597292646
4 5 1.0679952992052497
4 6 1.0858488913328903
4 7 1.3994804035302533
4 8 1.1668961367109913
4 9 1.3815677493743213
4 10 1.1612706766934073
4 11 1.3136886759838233
4 12 1.0615982316916375
4 13 1.4719852202609265
4 14 1.263455252735996
4 15 1.3300569546707794
4 16 1.442679208547546
4 17 1.5120080444898847
4 18 1.2658177780102906
4 19 1.3465315378275478
4 20 1.3664361757465981
4 21 0.9837271002875261
4 22 1.2564285514418898
4 23 1.2937993438155457
4 24 1.224291353005923
4 25 1.1617211389953168
4 26 1.2429910910711133
4 27 1.1946197796799725
4 28 1.3635270468043652
4 29 1.1623862885174037
4 30 1.1991298026531747
4 31 1.440027550926294
4 32 1.2195012463768349
4 33 1.2204967746760327
4 34 1.2332096409617028
4 35 1.405650604959845
4 36 1.0799339018616785
4 37 1.1149520297011584
4 38 1.2296824226211307
4 39 1.4125077642310453
4 40 1.3310663870119825
4 41 0.986016820979535
4 42 1.4219886529451542
4 43 1.1283481517637426
4 44 1.4481353218907695
4 45 1.4967358891778202
4 46 1.3928991595883122
4 47 1.2792355320981852
4 48 1.176372170203968
4 49 1.1920617498191308
4 50 1.1702478946483195
4 51 1.187400196623012
4 52 1.2939622113004279
4 53 1.2045887233406845
4 54 0.7995949647690279
4 55 1.3796811942052989
4 56 1.018786178641624
4 57 1.1678702363487277
4 58 1.2528937738825654
4 59 1.0894644334798518
4 60 1.4566574788617015
4 61 1.1972452717755375
4 62 1.244079523175034
4 63 1.2699217989302003
4 64 1.235003027167293
4 65 1.3178028646324222
4 66 1.314013661335003
4 67 1.5080551468208527
4 68 1.1184135117927803
4 69 1.3595530057427727
4 70 1.293944230043556
4 71 1.376616877036661
4 72 1.3092165020905677
4 73 1.2088260648483635
4 74 1.3498941076435627
4 75 1.2888581961820527
4 76 1.3585808450192238
4 77 1.2336771087870437
4 78 1.253812501167362
4 79 0.8753988445473259
4 80 0.9828138385089037
4 81 1.0741400768519689
4 82 1.3508787195967056
4 83 1.2112192836402027
4 84 1.4025752458230534
4 85 1.0058443858775652
4 86 1.2901297687296005
4 87 1.282203829052582
4 88 1.1474187601739616
4 89 1.3273392892277895
5 6 1.1437942726299695
5 7 1.3852643010631251
5 8 1.1337768647729902
5 9 1.3541239487636658
5 10 1.0834559859101247
5 11 1.2655227726557987
5 12 1.1562668520953014
5 13 1.4440057653416598
5 14 1.4051011729389449
5 15 1.2193834548847475
5 16 1.4264333458460015
5 17 1.474266880107499
5 18 1.420905800370257
5 19 1.2681614033145256
5 20 1.423900032523261
5 21 1.1127873625311482
5 22 1.1855521561967346
5 23 1.2530129872975446
5 24 1.2546402571110071
5 25 1.1882325830947897
5 26 1.404958531670808
5 27 1.2468487683808844
5 28 1.3117693338262741
5 29 1.105969936459873
5 30 1.4054627974373475
5 31 1.416445227704501
5 32 1.2716974407963948
5 33 1.30597004810529
5 34 1.3379058905797419
5 35 1.4409718763833317
5 36 1.1891436716424348
5 37 1.163884903496277
5 38 1.1957619184024768
5 39 1.2103665591568213
5 40 1.3564722607252855
5 41 1.0807211882499896
5 42 1.508665822732093
5 43 1.2880916925132795
5 44 1.4464749737946587
5 45 1.4576973902496655
5 46 1.2941997745870126
5 47 1.3097146529908914
5 48 1.2313597616234015
5 49 1.0346324590759166
5 50 1.2324298646129024
5 51 1.329529106880871
5 52 1.3727969740764792
5 53 1.2648335413213485
5 54 1.0069050487905034
5 55 1.3977868942894556
5 56 1.1104527865938916
5 57 1.3481692561176328
5 58 1.2120691296506696
5 59 1.1205415773320064
5 60 1.4695441982991342
5 61 1.3137210210191317
5 62 1.3483406935306743
5 63 1.283880362521687
5 64 1.219297981646993
5 65 1.4506328147993606
5 66 1.1807368780955203
5 67 1.4587334038604842
5 68 1.1966076960673526
5 69 1.4302829601675968
5 70 1.2450033212220017
5 71 1.28353879607746
5 72 1.3065930741515153
5 73 1.1214576198490769
5 74 1.331643981607815
5 75 1.260424219277985
5 76 1.2722236737755446
5 77 1.3854628430224283
5 78 1.2642140108224296
5 79 1.1629024057691018
5 80 1.1164952817190243
5 81 1.1075861686095212
5 82 1.3762641392784316
5 83 1.192367905454352
5 84 1.299197808560134
5 85 1.105584774456416
5 86 1.2615809199522277
5 87 1.4156859377231972
5 88 1.0356949454609456
5 89 1.3203841911247107
6 7 1.380047485279913
6 8 1.222687359453187
6 9 1.3170978935193423
6 10 1.2061416955993731
6 11 1.3281280708607814
6 12 0.7250367127544457
6 13 1.5609736023546261
6 14 1.2554958558777796
6 15 1.325590115915873
6 16 1.4646499602082295
6 17 1.574029518106868
6 18 1.2998081068933902
6 19 1.2535838559349273
6 20 1.3851902960504938
6 21 0.9487098423789981
6 22 1.3533473181120803
6 23 1.3052668221682258
6 24 1.2119346174353665
6 25 1.1501900733729773
6 26 1.331475777130663
6 27 1.192035308685478
6 28 1.3485540593279433
6 29 1.1051327212843098
6 30 1.2233414724847607
6 31 1.5196718554179203
6 32 1.296734649167971
6 33 1.297569481499789
6 34 1.2629057945967281
6 35 1.3850471314133737
6 36 0.8836082822975154
6 37 0.7927226697303337
6 38 1.1157439016734405
6 39 1.4501780751686146
6 40 1.3110541317570594
6 41 0.7338013180543046
6 42 1.6057100300073777
6 43 1.319954844012005
6 44 1.5208458460204275
6 45 1.620335091763678
6 46 1.3881481229268005
6 47 1.3875959041100614
6 48 1.2410761030315596
6 49 1.251303923079158
6 50 1.1552346404291
6 51 1.226369500400815
6 52 1.2997098251356949
6 53 1.1949954385196115
6 54 1.0686112163294526
6 55 1.4924796186061549
6 56 0.811229053951333
6 57 1.3629037548318115
6 58 1.1902131397551967
6 59 0.6883216305726065
6 60 1.4541320141589376
6 61 1.3577119092091146
6 62 1.3096472672489816
6 63 1.3294247648442248
6 64 1.2578535316704844
6 65 1.390639204714755
6 66 1.2213597420254012
6 67 1.5773907864722803
6 68 1.2411070660644787
6 69 1.3527696276923749
6 70 1.2551122083244406
6 71 1.269703645057239
6 72 1.2181993314007944
6 73 1.2241907267114378
6 74 1.45330135669637
6 75 1.275457140914529
6 76 1.3365963468575388
6 77 1.304967399989318
6 78 1.2436819329560453
6 79 1.0540377437614914
6 80 1.1357732842533452
6 81 0.6481182207999376
6 82 1.244721279622798
6 83 1.1984941941595613
6 84 1.4277459039527698
6 85 1.0485795674654788
6 86 1.2666231950682612
6 87 1.450133424866003
6 88 1.246608037054551
6 89 1.336869971129537
7 8 1.4922024276947279
7 9 1.3726350893180228
7 10 1.4929006580601356
7 11 1.3285054764006206
7 12 1.5170577460044536
7 13 1.2867442963231612
7 14 1.417648449916712
7 15 1.468555189748162
7 16 1.4860529297432374
7 17 1.3865174906888236
7 18 1.3999183630712897
7 19 1.3856693337549746
7 20 1.2524408029265521
7 21 1.3739003195137107
7 22 1.3139744688557846
7 23 1.3301418486595882
7 24 1.2521137921645487
7 25 1.3674797135094507
7 26 1.268557220094515
7 27 1.4058710166036807
7 28 1.4796273867185812
7 29 1.4779440453414756
7 30 1.3839035318404327
7 31 1.3868368100298518
7 32 1.382609388384165
7 33 1.3282187993875334
7 34 1.3739877731044403
7 35 1.2527646988004815
7 36 1.3791976294534112
7 37 1.4575082514928577
7 38 1.4965743992705325
7 39 1.151161066219646
7 40 1.3428608503861503
7 41 1.4770190534562828
7 42 1.3804773664831138
7 43 1.3718600842338815
7 44 1.2890616920457685
7 45 1.307286179596077
7 46 1.1642100694830864
7 47 1.411998908550896
7 48 1.3478654880435017
7 49 1.3197951794986003
7 50 1.4514614703431428
7 51 1.450401592922015
7 52 1.3634385320384486
7 53 1.3390636086437875
7 54 1.3678229170396243
7 55 1.3785893351901954
7 56 1.3162273210032844
7 57 1.4221869634717288
7 58 1.447124871847365
7 59 1.4169088341635723
7 60 1.3996445771945931
7 61 1.2941305854977363
7 62 1.4189845572357698
7 63 1.1523700179704333
7 64 1.3233259139588935
7 65 1.322869180417472
7 66 1.3604744793387213
7 67 1.4054789140353412
7 68 1.353224221265078
7 69 1.261227716431626
7 70 1.3329361096699153
7 71 1.3719363371524287
7 72 1.5707727432376657
7 73 1.358903524021555
7 74 1.212944923293646
7 75 1.3765166298439229
7 76 1.4659909879497686
7 77 1.413503330658115
7 78 1.5280280452518051
7 79 1.5108434133255777
7 80 1.449127479013582
7 81 1.4251511984259195
7 82 1.3014436079060818
7 83 1.2187851561322518
7 84 1.3638534442092431
7 85 1.3149734624568596
7 86 1.4803538697504042
7 87 1.3730457246062802
7 88 1.4332168140937582
7 89 1.3624547752836274
8 9 1.2935593161142849
8 10 1.1824427220834555
8 11 1.1773294447831044
8 12 1.121235476433122
8 13 1.4173405526669258
8 14 1.293617841039503
8 15 1.3353471655440043
8 16 1.4402764464703175
8 17 1.455290344132488
8 18 1.4907076922510465
8 19 1.4253766839955755
8 20 1.3213856847876875
8 21 1.1084744477442734
8 22 1.1083471799638995
8 23 1.293692045392521
8 24 1.2718568399396815
8 25 1.1996908606713017
8 26 1.3927938587197015
8 27 1.2739511851630476
8 28 1.3631474104215935
8 29 1.1405249777645543
8 30 1.3735872000849016
8 31 1.454435182696521
8 32 1.2260816657268425
8 33 1.3255639175252043
8 34 1.301241072147258
8 35 1.4408434078742922
8 36 1.216722009041066
8 37 1.1778840527539258
8 38 1.2911163894357645
8 39 1.3657517846957472
8 40 1.3850272298951731
8 41 1.0939969345144442
8 42 1.3928355946952704
8 43 1.3409888211240624
8 44 1.4684014576712416
8 45 1.4399062051395006
8 46 1.3522812918389195
8 47 1.3333229157134128
8 48 1.32830761504345
8 49 1.1251020951695239
8 50 1.279165098644646
8 51 1.38627313690545
8 52 1.3632074377143306
8 53 1.1499420954605424
8 54 1.1798294250416212
8 55 1.366374415151451
8 56 1.1323516148340822
8 57 1.3620482341005846
8 58 1.317136436099184
8 59 1.1117145690381425
8 60 1.4166257114892404
8 61 1.4034951021223063
8 62 1.3216445996884922
8 63 1.3518970946180027
8 64 1.134742337237277
8 65 1.4623133439818545
8 66 1.338232128242905
8 67 1.4170101292282358
8 68 1.1950208553118589
8 69 1.368697191534136
8 70 1.3413159611420336
8 71 1.2918173689537973
8 72 1.319487189346069
8 73 1.1476605248383067
8 74 1.3593292423163774
8 75 1.204750210861965
8 76 1.3396234401050024
8 77 1.3377680784037962
8 78 1.2478807275670638
8 79 1.245527268219891
8 80 1.1698727807541525
8 81 1.1244375050793167
8 82 1.4336777657407824
8 83 1.255897684258996
8 84 1.299948990699779
8 85 1.1666823277762681
8 86 1.293579266923274
8 87 1.3349243867882121
8 88 1.203780679015549
8 89 1.2486860282853673
9 10 1.1946627410732118
9 11 1.3041857705576743
9 12 1.3447277879202986
9 13 1.3106867385642251
9 14 1.3604082507435267
9 15 1.419259695312611
9 16 1.2834927714046909
9 17 1.3747102428318616
9 18 1.4120178246928974
9 19 1.4582640529963427
9 20 1.3235720325217695
9 21 1.3021337110615039
9 22 1.3355618112606011
9 23 1.4100959088810254
9 24 1.2441618046121814
9 25 1.3634902096262749
9 26 1.3842668085704626
9 27 1.2117982962660245
9 28 1.426992035349971
9 29 1.16472505924759
9 30 1.4008750881833418
9 31 1.2993754068391752
9 32 1.2403138531347968
9 33 1.4257645401065135
9 34 1.374936060758681
9 35 1.3176087377824501
9 36 1.375763122528825
9 37 1.3698487129417034
9 38 1.3402798487324399
9 39 1.3513073461268361
9 40 1.2516970058322283
9 41 1.2679953605263532
9 42 1.331703501223625
9 43 1.3740003530240963
9 44 1.330541067364939
9 45 1.2847150614115521
9 46 1.27189095395382
9 47 1.314257007295078
9 48 1.3521245078530804
9 49 1.3773720426221923
9 50 1.3834426375883844
9 51 1.3047061668637012
9 52 1.4060850623010837
9 53 1.2866697484546472
9 54 1.3446343801650522
9 55 1.3118798442649149
9 56 1.3207313948999102
9 57 1.2485866733261417
9 58 1.417856323256512
9 59 1.292908507657686
9 60 1.3848530285530412
9 61 1.3874280004422805
9 62 1.344955693708988
9 63 1.3027723538583544
9 64 1.313971017989092
9 65 1.3414320616223943
9 66 1.2402815875285624
9 67 1.3415880641804816
9 68 1.336043694974457
9 69 1.2768032980718578
9 70 1.2567372910340047
9 71 1.3797486817860898
9 72 1.307332406582519
9 73 1.230265883427144
9 74 1.3206658408761538
9 75 1.285373063554384
9 76 1.353595455840939
9 77 1.402016051002267
9 78 1.1543046044038032
9 79 1.4007615858934785
9 80 1.3459453405655522
9 81 1.234160037380814
9 82 1.3134520201178197
9 83 1.2231961940221068
9 84 1.2641537666405982
9 85 1.3356522364968313
9 86 1.3312191154212634
9 87 1.3813812332809343
9 88 1.4036288693749799
9 89 1.4257341035388706
10 11 1.5532411513346325
10 12 1.1987363814380583
10 13 1.3959987029866396
10 14 1.3449408188471916
10 15 1.3089047497819148
10 16 1.3429618172677174
10 17 1.4403225848430377
10 18 1.3181285154899245
10 19 1.2538310741532868
10 20 1.3939336367771185
10 21 1.1029312094132215
10 22 1.2962769464616464
10 23 1.2316299384164864
10 24 1.2371688031018013
10 25 1.2530490005063293
10 26 1.2821893296554063
10 27 1.2628003382363022
10 28 1.3363638174526429
10 29 0.8689518731347193
10 30 1.397765244633969
10 31 1.3398171818268416
10 32 1.2757279987998646
10 33 1.311436018069416
10 34 1.2451950256995326
10 35 1.3362085299087747
10 36 1.140299857564159
10 37 1.1831548171587352
10 38 1.2079062673285526
10 39 1.3703415355213302
10 40 1.2641281661108204
10 41 1.1110155479148305
10 42 1.4718546938127723
10 43 1.3391636909322486
10 44 1.4489013948766367
10 45 1.3844869925550716
10 46 1.2757845749206587
10 47 1.2529237300638054
10 48 1.2596145105497012
10 49 1.231330069799781
10 50 1.366541403465965
10 51 1.217040236599408
10 52 1.33272835669879
10 53 1.3041856919435266
10 54 1.110963163737082
10 55 1.3519379516868562
10 56 1.183738055512437
10 57 1.1907180750127304
10 58 1.3660651889057593
10 59 1.1503701427218394
10 60 1.3059283988613577
10 61 1.3010170514131583
10 62 1.2510699457070416
10 63 1.3451687584920176
10 64 1.2898385251670668
10 65 1.362247488187556
10 66 1.2296595917978534
10 67 1.387219667369264
10 68 1.2949196467313286
10 69 1.2440747713851765
10 70 1.3185780423295408
10 71 1.358582074209745
10 72 1.1562387296293746
10 73 1.0373415223081386
10 74 1.3495327639559132
10 75 1.2649715391155618
10 76 1.1350998559516456
10 77 1.4491602921927895
10 78 1.1594317588285967
10 79 1.0494313361839482
10 80 1.1337915837816914
10 81 1.1265151412235808
10 82 1.300652800129468
10 83 1.1425373005585893
10 84 1.4570745883753629
10 85 1.229760544266354
10 86 1.2748455045618439
10 87 1.3391155872593836
10 88 1.2432021707837169
10 89 1.3852293064620487
11 12 1.417820474173509
11 13 1.2822596157021469
11 14 1.3495345284782407
11 15 1.3462280710127037
11 16 1.3643701434435058
11 17 1.3553321322483092
11 18 1.486639547913377
11 19 1.4984357076872148
11 20 1.2372941950950216
11 21 1.2845877959175585
11 22 1.1493666289156304
11 23 1.363548919136949
11 24 1.166834360566519
11 25 1.4190896434685747
11 26 1.4069205921228538
11 27 1.3416128494832291
11 28 1.439706642430115
11 29 1.3183406795546613
11 30 1.3678933788060914
11 31 1.3006551916017566
11 32 1.283958423603778
11 33 1.3431951198844228
11 34 1.3926821220046444
11 35 1.3338330756179417
11 36 1.3096379979195751
11 37 1.4198259314915838
11 38 1.2439264630556064
11 39 1.1826594251321256
11 40 1.2787723835520945
11 41 1.3753648808462497
11 42 1.2696439938747204
11 43 1.4031065669478793
11 44 1.2799944174676372
11 45 1.3032689127248003
11 46 1.3495524536575898
11 47 1.3620072294427075
11 48 1.287675552008138
11 49 1.2443123904412356
11 50 1.3620688583309275
11 51 1.4509038307773554
11 52 1.3629196269054618
11 53 1.2292663951771463
11 54 1.3182879550703408
11 55 1.290369656715215
11 56 1.4112876795035814
11 57 1.410815976498797
11 58 1.3820133514922142
11 59 1.3843228608351112
11 60 1.4320798941139004
11 61 1.3861968722812783
11 62 1.4280250916747064
11 63 1.27768275577732
11 64 1.1233938643378956
11 65 1.457479594811611
11 66 1.4093940744259006
11 67 1.3899021397623337
11 68 1.2326363449199116
11 69 1.2832762901160208
11 70 1.338235985518466
11 71 1.3021886499842312
11 72 1.3116818558383405
11 73 1.3332193474156293
11 74 1.3719269441017001
11 75 1.2389398811577177
11 76 1.4420375302916197
11 77 1.3707690528618948
11 78 1.3139683415928605
11 79 1.4516580025256092
11 80 1.3263110381461787
11 81 1.3830125335984482
11 82 1.2276062061227497
11 83 1.3052956352377583
11 84 1.1377436001980692
11 85 1.2814358334458733
11 86 1.3881378209966306
11 87 1.3806491550153805
11 88 1.2890748610126266
11 89 1.070519887538833
12 13 1.6609220978377983
12 14 1.2926000335284626
12 15 1.35456190760135
12 16 1.5621324523853761
12 17 1.6650083257488149
12 18 1.2692277550622046
12 19 1.3674830495610752
12 20 1.4773309079006012
12 21 0.9990603426880436
12 22 1.4421343639141924
12 23 1.3339374324931972
12 24 1.2731359494539312
12 25 1.1869691096291648
12 26 1.352557917309821
12 27 1.1531593989218596
12 28 1.4071692757365464
12 29 1.1845765437840405
12 30 1.2030666797498535
12 31 1.5977090042698727
12 32 1.3377245705997136
12 33 1.2061940697860787
12 34 1.287834716364546
12 35 1.5016316801921779
12 36 1.0776860649813627
12 37 0.5207348613113326
12 38 1.2184498301374425
12 39 1.4922014666155743
12 40 1.3955947040878156
12 41 0.6312115003460852
12 42 1.6029603210352095
12 43 1.284201543045168
12 44 1.5721218220473878
12 45 1.6975351326545804
12 46 1.4515381184445655
12 47 1.3702594099597698
12 48 1.3266199159654726
12 49 1.298920494491003
12 50 1.16142078420137
12 51 1.2203208055635402
12 52 1.2930041994260442
12 53 1.2841096932650768
12 54 1.0476260074478538
12 55 1.5528071995237285
12 56 0.8313434763825022
12 57 1.330000599240448
12 58 1.1968165229300662
12 59 0.5241753629806507
12 60 1.4830840773414076
12 61 1.41437992233839
12 62 1.2649347310099306
12 63 1.3997588752654087
12 64 1.3497182491415833
12 65 1.3304247690817255
12 66 1.1825179676033322
12 67 1.6381235746183245
12 68 1.1851646955720525
12 69 1.382870911799241
12 70 1.2386171395971286
12 71 1.312156576431029
12 72 1.278745055778905
12 73 1.266326431193601
12 74 1.498336780775645
12 75 1.3092066897741559
12 76 1.31853971347314
12 77 1.2781396480054499
12 78 1.270761569406949
12 79 1.0071787685260392
12 80 1.1059126156200778
12 81 0.540156243316123
12 82 1.2673161052702875
12 83 1.3384453810582553
12 84 1.4544650570289055
12 85 1.055507192066432
12 86 1.2981072914766398
12 87 1.4019197695217605
12 88 1.2174010131801598
12 89 1.3476598652987617
13 14 1.3659416730499747
13 15 1.498984764453232
13 16 0.8783777411881115
13 17 0.6335893323590305
13 18 1.549447350049957
13 19 1.5277351498260063
13 20 1.107170972025987
13 21 1.429744991023632
13 22 1.358671175447606
13 23 1.374471807449682
13 24 1.3279565524983932
13 25 1.4046576653845428
13 26 1.3896444394750203
13 27 1.4186426835583343
13 28 1.4885029584440959
13 29 1.4516980684766057
13 30 1.4357230693933507
13 31 0.6162802176920265
13 32 1.3695705158196954
13 33 1.3887840835539682
13 34 1.4542814833228153
13 35 1.3225039151133906
13 36 1.4763701779974752
13 37 1.6398068461957853
13 38 1.4383271387407848
13 39 1.2910226820152833
13 40 1.2211310454518
13 41 1.599303758932087
13 42 1.2120999304991646
13 43 1.502284419299279
13 44 0.7177212928323626
13 45 0.6915791813818892
13 46 1.218857396948819
13 47 1.3170881857380459
13 48 1.353695665470551
13 49 1.3650295786905917
13 50 1.4955088733811441
13 51 1.4356530934031446
13 52 1.4459750992663052
13 53 1.4496678609701972
13 54 1.4283126326048485
13 55 0.7587215348848589
13 56 1.5635334367709255
13 57 1.4088452616051925
13 58 1.4321884994333725
13 59 1.6241136598778831
13 60 1.1543436297452696
13 61 1.266209850823995
13 62 1.3856119854594433
13 63 1.2710329973460754
13 64 1.3991229825918732
13 65 1.409991701116121
13 66 1.3480055146051644
13 67 1.0515507932407033
13 68 1.3665945549852243
13 69 1.3484314085209301
13 70 1.2335809920374925
13 71 1.2780306563570722
13 72 1.3434747860291867
13 73 1.4276867561079236
13 74 1.2257434355607153
13 75 1.3448108577373068
13 76 1.4516637067284586
13 77 1.4896149031219696
13 78 1.486016348860399
13 79 1.5560829229837445
13 80 1.5201099405839393
13 81 1.5872623013970615
13 82 1.3912183640274607
13 83 1.3019791567226093
13 84 1.1628310095282892
13 85 1.4640709290259637
13 86 1.3748439925048197
13 87 1.3858599793803346
13 88 1.3621743388274636
13 89 1.3506131505567598
14 15 1.4836697390886866
14 16 1.263745052846361
14 17 1.4153933069781142
14 18 1.3737139297544312
14 19 1.4650116290607307
14 20 1.3809678746102139
14 21 1.2728696615939938
14 22 1.4404147065741144
14 23 1.3349089291462843
14 24 1.375758668556814
14 25 1.2855162952356685
14 26 1.4246047055074442
14 27 1.293871293492786
14 28 1.4997989016787616
14 29 1.3204837961950047
14 30 0.901298194744533
14 31 1.299577112765923
14 32 1.2310784179038186
14 33 1.3072219807505991
14 34 1.3368592946890094
14 35 1.0890400342377997
14 36 1.2699879900750317
14 37 1.2293912564031166
14 38 1.3005608783822156
14 39 1.5022659881613436
14 40 1.2917864581689735
14 41 1.2318289226077153
14 42 1.2870977702324682
14 43 1.268019398686798
14 44 1.3238818248161468
14 45 1.4022842227127656
14 46 1.5049256818482981
14 47 1.3075103771537897
14 48 1.3229053176608918
14 49 1.337396741284853
14 50 1.207775548343377
14 51 1.055118331512691
14 52 1.400791347621376
14 53 1.4101988257922367
14 54 1.3288915318849692
14 55 1.238554191970528
14 56 1.2955553897829633
14 57 0.9589929841487332
14 58 1.481532934645045
14 59 1.2478986643332854
14 60 1.2739604604492207
14 61 1.294159177718858
14 62 0.9823147301810696
14 63 1.3118077471804666
14 64 1.4191108551068223
14 65 1.3111151922746966
14 66 1.406928126429118
14 67 1.2945967776440082
14 68 1.3408250511541542
14 69 1.261595096951405
14 70 1.359172388963711
14 71 1.4028027869986208
14 72 1.3405027150334783
14 73 1.3416629363051484
14 74 1.3108329152013074
14 75 1.2923507632125413
14 76 1.4768447572130603
14 77 1.1253945337025315
14 78 1.414146343965467
14 79 1.2536452276919272
14 80 1.1772506333706603
14 81 1.255703272065294
14 82 1.451784960244376
14 83 1.3227164912061438
14 84 1.326859429640418
14 85 1.3121928987122664
14 86 1.2652211098615052
14 87 1.462073214342441
14 88 1.3335434331591498
14 89 1.4259525643776298
15 16 1.4409222173126153
15 17 1.5047002815709756
15 18 1.4272695559456334
15 19 1.4252107317244298
15 20 1.461652492822208
15 21 1.227612801852859
15 22 1.3364711454100402
15 23 1.3865655783539355
15 24 1.3972057184608841
15 25 1.3136487329950304
15 26 1.4117501416494072
15 27 1.3082633921464208
15 28 1.1531215395940446
15 29 1.2393542985676274
15 30 1.6055655379818807
15 31 1.4400417804115995
15 32 1.4035993373819247
15 33 1.3694955664310315
15 34 1.395098003157642
15 35 1.3894521008037974
15 36 1.2991405411490353
15 37 1.3167450587117935
15 38 1.3471287222965003
15 39 1.3203102057367742
15 40 1.454349062996958
15 41 1.314645338382243
15 42 1.4463017503172786
15 43 1.4293352548786185
15 44 1.497641599920358
15 45 1.4955499877258795
15 46 1.4394636672076313
15 47 1.4002502487804147
15 48 1.20242429412618
15 49 1.3390603651230388
15 50 1.4497194347403681
15 51 1.3569727870457455
15 52 1.379846701134744
15 53 1.3258748108852925
15 54 1.4032219364469245
15 55 1.5121537667063953
15 56 1.3449693044401436
15 57 1.4394012016346907
15 58 1.1806079469661548
15 59 1.319136024099461
15 60 1.4324374041348438
15 61 1.3518570422237852
15 62 1.4602171535722417
15 63 1.375186391568449
15 64 1.3496324545925473
15 65 1.5099781539687025
15 66 1.3435302544482637
15 67 1.3620047897402678
15 68 1.4930614680554097
15 69 1.3926929878458223
15 70 1.3761345126722984
15 71 1.2435972653036325
15 72 1.3126117751114994
15 73 1.2688961280781443
15 74 1.4279811902088457
15 75 1.3246539701132953
15 76 1.2984621361599642
15 77 1.481885870785089
15 78 1.2832217127425591
15 79 1.2677228821558983
15 80 1.3834036767641182
15 81 1.3426674693712692
15 82 1.2999314258708083
15 83 1.403324008059951
15 84 1.4226013665221255
15 85 1.2850252302440814
15 86 1.3123877832379227
15 87 1.4477030093259498
15 88 1.39276879540977
15 89 1.2956905155182274
16 17 0.7853426284591385
16 18 1.4969622573099974
16 19 1.4736418304860122
16 20 1.2434373312092968
16 21 1.3491694993411791
16 22 1.4031861923786402
16 23 1.4161576899891692
16 24 1.4818465873097364
16 25 1.417989212543079
16 26 1.5023173987745644
16 27 1.307573331630042
16 28 1.5389854295514174
16 29 1.379136815820376
16 30 1.4128139402544422
16 31 0.8784238652595244
16 32 1.3817281049575754
16 33 1.4807354928828866
16 34 1.4646719956454357
16 35 1.2961759740024816
16 36 1.3793346575089562
16 37 1.532649451628401
16 38 1.3558335565785837
16 39 1.4398189949960936
16 40 1.2086327543033402
16 41 1.4451699403553653
16 42 1.287999916120265
16 43 1.523586586406706
16 44 0.9962621224834577
16 45 1.0037631321086466
16 46 1.3262278813331905
16 47 1.3031686500861044
16 48 1.3093256637944735
16 49 1.4096160438142582
16 50 1.4302977064123932
16 51 1.4035378225323454
16 52 1.4045229933475434
16 53 1.4409318415408674
16 54 1.39757370311413
16 55 0.9329118393719043
16 56 1.5097847874016521
16 57 1.3699593854063234
16 58 1.4261607220197285
16 59 1.5484287450290066
16 60 1.2081985325397417
16 61 1.2853841656160285
16 62 1.3746611962873019
16 63 1.4399851778138293
16 64 1.3965226070056966
16 65 1.4478761612968114
16 66 1.3066198334637715
16 67 1.1602041435630037
16 68 1.3804554079302898
16 69 1.3598374946001697
16 70 1.2489879531845045
16 71 1.309777865344719
16 72 1.2657213193779324
16 73 1.4036278178537085
16 74 1.259755777416978
16 75 1.3464326655324708
16 76 1.4406722640926484
16 77 1.4753184598415403
16 78 1.345156014319051
16 79 1.475646713952852
16 80 1.401298162705741
16 81 1.5114984137766512
16 82 1.3465526696187864
16 83 1.3033865485937748
16 84 1.2290480100945882
16 85 1.4063621147476248
16 86 1.2691598860876554
16 87 1.4148043335552833
16 88 1.3952984180662056
16 89 1.4127930646731974
17 18 1.559470178381283
17 19 1.5494271979115193
17 20 1.0806333864413713
17 21 1.4731250907343225
17 22 1.4177656233591631
17 23 1.4214866814168607
17 24 1.458478215365324
17 25 1.4462859361451519
17 26 1.4504699084159813
17 27 1.4052612582049502
17 28 1.4850585942572576
17 29 1.5042237877715923
17 30 1.467771238361856
17 31 0.7096848960891539
17 32 1.4155197053468205
17 33 1.448384874325394
17 34 1.4533458861100104
17 35 1.3308817253187357
17 36 1.5283133663853723
17 37 1.6635334241859092
17 38 1.4522363350553704
17 39 1.3628016877728473
17 40 1.141036700210414
17 41 1.5656298608778112
17 42 1.2266333635987083
17 43 1.5345360246770583
17 44 0.8167823097431557
17 45 0.8844612039309495
17 46 1.215253752776322
17 47 1.301652232022878
17 48 1.35090004245145
17 49 1.4076409042032103
17 50 1.4854816422444086
17 51 1.4679258860357713
17 52 1.4992882483812133
17 53 1.490581770829951
17 54 1.449163869546361
17 55 0.841379233925011
17 56 1.57710283679654
17 57 1.3844295627175265
17 58 1.4542737414211988
17 59 1.6349171945705825
17 60 1.1587146282538852
17 61 1.3325449642788882
17 62 1.399783849498887
17 63 1.34421492383623
17 64 1.4312022909061208
17 65 1.4244938224330783
17 66 1.3434378244104197
17 67 1.0740595842734657
17 68 1.4543070502521793
17 69 1.4072351456140277
17 70 1.2596370267048924
17 71 1.3121053156662346
17 72 1.331021365842588
17 73 1.4371454868763052
17 74 1.2608598873706094
17 75 1.3535871573840865
17 76 1.477826871014826
17 77 1.4949896553881212
17 78 1.4874387678628986
17 79 1.591581737290458
17 80 1.5058230497900373
17 81 1.6245375949753598
17 82 1.4187078121794812
17 83 1.3322891634688536
17 84 1.1225828526739194
17 85 1.555431226265569
17 86 1.3168571207461983
17 87 1.4394064954644255
17 88 1.434135750829316
17 89 1.4284943936849455
18 19 1.2308930383109569
18 20 1.424389364882167
18 21 1.2376441429243477
18 22 1.4465425200079978
18 23 1.3343468009382402
18 24 1.4027657213611007
18 25 1.4082400332482117
18 26 1.0849960081259058
18 27 1.4098416801136686
18 28 1.4090578325519176
18 29 1.325647104075472
18 30 1.3017671298365832
18 31 1.503501873705691
18 32 1.3905894439589015
18 33 1.137654172188926
18 34 1.0954990993281375
18 35 1.3021754342677012
18 36 1.1946324224816833
18 37 1.253025318021047
18 38 1.3904469263776547
18 39 1.351237091328655
18 40 1.3364908728187044
18 41 1.2452006785634486
18 42 1.559695866509476
18 43 1.221439379707179
18 44 1.4561058473414545
18 45 1.5464637103554972
18 46 1.4303408079308126
18 47 1.322366184780028
18 48 1.2850851085507997
18 49 1.4718226802358123
18 50 1.3574995247889428
18 51 1.1846644999286673
18 52 1.0914207419225588
18 53 1.4588748208991225
18 54 1.2235412685612865
18 55 1.462233270463762
18 56 1.2556340623086235
18 57 1.294541788231999
18 58 1.2818227883516162
18 59 1.2233216223872776
18 60 1.3754427033459564
18 61 1.2711825508500942
18 62 1.226018123663408
18 63 1.3803490982705808
18 64 1.4629807224266844
18 65 1.2208948292817117
18 66 1.3320905640666636
18 67 1.4651791750752552
18 68 1.367789660763729
18 69 1.402873711906393
18 70 1.347374895230345
18 71 1.3809078509208181
18 72 1.3408359941917696
18 73 1.3244078363192755
18 74 1.4482412248990981
18 75 1.3826242912821902
18 76 1.3374167325977648
18 77 1.2855244304880769
18 78 1.3615658575252763
18 79 1.2484773965058762
18 80 1.3083518360989146
18 81 1.2715568210916919
18 82 1.3481408376580137
18 83 1.382994705285954
18 84 1.4105908584274878
18 85 1.2611050233345624
18 86 1.3132315468980924
18 87 1.2657787400271494
18 88 1.4049337637470585
18 89 1.4800593841798555
19 20 1.4155485157975944
19 21 1.300757705081916
19 22 1.295334622608282
19 23 1.370510078844665
19 24 1.3802149951397296
19 25 1.333472101769337
19 26 1.3193651408800284
19 27 1.405942176415455
19 28 1.3864948486167563
19 29 1.313542516838887
19 30 1.4138025480321756
19 31 1.5459201635989943
19 32 1.3798239138839339
19 33 1.3739331482244077
19 34 1.2628390054506826
19 35 1.3879125712624207
19 36 1.2172139046198485
19 37 1.3502129538494356
19 38 1.40068593515599
19 39 1.4160796297271443
19 40 1.369554965805234
19 41 1.3245312235196867
19 42 1.5529562348927068
19 43 1.328518157055314
19 44 1.5648759393192666
19 45 1.4969610044472148
19 46 1.3685450792869722
19 47 1.422455911287283
19 48 1.4225866786166446
19 49 1.4149507438490088
19 50 1.3927031961827065
19 51 1.4065283084868907
19 52 1.3395316968827515
19 53 1.3712733496849163
19 54 1.2782561427717438
19 55 1.5190920433634365
19 56 1.287905890552208
19 57 1.434365836173931
19 58 1.4119968726186187
19 59 1.320456986836153
19 60 1.455917030146904
19 61 1.334448900121169
19 62 1.3846384332677057
19 63 1.4286372128434814
19 64 1.335360407171031
19 65 1.364817889141997
19 66 1.367464987176334
19 67 1.418902292053593
19 68 1.387081891588978
19 69 1.3838814356626274
19 70 1.4364591959407198
19 71 1.3918306301328447
19 72 1.379165679518306
19 73 1.3474370485218126
19 74 1.500136798728124
19 75 1.4311629696852752
19 76 1.329155432199254
19 77 1.3843531881806757
19 78 1.3815277243925252
19 79 1.2626743239338996
19 80 1.3124522134580152
19 81 1.3711266087199747
19 82 1.4041041191311314
19 83 1.3266488378041865
19 84 1.4692316444338804
19 85 1.276194680290382
19 86 1.3317179420196315
19 87 1.3977393962201472
19 88 1.4033991886756427
19 89 1.5456178809177785
20 21 1.231461119346388
20 22 1.3251288875642964
20 23 1.2360035962010414
20 24 1.3091483728276163
20 25 1.3085909740432407
20 26 1.2701516693322168
20 27 1.5140860334819857
20 28 1.44906164127609
20 29 1.3890829048972693
20 30 1.3695927069736922
20 31 1.1454585198990541
20 32 1.3119821789635444
20 33 1.40438060650557
20 34 1.3283053351349805
20 35 1.214155349362671
20 36 1.2996374354374134
20 37 1.3567963261775686
20 38 1.394685220912824
20 39 1.3794674222492072
20 40 0.9424251538403214
20 41 1.3882315092213722
20 42 1.3214024290077822
20 43 1.4213834096930993
20 44 1.1980676952778084
20 45 1.2027114540129866
20 46 1.191025577603824
20 47 1.3624110137933374
20 48 1.3757366009683858
20 49 1.3752076722405664
20 50 1.4179405354342018
20 51 1.3455749984261816
20 52 1.373049247364592
20 53 1.3199790333976569
20 54 1.36839780309629
20 55 1.2405753891885885
20 56 1.3394796568849414
20 57 1.3727667905189864
20 58 1.4336356040054117
20 59 1.373518000617832
20 60 1.2456710184428454
20 61 1.3340266377871643
20 62 1.3566075853188773
20 63 1.3838077889732234
20 64 1.3349318654797686
20 65 1.3574648726435654
20 66 1.2789299868596
20 67 1.2722834487313812
20 68 1.39717110806962
20 69 1.2805877497470697
20 70 1.2527657408943438
20 71 1.3679994944462694
20 72 1.2604683596207045
20 73 1.3372111874811277
20 74 1.2243098032357813
20 75 1.3180068173456596
20 76 1.4053404167775918
20 77 1.4145900000341083
20 78 1.3293327696872645
20 79 1.410236253937369
20 80 1.3787367921888247
20 81 1.3722081704803708
20 82 1.3472849023759932
20 83 1.2313523189736684
20 84 1.2717476313424216
20 85 1.3826058625334878
20 86 1.2890225185535313
20 87 1.4120952942522123
20 88 1.3757656083193528
20 89 1.322494212610215
21 22 1.1043004654963913
21 23 1.2863748858509227
21 24 1.1510950408563143
21 25 1.0276981339945779
21 26 1.193340490615107
21 27 1.1565512307110395
21 28 1.3143632913270151
21 29 1.091413568881389
21 30 1.2691615749572622
21 31 1.365431933432574
21 32 1.2128129108904866
21 33 1.2248336136721765
21 34 1.2567513224991351
21 35 1.3168198456542974
21 36 0.7209513882254063
21 37 0.9415029416721745
21 38 1.2235805154765693
21 39 1.3476355361163377
21 40 1.1879378600680244
21 41 0.8599673568065085
21 42 1.4993595510182316
21 43 1.2606548601023597
21 44 1.4111980057362825
21 45 1.5112864429924486
21 46 1.2586183003921527
21 47 1.317073856581289
21 48 1.174314141870204
21 49 1.2005233925502374
21 50 1.1600990379170246
21 51 1.2349184482640245
21 52 1.2776625090938079
21 53 1.1541750943079172
21 54 0.9085365703067106
21 55 1.331574880327482
21 56 0.9865173102147753
21 57 1.2753120419065134
21 58 1.186300019331398
21 59 0.9103532351736326
21 60 1.3610038336713033
21 61 1.3083016563594512
21 62 1.2214512870758492
21 63 1.2497642132141427
21 64 1.1700009686667057
21 65 1.2803877556975363
21 66 1.128161636029286
21 67 1.4223146971817944
21 68 1.1899215616188872
21 69 1.2768672340807645
21 70 1.1056083232031118
21 71 1.2083742491956138
21 72 1.1380223256299498
21 73 1.1258341451681335
21 74 1.1989232770837714
21 75 1.2560590950588075
21 76 1.2960712635928826
21 77 1.3463963721425682
21 78 1.2020462090074118
21 79 1.0209684381094328
21 80 1.053816682074781
21 81 0.8854122461504904
21 82 1.2084112577844452
21 83 0.9487038510559089
21 84 1.3899646788021447
21 85 0.9815333277227305
21 86 1.2753512050910454
21 87 1.316481936965664
21 88 1.1960263326894964
21 89 1.2571880736502539
22 23 1.32861707296582
22 24 1.0865063263992267
22 25 1.3642301331644258
22 26 1.3557504682168158
22 27 1.3789011606117783
22 28 1.2135822018855316
22 29 1.0885921750264371
22 30 1.469153512110098
22 31 1.3835676744577134
22 32 1.2754400158321797
22 33 1.3730417323189257
22 34 1.4263392242021908
22 35 1.43157616790396
22 36 1.1556211465853092
22 37 1.3884998657172822
22 38 1.345736726888161
22 39 1.2241505493340248
22 40 1.328271570633648
22 41 1.3357144860534813
22 42 1.3549742991288658
22 43 1.450514469545308
22 44 1.3893685795072337
22 45 1.3070726115104554
22 46 1.3462004752717314
22 47 1.31633073103964
22 48 1.3122466433890971
22 49 1.1864410447510414
22 50 1.3941927861243626
22 51 1.5350315563645607
22 52 1.3849786102926573
22 53 1.133293482451796
22 54 1.1700187438877956
22 55 1.3551612144821776
22 56 1.3192788179364325
22 57 1.3827248273733055
22 58 1.3410697196414145
22 59 1.36793942476325
22 60 1.4990835578104325
22 61 1.433916800422003
22 62 1.4645498814127298
22 63 1.2690677331355864
22 64 0.8581839670632446
22 65 1.368353085428676
22 66 1.350084574235653
22 67 1.3878031346458288
22 68 1.3636247419635545
22 69 1.366104339181933
22 70 1.3503537636301326
22 71 1.3180320918825643
22 72 1.3397363952668548
22 73 1.189883770675842
22 74 1.25544551546698
22 75 1.2202850605694522
22 76 1.335175707469868
22 77 1.4529863424308824
22 78 1.3226998930607847
22 79 1.3498593384669118
22 80 1.2723872570980683
22 81 1.3248934794511247
22 82 1.3126810844662078
22 83 1.160735368561401
22 84 1.4520854865207653
22 85 1.306071348801266
22 86 1.4026843196205612
22 87 1.2807218843260573
22 88 1.2731014844313546
22 89 1.2772836893252204
23 24 1.285293186367393
23 25 1.2600145041358697
23 26 1.2260212635119623
23 27 1.4875288286775021
23 28 1.3368840432113023
23 29 1.2147432324345682
23 30 1.389783878356747
23 31 1.409969840578736
23 32 1.3055380495045341
23 33 1.3370871862342968
23 34 1.3299874372267169
23 35 1.165178616605333
23 36 1.2317367784239106
23 37 1.2696195562595012
23 38 1.349022038437933
23 39 1.2621280842862785
23 40 1.2412344174203434
23 41 1.2877799878016714
23 42 1.3611849135541825
23 43 1.2941436706442355
23 44 1.354589387892379
23 45 1.433217959746649
23 46 1.3100736029756475
23 47 1.2699138078942585
23 48 1.4497554166182247
23 49 1.3520030547292483
23 50 1.1295474648183126
23 51 1.2985736588636838
23 52 1.3560547128320286
23 53 1.2376620599444665
23 54 1.3186053963501854
23 55 1.4503052040325337
23 56 1.2368710829917915
23 57 1.3518724934716442
23 58 1.418127918418292
23 59 1.2814550655142642
23 60 1.2692729536889347
23 61 1.3549008760765162
23 62 1.3545502401349063
23 63 1.2748305603081644
23 64 1.3129090038079876
23 65 1.3131487501535135
23 66 1.397869046059848
23 67 1.3447084715891122
23 68 1.2880178974121592
23 69 1.3129942764768663
23 70 1.3318510741967189
23 71 1.4519458936880523
23 72 1.2925633653308624
23 73 1.119663581643304
23 74 1.336446169754198
23 75 1.3116594814409843
23 76 1.3412255042860046
23 77 1.4058782115700672
23 78 1.3718307315120366
23 79 1.1653517355337917
23 80 1.3411768599666176
23 81 1.2604167629478682
23 82 1.3106618688221223
23 83 1.2836293870020703
23 84 1.3546103069315374
23 85 1.2334857837604079
23 86 1.2462291247678678
23 87 1.4274484688911993
23 88 1.2868273039721947
23 89 1.297035542861637
24 25 1.3601641429012932
24 26 1.2383228229143803
24 27 1.3036663563431752
24 28 1.3621103029150656
24 29 1.151562548186576
24 30 1.3216285838033563
24 31 1.3997804015058821
24 32 1.365606340002386
24 33 1.3525854530463213
24 34 1.3558536953135472
24 35 1.3524168546333037
24 36 1.2057371667411731
24 37 1.2866160844238077
24 38 1.3300574591393401
24 39 1.2014879808262984
24 40 1.2107406872002282
24 41 1.2692454999866032
24 42 1.3263571333907507
24 43 1.3867251323415728
24 44 1.4077288117826363
24 45 1.3400802232814988
24 46 1.2572187505247965
24 47 1.35294071609359
24 48 1.3086296861974624
24 49 1.2327280252017403
24 50 1.3026391311710872
24 51 1.324371268645286
24 52 1.3713688635905819
24 53 1.1150843320489432
24 54 1.0694187982263121
24 55 1.3733251929746855
24 56 1.250355088613994
24 57 1.394367541702389
24 58 1.3322879564755417
24 59 1.23476943195995
24 60 1.406503632890603
24 61 1.4694488905552372
24 62 1.3544136080809557
24 63 1.039674408662713
24 64 1.1155765751923943
24 65 1.3441802801806253
24 66 1.2501941328790105
24 67 1.4431484519350968
24 68 1.2157518934611347
24 69 1.2549266862188533
24 70 1.3194222475384172
24 71 1.3417888249138972
24 72 1.2616787126013538
24 73 1.1790071670244506
24 74 1.2817523793618475
24 75 1.2936300947594224
24 76 1.3500896908027586
24 77 1.3381844692791347
24 78 1.3465467016939667
24 79 1.2526094702922559
24 80 1.2577567257842668
24 81 1.2136679194240514
24 82 1.2433926432951514
24 83 1.1302518619406106
24 84 1.3365623863362686
24 85 1.1291947449576727
24 86 1.4863700037615795
24 87 1.297617195003977
24 88 1.2716892413613603
24 89 1.1601129486508233
25 26 1.3959448155729408
25 27 1.2102858410341362
25 28 1.4154312140170795
25 29 1.2287398495231696
25 30 1.3212406678546185
25 31 1.3746486742213073
25 32 1.3037630288580684
25 33 1.3605058300102404
25 34 1.3928110602080002
25 35 1.235030758482963
25 36 1.1525781130065897
25 37 1.1948820307015753
25 38 1.3839784529245098
25 39 1.4450864988471153
25 40 1.265969624178539
25 41 1.0941335117482267
25 42 1.4326533060147748
25 43 1.3512889435514064
25 44 1.337320813807548
25 45 1.461454697309355
25 46 1.2285534093605948
25 47 1.3603857221628397
25 48 1.365333136990348
25 49 1.268560751145208
25 50 1.2402595444305222
25 51 1.2788793420294822
25 52 1.3588051669688046
25 53 1.318480300861169
25 54 1.1553406667009642
25 55 1.294373235344339
25 56 1.1719605547145844
25 57 1.2800730356698231
25 58 1.3521542820792947
25 59 1.1140520825215092
25 60 1.3504348112274451
25 61 1.4010829599979793
25 62 1.2364353355445836
25 63 1.225391448907818
25 64 1.4311534862532032
25 65 1.4225167547929616
25 66 1.2860431267170231
25 67 1.3914704428362579
25 68 1.371075099351823
25 69 1.2870411815750957
25 70 1.2789076039778142
25 71 1.3178004779794275
25 72 1.3533878192536395
25 73 1.2422396697615965
25 74 1.1719583105660736
25 75 1.301988707214976
25 76 1.4899214307103208
25 77 1.3429638437452296
25 78 1.334269924826679
25 79 1.1078164286796364
25 80 1.1559207061206456
25 81 1.1519963243494724
25 82 1.3814550661957128
25 83 1.232213768884768
25 84 1.369858245185118
25 85 1.224823792672241
25 86 1.3527958454979423
25 87 1.358480106313533
25 88 1.3469691057793343
25 89 1.4383576896480932
26 27 1.361104762310203
26 28 1.30778744179451
26 29 1.3409904196422628
26 30 1.3513282633412664
26 31 1.413093760585055
26 32 1.4160325547451975
26 33 1.22605363309466
26 34 0.9906380141157997
26 35 1.3108897848812944
26 36 1.115944478787719
26 37 1.3323306335333422
26 38 1.3394331134346338
26 39 1.2713602261192187
26 40 1.2734621862302784
26 41 1.29975121538009
26 42 1.4603789440122519
26 43 1.0981807183237882
26 44 1.4058008595331455
26 45 1.4567064270762524
26 46 1.3335117171348438
26 47 1.2303172909377318
26 48 1.236609282046768
26 49 1.419846343892117
26 50 1.3405960746349306
26 51 1.3190103427409836
26 52 1.0768866076693273
26 53 1.2939756779747509
26 54 1.214586158149415
26 55 1.4305082454985192
26 56 1.293376139952399
26 57 1.3587717148373997
26 58 1.2511758010344871
26 59 1.2869849286113462
26 60 1.2880620649826224
26 61 1.2062548244327835
26 62 1.4185269836105359
26 63 1.2570013977402563
26 64 1.4147761855933714
26 65 1.0914486313007665
26 66 1.3927276586358237
26 67 1.4576429562225923
26 68 1.3227702012206604
26 69 1.3652110105075475
26 70 1.3456169882671603
26 71 1.405861338527503
26 72 1.3240786260246846
26 73 1.313764619200368
26 74 1.3954886289383335
26 75 1.340135369222019
26 76 1.3103873281849905
26 77 1.421436151998805
26 78 1.3411444703823732
26 79 1.2657693583638534
26 80 1.377318968194915
26 81 1.3198573026936236
26 82 1.331001401435592
26 83 1.2316088571182267
26 84 1.4002784389020289
26 85 1.2296706584127937
26 86 1.3322896624364682
26 87 1.2127930699580844
26 88 1.31896090396188
26 89 1.3156222331406102
27 28 1.4387218331851974
27 29 1.2971257266630596
27 30 1.3048301919542724
27 31 1.3695804246115544
27 32 1.4169537776189411
27 33 1.3449709715621023
27 34 1.365085329646748
27 35 1.3797693090379541
27 36 1.2385904599082336
27 37 1.229277526380279
27 38 1.3267755519133044
27 39 1.4022807859553847
27 40 1.3557430987602372
27 41 1.060922033289774
27 42 1.4791211190781408
27 43 1.285851353238388
27 44 1.3379090446455302
27 45 1.449234189383974
27 46 1.299802167106506
27 47 1.3358075234612123
27 48 1.2598925261820766
27 49 1.3491281760574678
27 50 1.222497045029802
27 51 1.319089654934402
27 52 1.3872356195863582
27 53 1.2920943435567596
27 54 1.1976944219552035
27 55 1.280686386544876
27 56 1.1890432253501568
27 57 1.2988564358038377
27 58 1.3415720429872764
27 59 1.1387796534499859
27 60 1.4655648477191416
27 61 1.3214702429789793
27 62 1.2777659545038484
27 63 1.2265109899931483
27 64 1.3002068837906438
27 65 1.3508017048397993
27 66 1.2025784014874692
27 67 1.4622256277752899
27 68 1.2308187860536146
27 69 1.3324596502772683
27 70 1.0737642117158532
27 71 1.2697281923590662
27 72 1.3143267259133258
27 73 1.240318248560625
27 74 1.3391899528229152
27 75 1.3330270562761364
27 76 1.3369428527937088
27 77 1.3612621664252338
27 78 1.3132283569407381
27 79 1.183018943436644
27 80 1.0654024435836664
27 81 1.1372444711035476
27 82 1.377464474199071
27 83 1.2902414113735112
27 84 1.3142404268191108
27 85 1.2376189707913374
27 86 1.2783079925928738
27 87 1.4286428410303778
27 88 1.2983048266207966
27 89 1.3489726609406922
28 29 1.3325134574016997
28 30 1.4594840666901767
28 31 1.4812957827550655
28 32 1.391923425001115
28 33 1.3901790867720392
28 34 1.417376125051324
28 35 1.4260163706167566
28 36 1.2517817593711682
28 37 1.393368476769254
28 38 1.3027839906795848
28 39 1.3508947315632682
28 40 1.3865183445588791
28 41 1.3416387425723493
28 42 1.3887990736945197
28 43 1.430443358941996
28 44 1.4681732965412824
28 45 1.5165979727975223
28 46 1.442986643587485
28 47 1.437452639301385
28 48 1.1972291466088505
28 49 1.3376754946471778
28 50 1.443357769328584
28 51 1.4266869967435527
28 52 1.5248313881399935
28 53 1.2182750589973885
28 54 1.3624621769263412
28 55 1.5313107819106255
28 56 1.3691000764509684
28 57 1.4448120811860592
28 58 1.26051088959343
28 59 1.3439321391715158
28 60 1.5108109546706865
28 61 1.3672625092613269
28 62 1.4665498776970531
28 63 1.4183713454370386
28 64 1.399553676559946
28 65 1.4294395778402704
28 66 1.362133584757564
28 67 1.3670352711963225
28 68 1.4294964638260144
28 69 1.3418391572455957
28 70 1.4092065235610365
28 71 1.2723437837415348
28 72 1.315598304003975
28 73 1.3553241179984092
28 74 1.378993676690842
28 75 1.3675463986324723
28 76 1.2795615455747356
28 77 1.4120256208361317
28 78 1.2501403392862842
28 79 1.3178187347360888
28 80 1.4292006219056532
28 81 1.3822771166023444
28 82 1.3511737024079364
28 83 1.3419564909916322
28 84 1.4368583953681369
28 85 1.363253546938401
28 86 1.3292430111290514
28 87 1.4968679261954536
28 88 1.4472459906757065
28 89 1.347416496775619
29 30 1.425006946192706
29 31 1.4019929355462462
29 32 1.2125009692313957
29 33 1.3593561173445765
29 34 1.2941189354053633
29 35 1.3530105011492082
29 36 1.067186397540157
29 37 1.1574400106470735
29 38 1.2350127992121358
29 39 1.3806948836906667
29 40 1.3273347626102217
29 41 1.035680281959944
29 42 1.4360196187832333
29 43 1.3921072249781064
29 44 1.4654051304589892
29 45 1.4555644975982909
29 46 1.2739774070454262
29 47 1.3531194362839962
29 48 1.2377972416319616
29 49 1.217344315513221
29 50 1.2703306787996138
29 51 1.3517931914301995
29 52 1.3078787416908435
29 53 1.273686595401801
29 54 1.1281052804800185
29 55 1.3685596336161114
29 56 1.1706901620286188
29 57 1.222490580344227
29 58 1.3390752487744193
29 59 1.1046901034047578
29 60 1.3667275401780496
29 61 1.346473719283884
29 62 1.334755266329179
29 63 1.2947596785884703
29 64 1.149620840656302
29 65 1.4351865050750376
29 66 1.220960469625213
29 67 1.374258556677344
29 68 1.4050853089279138
29 69 1.2753305657595104
29 70 1.2855987202344488
29 71 1.4100395804637371
29 72 1.27198315454423
29 73 1.1076205554637142
29 74 1.3629628279427977
29 75 1.1909499927959266
29 76 1.3215875825574082
29 77 1.3132518024359194
29 78 1.0838151321918938
29 79 1.1073419625053094
29 80 1.1589246941779348
29 81 1.0708501356439275
29 82 1.1842588199604203
29 83 1.2158922349596055
29 84 1.4670494447047013
29 85 1.1938847720165424
29 86 1.2656462082207638
29 87 1.358739420318638
29 88 1.282356808721722
29 89 1.3770180492793522
30 31 1.4033773804369347
30 32 1.1602225410103628
30 33 1.302459172671843
30 34 1.314924678695428
30 35 1.1446582001660037
30 36 1.2838412044972718
30 37 1.2216211127561514
30 38 1.3233235865326303
30 39 1.4638046815061743
30 40 1.2440442966097818
30 41 1.230297422074123
30 42 1.2984141465733121
30 43 1.2849958456292514
30 44 1.3649692083895042
30 45 1.4665026802147025
30 46 1.4927099894919011
30 47 1.321008670591015
30 48 1.4087331438136044
30 49 1.3602503367505407
30 50 1.1939967884759322
30 51 1.0460877810612077
30 52 1.4378881739855365
30 53 1.465623051999724
30 54 1.2315161237413015
30 55 1.349305682238553
30 56 1.327003343283284
30 57 1.0097522178612368
30 58 1.411921066225435
30 59 1.2728254224567919
30 60 1.376202981373296
30 61 1.363338296084891
30 62 0.8853989124993739
30 63 1.394824282530459
30 64 1.491921045064412
30 65 1.3115397653496732
30 66 1.3760960008268464
30 67 1.3945771435729213
30 68 1.258224642682495
30 69 1.3046979799698675
30 70 1.3284764754696325
30 71 1.3247933514488992
30 72 1.3879563247161328
30 73 1.3475300276081337
30 74 1.347762015897529
30 75 1.4254651461627663
30 76 1.4717883485050962
30 77 1.115021178059382
30 78 1.367919769867315
30 79 1.2065158857606917
30 80 1.1527536183605043
30 81 1.2325009521647996
30 82 1.3873899209825273
30 83 1.3611215875430438
30 84 1.3393642147210794
30 85 1.3200506056046635
30 86 1.3256925823703252
30 87 1.3704997814396336
30 88 1.3188726236902222
30 89 1.4314125352652993
31 32 1.3254433273355581
31 33 1.4049020191976742
31 34 1.4301310400095966
31 35 1.2825852790370325
31 36 1.4473698144224756
31 37 1.5773518643994446
31 38 1.3878164297988058
31 39 1.3226005935234415
31 40 1.1918029264230878
31 41 1.5349952052451659
31 42 1.2446037661947404
31 43 1.508969414720893
31 44 0.7016213374235044
31 45 0.8161550160621615
31 46 1.1580297392048664
31 47 1.2684727677305476
31 48 1.296163656287746
31 49 1.395099377378893
31 50 1.4305741533327143
31 51 1.378874710728812
31 52 1.4277081212540725
31 53 1.4869178478417335
31 54 1.4020642496429743
31 55 0.6891797950995033
31 56 1.5605011296088938
31 57 1.3144434965961955
31 58 1.3894804824086167
31 59 1.5999136910690634
31 60 1.0690608378661057
31 61 1.2335962695959042
31 62 1.2970066399775166
31 63 1.27113799546769
31 64 1.4380927831271255
31 65 1.370812797754439
31 66 1.3285055682469342
31 67 1.120920182888276
31 68 1.427748073708476
31 69 1.3231544361879455
31 70 1.2202352175166562
31 71 1.2733595746979316
31 72 1.2519530119522728
31 73 1.401689265931264
31 74 1.2469225801162898
31 75 1.3745037867489018
31 76 1.4506889700367924
31 77 1.4381162046169371
31 78 1.4049639630529591
31 79 1.5070906934080963
31 80 1.4670534640245823
31 81 1.5561749506624931
31 82 1.370218836595964
31 83 1.236419476599319
31 84 1.1574129069197405
31 85 1.4864342302228182
31 86 1.3480041311613704
31 87 1.356793843074875
31 88 1.3657626441904624
31 89 1.3920758615400814
32 33 1.3353155363029032
32 34 1.3448324261565006
32 35 1.204509392482868
32 36 1.2930449243344215
32 37 1.3275549475374795
32 38 1.291507044643713
32 39 1.3104225647636893
32 40 1.3684385885981767
32 41 1.2315491930999605
32 42 1.3425254868251206
32 43 1.2760698828431905
32 44 1.411322938296389
32 45 1.4433038837946333
32 46 1.4521945204895903
32 47 1.3912814811339176
32 48 1.3800121463160493
32 49 1.3208346837616243
32 50 1.2488026128498482
32 51 1.2392013130713253
32 52 1.3619926555657946
32 53 1.4023065936485106
32 54 1.233951005794214
32 55 1.3370288835167303
32 56 1.3126946302616345
32 57 1.1711034995887548
32 58 1.4258901488637237
32 59 1.3354205903422507
32 60 1.3816718233165366
32 61 1.354796426353579
32 62 1.2609329952563266
32 63 1.3891406414045848
32 64 1.298675315366267
32 65 1.4187325571362912
32 66 1.4237685027120877
32 67 1.3315632697644084
32 68 1.326644770776769
32 69 1.3555761854353057
32 70 1.3752046406145626
32 71 1.3779048949942996
32 72 1.3741660790285484
32 73 1.2524569480620507
32 74 1.380111741813786
32 75 1.3087786554750755
32 76 1.3478974962106482
32 77 1.2100555120985979
32 78 1.2504945200272146
32 79 1.294901269983635
32 80 1.2661131863657042
32 81 1.2817721202967909
32 82 1.3507279180241887
32 83 1.2758893207519733
32 84 1.3515875697582738
32 85 1.2638342426592437
32 86 1.2933092204887737
32 87 1.3938077181873216
32 88 1.3280626255145598
32 89 1.4093184935124012
33 34 1.191897265686472
33 35 1.396776415669919
33 36 1.1524278638387855
33 37 1.2005262207210061
33 38 1.3122680745584423
33 39 1.280761996026421
33 40 1.3856887952361503
33 41 1.2123391607944332
33 42 1.5068053478071881
33 43 1.1920375904182159
33 44 1.3222664106164344
33 45 1.4255861609749636
33 46 1.4043742601954061
33 47 1.3211193603083735
33 48 1.215713516409777
33 49 1.3631552065310828
33 50 1.35992766463344
33 51 1.1945221947146145
33 52 1.1985361228690201
33 53 1.380011573089842
33 54 1.1894515522018527
33 55 1.3146665720064226
33 56 1.2165481591145386
33 57 1.2872883973509806
33 58 1.2845543523311165
33 59 1.1990544914698136
33 60 1.3421436917146519
33 61 1.2384082342288891
33 62 1.2447491651788578
33 63 1.2954291235490947
33 64 1.3019684423985258
33 65 1.105425661017806
33 66 1.3386023852273403
33 67 1.4213762055287404
33 68 1.2162027744886164
33 69 1.3583064207682494
33 70 1.3658184883243074
33 71 1.3359760052168572
33 72 1.3937614114766679
33 73 1.353804349063426
33 74 1.4189625792120937
33 75 1.3300679813096732
33 76 1.3338532718886955
33 77 1.3034684282348095
33 78 1.3778907394894966
33 79 1.2228223375808078
33 80 1.2874693311432952
33 81 1.2566982706544292
33 82 1.3875714598679159
33 83 1.3421210614561168
33 84 1.3179415449884557
33 85 1.1874674069921367
33 86 1.2225161501829631
33 87 1.2936073474704493
33 88 1.3239873830137765
33 89 1.351188906437714
34 35 1.3228606516283263
34 36 1.1540435470879833
34 37 1.2906912791076188
34 38 1.305363077155153
34 39 1.3838022377352655
34 40 1.3024258938418396
34 41 1.2333740609964956
34 42 1.491478472841403
34 43 1.0335102527878053
34 44 1.436323359294892
34 45 1.4740201711894207
34 46 1.3589076007589105
34 47 1.236531773584478
34 48 1.3018923761079584
34 49 1.4093764334047836
34 50 1.288752128876199
34 51 1.276055031655173
34 52 0.9742597485075066
34 53 1.3298838714345327
34 54 1.1816994776536416
34 55 1.358401646603288
34 56 1.2490457105770891
34 57 1.2814516274141237
34 58 1.3099911377946598
34 59 1.2533745339398623
34 60 1.3733749225940872
34 61 1.2379768886516418
34 62 1.2737071056420042
34 63 1.3147709339966034
34 64 1.4285963969533049
34 65 1.147216298020594
34 66 1.3940755869846486
34 67 1.3884075120260093
34 68 1.3695080479797124
34 69 1.447187716911976
34 70 1.4040826025799378
34 71 1.4789003175278777
34 72 1.4387152014114974
34 73 1.2520725560833563
34 74 1.4182348282803223
34 75 1.4314128963369839
34 76 1.402939143754253
34 77 1.2701085263854286
34 78 1.3478841082473147
34 79 1.2323403573337917
34 80 1.2713443740894204
34 81 1.3029175035226408
34 82 1.3741439808663325
34 83 1.288322014586415
34 84 1.3076592621932726
34 85 1.2209057770788436
34 86 1.2357642954381771
34 87 1.213080326127634
34 88 1.2522047672856849
34 89 1.4594058365325349
35 36 1.2922345298201734
35 37 1.427077084518852
35 38 1.382007774767488
35 39 1.331797401910404
35 40 1.1384740919623542
35 41 1.364553559434491
35 42 1.210902657270789
35 43 1.3368136431022712
35 44 1.286127058130801
35 45 1.3482659304781552
35 46 1.3185635185102667
35 47 1.3500350913337587
35 48 1.3116998785598666
35 49 1.420333954603614
35 50 1.340841554503808
35 51 1.228679527735931
35 52 1.3858936644199833
35 53 1.4005018392389916
35 54 1.376105745900927
35 55 1.3141783128423898
35 56 1.456889057006271
35 57 1.1802916898410214
35 58 1.3889750699909038
35 59 1.457113104483104
35 60 1.2632376565894001
35 61 1.2543757362793504
35 62 1.1592511647799493
35 63 1.2923144113519696
35 64 1.4392728464721232
35 65 1.3798780951540617
35 66 1.3682603396549766
35 67 1.2570936209590688
35 68 1.404615285635478
35 69 1.2372428225578864
35 70 1.3288141753821545
35 71 1.3312795621120925
35 72 1.3595368905234848
35 73 1.2905731477453706
35 74 1.1955510088779646
35 75 1.3228242496905882
35 76 1.398967462975237
35 77 1.2966600841092766
35 78 1.3889061365116515
35 79 1.3495880694856628
35 80 1.2740088223890809
35 81 1.4540976426707874
35 82 1.33276641275777
35 83 1.2578681974677357
35 84 1.2906694934310168
35 85 1.3874819670798793
35 86 1.213476173425565
35 87 1.4128491165060277
35 88 1.4525460287716856
35 89 1.341810041241827
36 37 0.9756781053427306
36 38 1.1275816799349114
36 39 1.373818138172838
36 40 1.1951674663425513
36 41 0.9221020549437975
36 42 1.4881794779598478
36 43 1.2152808869909217
36 44 1.478651980751352
36 45 1.5312798759579143
36 46 1.2869134451325988
36 47 1.2784443129951637
36 48 1.2093133296018874
36 49 1.3092693709180212
36 50 1.2076350215652905
36 51 1.244703538970878
36 52 1.2225001930592303
36 53 1.1460693769832646
36 54 1.012721494690309
36 55 1.3979229608202564
36 56 1.0217287231356345
36 57 1.3240648671746635
36 58 1.232309631908431
36 59 0.9554986983276708
36 60 1.395870220884709
36 61 1.2289073482207649
36 62 1.2789486947966926
36 63 1.302554663112847
36 64 1.2065286309628527
36 65 1.2203776649970455
36 66 1.2662461814493908
36 67 1.4636573754359183
36 68 1.2528596623568025
36 69 1.280276219509619
36 70 1.2726085317629756
36 71 1.2878495030028694
36 72 1.1637436711203675
36 73 1.1631603995399957
36 74 1.2794284976292212
36 75 1.2688117652860607
36 76 1.277031374459927
36 77 1.3543984046427007
36 78 1.1287601075335805
36 79 1.0431800972789889
36 80 1.1114093129228662
36 81 0.9568609126705044
36 82 1.2264469813319943
36 83 1.0397213094217128
36 84 1.395933025334444
36 85 0.9970049905978949
36 86 1.1716603248794872
36 87 1.3095125554921603
36 88 1.2306061903744687
36 89 1.2895592537083362
37 38 1.217608540252899
37 39 1.4428946618991452
37 40 1.366162604945174
37 41 0.6403972157995725
37 42 1.6235922496112078
37 43 1.2293159096220785
37 44 1.5424990689098903
37 45 1.690565372916875
37 46 1.4455610915406214
37 47 1.3487601621905063
37 48 1.295265399963868
37 49 1.3283944130849483
37 50 1.1499420839509054
37 51 1.184673836637269
37 52 1.271298516745433
37 53 1.2446030539937236
37 54 1.0750597950460576
37 55 1.5442027718785114
37 56 0.8138901124808707
37 57 1.3258324049297583
37 58 1.2944398530985073
37 59 0.5299855328029566
37 60 1.4656766729917519
37 61 1.3550515379320869
37 62 1.2326380791744327
37 63 1.4132751102712373
37 64 1.327681655760047
37 65 1.293831552796641
37 66 1.2104635565756972
37 67 1.6143662418630418
37 68 1.1914626709640013
37 69 1.3725309255490163
37 70 1.2476219844741636
37 71 1.3397458138356837
37 72 1.2435810972378214
37 73 1.2164901917270645
37 74 1.490467241234723
37 75 1.283043721258204
37 76 1.3007197163475586
37 77 1.3165384881945348
37 78 1.2354016881010006
37 79 1.016125008448126
37 80 1.1055011136094028
37 81 0.5268786829570854
37 82 1.2576178928098736
37 83 1.2687434972095255
37 84 1.468617642521677
37 85 1.0318170303431
37 86 1.279920443620317
37 87 1.401045156161547
37 88 1.195320026498608
37 89 1.3188511932716485
38 39 1.3902269645861751
38 40 1.2888408700281453
38 41 1.1951999896314334
38 42 1.4413887205750926
38 43 1.3424412266033707
38 44 1.4727778212593792
38 45 1.485536830340626
38 46 1.3451982250147594
38 47 1.235764663199017
38 48 1.2360337004568123
38 49 1.2986079300100035
38 50 1.2977943267392449
38 51 1.209325329295908
38 52 1.4208711932070908
38 53 1.2392596960994906
38 54 1.2512254141225894
38 55 1.4230095481194724
38 56 1.23716549014009
38 57 1.287430638503037
38 58 1.286172581690506
38 59 1.230596852237997
38 60 1.3815446053391156
38 61 1.301847759401202
38 62 1.2814524451871376
38 63 1.3550566879229928
38 64 1.2225868865461629
38 65 1.3350165378455428
38 66 1.309315300499151
38 67 1.414565398508009
38 68 1.2526831790130395
38 69 1.3185027006409746
38 70 1.4327454813911658
38 71 1.312932675097433
38 72 0.992608452451268
38 73 1.2172599022401747
38 74 1.3426681755761978
38 75 1.2865731088077783
38 76 1.2982974460715326
38 77 1.3814100945985537
38 78 1.2340264703724164
38 79 1.226744476843156
38 80 1.2574431364046128
38 81 1.1850981713497162
38 82 1.1987802181603706
38 83 1.1888286833535957
38 84 1.3447204076089436
38 85 1.244695638899888
38 86 1.2344213145088883
38 87 1.4599762243563583
38 88 1.2445837839569212
38 89 1.3207381084613703
39 40 1.3486825162043397
39 41 1.4672742579814835
39 42 1.3564025014100496
39 43 1.3843066959921195
39 44 1.24248528546173
39 45 1.2701233978969626
39 46 1.2636671507512638
39 47 1.3120883153963223
39 48 1.2616407058311365
39 49 1.289249821873065
39 50 1.372931617115129
39 51 1.4022935400717609
39 52 1.3470353495092597
39 53 1.292689085112719
39 54 1.2698105453018753
39 55 1.3080128483042417
39 56 1.3141383320926139
39 57 1.4360733645112103
39 58 1.3267972168989277
39 59 1.4358379933262264
39 60 1.3416687062141597
39 61 1.4041849659554881
39 62 1.4357757265022528
39 63 1.2483251162495523
39 64 1.1852605458303818
39 65 1.3459813688331612
39 66 1.374671505347555
39 67 1.3175888555388475
39 68 1.2711181815875696
39 69 1.3735407593091344
39 70 1.401767955105217
39 71 1.219762489642019
39 72 1.4357144935498616
39 73 1.269212234848162
39 74 1.3146384326611533
39 75 1.292159282914259
39 76 1.313691078451104
39 77 1.466144947625394
39 78 1.380074526059951
39 79 1.4817019764775505
39 80 1.4094242314183953
39 81 1.4546905181023615
39 82 1.28367455718109
39 83 1.2333435140805122
39 84 1.1656911913786911
39 85 1.2207688570688966
39 86 1.427673017398055
39 87 1.3536075667187468
39 88 1.362492327105305
39 89 1.2768346232707275
40 41 1.2897293047678433
40 42 1.2864748724686519
40 43 1.361034088194288
40 44 1.237880648679577
40 45 1.2361814094257277
40 46 1.1580227368482863
40 47 1.2484635094433791
40 48 1.3289225803732398
40 49 1.2786087496516496
40 50 1.3441505563466785
40 51 1.2757152030820202
40 52 1.352946762197993
40 53 1.3080999245210063
40 54 1.2572472412012492
40 55 1.2800289365950772
40 56 1.3222641071523153
40 57 1.3315939144659266
40 58 1.4445898743206298
40 59 1.3287443185741556
40 60 1.1688244827948493
40 61 1.3593967709277577
40 62 1.2809262557353587
40 63 1.2372598586246448
40 64 1.3551325259907738
40 65 1.2523032379861156
40 66 1.2573635254818618
40 67 1.3037981494732398
40 68 1.391133662062099
40 69 1.2593610530654678
40 70 1.2761898987484899
40 71 1.368012369397899
40 72 1.1401250214348013
40 73 1.2230239251959165
40 74 1.158033363268875
40 75 1.3052788012553869
40 76 1.3559605994320456
40 77 1.3879735310870744
40 78 1.3993253277596345
40 79 1.3147896090782407
40 80 1.2642745880179866
40 81 1.3321592794768315
40 82 1.1742972639184048
40 83 1.1438395317292518
40 84 1.2497952644741515
40 85 1.3651300904080386
40 86 1.1284628636492233
40 87 1.4334625841785409
40 88 1.3480154223969039
40 89 1.3707091701831569
41 42 1.6288834565285362
41 43 1.176082783585965
41 44 1.5267136036372078
41 45 1.65061261283404
41 46 1.3578004107902861
41 47 1.3046788136178802
41 48 1.2425798283861698
41 49 1.204689586548332
41 50 1.0874131541418293
41 51 1.2468888505624898
41 52 1.2336787724559264
41 53 1.2370598566085
41 54 0.9309396624356029
41 55 1.457796860662046
41 56 0.7668373098966438
41 57 1.26252682044062
41 58 1.244449662523436
41 59 0.5822664954887793
41 60 1.412575490011845
41 61 1.3136464774585865
41 62 1.233969137075431
41 63 1.3342821472223483
41 64 1.2847472141953704
41 65 1.2616902329832662
41 66 1.1655124423044554
41 67 1.5349815550981405
41 68 1.1669611626428358
41 69 1.3449095294822362
41 70 1.175699962475651
41 71 1.3121288339202553
41 72 1.2541088087550296
41 73 1.1613146001307486
41 74 1.34142377739629
41 75 1.206164180735527
41 76 1.351086747464382
41 77 1.2854644052253819
41 78 1.1599444091295745
41 79 0.9304794266162569
41 80 0.9540389283831205
41 81 0.5831039301925183
41 82 1.2713729346496667
41 83 1.1459193588210808
41 84 1.3976678072828543
41 85 1.025827532402441
41 86 1.2225814307060068
41 87 1.414387118146199
41 88 1.1350292495870649
41 89 1.3741322745182396
42 43 1.4363682304059524
42 44 1.2223932362561287
42 45 1.1960976640880643
42 46 1.401463689895448
42 47 1.3914261571853168
42 48 1.3821352446992008
42 49 1.4427244495229743
42 50 1.3981509163532666
42 51 1.470833760043389
42 52 1.607527297727128
42 53 1.4346787931518135
42 54 1.475011292192839
42 55 1.2778865536122825
42 56 1.6448219602437204
42 57 1.3820869913039178
42 58 1.3795156618216884
42 59 1.6415199845272017
42 60 1.3457014342989329
42 61 1.4204496070703365
42 62 1.3842025107527414
42 63 1.3536980370671734
42 64 1.4117115966425822
42 65 1.4736007765649053
42 66 1.4834408227156337
42 67 1.2546633742033313
42 68 1.3865335975773645
42 69 1.2885625475802194
42 70 1.4931882666304748
42 71 1.3021787339371242
42 72 1.4264559475128396
42 73 1.4116867563217805
42 74 1.2968225113564844
42 75 1.4175252856756901
42 76 1.4280302685605768
42 77 1.3439098742621103
42 78 1.4380334854043768
42 79 1.4789758622664562
42 80 1.5019601025136378
42 81 1.6316060838561466
42 82 1.4205711179195912
42 83 1.4564552961553394
42 84 1.264717012204006
42 85 1.471424581862931
42 86 1.3797913566280915
42 87 1.4152461103417093
42 88 1.4511226324588433
42 89 1.3490248842127215
43 44 1.4641465537694442
43 45 1.5202005191748882
43 46 1.4126722555741682
43 47 1.3024451571736042
43 48 1.3263870568053229
43 49 1.3745863335805708
43 50 1.2274203999032973
43 51 1.2675346931169014
43 52 1.1791841498294087
43 53 1.4182956726061915
43 54 1.164225463037256
43 55 1.4630152459208103
43 56 1.2413700504795724
43 57 1.3326843716418662
43 58 1.3635146653481311
43 59 1.2313602891081747
43 60 1.4018825288262764
43 61 1.2490970733085267
43 62 1.3070641929093516
43 63 1.2651467327443042
43 64 1.4744665984223033
43 65 1.0300295697981636
43 66 1.3558875740791332
43 67 1.4663106288152103
43 68 1.25517723918581
43 69 1.4451602863520283
43 70 1.350007783124852
43 71 1.4731759857262428
43 72 1.4591592111934684
43 73 1.3263508063459046
43 74 1.4412279100109293
43 75 1.5158062909169185
43 76 1.4705156698317403
43 77 1.2994307744542672
43 78 1.3807736755178428
43 79 1.1672055768492857
43 80 1.2257560477238312
43 81 1.2849169948188188
43 82 1.4557441764614403
43 83 1.276980478532125
43 84 1.2375292987994555
43 85 1.216364770297094
43 86 1.2272446512942632
43 87 1.2950990669193145
43 88 1.197213798384487
43 89 1.4801387614488786
44 45 0.9149106479775628
44 46 1.1560616459223219
44 47 1.3345235213603204
44 48 1.328942605192158
44 49 1.4021478317630893
44 50 1.405205439567472
44 51 1.3586113316195014
44 52 1.4505125947685857
44 53 1.44556857032511
44 54 1.3955675711037212
44 55 0.7741943884968671
44 56 1.5295417338829476
44 57 1.3438248952520715
44 58 1.4105103980062919
44 59 1.5669410149097496
44 60 1.1964517667220014
44 61 1.2933066640991422
44 62 1.3020222090434415
44 63 1.260097647310292
44 64 1.426259416583908
44 65 1.3137795647985808
44 66 1.337662351695316
44 67 1.1280115080865711
44 68 1.3947254351350664
44 69 1.3344479538690577
44 70 1.179826605309809
44 71 1.2617637020696904
44 72 1.4024517285636904
44 73 1.428944131820147
44 74 1.2248036077297757
44 75 1.3531300183187347
44 76 1.4840288947082627
44 77 1.3979481471446802
44 78 1.4721609028697031
44 79 1.4972357681760824
44 80 1.4728722226267856
44 81 1.5436026161008434
44 82 1.3714620827610176
44 83 1.3150867474267298
44 84 1.1571789213201842
44 85 1.4813636121729548
44 86 1.342902247563897
44 87 1.3780234737729915
44 88 1.3564720811334052
44 89 1.3759138445802659
45 46 1.2670826042867267
45 47 1.2742336472958966
45 48 1.327989565394207
45 49 1.37866956976308
45 50 1.5255908825263957
45 51 1.487529542532988
45 52 1.4350930094470482
45 53 1.4245492886346085
45 54 1.4733623107674523
45 55 0.9296016832534455
45 56 1.6242496109484794
45 57 1.4794176755270492
45 58 1.4707937894152898
45 59 1.6864589761427677
45 60 1.2465344851065088
45 61 1.3396725221477765
45 62 1.4322053457613708
45 63 1.3772010021198409
45 64 1.3488072851633233
45 65 1.3877122167735485
45 66 1.4124608583919915
45 67 1.1360127861303606
45 68 1.4062859607508105
45 69 1.3344468651654307
45 70 1.3518171115396722
45 71 1.2780471160138602
45 72 1.3809398316663488
45 73 1.4136476970995795
45 74 1.3197725867824919
45 75 1.4171819666368815
45 76 1.4155525359661458
45 77 1.5022693071566535
45 78 1.475649755087534
45 79 1.5562290825017948
45 80 1.5174815176021523
45 81 1.6484027080300845
45 82 1.3818857214862723
45 83 1.2969494376162976
45 84 1.2648762568014513
45 85 1.5312065612118753
45 86 1.4235150495683988
45 87 1.3482836861492513
45 88 1.3622348295440494
45 89 1.3100530827430554
46 47 1.282620868116507
46 48 1.4129590386135182
46 49 1.2827700200301582
46 50 1.349603272228307
46 51 1.4440643080123303
46 52 1.362611717998858
46 53 1.3689707665997344
46 54 1.2750473235919924
46 55 1.1739157671049547
46 56 1.337551727275139
46 57 1.4302762840434708
46 58 1.3684811737273024
46 59 1.4241298500121893
46 60 1.1685883833899964
46 61 1.282843851737035
46 62 1.3558241526808261
46 63 1.1403024264509962
46 64 1.325727064062139
46 65 1.3586997508690521
46 66 1.2283075735213127
46 67 1.2647193935169165
46 68 1.4012415362054018
46 69 1.1176640274521683
46 70 1.2145902991425843
46 71 1.376979791156413
46 72 1.3046981300259457
46 73 1.1464412548378562
46 74 1.0504891290449248
46 75 1.3779443158829134
46 76 1.4522688568271214
46 77 1.467476311530467
46 78 1.3559785757797884
46 79 1.3966985626483053
46 80 1.3162945033495188
46 81 1.410361411498711
46 82 1.1911592086345928
46 83 1.1761712481051991
46 84 1.2380997326376237
46 85 1.3380652093131264
46 86 1.2728053924573233
46 87 1.2993213207113785
46 88 1.3464884643037855
46 89 1.4330695007873486
47 48 1.375905037830601
47 49 1.405299621873044
47 50 1.2350954023682228
47 51 1.3214667952586454
47 52 1.3517668181131308
47 53 1.3647441278674939
47 54 1.2918783871009982
47 55 1.2676661073211972
47 56 1.3747156615040657
47 57 1.3145375082033015
47 58 1.3346775898116534
47 59 1.3437197978081068
47 60 1.2985255072304076
47 61 1.3209762399741112
47 62 1.2799641385884515
47 63 1.333147991003583
47 64 1.358994803332222
47 65 1.2173708657710018
47 66 1.3938496724673104
47 67 1.4023320954380025
47 68 1.3744904887089675
47 69 1.4459783781055
47 70 1.3737956172261474
47 71 1.3377008511082968
47 72 1.3111104736473371
47 73 1.0842090479861108
47 74 1.3335047821723398
47 75 1.3105407811581107
47 76 1.388912913214141
47 77 1.4902182980091765
47 78 1.3374022443513651
47 79 1.3304907048158436
47 80 1.3237894184790722
47 81 1.3562939808975814
47 82 1.3577266731154327
47 83 1.2485053187303448
47 84 1.3491718032417743
47 85 1.3128267192657725
47 86 1.353205011781855
47 87 1.2815780289916898
47 88 1.2240512487049908
47 89 1.3461650124210445
48 49 1.3489791136162992
48 50 1.4023867063249147
48 51 1.339408307319319
48 52 1.305827944297579
48 53 1.1839163605908565
48 54 1.2145361568114015
48 55 1.2987852427510242
48 56 1.2665097671309589
48 57 1.4134042026055424
48 58 1.1875632897106483
48 59 1.2347564237678121
48 60 1.381921625374429
48 61 1.1975532743177997
48 62 1.3102387570756857
48 63 1.3697886914624928
48 64 1.2344399494958824
48 65 1.424373813082106
48 66 1.300964698506453
48 67 1.4266933792174703
48 68 1.2960420918507967
48 69 1.3194075202541131
48 70 1.2963114090760584
48 71 1.1142477848806418
48 72 1.2329014330233863
48 73 1.303464736641116
48 74 1.3777606981324606
48 75 1.3199011441460804
48 76 1.1668408864485826
48 77 1.4116264367831626
48 78 1.1816048600223596
48 79 1.2787475410646465
48 80 1.3307197952670817
48 81 1.278320399216814
48 82 1.2490927046510114
48 83 1.2085401344953604
48 84 1.3880193690714275
48 85 1.2424970106445279
48 86 1.2182583028317406
48 87 1.3660913073715668
48 88 1.3935434390859114
48 89 1.159218694882197
49 50 1.4155574647222733
49 51 1.3400085925914627
49 52 1.3686541390182116
49 53 1.2193687883360065
49 54 1.1815131654417088
49 55 1.3634996967795496
49 56 1.1635822207771087
49 57 1.340335258790167
49 58 1.3496213752499604
49 59 1.2337662015578599
49 60 1.4101032257708084
49 61 1.3591822766423125
49 62 1.346175226114093
49 63 1.2735858765037003
49 64 1.1694485245845192
49 65 1.4394174332309433
49 66 1.2818690611354546
49 67 1.3495969021208258
49 68 1.1823882181693997
49 69 1.2781840751130484
49 70 1.3330047011707153
49 71 1.3094665627686646
49 72 1.3307331033143945
49 73 1.2540587727271015
49 74 1.1636949169470352
49 75 1.2812270303311732
49 76 1.6183155787465633
49 77 1.4085203250830667
49 78 1.4043165423879633
49 79 1.2324851463222983
49 80 1.2012035700803132
49 81 1.2793194487563175
49 82 1.3638288227914608
49 83 1.1723567315946224
49 84 1.2897257483158981
49 85 1.2351155999032282
49 86 1.3431954184833483
49 87 1.3715090641866592
49 88 1.2362650037031622
49 89 1.5009250721112644
50 51 1.3311673317336246
50 52 1.438911573404184
50 53 1.3015509217972387
50 54 1.162889221214731
50 55 1.4074011645246713
50 56 1.1523627813445092
50 57 1.3198309751380677
50 58 1.4633456811020755
50 59 1.1939346950454155
50 60 1.333444871677939
50 61 1.408011344238183
50 62 1.2906864603768604
50 63 1.3073611344360239
50 64 1.3564173547182177
50 65 1.339245161985388
50 66 1.4139719671314224
50 67 1.4470068722002096
50 68 1.1933989015793602
50 69 1.3634568571824393
50 70 1.290345272492049
50 71 1.4845738254193208
50 72 1.3258764434769696
50 73 1.1563448625186843
50 74 1.3512401806815446
50 75 1.4083376852070317
50 76 1.4758154704857394
50 77 1.2610345398790406
50 78 1.3601039502871362
50 79 1.1722914195921634
50 80 1.1814967887379622
50 81 1.1485432215239437
50 82 1.3431621222883712
50 83 1.3379763602135946
50 84 1.376151119198058
50 85 1.1740825796531367
50 86 1.2762052552198784
50 87 1.4049714204752752
50 88 1.0928123091829884
50 89 1.350943530801203
51 52 1.3233685556853605
51 53 1.3860501384872834
51 54 1.180376093721408
51 55 1.3404596345823234
51 56 1.2418103373687615
51 57 0.9671360979732314
51 58 1.3896146291881029
51 59 1.2294409680382103
51 60 1.3676574320643928
51 61 1.2928272332484039
51 62 0.8886625231941201
51 63 1.2942743387487075
51 64 1.4374338140523453
51 65 1.225386271098989
51 66 1.2630422347431784
51 67 1.4149837955230564
51 68 1.3519105623928132
51 69 1.2825725507692576
51 70 1.3698484857997864
51 71 1.3781538390672183
51 72 1.267409006882295
51 73 1.2968393546328898
51 74 1.4034934441259954
51 75 1.316031007355652
51 76 1.3017882859142833
51 77 1.2535522717355565
51 78 1.3061342699947878
51 79 1.088530388551393
51 80 1.167608955953715
51 81 1.2035126521919275
51 82 1.3884202070677094
51 83 1.3475285925517622
51 84 1.3233471571547017
51 85 1.2065498765102816
51 86 1.272247727375532
51 87 1.3564962090354693
51 88 1.3510999607127134
51 89 1.3610577244445914
52 53 1.4272325002944344
52 54 1.2315098795498574
52 55 1.362930432951944
52 56 1.2022979802465474
52 57 1.3742439230684396
52 58 1.3351613791386443
52 59 1.2429311501366804
52 60 1.2771934145609531
52 61 1.2346546476951055
52 62 1.3718753980937144
52 63 1.2549947679893398
52 64 1.4395931304641962
52 65 1.2448468711335692
52 66 1.3184991165901152
52 67 1.439877036897631
52 68 1.3794041962084294
52 69 1.410187813500929
52 70 1.2482399143421563
52 71 1.4936668138245122
52 72 1.3932553491437971
52 73 1.313226885185496
52 74 1.4173459170969847
52 75 1.338927329634696
52 76 1.4467132662363251
52 77 1.4070050098861528
52 78 1.3653503272010838
52 79 1.2856196465228222
52 80 1.2893389636038415
52 81 1.3016201601158424
52 82 1.346745135092462
52 83 1.3527070527056042
52 84 1.3349637696377035
52 85 1.2495896487870597
52 86 1.3563198594761228
52 87 1.230461750599787
52 88 1.3077828783564416
52 89 1.4263866436566415
53 54 1.1636904042132017
53 55 1.4819039593515062
53 56 1.2222412690147983
53 57 1.4636934314212466
53 58 1.310020540957167
53 59 1.1764251540947868
53 60 1.534967986716783
53 61 1.4185967270434965
53 62 1.4351876608906906
53 63 1.3371723417368606
53 64 0.9596206758075082
53 65 1.4210891978649194
53 66 1.3724943752574537
53 67 1.4825723716722385
53 68 1.1926845517253306
53 69 1.307980955068137
53 70 1.37452085564708
53 71 1.2537004025787142
53 72 1.2757286161952417
53 73 1.220283502264013
53 74 1.3443948232020122
53 75 1.3120055419641687
53 76 1.2242889393734235
53 77 1.3852588028472945
53 78 1.3126013547047468
53 79 1.291485631319467
53 80 1.2767612785900329
53 81 1.198873390539966
53 82 1.182349638794716
53 83 1.111783723148566
53 84 1.3564071740476553
53 85 1.1660013324809837
53 86 1.3403155225448897
53 87 1.3437985748452332
53 88 1.240904921347913
53 89 1.1224528404645011
54 55 1.313268909649948
54 56 1.0318622936718356
54 57 1.2261348619336734
54 58 1.2571435663418133
54 59 1.0376990747784567
54 60 1.4353786484273166
54 61 1.2523502188526239
54 62 1.2344606428323965
54 63 1.1432621671380858
54 64 1.1992647776033667
54 65 1.2389212605477675
54 66 1.1576819393813733
54 67 1.5355125897235844
54 68 1.1307509672350335
54 69 1.3416483463633988
54 70 1.2680593948803034
54 71 1.359764029205458
54 72 1.3084822528161781
54 73 1.148339673894534
54 74 1.2846327968513565
54 75 1.3345529574283506
54 76 1.3401406660434365
54 77 1.278034462040619
54 78 1.2649881254993989
54 79 0.9393739581806868
54 80 0.9565128813330793
54 81 1.01688324209378
54 82 1.2226277547799727
54 83 1.0936388652084867
54 84 1.3061449671280796
54 85 0.9542873422320032
54 86 1.2904066521199993
54 87 1.256495179599451
54 88 1.1105637459773696
54 89 1.3135061695866834
55 56 1.4764213047836703
55 57 1.2704170809527071
55 58 1.413978872841219
55 59 1.5239117292962996
55 60 1.1065877875753463
55 61 1.2183500095357747
55 62 1.2137295802235628
55 63 1.2510924536977326
55 64 1.3846181283668721
55 65 1.3668107323768706
55 66 1.3069093163213672
55 67 1.1689797664723878
55 68 1.3648792693369616
55 69 1.3219318945426253
55 70 1.2545616868550922
55 71 1.3409467008984222
55 72 1.323634492226437
55 73 1.3914274077819233
55 74 1.1874736814034639
55 75 1.3043666709822612
55 76 1.493944411060381
55 77 1.3869098908348172
55 78 1.3696866203987614
55 79 1.465057199596258
55 80 1.4199029109967176
55 81 1.4996686064895985
55 82 1.416899918584119
55 83 1.2600876071443419
55 84 1.1817386550382172
55 85 1.4269600790958838
55 86 1.3047927186988109
55 87 1.281739028407187
55 88 1.344284001440201
55 89 1.4004598380062914
56 57 1.3439008686549898
56 58 1.2983326851730355
56 59 0.7537441097342727
56 60 1.427965368500995
56 61 1.2761872700384826
56 62 1.3118289058786374
56 63 1.330445387333482
56 64 1.2390942797233198
56 65 1.2762582023752085
56 66 1.2296422392529667
56 67 1.5240070464923576
56 68 1.1340529495607805
56 69 1.3448387804943434
56 70 1.2603127108010348
56 71 1.359727455894269
56 72 1.2463444314404963
56 73 1.162242568914452
56 74 1.297398676605417
56 75 1.2206168002289532
56 76 1.3917700056047293
56 77 1.3138314467482988
56 78 1.2530663725580986
56 79 1.0449977338755962
56 80 1.133678924256319
56 81 0.7545776894452522
56 82 1.2755860566169617
56 83 1.183661510005338
56 84 1.4012610619157504
56 85 0.9754741585256811
56 86 1.2399435472110463
56 87 1.4299788010647747
56 88 1.2398129997308398
56 89 1.4369088763315923
57 58 1.4659948691527918
57 59 1.3091220610730605
57 60 1.3426072629705348
57 61 1.312483679666803
57 62 0.8834975167445602
57 63 1.2704850184752463
57 64 1.4408541844548985
57 65 1.303826017467103
57 66 1.3330663255121298
57 67 1.343289784665803
57 68 1.4496280612776256
57 69 1.2723710967660735
57 70 1.3151683766229796
57 71 1.4608501961212368
57 72 1.372047001640257
57 73 1.3404673507925504
57 74 1.2830324852424357
57 75 1.3197363693491895
57 76 1.4283416585084454
57 77 1.0961426466927717
57 78 1.3458573026037843
57 79 1.2528706795317683
57 80 1.081218461845709
57 81 1.3000258507123474
57 82 1.4085752032486538
57 83 1.298910657543359
57 84 1.3206248647657681
57 85 1.3843300345592349
57 86 1.3388197529158867
57 87 1.2988161783853494
57 88 1.4009473265251002
57 89 1.4857178825475028
58 59 1.2553853076808577
58 60 1.4552927887308087
58 61 1.2798369832883947
58 62 1.3623070467729956
58 63 1.4410453282897202
58 64 1.3232506307010623
58 65 1.384052366318218
58 66 1.2485528605602658
58 67 1.4627286280916294
58 68 1.3294556249008942
58 69 1.3983962076029943
58 70 1.274477335268732
58 71 0.9938828243062224
58 72 1.406685214407818
58 73 1.2731150032820666
58 74 1.3896812036498989
58 75 1.3225722209357824
58 76 1.2582590324769631
58 77 1.3792635904280504
58 78 1.3154742222125946
58 79 1.3128738729333769
58 80 1.327935909059721
58 81 1.2666855113717383
58 82 1.3015223876340294
58 83 1.3110428605347726
58 84 1.4062468659224816
58 85 1.2985784597022465
58 86 1.3628465267383416
58 87 1.3023664996584476
58 88 1.305719327784285
58 89 1.3026103992043612
59 60 1.447318642608746
59 61 1.3765168609888676
59 62 1.246426982334629
59 63 1.3243259911720946
59 64 1.2938978192827568
59 65 1.3274131905169002
59 66 1.1773637997164546
59 67 1.5907609639829947
59 68 1.197631488531774
59 69 1.335357383233182
59 70 1.1746176414146532
59 71 1.3136840093056428
59 72 1.2636316287554297
59 73 1.2399244047866884
59 74 1.4376862793353589
59 75 1.2504803561505875
59 76 1.315765571781394
59 77 1.290028411174297
59 78 1.2253829046722922
59 79 1.0470961282208178
59 80 1.1312697728491068
59 81 0.4826643580546527
59 82 1.2812882906923997
59 83 1.2031307926580452
59 84 1.4261853552671255
59 85 0.9807726179100543
59 86 1.302147395865282
59 87 1.389418498983033
59 88 1.2135105753112339
59 89 1.3242920759186618
60 61 1.2949770957116187
60 62 1.3403800976639035
60 63 1.3137659277089593
60 64 1.4463281044810286
60 65 1.2896501488981884
60 66 1.336225123574845
60 67 1.0735034093364793
60 68 1.4136451984958114
60 69 1.299153257781482
60 70 1.3531140719357995
60 71 1.3905840523627406
60 72 1.2664834129057132
60 73 1.3608877095891752
60 74 1.2769647621713263
60 75 1.414310685515401
60 76 1.4631826619247406
60 77 1.4638126945733663
60 78 1.4434221655578445
60 79 1.4158934867603068
60 80 1.419468953836106
60 81 1.4812168020209655
60 82 1.3484346812270271
60 83 1.2555253712828516
60 84 1.2796386598943108
60 85 1.3898586529054109
60 86 1.2618922030839188
60 87 1.4051288918605946
60 88 1.3901640914013358
60 89 1.4008565268334716
61 62 1.3306807256071886
61 63 1.4144866458549121
61 64 1.4483348595236267
61 65 1.328759157517217
61 66 1.2591294266503466
61 67 1.323452929714189
61 68 1.3370597852696329
61 69 1.3538688035239204
61 70 1.2796824657361312
61 71 1.3752302416403834
61 72 1.2701568268492234
61 73 1.254328272694981
61 74 1.3646548766838156
61 75 1.4292733368656256
61 76 1.3909530293520467
61 77 1.3283733877377446
61 78 1.275076903450552
61 79 1.2278946310956211
61 80 1.343236045266993
61 81 1.397895908654389
61 82 1.3496576724262084
61 83 1.300279931548778
61 84 1.3152915595397403
61 85 1.3034914535652675
61 86 1.1818795634852337
61 87 1.3884289699867622
61 88 1.2998821572998525
61 89 1.4480921481922295
62 63 1.272928240531816
62 64 1.471446426112455
62 65 1.2891527431993863
62 66 1.2851812091613382
62 67 1.3647590138672399
62 68 1.3859139559784046
62 69 1.2653626666309943
62 70 1.2879776861052663
62 71 1.2871766802818432
62 72 1.3247467510395943
62 73 1.2516998775450945
62 74 1.3150542891462638
62 75 1.2931123100200952
62 76 1.3733893774329007
62 77 1.18170773037297
62 78 1.3104012989115115
62 79 1.1994515004583008
62 80 1.1088023190720562
62 81 1.2652616956524771
62 82 1.379790053633095
62 83 1.2307698205060662
62 84 1.2873008489583941
62 85 1.33082754000634
62 86 1.3313119487141816
62 87 1.3577189237284313
62 88 1.3710810309265382
62 89 1.3956872269323495
63 64 1.3269101492583297
63 65 1.3146370042148066
63 66 1.208096385614679
63 67 1.4027713414697525
63 68 1.3390985715615566
63 69 1.2619023510670297
63 70 1.1995080190100966
63 71 1.4353735872020856
63 72 1.3900191505527837
63 73 1.290422621809611
63 74 1.137436755850207
63 75 1.3249257316704164
63 76 1.4754776280724597
63 77 1.3054465991090805
63 78 1.4504130464168288
63 79 1.3157468377791521
63 80 1.2779525730912737
63 81 1.3546712444378717
63 82 1.3727607187395527
63 83 1.2465707957238796
63 84 1.2377816069531837
63 85 1.2123334937419723
63 86 1.4146704635173284
63 87 1.3736255751481934
63 88 1.3602549914558475
63 89 1.375786580388218
64 65 1.4530445404139727
64 66 1.3440352604853143
64 67 1.4318327540023743
64 68 1.2757676478943738
64 69 1.3274617891605702
64 70 1.4382719210071184
64 71 1.2963368200844554
64 72 1.2983025133790866
64 73 1.172773345229346
64 74 1.3265191371079206
64 75 1.226327860809889
64 76 1.2365539176293308
64 77 1.4773787682796107
64 78 1.272431043853504
64 79 1.2863393305850408
64 80 1.270719405430887
64 81 1.2454478797159756
64 82 1.2169904569745595
64 83 1.150024340448031
64 84 1.4488878570235726
64 85 1.2275324570269686
64 86 1.2998101112388605
64 87 1.3684629022252501
64 88 1.266605611554265
64 89 1.191447995946421
65 66 1.373083286367047
65 67 1.4198141764700165
65 68 1.2783133493145113
65 69 1.380842344892229
65 70 1.4071190919904535
65 71 1.4129405711202785
65 72 1.4345568605538437
65 73 1.3731256836321508
65 74 1.3622344834102917
65 75 1.3667604898750692
65 76 1.4539603597419661
65 77 1.3567349771005226
65 78 1.4562297635417412
65 79 1.317257405682541
65 80 1.3368073291564393
65 81 1.3185417115539682
65 82 1.3874683074679428
65 83 1.2079617398461733
65 84 1.3590567429163154
65 85 1.2884432113121034
65 86 1.2947082605561218
65 87 1.352228517813433
65 88 1.3331971983364235
65 89 1.4869832258808184
66 67 1.43232295304482
66 68 1.2786522630485482
66 69 1.3262748580086183
66 70 0.9608504697044379
66 71 1.2028023196006161
66 72 1.2305333092493946
66 73 1.2539444236321304
66 74 1.226458552132128
66 75 1.4641717899089661
66 76 1.3514775348376176
66 77 1.4100384795184184
66 78 1.2777491933424403
66 79 1.2409641996986458
66 80 1.1933633618011783
66 81 1.182162532128092
66 82 1.3345110111511784
66 83 1.1894464323782041
66 84 1.3103013405026456
66 85 1.1947716172067364
66 86 1.3021034432568934
66 87 1.4924928358574492
66 88 1.3084797694212011
66 89 1.3838090466603188
67 68 1.4675739056176234
67 69 1.3022393093760571
67 70 1.3243618054751276
67 71 1.4175430780280636
67 72 1.3842024572166718
67 73 1.396418763208307
67 74 1.243469941875612
67 75 1.3567248245599404
67 76 1.514792953296885
67 77 1.4513897695297449
67 78 1.425672591421301
67 79 1.5154579403555126
67 80 1.4417251528445907
67 81 1.6035342432460866
67 82 1.44034409810429
67 83 1.3656437540612312
67 84 1.170938700976872
67 85 1.4878701094846576
67 86 1.3239063639704527
67 87 1.4742179420788244
67 88 1.4776426940547502
67 89 1.5203029128702654
68 69 1.2692448159560816
68 70 1.3109942846435183
68 71 1.310384787477534
68 72 1.2391309428918984
68 73 1.285633265961457
68 74 1.2951178735878444
68 75 1.4164405291158786
68 76 1.4093610096560703
68 77 1.3187905182362294
68 78 1.3279189787617116
68 79 1.2591548869829883
68 80 1.2754525088053772
68 81 1.1428202692755363
68 82 1.3295620385167213
68 83 1.2386728065033317
68 84 1.300362153459789
68 85 0.8194577789443913
68 86 1.3310310709186288
68 87 1.2980787391275463
68 88 1.1981779352962556
68 89 1.3164503980319142
69 70 1.2884421334536968
69 71 1.3507305156467946
69 72 1.3061550206514823
69 73 1.2922049675028155
69 74 1.2166923890572388
69 75 1.3987442509419519
69 76 1.411864597213364
69 77 1.3839419255938525
69 78 1.2074259525894748
69 79 1.3193687260073137
69 80 1.2988718292223815
69 81 1.3632344613236822
69 82 1.2713572026122208
69 83 1.282913360641608
69 84 1.3589203874764157
69 85 1.3429234991637553
69 86 1.3468493304264029
69 87 1.3116883178980068
69 88 1.3903187665524057
69 89 1.3145888869587268
70 71 1.1674219093180251
70 72 1.323381093658154
70 73 1.269931693421149
70 74 1.2548319923636373
70 75 1.4080085977275227
70 76 1.4488609744870653
70 77 1.4343815651828877
70 78 1.3539337086667815
70 79 1.3502924296784717
70 80 1.2971088960612964
70 81 1.2191569899294397
70 82 1.3641215354672007
70 83 1.2477657952057601
70 84 1.2946552675426277
70 85 1.2821561081264914
70 86 1.3576535127670333
70 87 1.4294415936538003
70 88 1.2379441785991647
70 89 1.35280873063749
71 72 1.3388480661548758
71 73 1.267553093956799
71 74 1.3117668295138656
71 75 1.3143516569893994
71 76 1.253172251291114
71 77 1.4555349266981954
71 78 1.3611102867112614
71 79 1.4250616393183007
71 80 1.411073516100888
71 81 1.3466680296155444
71 82 1.260519254770521
71 83 1.2298685703841852
71 84 1.3083565776770527
71 85 1.3314032113602263
71 86 1.3725057951538804
71 87 1.461254279839968
71 88 1.2960508296436342
71 89 1.2490913038289948
72 73 1.2158864909330893
72 74 1.382109010150406
72 75 1.3503177369158674
72 76 1.2314479925446835
72 77 1.4245818861505586
72 78 1.2469351905329025
72 79 1.2102595317691602
72 80 1.3266202287281246
72 81 1.217246435302238
72 82 1.1859558438405664
72 83 1.2142141112588423
72 84 1.3740754222188376
72 85 1.2166558816135182
72 86 1.2026938984610667
72 87 1.433512360078739
72 88 1.3263620845626294
72 89 1.2935649101088305
73 74 1.2685070034703632
73 75 1.2044734543403686
73 76 1.3317866553230315
73 77 1.340348957254353
73 78 1.2062761493240417
73 79 1.0931385001947607
73 80 1.1772387793004442
73 81 1.1808395939550547
73 82 1.2036542711121971
73 83 1.1445094287542033
73 84 1.30057987195873
73 85 1.2608250479427994
73 86 1.1809739574903155
73 87 1.4011899897815527
73 88 1.1495079107077775
73 89 1.3455046219289284
74 75 1.3523094801140154
74 76 1.5585896171382378
74 77 1.4229198339954914
74 78 1.3886295950292065
74 79 1.3770130857477214
74 80 1.3086047078674163
74 81 1.4013804455968328
74 82 1.3135727527876901
74 83 1.126066680607312
74 84 1.2961584686547265
74 85 1.297701658842781
74 86 1.332415698657859
74 87 1.4048002940284106
74 88 1.314806964579243
74 89 1.4632212850218815
75 76 1.2759866137336555
75 77 1.389272129696702
75 78 1.2757009105612847
75 79 1.3403997839701485
75 80 1.3033747735187973
75 81 1.2456057857471754
75 82 1.3275006656999442
75 83 1.303620948521375
75 84 1.3699162771073161
75 85 1.3836001300486438
75 86 1.3787117231570165
75 87 1.5251177865422774
75 88 1.41908862836648
75 89 1.2890913917828233
76 77 1.4964693123605877
76 78 1.211532550632617
76 79 1.3683277931766622
76 80 1.363501600111981
76 81 1.2730701830791804
76 82 1.2442970919437255
76 83 1.3408191536260312
76 84 1.5397935588085319
76 85 1.343184416723459
76 86 1.295059467911274
76 87 1.445260980004101
76 88 1.4189624663475802
76 89 0.9220312500167371
77 78 1.4029703832933875
77 79 1.2852764523791258
77 80 1.1888285155260516
77 81 1.3095058450208303
77 82 1.3994286134914726
77 83 1.4167693788241063
77 84 1.3542309850063217
77 85 1.275397197416535
77 86 1.3497536305125235
77 87 1.3997703821504444
77 88 1.3534987007905952
77 89 1.4980182380302753
78 79 1.2408402320529395
78 80 1.295194955980299
78 81 1.1700992684445184
78 82 1.2725308485070752
78 83 1.2438626367874335
78 84 1.4233616673128158
78 85 1.2724715339955484
78 86 1.2981661906932083
78 87 1.3567474140003555
78 88 1.3653968898283957
78 89 1.2670168645240167
79 80 0.9690683093219438
79 81 1.0390357678457873
79 82 1.3610127851947962
79 83 1.272400155081676
79 84 1.4660692582353754
79 85 1.1233252001445346
79 86 1.256174068593631
79 87 1.4180504413937514
79 88 1.2435343195885302
79 89 1.3984979378198454
80 81 1.124707173058117
80 82 1.361103073110214
80 83 1.251421111915637
80 84 1.388235498607925
80 85 1.207666756668529
80 86 1.271192732152472
80 87 1.4142437173777722
80 88 1.2151612975749102
80 89 1.3621160055147026
81 82 1.2135545558779077
81 83 1.2083851375581596
81 84 1.478107261272746
81 85 0.9772124397511748
81 86 1.2977169233917205
81 87 1.3944754404828763
81 88 1.1845260578115564
81 89 1.308932326164114
82 83 1.2504113964838202
82 84 1.412668011048694
82 85 1.2076821048211537
82 86 1.1983965741579699
82 87 1.3973249046095846
82 88 1.3481902915816542
82 89 1.2428552871478085
83 84 1.2358691429582718
83 85 1.1893503324616215
83 86 1.3202182059529048
83 87 1.35177002076183
83 88 1.1716776210770012
83 89 1.3087584720671295
84 85 1.3352615179461005
84 86 1.2616708303536914
84 87 1.3649657518397684
84 88 1.2735444915961636
84 89 1.4648339441177738
85 86 1.335680569181923
85 87 1.288672463289295
85 88 1.1900544405836706
85 89 1.3042265212370328
86 87 1.4336851692796542
86 88 1.332463474337105
86 89 1.3985988142880716
87 88 1.32091179852675
87 89 1.422626154477919
88 89 1.3673924567103108
