30 0
0 1 1.4138734128660462
0 2 1.4634530526855627
0 3 1.493802177856007
0 4 1.389543820588394
0 5 1.2835528892596022
0 6 1.3775034149863312
0 7 1.2799609822300089
0 8 1.3263191230766096
0 9 1.3857374713169304
0 10 1.347532791701881
0 11 1.3482938861151228
0 12 1.32477130082385
0 13 1.2495653468226102
0 14 1.296685014575275
0 15 1.4059577239293837
0 16 1.467174899806018
0 17 1.1783821475490883
0 18 1.2395856503647087
0 19 1.3464219520100118
0 20 1.3926039483785837
0 21 1.4504681018490424
0 22 1.3954721809798676
0 23 1.3884157391283665
0 24 1.2983934094941219
0 25 1.4796955078328509
0 26 1.4883442314529889
0 27 1.3038759342180137
0 28 1.4660428456468195
0 29 1.3742206219647954
1 2 1.1700449672130906
1 3 1.1881943612993184
1 4 1.3334208465034056
1 5 1.3426296384067893
1 6 1.3221445908738325
1 7 1.2672592294907554
1 8 1.1895877799490124
1 9 1.4354935662663952
1 10 1.2488945221053263
1 11 1.2705324890050056
1 12 1.2910884468772372
1 13 1.22842455341294
1 14 1.3153536443521798
1 15 1.2538059536746133
1 16 1.289365882372828
1 17 1.3540333531362503
1 18 1.2969647648124194
1 19 1.2760630446303012
1 20 1.308965907557762
1 21 1.2992863841967524
1 22 1.3226153498211162
1 23 1.3266166906298866
1 24 1.365099364169699
1 25 1.3675805128165281
1 26 1.2987594967642666
1 27 1.267708541277531
1 28 1.3726703161415896
1 29 1.3118031576499503
2 3 0.8892434414528708
2 4 1.4223432605126722
2 5 1.333944177043483
2 6 1.336661462762968
2 7 1.3383777084411972
2 8 1.2996992295451384
2 9 1.4931568956088748
2 10 1.269853276314589
2 11 1.2688424386614765
2 12 1.494777786063167
2 13 1.3873112225083262
2 14 1.3756631101439019
2 15 1.354804450765945
2 16 1.357435068103708
2 17 1.4047648264760562
2 18 1.5646427883987106
2 19 1.3872640607732405
2 20 1.4042845925260394
2 21 1.2935969540109968
2 22 1.3821471550128839
2 23 1.2395500371661625
2 24 1.309133450661437
2 25 1.2188097650517253
2 26 1.045751430871287
2 27 1.2615606593731277
2 28 1.3566818201437365
2 29 1.3857122057258502
3 4 1.417801339673684
3 5 1.2572015386463065
3 6 1.358691711645941
3 7 1.3532836234545411
3 8 1.1341658775280274
3 9 1.4093681939468858
3 10 1.126003856772648
3 11 1.335189651163454
3 12 1.3897931627139868
3 13 1.2324873304630748
3 14 1.3246588318061632
3 15 1.25996160477843
3 16 1.2846449045320696
3 17 1.367905358249812
3 18 1.4048711129677731
3 19 1.3963009946244953
3 20 1.4525911008884813
3 21 1.2488971503125388
3 22 1.3989200767361787
3 23 1.2811460488507915
3 24 1.2674442049908132
3 25 1.2950807700718885
3 26 1.1362156300477142
3 27 1.299369325226884
3 28 1.4014120059591038
3 29 1.2383614067843722
4 5 1.317784542129987
4 6 1.2841448619471214
4 7 1.041314018980685
4 8 1.1465482545674712
4 9 1.4042006466341257
4 10 1.2151797294126059
4 11 1.3405503501204206
4 12 1.2587263601142726
4 13 1.2137059459080966
4 14 1.2557304492684322
4 15 1.2407043350809834
4 16 1.1873072678030232
4 17 1.2082402893600317
4 18 1.2578356061900144
4 19 1.2758133767914703
4 20 1.3574587336422954
4 21 1.4057005027831722
4 22 1.2531519277059566
4 23 1.366608370804835
4 24 1.2594804792783003
4 25 1.479877541136567
4 26 1.3786278680945414
4 27 1.2122605810667768
4 28 1.2669793755300305
4 29 1.3792233457053773
5 6 1.4028104551950598
5 7 1.2545983059697463
5 8 1.2791295247509944
5 9 1.4279174925392748
5 10 1.1495098870675087
5 11 1.338439163288267
5 12 1.1880010703497743
5 13 1.1904376520209685
5 14 1.4992642146213246
5 15 1.399087975956319
5 16 1.3526727201396944
5 17 1.3859434140218632
5 18 1.281961048127158
5 19 1.3777425525345501
5 20 1.2576181388141086
5 21 1.3798595074459021
5 22 1.3176851658533273
5 23 1.1689272784050122
5 24 1.1961535297820594
5 25 1.3153572075840718
5 26 1.0235008800530987
5 27 1.3010905938032433
5 28 1.2646203372579645
5 29 1.1649165619476718
6 7 1.369155739375531
6 8 1.2710809916595738
6 9 1.4313384017267627
6 10 1.3180760276630359
6 11 1.3156798044995177
6 12 1.3456436012425925
6 13 1.3499837474719132
6 14 1.2609898358654583
6 15 1.3375806051619725
6 16 1.3309988959210977
6 17 1.337669595217192
6 18 1.4103740821474382
6 19 1.3258985144625783
6 20 1.3274945359147345
6 21 1.5180286453018985
6 22 1.3499041666537877
6 23 1.400668965945043
6 24 1.2935906596155828
6 25 1.3476795905505543
6 26 1.4104895039080314
6 27 1.3035296183600233
6 28 1.3416688012367572
6 29 1.386551836713235
7 8 1.046882170264268
7 9 1.266238563080475
7 10 1.1112727635620894
7 11 1.29359725138774
7 12 1.190649795436605
7 13 1.1628549975485223
7 14 1.3687945958068912
7 15 1.20447803343757
7 16 1.2724108529160365
7 17 1.1669023461900703
7 18 1.2401403610395987
7 19 1.2929755638912108
7 20 1.3222859861791918
7 21 1.2840931578985353
7 22 1.1489808860364794
7 23 1.320992284523451
7 24 1.1728277460002923
7 25 1.4162302440060803
7 26 1.274179368544899
7 27 1.1567773572253746
7 28 1.3160415877491056
7 29 1.3475300276081337
8 9 1.2527708559301172
8 10 0.8745498531212995
8 11 1.2557042736376995
8 12 1.0567851978488327
8 13 0.8971437768469969
8 14 1.2018570365552705
8 15 1.1785529695544836
8 16 1.2715898721230068
8 17 1.0705704733198054
8 18 1.0009320669638007
8 19 1.3318380109223757
8 20 1.3295254864057713
8 21 1.2547265345008505
8 22 1.1594869202650997
8 23 1.3604512289271793
8 24 1.1380664157385687
8 25 1.3404595455739519
8 26 1.309259801415857
8 27 1.0648868932863818
8 28 1.3272673093179868
8 29 1.315551595062226
9 10 1.2892699262957092
9 11 1.3228346336700345
9 12 1.3528510037956254
9 13 1.2977570570296826
9 14 1.4246219603192465
9 15 1.2809702078506446
9 16 1.4315962237722992
9 17 1.2455991951668883
9 18 1.294131258657801
9 19 1.4552589030769247
9 20 1.4898689909270957
9 21 1.4259119922157286
9 22 1.3484759764421947
9 23 1.4028064174698613
9 24 1.3652105302918118
9 25 1.4004596893176606
9 26 1.4696011351706655
9 27 1.2458281621878027
9 28 1.363894620906846
9 29 1.382056636297586
10 11 1.215221791807076
10 12 0.991111242273226
10 13 0.9013749832700246
10 14 1.2103238892346773
10 15 1.2582593179777535
10 16 1.336229876195581
10 17 1.2560186638989292
10 18 1.028166399115237
10 19 1.378487793838761
10 20 1.359755563069518
10 21 1.1496503203001764
10 22 1.1368576916914015
10 23 1.2949938599635322
10 24 1.173040534322206
10 25 1.2749910474040427
10 26 1.2764381165819643
10 27 1.1685926136143117
10 28 1.3003231384665477
10 29 1.2910432836014913
11 12 1.2468253021622975
11 13 1.208561907722797
11 14 1.272101281545492
11 15 1.297467465460035
11 16 1.305559769162898
11 17 1.2727182350318147
11 18 1.2064675926732646
11 19 1.3125130961020988
11 20 1.390587583845379
11 21 1.3349545662064861
11 22 1.2738894144392225
11 23 1.4624368129707717
11 24 1.3679602300934495
11 25 1.3334529895908067
11 26 1.3925848295849603
11 27 1.2579852327922567
11 28 1.2446444707106776
11 29 1.388497717234064
12 13 0.8158886170280826
12 14 1.2352506868774735
12 15 1.236489786556933
12 16 1.340006748525801
12 17 1.2153902974410165
12 18 0.9640366628351709
12 19 1.3615713991744467
12 20 1.3021648871163372
12 21 1.4039864264834951
12 22 1.1312985822825163
12 23 1.3264810263746483
12 24 1.309183672738446
12 25 1.384713255449607
12 26 1.469110052274638
12 27 1.227714702818448
12 28 1.3100674577031353
12 29 1.258218875456527
13 14 1.1497523170588748
13 15 1.2114152250668744
13 16 1.2636782327673313
13 17 1.1013382815581603
13 18 0.7082079692782768
13 19 1.378096592872681
13 20 1.3249567067270696
13 21 1.3647274482767282
13 22 1.2087054427505481
13 23 1.4369290990568027
13 24 1.1828487047501537
13 25 1.3459077603158611
13 26 1.4137704249604466
13 27 1.1651566439460197
13 28 1.2912592228273538
13 29 1.167313207118358
14 15 1.2269353642178282
14 16 1.2736810821883515
14 17 1.274242517081471
14 18 1.2335138619826809
14 19 1.3043537956343756
14 20 1.4343311339094893
14 21 1.3402142500849157
14 22 1.2255755248197036
14 23 1.5314177111936411
14 24 1.3440556946697835
14 25 1.3835782459257822
14 26 1.4842653449502603
14 27 1.260452871413706
14 28 1.4045932959970409
14 29 1.3737138975557484
15 16 1.3470083440654583
15 17 1.3612961919434319
15 18 1.2400637442894067
15 19 1.3248412451187561
15 20 1.375837929649304
15 21 1.4156350878441408
15 22 1.2302989900188293
15 23 1.413826477228101
15 24 1.3483652303724525
15 25 1.526220175731625
15 26 1.4047536764593682
15 27 1.2205376435499982
15 28 1.4637148725125384
15 29 1.4173159776653568
16 17 1.3018226442685712
16 18 1.2615184504300314
16 19 1.3715569479923577
16 20 1.4288283463644973
16 21 1.3677422506136425
16 22 1.3824379370790272
16 23 1.483763913030655
16 24 1.396649649068029
16 25 1.3535736011280644
16 26 1.4269935464629993
16 27 1.3843979907240216
16 28 1.3351052168750754
16 29 1.2518049569196337
17 18 1.1142910673508462
17 19 1.3934147883272603
17 20 1.3061692486720926
17 21 1.4145785408145826
17 22 1.2817368733836398
17 23 1.4867335413356457
17 24 1.259788676158626
17 25 1.4412366198023214
17 26 1.511776651258137
17 27 1.2352785278533005
17 28 1.2528025955414637
17 29 1.2968248122117645
18 19 1.3584070412312488
18 20 1.328848784088218
18 21 1.3046623237878066
18 22 1.1310328590958632
18 23 1.5191165488918303
18 24 1.2077559881017261
18 25 1.4160088404313207
18 26 1.479154636277197
18 27 1.2818355376680595
18 28 1.2855378134341036
18 29 1.174194385682889
19 20 1.3543432145730079
19 21 1.4418148526352506
19 22 1.3366303401364403
19 23 1.4404949257378499
19 24 1.3733073213641194
19 25 1.4293895608823208
19 26 1.4166829198510316
19 27 1.3160454411150455
19 28 1.330449234826915
19 29 1.590232198626419
20 21 1.4693861653297737
20 22 1.4043299836437513
20 23 1.4054938500652157
20 24 1.2896674066470097
20 25 1.3914792878669127
20 26 1.3546370686678855
20 27 1.3264429213779425
20 28 1.2424887899568196
20 29 1.3294027659085266
21 22 1.30920601125027
21 23 1.3588645245631645
21 24 1.459533111880487
21 25 1.368194194195838
21 26 1.2891683156577383
21 27 1.5043443373828278
21 28 1.4189184736161173
21 29 1.3991048072820647
22 23 1.4555069788222876
22 24 1.3023857466533937
22 25 1.3944874013660664
22 26 1.3829665377846443
22 27 1.2283012693805238
22 28 1.2915726346560619
22 29 1.4505170148129805
23 24 1.3194894860292523
23 25 1.2818350100725673
23 26 1.0056399376755816
23 27 1.3338816928759372
23 28 1.4285950784282075
23 29 1.3812507220614914
24 25 1.286273141642747
24 26 1.206746071226612
24 27 0.9810128933632855
24 28 1.3031694182991773
24 29 1.2876073635381422
25 26 1.25021755090907
25 27 1.2701188322577115
25 28 1.345757340078565
25 29 1.325132612945811
26 27 1.3109113827873868
26 28 1.3458260320163515
26 29 1.266710362315342
27 28 1.2917268904143233
27 29 1.3885364740446566
28 29 1.3282137079401712
