90 0
0 1 1.4147727653013935
0 2 1.3267464381278713
0 3 1.4070765739931226
0 4 1.1976946515683098
0 5 1.2266222506666864
0 6 1.395696621274857
0 7 1.229622600214628
0 8 1.234623113404202
0 9 1.305559769162898
0 10 1.3206984922530143
0 11 1.2707858738071027
0 12 1.3678782413088022
0 13 1.3150635232171144
0 14 1.4763326286317935
0 15 1.3538006738013044
0 16 1.3118307906853166
0 17 1.2674174075164204
0 18 1.219107684457264
0 19 1.354631712711356
0 20 1.2083207335731543
0 21 1.3868259480173684
0 22 1.3228346336700345
0 23 1.4306903011334642
0 24 1.3299548081224641
0 25 1.2658340610156829
0 26 1.3504064129435736
0 27 1.4621775926737162
0 28 1.3860253161390357
0 29 1.286569127891127
0 30 1.289854659586092
0 31 1.3525197036050844
0 32 1.2787794525492049
0 33 1.346225618116851
0 34 1.3677245909585554
0 35 1.3449376654445564
0 36 1.3458013741852857
0 37 1.3155083091164699
0 38 1.385643091373821
0 39 1.304700698536369
0 40 1.1852919351803508
0 41 1.2379760496867727
0 42 1.3219292276416603
0 43 1.2468253021622975
0 44 1.2516248245180177
0 45 1.2531653137011165
0 46 1.3334529895908067
0 47 1.3121847586041393
0 48 1.254460451095453
0 49 1.1827674040908283
0 50 1.3968078771822625
0 51 1.3000479394336977
0 52 1.3544502048785287
0 53 1.380486724335629
0 54 1.1869247458872305
0 55 1.30470134324199
0 56 1.4480776122263508
0 57 1.2419771043551333
0 58 1.3268519259461082
0 59 1.2546487420547643
0 60 1.2791133393347682
0 61 1.3322154385700653
0 62 1.3216297624364697
0 63 1.2932239384488815
0 64 1.2873606634417574
0 65 1.198234333034061
0 66 1.4423685792892436
0 67 1.3952549803146945
0 68 1.262546093115566
0 69 1.3860908356589305
0 70 1.3356250741351159
0 71 1.2871272828235745
0 72 1.2266985265796047
0 73 1.352125967835584
0 74 1.303944832883564
0 75 1.2597565128498294
0 76 1.4006904691793007
0 77 1.2954195376645834
0 78 1.3144050836199122
0 79 1.2785009716794253
0 80 1.2272016063976825
0 81 1.3015924912272543
0 82 1.1743623654357331
0 83 1.204731115491694
0 84 1.4714254483700027
0 85 1.2519668851122863
0 86 1.2960276762715508
0 87 1.2762708596408572
0 88 1.3542185310526316
0 89 1.194084309870741
1 2 1.564470493120354
1 3 1.4458867354946532
1 4 1.4392758182935121
1 5 1.4524223880056222
1 6 1.4115019370788928
1 7 1.3748594678353119
1 8 1.3277880561754625
1 9 1.406388439711385
1 10 1.475080292223303
1 11 1.4644370610455164
1 12 1.4614759114988811
1 13 1.4221493008678625
1 14 1.4041504367600852
1 15 1.4322053457613708
1 16 1.4605746964870179
1 17 1.1526672900796409
1 18 1.65061261283404
1 19 1.3100530827430554
1 20 1.4576973902496655
1 21 1.1186660339222632
1 22 1.4706633947904049
1 23 1.5293882833607082
1 24 1.2265624302237685
1 25 1.4884482668898922
1 26 1.485536830340626
1 27 1.4760457072290016
1 28 0.7169454374701392
1 29 1.2222730174909113
1 30 1.3726877083193827
1 31 1.3422216430293494
1 32 1.4733623107674523
1 33 1.2497075471387806
1 34 0.7718116699865857
1 35 1.398972622356317
1 36 1.4269390653309457
1 37 1.4900480073121365
1 38 1.3160227923541052
1 39 1.395625283488281
1 40 1.684980908306834
1 41 1.6414304333185645
1 42 1.41176113953008
1 43 1.6328163505411069
1 44 1.4589024297359616
1 45 1.3712003704836455
1 46 1.2820449646039014
1 47 1.4369768332338348
1 48 1.5277012574927478
1 49 1.6648592486346119
1 50 1.462311358386859
1 51 1.5086505436411748
1 52 0.8844612039309495
1 53 0.8161550160621615
1 54 1.3926997144266509
1 55 1.445009736801475
1 56 1.3396725221477765
1 57 1.467953290848964
1 58 1.4570003060146497
1 59 1.4791480312037566
1 60 1.3367015434259015
1 61 1.3070726115104554
1 62 1.4886861392352306
1 63 1.3755300321268007
1 64 1.5490930295770124
1 65 1.5312798759579143
1 66 1.4556477563367631
1 67 1.5081484552213587
1 68 1.4137760976823337
1 69 1.4687453884015695
1 70 1.362794447552834
1 71 1.4211279942147241
1 72 1.4021992512391162
1 73 1.4384279172872507
1 74 1.4062859607508105
1 75 1.4025180277856506
1 76 0.9672314783157734
1 77 1.5569502296935247
1 78 1.4124608583919915
1 79 0.853913527570459
1 80 1.5423222485484138
1 81 1.43625463917607
1 82 1.6589125073707987
1 83 1.4056655707918426
1 84 1.3482659304781552
1 85 1.421622793918205
1 86 1.3714363273774486
1 87 1.3468044012282325
1 88 1.446670107838825
1 89 1.4693962900886783
2 3 1.3037646014210655
2 4 1.1965750796756303
2 5 1.332419855025533
2 6 1.3135427071014625
2 7 1.3212579987953597
2 8 1.2739792747434475
2 9 1.2081231161051516
2 10 1.2980879600199167
2 11 1.1956676195759406
2 12 1.1260855077189296
2 13 1.2791497226794413
2 14 1.2882493559339008
2 15 1.2174570247859444
2 16 0.9230924251680875
2 17 1.3577899958154673
2 18 0.9545154407090644
2 19 1.4150991722145077
2 20 1.0535580329811425
2 21 1.483631338124564
2 22 1.327939213574066
2 23 1.3067067318095809
2 24 1.4099859780207435
2 25 1.0260826888205739
2 26 1.2397840061462877
2 27 1.1575774664043421
2 28 1.5052217339120195
2 29 1.398259270967264
2 30 1.262463584815794
2 31 1.2902852113198684
2 32 0.9430177430725838
2 33 1.3171688192569986
2 34 1.5075773602505766
2 35 1.2678551171500765
2 36 1.2560872426605005
2 37 1.1926812559943054
2 38 1.395118484119702
2 39 1.2169446915877837
2 40 1.0361172535535972
2 41 1.0843117392633765
2 42 1.2134240944751935
2 43 1.1172388003210436
2 44 1.3396308809402284
2 45 1.268924720038886
2 46 1.5110336605662893
2 47 1.2993280520911825
2 48 1.307865949830075
2 49 0.9220299375398815
2 50 1.0459978499745728
2 51 1.0855175532713006
2 52 1.537913278592965
2 53 1.4612229776843522
2 54 1.1747606211989816
2 55 1.2463235265133785
2 56 1.2546783162278146
2 57 1.149114441587367
2 58 1.2651098639141496
2 59 1.0953288475461627
2 60 1.2578033564484257
2 61 1.2913610851725512
2 62 1.2012753657792132
2 63 1.4144432301815921
2 64 1.1784421663516875
2 65 1.0726748227507081
2 66 1.1815457855175868
2 67 1.2824309453802138
2 68 1.3461646002004324
2 69 1.158402878525705
2 70 1.2388769962667885
2 71 1.2674582676277077
2 72 1.210377361934143
2 73 1.4230331404707748
2 74 1.3223646171479928
2 75 1.284105821098738
2 76 1.42740199724734
2 77 1.16633618561477
2 78 1.2354616393028774
2 79 1.4924743709414001
2 80 1.0399493729080742
2 81 1.2060886890426612
2 82 1.0410477300212229
2 83 1.1882720200582957
2 84 1.3329606591735284
2 85 1.2372939687423041
2 86 1.367668149171127
2 87 1.3592899506961775
2 88 1.2959670095957476
2 89 1.0018050878274412
3 4 1.3205761182156313
3 5 1.3397034512809516
3 6 1.4019535171458242
3 7 1.3036412191735773
3 8 1.3065203153917033
3 9 1.1786026979198865
3 10 1.1231520807945976
3 11 1.377278243815299
3 12 1.4032162697939266
3 13 1.50044871021301
3 14 1.4467745214307717
3 15 1.3499994766589083
3 16 1.367367162835779
3 17 1.3537736856046654
3 18 1.3451257892213275
3 19 1.2825390206989093
3 20 1.3075395585057088
3 21 1.3801820158647846
3 22 1.3894530174313746
3 23 1.37371486295443
3 24 1.326748524786817
3 25 1.3508968581015321
3 26 1.35863046271336
3 27 1.4076144217331543
3 28 1.4301593986497008
3 29 1.33961878518989
3 30 1.3573430797931918
3 31 1.2881664351441855
3 32 1.302294175550485
3 33 1.3054610526411083
3 34 1.432545847285522
3 35 1.3303958448877053
3 36 1.2173325182702917
3 37 1.3229033056189474
3 38 1.3869242511448718
3 39 1.2273815351844326
3 40 1.3673599756105121
3 41 1.3204866189012372
3 42 1.3935298170202777
3 43 1.3201042768182023
3 44 1.3324235731438592
3 45 1.4047318857645414
3 46 1.3274839532123792
3 47 1.3302086256239583
3 48 1.2465385377388034
3 49 1.323096797963453
3 50 1.320063099466047
3 51 1.269985136405973
3 52 1.4433436669646051
3 53 1.3922468852753966
3 54 1.3346721938990962
3 55 1.4304426445953362
3 56 1.3023489303017475
3 57 1.2398127627749456
3 58 1.2298126162867522
3 59 1.2475569690232502
3 60 1.3905129601450321
3 61 1.3794816778664851
3 62 1.3626600748831028
3 63 1.46807221637722
3 64 1.269827611096431
3 65 1.2875782878323525
3 66 1.4349368184037066
3 67 1.401465096380684
3 68 1.409560535701488
3 69 1.3845339776958008
3 70 1.3216761098557779
3 71 1.3334469003557032
3 72 1.3455214321442037
3 73 1.3145186753246745
3 74 1.328866354101079
3 75 1.375652788489283
3 76 1.352356574201737
3 77 1.2377872299820682
3 78 1.397725021032382
3 79 1.389908918136722
3 80 1.3590005077783256
3 81 1.2773384521199733
3 82 1.335022014205588
3 83 1.3390615044076148
3 84 1.3542186735178792
3 85 1.3277098370457157
3 86 1.3287343242056666
3 87 1.35066745775289
3 88 1.321529603191349
3 89 1.3724260372948847
4 5 1.3114176099008377
4 6 1.2569017406408793
4 7 1.246780526954907
4 8 1.209492553046713
4 9 1.406945019199495
4 10 1.214905212466637
4 11 1.1853930808171713
4 12 1.304078513224376
4 13 1.2486119360955201
4 14 1.4602435020873423
4 15 1.3992344326521393
4 16 1.1128137459170082
4 17 1.2839952400507857
4 18 1.1711940451403338
4 19 1.2048302953464152
4 20 1.0530510147593504
4 21 1.4318478309150835
4 22 1.2397043417250544
4 23 1.2809653878306944
4 24 1.297801055040559
4 25 1.1717705346780474
4 26 1.2038898129511901
4 27 1.360217431614069
4 28 1.397738056219121
4 29 1.2011804396463222
4 30 1.173407274669953
4 31 1.2611773937486328
4 32 1.1938529733044652
4 33 1.3956894581165067
4 34 1.366514827670935
4 35 1.3289924010581982
4 36 1.1946971445649692
4 37 1.1377361690851582
4 38 1.3372220675635969
4 39 1.3591055465815818
4 40 1.1860985983989225
4 41 1.183573481467066
4 42 1.1802100046222124
4 43 1.2181281631353535
4 44 1.3238069704656865
4 45 1.1625681946261308
4 46 1.4192606625376019
4 47 1.3087634056764652
4 48 1.3449890167847833
4 49 1.1652222208725136
4 50 1.3458766339683945
4 51 1.2281965273769457
4 52 1.3917216544652544
4 53 1.3852158945010684
4 54 1.184380214692884
4 55 1.0683683444815417
4 56 1.3367236525513373
4 57 1.1919062504407825
4 58 1.3014303652837924
4 59 1.2306062560886755
4 60 1.2803308158025355
4 61 1.2118316653096144
4 62 1.1994492979214515
4 63 1.1800938088923305
4 64 1.1737891315288222
4 65 1.1525873057732972
4 66 1.3694691444574965
4 67 1.3740787394484546
4 68 1.112215300888797
4 69 1.4191629229846086
4 70 1.1243250854189937
4 71 1.230265775310285
4 72 1.4136127565205505
4 73 1.2481498443538774
4 74 1.1902710177712263
4 75 1.1257372029150094
4 76 1.4855710595240161
4 77 1.2232774374555284
4 78 1.2082200409936958
4 79 1.2975142725588793
4 80 1.2508166644396428
4 81 1.0895456153309513
4 82 1.1778766598624588
4 83 1.3054757937391055
4 84 1.358620564314881
4 85 1.1751626492907323
4 86 1.2946483627245353
4 87 1.0871776842081364
4 88 1.2782913694480178
4 89 1.051596575069199
5 6 1.343955484751184
5 7 1.3008962121996284
5 8 1.3442501818729853
5 9 1.2987039318269118
5 10 1.336568467327176
5 11 1.3865494595329269
5 12 1.3331088902015344
5 13 1.4402266226864668
5 14 1.4286327283892182
5 15 1.3546623769426527
5 16 1.3343546195760367
5 17 1.220115548358569
5 18 1.355454624853059
5 19 1.4309852034056825
5 20 1.3377830296022841
5 21 1.4345541282194567
5 22 1.3733151373715768
5 23 1.316804479570088
5 24 1.3626547329955074
5 25 1.2512950142018
5 26 1.3835334470948035
5 27 1.3201723556513665
5 28 1.4795496162383992
5 29 1.3177002616210374
5 30 1.315394745476636
5 31 1.3886819464857731
5 32 1.2960910957020348
5 33 1.3024009536939578
5 34 1.4375569112434439
5 35 1.4111480239767282
5 36 1.3471865158757852
5 37 1.3725591025067345
5 38 1.4927728960155096
5 39 1.3089314389976936
5 40 1.3476352631134805
5 41 1.3128451256524607
5 42 1.3482740728628166
5 43 1.2553314014375119
5 44 1.3015720763196188
5 45 1.4118401231136801
5 46 1.300379186491163
5 47 1.3615065686854402
5 48 1.344109367133265
5 49 1.325507960113753
5 50 1.3209724642375722
5 51 1.3409869452848142
5 52 1.4589746302162905
5 53 1.4663463798327607
5 54 1.3021412466394018
5 55 1.3678520486920782
5 56 1.2563795800586677
5 57 1.2830308301712319
5 58 1.2723863006559033
5 59 1.2367751566042489
5 60 1.3329748292357297
5 61 1.3801019631711526
5 62 1.3035696876599225
5 63 1.2991307755185237
5 64 1.2824732336538094
5 65 1.258373352290024
5 66 1.362444744055821
5 67 1.3741953501512143
5 68 1.3577918374202116
5 69 1.3777180424347686
5 70 1.3532207388880042
5 71 1.3641556883966828
5 72 1.2590950976783812
5 73 1.3441101680571477
5 74 1.3031344874495616
5 75 1.3165983763960023
5 76 1.4775940276759811
5 77 1.2913890910000836
5 78 1.4018252905104072
5 79 1.3986090898817236
5 80 1.3309646736030991
5 81 1.4005265149261612
5 82 1.3067525423223703
5 83 1.3978584362142477
5 84 1.37352519146058
5 85 1.3639331711659326
5 86 1.3614708239837867
5 87 1.314169707311285
5 88 1.3957165851476059
5 89 1.3311398599845263
6 7 1.3111621350511027
6 8 1.4333014515723104
6 9 1.4175703893343832
6 10 1.2895988072428999
6 11 1.2630628484545443
6 12 1.34117787288112
6 13 1.3502578817322497
6 14 1.4891523855914517
6 15 1.3821959317992474
6 16 1.2400578837144762
6 17 1.3843214796487793
6 18 1.2498060621193057
6 19 1.2806420410396158
6 20 1.1929756725246186
6 21 1.4638165994616963
6 22 1.3239635431418717
6 23 1.3833352851131127
6 24 1.3826289219442245
6 25 1.2357067815361031
6 26 1.292805919189714
6 27 1.2790082130836664
6 28 1.4475705093248579
6 29 1.3066280152189929
6 30 1.1674119598297905
6 31 1.2603929437967643
6 32 1.2479958994664728
6 33 1.5438225549150495
6 34 1.4844231017185487
6 35 1.3287401751687462
6 36 1.3874802038574303
6 37 1.3879383166775563
6 38 1.4323980269652326
6 39 1.332693274507985
6 40 1.2255861647377488
6 41 1.2566270865875095
6 42 1.2593948326962494
6 43 1.2818427736521045
6 44 1.3052592689356923
6 45 1.3449805715224765
6 46 1.3591975855331466
6 47 1.2567014317759027
6 48 1.4014906141481795
6 49 1.2341832235856331
6 50 1.308735746914438
6 51 1.3654415039875742
6 52 1.5078700086620949
6 53 1.503489106905842
6 54 1.2081459605139007
6 55 1.038009620459259
6 56 1.419971808708927
6 57 1.261917229455883
6 58 1.3981198312528589
6 59 1.3230685705133647
6 60 1.2364122725448339
6 61 1.0367090742571803
6 62 1.2389109079419252
6 63 1.223167109686226
6 64 1.2742729311757046
6 65 1.2837163411632369
6 66 1.395047019197964
6 67 1.1598416280289003
6 68 1.1462793153399056
6 69 1.3625760379196123
6 70 1.1749538082936404
6 71 1.2116687097691707
6 72 1.3866518790163378
6 73 1.380532437879125
6 74 1.2731934581157625
6 75 1.2307594983864947
6 76 1.5239359439114166
6 77 1.2266381876488537
6 78 1.3548891391368676
6 79 1.44358671952558
6 80 1.2785457077470843
6 81 1.2544722845743697
6 82 1.2524957535486132
6 83 1.2450860586645935
6 84 1.4371083634468214
6 85 1.4392793206580554
6 86 1.374271823332053
6 87 1.0327260000096947
6 88 1.4879605899165762
6 89 1.1812992783924883
7 8 1.2642356608711285
7 9 1.31697114546617
7 10 1.2709037640297722
7 11 1.1961427404676108
7 12 1.1373067622268118
7 13 1.2605034553975412
7 14 1.3567520082819864
7 15 1.4843514527262938
7 16 1.253512485983832
7 17 1.2578282841435255
7 18 1.2088305181919627
7 19 1.2837580531997184
7 20 1.2501539831669783
7 21 1.4601677629938783
7 22 1.3440167152278535
7 23 1.2496933966365995
7 24 1.3221905035091812
7 25 1.1727258213396459
7 26 1.295861276938692
7 27 1.3636024601021304
7 28 1.3795100824343742
7 29 1.212269842796359
7 30 1.228496333250124
7 31 1.3575426234131807
7 32 1.1237262812922482
7 33 1.2859014570060556
7 34 1.3465868595565693
7 35 1.4336200090136437
7 36 1.2501859653495906
7 37 1.2854096229887388
7 38 1.3578549081057567
7 39 1.3437343166510443
7 40 1.2150199517814273
7 41 1.1879476118144816
7 42 1.2006062786452603
7 43 1.3412049118311762
7 44 1.3349487117285035
7 45 1.2835997022819778
7 46 1.3489586588781672
7 47 1.3685514851900324
7 48 1.2702440471849066
7 49 1.1525602455479866
7 50 1.4130257444240435
7 51 1.1301637479968425
7 52 1.3875942273894215
7 53 1.3199182241455754
7 54 1.3162805727517708
7 55 1.3299456175179318
7 56 1.26829260660412
7 57 1.252067223826812
7 58 1.2338581081506015
7 59 1.1191392563767042
7 60 1.2878379964475322
7 61 1.258971647895221
7 62 1.328340534981135
7 63 1.3022904964826147
7 64 1.238836475863289
7 65 1.117198065699854
7 66 1.413080247638337
7 67 1.4022082625044507
7 68 1.2358634862340514
7 69 1.2667063291172196
7 70 1.1521909050913512
7 71 1.1912456743853048
7 72 1.2096814071484767
7 73 1.3651277641511814
7 74 1.308188566439012
7 75 1.21577971713949
7 76 1.418369843877584
7 77 1.1312419735435173
7 78 1.323779005983655
7 79 1.2774168811764044
7 80 1.2529734442298708
7 81 1.2744103264049254
7 82 1.19825231361377
7 83 1.32031227170183
7 84 1.3914590940085785
7 85 1.210618004098532
7 86 1.1684028256163252
7 87 1.2676580469449672
7 88 1.370506256794296
7 89 1.1382951046415413
8 9 1.4529280530150361
8 10 1.3503587092947227
8 11 1.2374561036995704
8 12 1.3262919421160126
8 13 1.2795231173525563
8 14 1.435782214329464
8 15 1.3787443902244891
8 16 1.2856596153629702
8 17 1.3151479629156717
8 18 1.3074818240582808
8 19 1.3729484057326267
8 20 1.3737991973522587
8 21 1.3970946940834437
8 22 1.3173174186249765
8 23 1.2468687760711568
8 24 1.2879747846034175
8 25 1.283670964274201
8 26 1.3597950268610026
8 27 1.415343576832823
8 28 1.3411074758883308
8 29 1.321325983619488
8 30 1.3374062994869271
8 31 1.2966939387760479
8 32 1.2449712415053311
8 33 1.3754016870406742
8 34 1.3227386333027444
8 35 1.305742265025533
8 36 1.30569523563165
8 37 1.324181230008869
8 38 1.4060533485561786
8 39 1.3752301453605735
8 40 1.323639665854797
8 41 1.3278056588835367
8 42 1.245860872037429
8 43 1.3430233745248477
8 44 1.4361262860705213
8 45 1.2442639977404304
8 46 1.3088421604129974
8 47 1.3567273787846414
8 48 1.351176476299615
8 49 1.2725498267396649
8 50 1.3719996070344773
8 51 1.231224543857213
8 52 1.3732306899880375
8 53 1.3144637669817019
8 54 1.3430125721795676
8 55 1.289016179901629
8 56 1.283049282532422
8 57 1.4054929539562544
8 58 1.3141421731918526
8 59 1.2406350254536573
8 60 1.3623908115662855
8 61 1.2950851122705052
8 62 1.3214447971003374
8 63 1.36305248479679
8 64 1.2754121880502196
8 65 1.283804561829137
8 66 1.4024215646309675
8 67 1.3497205696229977
8 68 1.3391132206734142
8 69 1.3371095484572786
8 70 1.2770163541822421
8 71 1.3954282688221933
8 72 1.3282068890924963
8 73 1.3072147283433655
8 74 1.2805228266931834
8 75 1.2638789747173687
8 76 1.332735329893665
8 77 1.3509553860549737
8 78 1.2720009986003549
8 79 1.2632406584682
8 80 1.322160896741823
8 81 1.2836753648157138
8 82 1.3025314894958735
8 83 1.344181641444782
8 84 1.4384104394004769
8 85 1.2746519568260795
8 86 1.1070908615537367
8 87 1.3270039001421265
8 88 1.3690381781169492
8 89 1.2507763154046552
9 10 1.291413430893417
9 11 1.282674113512354
9 12 1.3425650168817158
9 13 1.4170663455668808
9 14 1.2454881374193194
9 15 1.2653181572741163
9 16 1.260086581200541
9 17 1.2294951897171025
9 18 1.227906606386421
9 19 1.420397385480811
9 20 1.2776692609805809
9 21 1.3769033662146246
9 22 1.4315962237722992
9 23 1.3815208191960564
9 24 1.331441535206643
9 25 1.3341627936948008
9 26 1.3694848818485048
9 27 1.3584785058659805
9 28 1.4504213287544496
9 29 1.2636336570282016
9 30 1.354373213549847
9 31 1.251633069348051
9 32 1.2383052156902927
9 33 1.2729525908945052
9 34 1.3905264384462332
9 35 1.2713670785033873
9 36 1.3507730387279064
9 37 1.287331203442632
9 38 1.296293287132326
9 39 1.3347256822953706
9 40 1.2919222635288417
9 41 1.2846435073833733
9 42 1.307435875865132
9 43 1.340006748525801
9 44 1.3393065040971206
9 45 1.3871317713759577
9 46 1.3535736011280644
9 47 1.282969904285365
9 48 1.2252852616485792
9 49 1.1961046641347133
9 50 1.284608558452656
9 51 1.3639585074553326
9 52 1.4026682394409689
9 53 1.4001954573438122
9 54 1.2356635124202866
9 55 1.4391568723715327
9 56 1.2725023661345758
9 57 1.2293107713253142
9 58 1.3620157837261058
9 59 1.1433887437500074
9 60 1.2711350026364112
9 61 1.3017923068764259
9 62 1.2858172333311841
9 63 1.4338786137736839
9 64 1.4064975205350048
9 65 1.1086632694668082
9 66 1.2581222145260114
9 67 1.3694403199008065
9 68 1.453945208624179
9 69 1.2794533273416318
9 70 1.3223834294785546
9 71 1.3305865288947347
9 72 1.3140407571406243
9 73 1.4347088628118527
9 74 1.4263034381060653
9 75 1.4278089467413462
9 76 1.3353530929536297
9 77 1.3237970405242552
9 78 1.3946039897883127
9 79 1.3949811428853114
9 80 1.2770303674135084
9 81 1.4472643885288912
9 82 1.3026199279400668
9 83 1.265072498216063
9 84 1.2622926438154083
9 85 1.271795864380175
9 86 1.4511951697303773
9 87 1.4425550588316287
9 88 1.3390572078142104
9 89 1.2934514843994553
10 11 1.2230754188501185
10 12 1.3258799135999209
10 13 1.3240191603612492
10 14 1.3511604461981312
10 15 1.383259859744842
10 16 1.2735226290302604
10 17 1.3698980461402586
10 18 1.204326309957217
10 19 1.293263185595501
10 20 1.0507735581451663
10 21 1.372090136649107
10 22 1.227363213425596
10 23 1.4458963860571543
10 24 1.3233428445867763
10 25 1.2712269048043163
10 26 1.2482187001559362
10 27 1.375119914997386
10 28 1.3699933794618762
10 29 1.3724766997836186
10 30 1.2524083738857896
10 31 1.1138884172456425
10 32 1.1938991581088854
10 33 1.2935266400300043
10 34 1.3499653836106833
10 35 1.3617757711070626
10 36 1.192824518628999
10 37 1.2542692349125
10 38 1.375112669035164
10 39 1.2919623033905177
10 40 1.2252078191300912
10 41 1.235277513820319
10 42 1.218484747684401
10 43 1.250957565171991
10 44 1.2230906237933865
10 45 1.212255674722267
10 46 1.2800833345622182
10 47 1.3768113977718528
10 48 1.4148787569399126
10 49 1.2290056556650406
10 50 1.4293305273692225
10 51 1.319934737723022
10 52 1.3820500657220909
10 53 1.3572318027234247
10 54 1.2285278536682265
10 55 1.3035274125439584
10 56 1.3817040056382621
10 57 1.223438736422075
10 58 1.4754564812449988
10 59 1.3100348225525904
10 60 1.3105249412086246
10 61 1.2555899575472496
10 62 1.2197326520309832
10 63 1.2247654630083655
10 64 1.2016059654341515
10 65 1.3052322751178498
10 66 1.3998387371786314
10 67 1.3801084818646803
10 68 1.3420948205595995
10 69 1.3138278430544115
10 70 1.1197750690034114
10 71 1.2715742912822923
10 72 1.4706878870796714
10 73 1.2487180682303929
10 74 1.222296882805331
10 75 1.2921269219780347
10 76 1.4062695393436813
10 77 1.2484444519501325
10 78 1.3240063323201186
10 79 1.3447949996226807
10 80 1.3207361189880131
10 81 1.2310609908500132
10 82 1.2697715112712582
10 83 1.1444809484723872
10 84 1.4178137104266393
10 85 1.2559670831068699
10 86 1.3238597579165452
10 87 1.161010001243643
10 88 1.2785523194746968
10 89 1.2485330033072577
11 12 1.3062362932249962
11 13 1.1257900259942257
11 14 1.289590156479626
11 15 1.2071214008928406
11 16 1.2134179781137493
11 17 1.2560090648359163
11 18 1.038516282973628
11 19 1.321552806460471
11 20 1.275536515635239
11 21 1.3097684171251354
11 22 1.4437569607162184
11 23 1.3401270563911223
11 24 1.3488069849277136
11 25 1.2635128190755343
11 26 1.2548607880434381
11 27 1.330876732426604
11 28 1.2497619643743962
11 29 1.346499961815852
11 30 1.1089048343219217
11 31 1.2626605864292573
11 32 1.0946039247832176
11 33 1.2871783234878276
11 34 1.235567719207975
11 35 1.2914558063299577
11 36 1.2601347054433756
11 37 1.1451802906369948
11 38 1.3098392759457258
11 39 1.294284211718558
11 40 1.1554970479229751
11 41 1.073780744700809
11 42 0.7537356299457686
11 43 1.0577490829686882
11 44 1.3037226860827709
11 45 1.0287142654721386
11 46 1.2895323606513218
11 47 1.2050256748689063
11 48 1.365792836034634
11 49 1.0793216911197276
11 50 1.2997707861577408
11 51 1.2635330586482305
11 52 1.278269395401762
11 53 1.299853652745319
11 54 1.0994995097571811
11 55 1.2976209618552488
11 56 1.3038451166326728
11 57 1.1976918301141821
11 58 1.4091866627369913
11 59 1.2199209000576954
11 60 1.1769220561798825
11 61 1.2534554382948566
11 62 1.2839825090385055
11 63 1.3790156017157846
11 64 1.2459236507266318
11 65 1.1672974217422656
11 66 1.266589826846862
11 67 1.3014584873841653
11 68 1.2284237215467952
11 69 1.3133277388677924
11 70 1.1335746704776717
11 71 1.2097742970691037
11 72 1.2757657967616831
11 73 1.3328169390055793
11 74 1.301334878104775
11 75 1.1076296615961694
11 76 1.318906724498037
11 77 1.1027970360547672
11 78 1.1414317350654328
11 79 1.2443307840002142
11 80 1.2182458410585133
11 81 1.254299594834907
11 82 1.1266625253172318
11 83 1.222437361350251
11 84 1.362449595063391
11 85 1.1545161929573964
11 86 1.325544541351418
11 87 1.2707031685214123
11 88 1.2561037106245343
11 89 1.1066287140712843
12 13 1.2299583302236814
12 14 1.3454840497431695
12 15 1.4079872235241182
12 16 1.1174546361384476
12 17 1.3155809498057878
12 18 1.131984286127436
12 19 1.4313678208276204
12 20 1.2167734579562168
12 21 1.4252786604491332
12 22 1.2918960403883912
12 23 1.199124846321874
12 24 1.3364659782189185
12 25 1.0926759913085935
12 26 1.264184069534233
12 27 1.1524911143641856
12 28 1.4732305087026776
12 29 1.3064000035087593
12 30 1.2568163940196784
12 31 1.3884863913067587
12 32 1.0918173255408568
12 33 1.3415144797921608
12 34 1.4791920696891485
12 35 1.3472685664576698
12 36 1.251123314883857
12 37 1.132246942205257
12 38 1.3881177633565198
12 39 1.305928658814004
12 40 1.2296775645023463
12 41 1.1724609258208634
12 42 1.2768951976961995
12 43 1.2918368652981178
12 44 1.3162133714209738
12 45 1.2471445950635207
12 46 1.40990403121173
12 47 1.3473692127305967
12 48 1.3095321973649954
12 49 1.1319785553156392
12 50 1.2147851866767236
12 51 1.1628184093948037
12 52 1.456731880153477
12 53 1.4216605706763763
12 54 1.1954687604125294
12 55 1.2626651349168947
12 56 1.2908638119329878
12 57 1.2528065173256855
12 58 1.2716882088329475
12 59 1.1560366352050382
12 60 1.216797334135725
12 61 1.3011153503136725
12 62 1.181610093171783
12 63 1.3406305790878843
12 64 1.2286609359512863
12 65 1.1380552156765458
12 66 1.2971107798436072
12 67 1.3991828810164753
12 68 1.2911743765628854
12 69 1.2083095624228242
12 70 1.1420765086753033
12 71 1.2005732628005963
12 72 1.2913343958735384
12 73 1.3377188560806574
12 74 1.2510181376400553
12 75 1.2010963374333459
12 76 1.4532557345280257
12 77 1.1808798738064625
12 78 1.2863577094752823
12 79 1.434554020477825
12 80 1.1407466971774163
12 81 1.275406475730585
12 82 1.2466880992284137
12 83 1.281212166794003
12 84 1.3039651638009957
12 85 1.1354177100154852
12 86 1.340511579687179
12 87 1.2994864180155699
12 88 1.2590834154793789
12 89 1.2111255830738163
13 14 1.357109030289822
13 15 1.393134774003533
13 16 1.2586917162006892
13 17 1.4056096599684018
13 18 1.1201207376457147
13 19 1.3602059907638557
13 20 1.2456691867556846
13 21 1.4250950428978113
13 22 1.3482897382389907
13 23 1.411010238980606
13 24 1.4312899093795222
13 25 1.2700197322893452
13 26 1.4014126051492506
13 27 1.3474455881498368
13 28 1.2578452837635692
13 29 1.4161543942922221
13 30 1.2188447529074926
13 31 1.2677533538897476
13 32 1.1813583970699113
13 33 1.3474466621165118
13 34 1.2830304148937615
13 35 1.3438233164832352
13 36 1.3596788688928525
13 37 1.177812884818549
13 38 1.4136200209115983
13 39 1.3938479477984531
13 40 1.2153511504710914
13 41 1.1114862395896072
13 42 1.0118028873771758
13 43 1.3000633728280309
13 44 1.2808939240491224
13 45 1.1184851021828675
13 46 1.4357197516888291
13 47 1.4448780993485326
13 48 1.4841223733513942
13 49 1.176523430633802
13 50 1.334685367219006
13 51 1.225039611467037
13 52 1.38295727059101
13 53 1.3215568943178484
13 54 1.160195543917607
13 55 1.3607935784416103
13 56 1.3092153415465502
13 57 1.293108990696354
13 58 1.419446714327438
13 59 1.3334979722417002
13 60 1.2736396229323976
13 61 1.274707159845723
13 62 1.27195944122495
13 63 1.3546075354649314
13 64 1.3243442761430297
13 65 1.248121054800958
13 66 1.4307877964934508
13 67 1.2545377003151261
13 68 1.3275538917906378
13 69 1.3388398256282537
13 70 1.294809356016052
13 71 1.2571600728988213
13 72 1.369896163970391
13 73 1.4154064924529222
13 74 1.3420769784779931
13 75 1.2605927129507828
13 76 1.3562379173693973
13 77 1.2537021524421228
13 78 1.0630856242207303
13 79 1.298646176287008
13 80 1.3407196178997927
13 81 1.3218167399319218
13 82 1.205493496595046
13 83 1.2759496821964273
13 84 1.446809982213404
13 85 1.186702253677081
13 86 1.3096136524224122
13 87 1.3484451110656048
13 88 1.2446609751091164
13 89 1.1824570118807696
14 15 0.9179052190793615
14 16 1.1688643836700172
14 17 1.3882623859861951
14 18 1.2883087021432926
14 19 1.3843525467121223
14 20 1.3971740554831447
14 21 1.3326258878105004
14 22 1.4208872010145064
14 23 1.381908876886812
14 24 1.4384415981732286
14 25 1.3134052238383518
14 26 1.210329710511851
14 27 1.2465109090922468
14 28 1.3115803076199117
14 29 1.3356566575121125
14 30 1.2839170154365356
14 31 1.4033595009217732
14 32 1.3046066449186107
14 33 1.3214079465580875
14 34 1.286278270354167
14 35 1.3070071274719002
14 36 1.3479319235161757
14 37 1.2686574943500388
14 38 1.38448110497891
14 39 1.4523536519652183
14 40 1.3282588674365132
14 41 1.2752913097971876
14 42 1.3420426886636434
14 43 1.3663078009756602
14 44 1.3577356642194915
14 45 1.440912861911154
14 46 1.2732076458471624
14 47 1.3827957160451776
14 48 1.3198651638728713
14 49 1.2881843905508696
14 50 1.2212434155106149
14 51 1.3838152776433437
14 52 1.3892211492097692
14 53 1.2610720641525357
14 54 1.2781438551284297
14 55 1.4631325282028775
14 56 1.2188484442153276
14 57 1.2000466783868078
14 58 1.4005628967644197
14 59 1.4370205996444811
14 60 1.2613770973409841
14 61 1.5060037691513382
14 62 1.2621251285994641
14 63 1.3713852601882792
14 64 1.3529633792779747
14 65 1.2580297822608828
14 66 0.9448738496463469
14 67 1.3926358920956565
14 68 1.3992243458834484
14 69 1.1370205304579206
14 70 1.404991872365484
14 71 1.3430313983173288
14 72 1.413012584033858
14 73 1.43146121033227
14 74 1.3385101015910665
14 75 1.2869502510990583
14 76 1.3004169389958016
14 77 1.2899194549332549
14 78 1.2613504523459433
14 79 1.383435402865139
14 80 1.1673447006344941
14 81 1.3347571466149086
14 82 1.291148341194897
14 83 1.4680373057244718
14 84 1.170868318876328
14 85 1.2993691351555836
14 86 1.4230548156999012
14 87 1.4377037651844844
14 88 1.3942476604325702
14 89 1.300359049349445
15 16 1.129725748949316
15 17 1.3583058076791368
15 18 1.233969137075431
15 19 1.3956872269323495
15 20 1.3483406935306743
15 21 1.3342257432786342
15 22 1.4200996156633867
15 23 1.3268911335377074
15 24 1.4769477659170707
15 25 1.2416386686953695
15 26 1.2814524451871376
15 27 1.1918337895283178
15 28 1.3415537195916973
15 29 1.292242887681634
15 30 1.2923726330483771
15 31 1.4314400395232798
15 32 1.2344606428323965
15 33 1.2794656137906848
15 34 1.3297604101183924
15 35 1.2774303977954022
15 36 1.3331237637058904
15 37 1.284031765952029
15 38 1.282513037302592
15 39 1.3656091495389207
15 40 1.2497942799938686
15 41 1.2462546753830834
15 42 1.3043766572806998
15 43 1.2177197644824835
15 44 1.319397078990046
15 45 1.300066326602552
15 46 1.2752098665300808
15 47 1.3718002199669164
15 48 1.326735736159275
15 49 1.245255062629271
15 50 1.1335397392559103
15 51 1.392044564617379
15 52 1.399783849498887
15 53 1.2970066399775166
15 54 1.2317485643414607
15 55 1.4620292971629463
15 56 1.3306807256071886
15 57 1.1503046698427801
15 58 1.2562647351375404
15 59 1.3562748494678196
15 60 1.2796967199655251
15 61 1.4645498814127298
15 62 1.2274740734822842
15 63 1.369435905072221
15 64 1.3277499143650726
15 65 1.2789486947966926
15 66 0.7773964909416745
15 67 1.3385477638751464
15 68 1.3223973616496278
15 69 1.2008571879042325
15 70 1.3396313916431741
15 71 1.3830264003576502
15 72 1.386930541458408
15 73 1.3525557144025395
15 74 1.3859139559784046
15 75 1.301819990777762
15 76 1.2625693369726707
15 77 1.243072287845271
15 78 1.2851812091613382
15 79 1.3441311574934844
15 80 1.094412620011876
15 81 1.3595089221736198
15 82 1.2469391571402868
15 83 1.4707421979171929
15 84 1.1592511647799493
15 85 1.4156226039587512
15 86 1.5508832719767092
15 87 1.4161908645729293
15 88 1.2874619344468594
15 89 1.2961964155723855
16 17 1.2671722347424974
16 18 0.9642391860660776
16 19 1.2801852204364708
16 20 1.042491873132727
16 21 1.408741457015451
16 22 1.245625618674749
16 23 1.2310058529224766
16 24 1.334196349808673
16 25 0.9642882929396239
16 26 1.24837073722658
16 27 1.0748620438592837
16 28 1.436374734752502
16 29 1.2466002004519596
16 30 1.0623526755832264
16 31 1.3861252902165475
16 32 0.8276057662540093
16 33 1.3432051659713455
16 34 1.4385552159699488
16 35 1.2603725082332478
16 36 1.2282372426726333
16 37 1.1601886251445666
16 38 1.33986228668915
16 39 1.273569632324357
16 40 1.0413072312891836
16 41 1.0657569399693154
16 42 1.254253367190171
16 43 1.1176296452388301
16 44 1.250406459254836
16 45 1.2519947557476259
16 46 1.3720967480283388
16 47 1.324309606698232
16 48 1.2861052765840986
16 49 0.9769457707065284
16 50 1.0843534603224796
16 51 1.1245579539735802
16 52 1.4587303562288738
16 53 1.369862710023658
16 54 1.1068475770035002
16 55 1.1795487106404416
16 56 1.205252538218018
16 57 1.2031832395827815
16 58 1.2247492898201704
16 59 1.2305910545373486
16 60 1.1814541855921934
16 61 1.2140109924894775
16 62 1.0367563838153147
16 63 1.2580158856877552
16 64 1.1538181173222721
16 65 1.0568661391529053
16 66 1.030016902380557
16 67 1.215591600985963
16 68 1.254976789810159
16 69 1.1734373605752204
16 70 1.1474141670701237
16 71 1.1322629089761491
16 72 1.2890241596080403
16 73 1.2868259764184113
16 74 1.2006600559516742
16 75 1.1645173945053355
16 76 1.3584550255857673
16 77 1.201128210615214
16 78 1.246122045885821
16 79 1.4196642013055827
16 80 0.8791868051808651
16 81 1.1767865034103628
16 82 1.0192430350036499
16 83 1.268210291532644
16 84 1.2682366024148994
16 85 1.2336707400477105
16 86 1.3850744364127252
16 87 1.2044844314483558
16 88 1.2528830655674106
16 89 0.8980301955679408
17 18 1.4159377803194388
17 19 1.334737377058437
17 20 1.3058653361467305
17 21 1.3503742655222897
17 22 1.3832711504413755
17 23 1.3902805355942307
17 24 1.169902485924023
17 25 1.2392409199666987
17 26 1.400080093020712
17 27 1.4611589286696145
17 28 1.1696815548118313
17 29 1.0321271611845724
17 30 1.2469120278184331
17 31 1.2812926803894356
17 32 1.211326214253456
17 33 1.224361736846655
17 34 1.1275960573177088
17 35 1.3902657962823983
17 36 1.2730494352330741
17 37 1.4209392529934342
17 38 1.2155566873177526
17 39 1.2505186759249052
17 40 1.4685325905606808
17 41 1.3755778724807004
17 42 1.2104250558392844
17 43 1.338058545015872
17 44 1.3410810442847023
17 45 1.3355421750730978
17 46 1.3000538554557521
17 47 1.3776444032741617
17 48 1.359787913705908
17 49 1.3912194425036706
17 50 1.4079179160960054
17 51 1.3597315959495222
17 52 1.1123416237823243
17 53 1.1502408960745911
17 54 1.2763370057412078
17 55 1.3210866582032423
17 56 1.2505299140286084
17 57 1.3486626704850768
17 58 1.3795807105834603
17 59 1.2714590542857453
17 60 1.2925367965742922
17 61 1.2392335963461798
17 62 1.3652125240505235
17 63 1.3347479514540836
17 64 1.3759907469404935
17 65 1.3287051062507482
17 66 1.330506358374893
17 67 1.3536708307752523
17 68 1.3476132093660231
17 69 1.3291869136218695
17 70 1.1904937871983363
17 71 1.23659746927732
17 72 1.3211026358932845
17 73 1.4215264744051825
17 74 1.359242273461993
17 75 1.2799311600095382
17 76 1.2019748742933012
17 77 1.407033546428764
17 78 1.2270430823854446
17 79 1.1739885080257346
17 80 1.3547486080749327
17 81 1.35328912056587
17 82 1.4129717293531425
17 83 1.3561592535055036
17 84 1.2269220910011782
17 85 1.3136596912703942
17 86 1.3823079291232145
17 87 1.2739996143507113
17 88 1.4342032364195123
17 89 1.21543860852793
18 19 1.3741322745182396
18 20 1.0807211882499896
18 21 1.4888052081515641
18 22 1.262457458370802
18 23 1.2204486197006863
18 24 1.493713613284397
18 25 1.0351087968212374
18 26 1.1951999896314334
18 27 1.1760329010208532
18 28 1.5412043804663722
18 29 1.3426735496106244
18 30 1.1487807593703914
18 31 1.3221570563619767
18 32 0.9309396624356029
18 33 1.3687318565360116
18 34 1.5409920803473338
18 35 1.2181861930201014
18 36 1.3177816941525957
18 37 1.1089429318991026
18 38 1.465123760470681
18 39 1.2963115967427736
18 40 0.6037091855763326
18 41 0.5704910471182634
18 42 1.007955830749383
18 43 0.9046316097006969
18 44 1.2020142904974842
18 45 1.118754574029515
18 46 1.4103146185977236
18 47 1.1660132963473744
18 48 1.198546828587162
18 49 0.4426674070877117
18 50 1.1319234625878918
18 51 1.0297082430117532
18 52 1.5656298608778112
18 53 1.5349952052451659
18 54 1.0123799700829792
18 55 1.2493803092744822
18 56 1.3136464774585865
18 57 1.2167300945520105
18 58 1.3454807176966415
18 59 1.1846593813248338
18 60 1.129035423779286
18 61 1.3357144860534813
18 62 1.1302142884609871
18 63 1.3208278173525365
18 64 1.082918813084302
18 65 0.9221020549437975
18 66 1.1630839182485184
18 67 1.2078469350730403
18 68 1.3094634799458031
18 69 1.2456829535422507
18 70 1.1544303652176733
18 71 1.1848343593617279
18 72 1.27880017444615
18 73 1.3885180013762122
18 74 1.1669611626428358
18 75 1.1564294191435238
18 76 1.4862397537624261
18 77 0.908848829606246
18 78 1.1655124423044554
18 79 1.4922474132006869
18 80 1.0108214741887238
18 81 1.197229205360577
18 82 0.6065501654907565
18 83 1.2492988043704059
18 84 1.364553559434491
18 85 1.1714315448372363
18 86 1.3624485644427675
18 87 1.3477000314217629
18 88 1.1855278832828524
18 89 0.9690966880752993
19 20 1.3203841911247107
19 21 1.4798125350922287
19 22 1.4322231648893946
19 23 1.3675541585783555
19 24 1.4323898652049842
19 25 1.2472238057921274
19 26 1.3207381084613703
19 27 1.4051690657615905
19 28 1.3668417932048273
19 29 1.2699361177461024
19 30 1.092910431210193
19 31 1.2837615558960518
19 32 1.3135061695866834
19 33 1.4912546199037184
19 34 1.3710560708182258
19 35 1.2765671000504557
19 36 1.3150116998318857
19 37 1.4619496923701496
19 38 1.4564374441734114
19 39 1.2944116782469641
19 40 1.3401472957952578
19 41 1.3095042068244098
19 42 1.3651847148482104
19 43 1.3203219228800795
19 44 1.2607587221796894
19 45 1.386205206421643
19 46 1.339237127242014
19 47 1.2408952002203135
19 48 1.40359529025304
19 49 1.356454974087598
19 50 1.40054303608333
19 51 1.3853562438624447
19 52 1.4284943936849455
19 53 1.3920758615400814
19 54 1.429383745640752
19 55 1.183318135635316
19 56 1.4480921481922295
19 57 1.3571910682198691
19 58 1.4328408015294014
19 59 1.3709718102420605
19 60 1.5494076613043575
19 61 1.2772836893252204
19 62 1.3162755626010836
19 63 1.1224121836677752
19 64 1.297002969124911
19 65 1.2895592537083362
19 66 1.4223554962351102
19 67 1.3137332390026961
19 68 1.0506698239307166
19 69 1.418844935455085
19 70 1.179352203066065
19 71 1.3004053542636662
19 72 1.3090543415286229
19 73 1.2841764482059033
19 74 1.3164503980319142
19 75 1.2242159875756167
19 76 1.3643178985683468
19 77 1.318532605958807
19 78 1.3838090466603188
19 79 1.3705984273686989
19 80 1.4539415876916475
19 81 0.992620034635622
19 82 1.342735988905116
19 83 1.2348917312499816
19 84 1.341810041241827
19 85 1.2436185838252745
19 86 1.3014234264063198
19 87 1.1499560019012198
19 88 1.406195947457291
19 89 1.1201987573257288
20 21 1.4109239748266302
20 22 1.2184499514805198
20 23 1.4422615282939728
20 24 1.3221405662855168
20 25 1.1334874391659184
20 26 1.1957619184024768
20 27 1.2990000179924521
20 28 1.4256298472290276
20 29 1.304810212932791
20 30 1.2296676183324187
20 31 1.2742907031441935
20 32 1.0069050487905034
20 33 1.3794367706269308
20 34 1.4023477058673306
20 35 1.273024806359442
20 36 1.2115007568103757
20 37 1.1887107357906288
20 38 1.3751470492469597
20 39 1.2486920567768593
20 40 1.0776473635934711
20 41 1.0917545512172198
20 42 1.23039995749284
20 43 1.1483116243337925
20 44 1.2235059175775884
20 45 1.1771389394741434
20 46 1.4506771554046751
20 47 1.3296981411290447
20 48 1.309042056690031
20 49 1.065729548659731
20 50 1.2951393122639325
20 51 1.2232797507083821
20 52 1.474266880107499
20 53 1.416445227704501
20 54 1.1838044654700497
20 55 1.216696538313169
20 56 1.3137210210191317
20 57 1.1917456979284804
20 58 1.313776608978058
20 59 1.2487443586815554
20 60 1.161722611523172
20 61 1.1855521561967346
20 62 1.1392462215421992
20 63 1.1656355069742916
20 64 1.154930468789208
20 65 1.1891436716424348
20 66 1.3648932789880361
20 67 1.2590597831469363
20 68 1.2662844210838948
20 69 1.247171550213408
20 70 1.087825939970933
20 71 1.2263139872692537
20 72 1.367662471414611
20 73 1.3192670826061297
20 74 1.1966076960673526
20 75 1.2651054818525695
20 76 1.4295464280444805
20 77 1.2136478956534098
20 78 1.1807368780955203
20 79 1.3863740998677838
20 80 1.2272035372877526
20 81 1.315307547402646
20 82 1.0715016020874197
20 83 1.1675869728001114
20 84 1.4409718763833317
20 85 1.1974267760540522
20 86 1.3315075322890748
20 87 1.0963420393616363
20 88 1.2460306448870315
20 89 0.9678626093159327
21 22 1.4778194927642159
21 23 1.516531673444297
21 24 1.3064568510885515
21 25 1.3942388507206664
21 26 1.3575555952350038
21 27 1.4084266661281153
21 28 1.0436342530368665
21 29 1.3254677874778162
21 30 1.4311342647998677
21 31 1.3045364588399186
21 32 1.4755831924100815
21 33 1.0791110899753813
21 34 1.0224790689799912
21 35 1.3962845369665031
21 36 1.3235350302090256
21 37 1.321562273228582
21 38 1.2450841411391709
21 39 1.3857448211749
21 40 1.566981166739407
21 41 1.562881129639226
21 42 1.2759203012052367
21 43 1.476640858960656
21 44 1.4078536931804067
21 45 1.3755137212439963
21 46 1.2877217724474084
21 47 1.4217138885813365
21 48 1.4384521771783545
21 49 1.5476254121647683
21 50 1.30599634121469
21 51 1.4304018581138709
21 52 1.0090421175952624
21 53 1.0393807527803893
21 54 1.3773545796331386
21 55 1.4676905534976186
21 56 1.235961955512742
21 57 1.4102428012102897
21 58 1.5258397540876731
21 59 1.3924939843071336
21 60 1.3354381171122287
21 61 1.358989574778443
21 62 1.3860876473195398
21 63 1.4299644971544259
21 64 1.4994905295439316
21 65 1.4026436725435447
21 66 1.3515514471595726
21 67 1.405648384792837
21 68 1.427337985361516
21 69 1.4182861856555564
21 70 1.298749143355541
21 71 1.4817286638606502
21 72 1.3825503169456141
21 73 1.4081660442347004
21 74 1.418812809472242
21 75 1.4190953037244363
21 76 1.1112028232650484
21 77 1.4333395979598327
21 78 1.4279882488204316
21 79 1.1319353666765897
21 80 1.4424743076147302
21 81 1.417762708665984
21 82 1.5589470110326906
21 83 1.3480047546184606
21 84 1.2572184789779985
21 85 1.3777270574534923
21 86 1.4443322369439295
21 87 1.3300321339170529
21 88 1.437912034783922
21 89 1.4498277017567376
22 23 1.4191771985100905
22 24 1.3777793833895218
22 25 1.246499091886639
22 26 1.1491962232927542
22 27 1.2853369687062388
22 28 1.506449024855682
22 29 1.409253070521452
22 30 1.3543870407824543
22 31 1.3801448495581996
22 32 1.2612540867042736
22 33 1.4421536719794663
22 34 1.5281760420755448
22 35 1.3292298142589485
22 36 1.343476702918753
22 37 1.343965445303787
22 38 1.424592514170261
22 39 1.4121246890422186
22 40 1.2876518528382856
22 41 1.234289444609202
22 42 1.4154464181792614
22 43 1.3528510037956254
22 44 1.2732177527504807
22 45 1.3236357219716346
22 46 1.4004596893176606
22 47 1.3984457892409807
22 48 1.4009210964427545
22 49 1.2726190716879537
22 50 1.3470089965411653
22 51 1.3762202074757663
22 52 1.5396906657123512
22 53 1.5003836461934783
22 54 1.3023727556862952
22 55 1.2672751066762655
22 56 1.3558734953927525
22 57 1.285988294886093
22 58 1.4097069205877901
22 59 1.4050853946521384
22 60 1.3059406025687337
22 61 1.340382121151198
22 62 1.220214084045124
22 63 1.2885180807531667
22 64 1.3223392218068828
22 65 1.301186529077412
22 66 1.3618658664688854
22 67 1.386167762544
22 68 1.3420186563384588
22 69 1.41029417659314
22 70 1.2526893191477768
22 71 1.319711457451039
22 72 1.4153690043528184
22 73 1.319127666036423
22 74 1.2233844895418042
22 75 1.2793680959982505
22 76 1.4535748055528466
22 77 1.2813350886697126
22 78 1.3430220952527938
22 79 1.467781119067719
22 80 1.2320654385238696
22 81 1.3163381765979592
22 82 1.27935669542477
22 83 1.3119541217396704
22 84 1.4005571160241388
22 85 1.3703085533746058
22 86 1.3498849261851562
22 87 1.2360947249085206
22 88 1.2676078882697326
22 89 1.2323233807575518
23 24 1.3845132661785784
23 25 1.1653979971234747
23 26 1.281165176714716
23 27 1.281452386149381
23 28 1.5534353789132274
23 29 1.2462293364325299
23 30 1.2891984166660828
23 31 1.3768265483635145
23 32 1.2351055552181123
23 33 1.4088082225081349
23 34 1.5512494332096702
23 35 1.2673986141024929
23 36 1.3275429993642551
23 37 1.2961242746234651
23 38 1.378055926603477
23 39 1.3453437547856408
23 40 1.2109977888077386
23 41 1.2565781050331999
23 42 1.3721076607298033
23 43 1.3051348496016117
23 44 1.3340820028415483
23 45 1.324365785646042
23 46 1.5014308891674089
23 47 1.3600940372139678
23 48 1.206394408331216
23 49 1.1835096183165215
23 50 1.2523822167795193
23 51 1.2249558524442317
23 52 1.5839872140455833
23 53 1.5289657454975742
23 54 1.3295233051258273
23 55 1.300726207560205
23 56 1.2797695901463284
23 57 1.3244273797418766
23 58 1.2410359220803446
23 59 1.1976968569986055
23 60 1.4063915315285325
23 61 1.3132356960977096
23 62 1.2952134144826606
23 63 1.3674701895572736
23 64 1.2976125108552576
23 65 1.1832191567403432
23 66 1.261357815924282
23 67 1.3208320119398753
23 68 1.2568913360831302
23 69 1.3163793370057066
23 70 1.267998271111629
23 71 1.291526980120153
23 72 1.3287601873570565
23 73 1.213031170378409
23 74 1.3787986830101626
23 75 1.2713188791133978
23 76 1.4554114582009088
23 77 1.2532711607543539
23 78 1.4119961374026795
23 79 1.5139809782351303
23 80 1.2152928933426417
23 81 1.2842282279243455
23 82 1.247890517835632
23 83 1.5592529138226077
23 84 1.273150540411454
23 85 1.3394364583459735
23 86 1.3439226566717886
23 87 1.3159811383179316
23 88 1.454401711693157
23 89 1.2413612487923258
24 25 1.333469798391651
24 26 1.3467385583863738
24 27 1.3883826158119887
24 28 1.2400952713923543
24 29 1.2278580181318692
24 30 1.3669751131527523
24 31 1.330929646231242
24 32 1.3699139562863631
24 33 1.1972832896900139
24 34 1.2646966012694834
24 35 1.2853679706346477
24 36 1.27078788609799
24 37 1.337111983866706
24 38 1.3408893206989168
24 39 1.2385098975645985
24 40 1.4654570446565949
24 41 1.4775463944544056
24 42 1.3496433418400036
24 43 1.476577707983032
24 44 1.395040735878758
24 45 1.3222390249525935
24 46 1.2710489629899202
24 47 1.346766114405621
24 48 1.5173128540028815
24 49 1.4361018771668594
24 50 1.4011878909603044
24 51 1.4087296848720674
24 52 1.2727848891315294
24 53 1.2616150129988528
24 54 1.3655846697783112
24 55 1.373141816101684
24 56 1.2964035527917208
24 57 1.3588886839330592
24 58 1.3743838780446473
24 59 1.41007500435964
24 60 1.404359848402576
24 61 1.3223218859263717
24 62 1.3967262654739032
24 63 1.4157557612325553
24 64 1.439365021034618
24 65 1.2783632643056102
24 66 1.4547470703224419
24 67 1.3054201217081796
24 68 1.4863097453663001
24 69 1.4289393347356434
24 70 1.3126896175890148
24 71 1.355639666719841
24 72 1.3782562711502884
24 73 1.3659832143237383
24 74 1.4598693617361411
24 75 1.3427561327439892
24 76 1.3099611356517944
24 77 1.4900010936987778
24 78 1.3642352972737932
24 79 1.2745864646498442
24 80 1.4203718902888753
24 81 1.3706335286861229
24 82 1.4787544124771301
24 83 1.4101329609829816
24 84 1.3029624456052014
24 85 1.3069677412517544
24 86 1.2584605949274843
24 87 1.2835993182867975
24 88 1.4029794936771935
24 89 1.3279175531357037
25 26 1.2231644149595027
25 27 1.136554276980751
25 28 1.5021017077916021
25 29 1.240089212042498
25 30 1.1745863447811744
25 31 1.4136756797307855
25 32 1.0532525927109158
25 33 1.3057626940975047
25 34 1.473554061285852
25 35 1.2162216921621365
25 36 1.2726437247513382
25 37 1.196035616475854
25 38 1.3619312550486182
25 39 1.2551689904473493
25 40 1.0821514785139061
25 41 1.0988374149919728
25 42 1.2630416975103023
25 43 1.0761776918522008
25 44 1.2690300872928795
25 45 1.2361100623846146
25 46 1.3965269677424168
25 47 1.1970732009406302
25 48 1.3178678250546794
25 49 1.0025747136695655
25 50 1.121804338409298
25 51 1.1201085825933277
25 52 1.5191813758075743
25 53 1.4494504651294462
25 54 1.2048971138274431
25 55 1.17920027833849
25 56 1.1957800042481483
25 57 1.2215495297503578
25 58 1.1775519751884829
25 59 1.062782199051237
25 60 1.3505997945508479
25 61 1.3012057257089407
25 62 1.0306089062942634
25 63 1.2231541757246371
25 64 1.1351041662394665
25 65 1.040254778056937
25 66 1.2274370898139804
25 67 1.2765714029008537
25 68 1.2547532327299245
25 69 1.2128490144984694
25 70 1.1025070737783063
25 71 1.0966764745858917
25 72 1.1720665453800267
25 73 1.267377983340767
25 74 1.1855034891043437
25 75 1.2212454843991774
25 76 1.407647963497178
25 77 1.146136944212735
25 78 1.2110620774111371
25 79 1.4500113420473209
25 80 1.0728246004595678
25 81 1.0005730809409554
25 82 1.1312467804837227
25 83 1.3334563269135864
25 84 1.2472657558297011
25 85 1.217494332111033
25 86 1.3341091087850077
25 87 1.1765319764444118
25 88 1.3235485501027902
25 89 1.022373790265339
26 27 1.232339942141429
26 28 1.4516800591164891
26 29 1.298735654772084
26 30 1.1852062233929959
26 31 1.291127005576271
26 32 1.2512254141225894
26 33 1.361700300195232
26 34 1.460800561143673
26 35 1.3168761389112038
26 36 1.3626209968570937
26 37 1.3465714593703948
26 38 1.4337573879384133
26 39 1.3453258942172586
26 40 1.186859391747184
26 41 1.2030998754144953
26 42 1.3211610359570403
26 43 1.2429880580990174
26 44 1.2892617682555276
26 45 1.3253935522280291
26 46 1.3543120808947984
26 47 1.2489520470326925
26 48 1.307637839889592
26 49 1.1827194371999992
26 50 1.2557164572597728
26 51 1.3589642333065348
26 52 1.4522363350553704
26 53 1.3878164297988058
26 54 1.3087001745736035
26 55 1.172297602337078
26 56 1.301847759401202
26 57 1.2931361115564783
26 58 1.4154368558011432
26 59 1.2911705921256316
26 60 1.3049761311039692
26 61 1.345736726888161
26 62 1.2365762270778928
26 63 1.3194114495697487
26 64 1.3338759033155934
26 65 1.1275816799349114
26 66 1.2526682494138965
26 67 1.3458849266700725
26 68 1.30934150398582
26 69 1.3162581688610175
26 70 1.2005943112379514
26 71 1.343845422474071
26 72 1.2583288670842396
26 73 1.2203058337546293
26 74 1.2526831790130395
26 75 1.1906260358207896
26 76 1.473697721003044
26 77 1.183807829947868
26 78 1.309315300499151
26 79 1.4311478074130608
26 80 1.2365013924462402
26 81 1.2710392238985078
26 82 1.1955675957595753
26 83 1.3294330405846522
26 84 1.382007774767488
26 85 1.2894587806807711
26 86 1.3974170005513213
26 87 1.2274757188027992
26 88 1.322531270458701
26 89 1.1448819594631678
27 28 1.4503885979786173
27 29 1.3555492581792787
27 30 1.2598091655413912
27 31 1.4352774217139674
27 32 1.1932892794510725
27 33 1.3947631303987584
27 34 1.5118114768261872
27 35 1.273527998026414
27 36 1.366857158780931
27 37 1.3017919415170214
27 38 1.4260898462283653
27 39 1.3145420726877577
27 40 1.2019604905248158
27 41 1.2418436167126772
27 42 1.3322895210203503
27 43 1.2755742055487518
27 44 1.3525266228744715
27 45 1.2124692963278132
27 46 1.4758752256957977
27 47 1.4029896570765654
27 48 1.3792099383187628
27 49 1.1802769490271696
27 50 0.7934267182475616
27 51 1.3441893332764479
27 52 1.56971813112914
27 53 1.4664234544380386
27 54 1.2515888296364304
27 55 1.2512256861577737
27 56 1.3246623999299805
27 57 1.2507359271701177
27 58 1.326646999710441
27 59 1.2315741097312263
27 60 1.2392626174887122
27 61 1.3202564983256455
27 62 1.0755015821436003
27 63 1.2506930261653604
27 64 1.323754878475095
27 65 1.243018997797934
27 66 1.072419534555501
27 67 1.2765597286663504
27 68 1.335047336454956
27 69 1.3052942047978764
27 70 1.2978871042023856
27 71 1.3692280862283497
27 72 1.3455006187478702
27 73 1.2974143385476469
27 74 1.353659144874552
27 75 1.3276143634323319
27 76 1.448933332753464
27 77 1.270628333645348
27 78 1.4362389192444234
27 79 1.4635520294129338
27 80 1.1805862485571104
27 81 1.3646741057542444
27 82 1.2389902734622744
27 83 1.3863244583559577
27 84 1.2468892849891424
27 85 1.3065751224479991
27 86 1.4103194014267115
27 87 1.242328483739424
27 88 1.1940668602004534
27 89 1.2098689437880783
28 29 1.2300965510612878
28 30 1.2740736485288129
28 31 1.2914247572033655
28 32 1.4190172035126676
28 33 1.1929937046354928
28 34 0.5594778018601443
28 35 1.3770630067723313
28 36 1.347286503085649
28 37 1.4199141559021369
28 38 1.3118791794570421
28 39 1.4136417843216538
28 40 1.6100139883398925
28 41 1.5325708055266725
28 42 1.21435059818876
28 43 1.5365546232477212
28 44 1.4158999010931574
28 45 1.2246717463256234
28 46 1.2201306000892251
28 47 1.4548388913142791
28 48 1.5066153152564228
28 49 1.5799447653755965
28 50 1.4417367356010633
28 51 1.425811774713806
28 52 0.7001400966055756
28 53 0.634563655922282
28 54 1.334713574382458
28 55 1.4735433756213774
28 56 1.2710699826505367
28 57 1.4139109122092395
28 58 1.4526112623697238
28 59 1.4776926504567913
28 60 1.2717109776823292
28 61 1.4003850195469325
28 62 1.4899342789546628
28 63 1.444063967983411
28 64 1.4819637430091066
28 65 1.4903163200269545
28 66 1.3943862502932907
28 67 1.3774235148785476
28 68 1.4518594583853517
28 69 1.4324152326204653
28 70 1.3272036569434864
28 71 1.4257304342425658
28 72 1.40752645735994
28 73 1.438166045839644
28 74 1.397150673469539
28 75 1.3421812918562037
28 76 0.8916433641653511
28 77 1.4742956828977367
28 78 1.2744092264645561
28 79 0.6894523483284309
28 80 1.5125292154594807
28 81 1.4295834195464567
28 82 1.5568813716735617
28 83 1.3744316956776064
28 84 1.330677973452434
28 85 1.3218434245649728
28 86 1.3925523725948754
28 87 1.3369461239721783
28 88 1.36340937767015
28 89 1.4423238342579192
29 30 1.2686193842142115
29 31 1.2415748071812125
29 32 1.19839721448893
29 33 1.3064169266030046
29 34 1.1938136657762615
29 35 1.2953391178733047
29 36 1.2125548745814279
29 37 1.3650418874362553
29 38 1.3339857268952826
29 39 1.26745799365524
29 40 1.3309129150274603
29 41 1.3156305367593295
29 42 1.3161828333468422
29 43 1.3640646238353427
29 44 1.321271504858915
29 45 1.3552752687620895
29 46 1.3104220494895877
29 47 1.3546202017797355
29 48 1.3612450726716534
29 49 1.318586861360951
29 50 1.3184151840990983
29 51 1.3610287505950296
29 52 1.2012239505585514
29 53 1.1954819039510904
29 54 1.2511702829673506
29 55 1.2032421114010745
29 56 1.3918110315691683
29 57 1.2737028993953916
29 58 1.4122292040718787
29 59 1.2411290495982676
29 60 1.3216633468177725
29 61 1.2537664721270232
29 62 1.3264642036405836
29 63 1.293661031638319
29 64 1.3194841307201322
29 65 1.161404507990924
29 66 1.2324974538075508
29 67 1.3028509791581253
29 68 1.287956767827918
29 69 1.2602044293157844
29 70 1.0991271075210338
29 71 1.3323646064718997
29 72 1.2737394312160664
29 73 1.4499334432693431
29 74 1.2962775974544547
29 75 1.2733208127920839
29 76 1.2560874311838122
29 77 1.3419910009490188
29 78 1.3069946956656295
29 79 1.207926340084108
29 80 1.297635909309359
29 81 1.2616914583815444
29 82 1.330282433463194
29 83 1.4281324915398326
29 84 1.215239244353396
29 85 1.3024989058524017
29 86 1.3126120223446491
29 87 1.184986146877552
29 88 1.4344403681163802
29 89 1.2159059996827883
30 31 1.2917875260027147
30 32 1.0584049844541181
30 33 1.3349348876739795
30 34 1.295392054189537
30 35 1.275410629334753
30 36 1.278412510621949
30 37 1.3244271691109473
30 38 1.4963344899254327
30 39 1.214987720826342
30 40 1.1806320313045664
30 41 1.1328263457582182
30 42 1.2408905158536043
30 43 1.2141303536691272
30 44 1.284471520987302
30 45 1.2210623851315643
30 46 1.3683841631851512
30 47 1.1318013224406882
30 48 1.284391423598404
30 49 1.130911376951745
30 50 1.265036335712295
30 51 1.2459951746742863
30 52 1.3795294403281462
30 53 1.3076152415934479
30 54 1.1673984949343859
30 55 1.1065842688975807
30 56 1.3175330251991924
30 57 1.2710879903933419
30 58 1.320083458614548
30 59 1.318992681839748
30 60 1.2349048778297111
30 61 1.3124035601072561
30 62 1.1843922327323146
30 63 1.1326432185130801
30 64 1.1349302044885363
30 65 1.1937634217209356
30 66 1.2474565407751763
30 67 1.2870690426381979
30 68 1.2067783872987499
30 69 1.3749545212571115
30 70 1.1286784574544872
30 71 1.0989427456749414
30 72 1.2507659926427723
30 73 1.2421791567244571
30 74 1.1573057613976891
30 75 1.1429338062291943
30 76 1.3576317153384632
30 77 1.2624655427728981
30 78 1.2617311385304755
30 79 1.2908569839467152
30 80 1.2219176862603511
30 81 1.1949925006704585
30 82 1.118207349259577
30 83 1.285169926900292
30 84 1.3651567575765606
30 85 1.215939726082201
30 86 1.391667621397368
30 87 1.1316945399609337
30 88 1.3490832930817334
30 89 1.002760410485283
31 32 1.2289576907627155
31 33 1.3127113502734546
31 34 1.2902140816958394
31 35 1.2997910686707215
31 36 1.2781645700198223
31 37 1.387188186524289
31 38 1.403395334045341
31 39 1.3282482434688931
31 40 1.3161536316014495
31 41 1.3071673192513051
31 42 1.0971952889243164
31 43 1.2962877211170418
31 44 1.256780397064055
31 45 1.3233114572669884
31 46 1.4159469303914836
31 47 1.3785975509316941
31 48 1.423399258509724
31 49 1.3220302923614469
31 50 1.3728866329888638
31 51 1.280582698543758
31 52 1.372524520690241
31 53 1.3453833804583688
31 54 1.2757871704519481
31 55 1.1799760865953894
31 56 1.4159296914219197
31 57 1.3613344827827976
31 58 1.717172395678291
31 59 1.2631555487072343
31 60 1.3249846757849366
31 61 1.1357816924345834
31 62 1.345396655530182
31 63 1.3369866590648716
31 64 1.2825635232396044
31 65 1.2803419162432619
31 66 1.3809462567973834
31 67 1.3094775794565707
31 68 1.3049347311385144
31 69 1.2598144631988835
31 70 1.1235578981603505
31 71 1.2668953687661748
31 72 1.399019436189894
31 73 1.2821161661546652
31 74 1.2464009171658947
31 75 1.3298056832804204
31 76 1.3168594324077494
31 77 1.3145852253620647
31 78 1.4312378225123903
31 79 1.286368475579797
31 80 1.384517625033864
31 81 1.3013666199647829
31 82 1.3617333203351274
31 83 0.9488822968584696
31 84 1.3165168007666965
31 85 1.3545836165896132
31 86 1.317046641806776
31 87 1.1216766051802711
31 88 1.3671315560617106
31 89 1.1801971013191204
32 33 1.300752678952509
32 34 1.4236404501580873
32 35 1.2387660631130741
32 36 1.1010860022108966
32 37 1.1562371751507567
32 38 1.2800376865924856
32 39 1.1857031622475178
32 40 1.004299655006533
32 41 0.995250011566727
32 42 1.1067483340475355
32 43 1.0394036814692793
32 44 1.1807893207939721
32 45 1.139941250103705
32 46 1.4087752853910085
32 47 1.3095567807498554
32 48 1.2306016270579399
32 49 0.9341028072085408
32 50 1.2466269234496248
32 51 1.081743974741139
32 52 1.449163869546361
32 53 1.4020642496429743
32 54 1.1242187548410556
32 55 1.177422802125925
32 56 1.2523502188526239
32 57 1.1591372548106456
32 58 1.2756829089298936
32 59 1.2100386270683514
32 60 1.1282258391187556
32 61 1.1700187438877956
32 62 1.0712686445475514
32 63 1.2787203333245294
32 64 1.0619824657539711
32 65 1.012721494690309
32 66 1.183708538160184
32 67 1.2238007841485976
32 68 1.2132431227976848
32 69 1.1313250898000036
32 70 0.9956901720448613
32 71 1.115813465710094
32 72 1.1863676669915713
32 73 1.3790438944733607
32 74 1.1307509672350335
32 75 1.1276061171414333
32 76 1.4127240680441597
32 77 1.1027283031556514
32 78 1.1576819393813733
32 79 1.352685011383109
32 80 0.9725920388351265
32 81 1.1816326010768783
32 82 1.0106904627040378
32 83 1.1547132434301446
32 84 1.376105745900927
32 85 1.1677205915136324
32 86 1.319733065705563
32 87 1.2009070419508605
32 88 1.2390989781835842
32 89 0.9159873903561373
33 34 1.1130634221978988
33 35 1.3324171313961317
33 36 1.1928142369398549
33 37 1.2747568978813146
33 38 1.2501813432805622
33 39 1.167839704519267
33 40 1.4312136204164336
33 41 1.4446614806233677
33 42 1.2684329578485174
33 43 1.4734354057929753
33 44 1.3157904429640197
33 45 1.294032150479684
33 46 1.27935615519534
33 47 1.4216063092324496
33 48 1.4294192524514315
33 49 1.3883236899648446
33 50 1.2913616662436649
33 51 1.2385740442753312
33 52 1.1952293627256028
33 53 1.094566284893324
33 54 1.3584691227831978
33 55 1.4906585648882593
33 56 1.2467768542661477
33 57 1.360384424377965
33 58 1.398345317168157
33 59 1.2678741484115699
33 60 1.437264661570255
33 61 1.3363902228196929
33 62 1.3331583731028873
33 63 1.5115059650863671
33 64 1.3269093317016039
33 65 1.2713725664987456
33 66 1.2711145572406324
33 67 1.3767047925360392
33 68 1.5088808383645633
33 69 1.4238635087394278
33 70 1.3030269008869513
33 71 1.3214848353168438
33 72 1.195464321236261
33 73 1.3726394714617496
33 74 1.424150731947959
33 75 1.3385059273779032
33 76 1.211860920924077
33 77 1.3968304485803622
33 78 1.3120224377719238
33 79 1.1499195654528807
33 80 1.370737026136844
33 81 1.4049849610149414
33 82 1.40742437302065
33 83 1.3570171136596216
33 84 1.282553410247764
33 85 1.2851625349682942
33 86 1.377613774187913
33 87 1.3957697949867096
33 88 1.317668957257953
33 89 1.3885138016279988
34 35 1.4516963354322914
34 36 1.324429486012257
34 37 1.3791492718050289
34 38 1.3116775175712532
34 39 1.3710560852722717
34 40 1.631087683475779
34 41 1.5622013606559804
34 42 1.1995083591633098
34 43 1.5517667797243546
34 44 1.427763895347886
34 45 1.2485471246410962
34 46 1.2749234333209958
34 47 1.4786579855582844
34 48 1.52411546614751
34 49 1.5784110037183328
34 50 1.44246061778402
34 51 1.4108245236628145
34 52 0.6598064562758773
34 53 0.5558984457364259
34 54 1.3483316414883764
34 55 1.5255787472734592
34 56 1.276889349520651
34 57 1.4357942405791895
34 58 1.4901058197140369
34 59 1.430713123471732
34 60 1.3041273390875252
34 61 1.371365556426911
34 62 1.491140122007706
34 63 1.440131190197587
34 64 1.4547328063083942
34 65 1.4820300402638797
34 66 1.3806799665852225
34 67 1.4508539691966236
34 68 1.450475922187133
34 69 1.4471513673912753
34 70 1.3217752405268823
34 71 1.382119364666821
34 72 1.365191645467062
34 73 1.4638644075966576
34 74 1.3761717574343135
34 75 1.356345399259805
34 76 0.8724540052876536
34 77 1.4914968804518884
34 78 1.299188125200381
34 79 0.6480724570040445
34 80 1.4973791613121445
34 81 1.4249459490780194
34 82 1.5815305709843082
34 83 1.3739222587209663
34 84 1.330270241680558
34 85 1.3395601214221713
34 86 1.3537237898677292
34 87 1.3560053438760382
34 88 1.3736819836868157
34 89 1.3897126186269082
35 36 1.285259236287517
35 37 1.2506450996129415
35 38 1.4106498195692652
35 39 1.3383237638457814
35 40 1.2567237765601933
35 41 1.2218319988999569
35 42 1.3373399919991398
35 43 1.3235453630575855
35 44 1.323102953662257
35 45 1.3362286581572331
35 46 1.4240580744354996
35 47 1.1238791235014074
35 48 1.3132829478981713
35 49 1.2180686724459922
35 50 1.253501278789154
35 51 1.290415878424664
35 52 1.5124653085445015
35 53 1.4294084160217988
35 54 1.2715561761161576
35 55 1.2554748905281041
35 56 1.3523753527498863
35 57 1.3260488073157275
35 58 1.38176682376463
35 59 1.3257703111982102
35 60 1.372826635333515
35 61 1.3241778452115123
35 62 1.2534381556188308
35 63 1.2996716191977318
35 64 1.2546914281815396
35 65 1.170240655188594
35 66 1.2445260018642297
35 67 1.0505294028085865
35 68 1.3365402624159426
35 69 1.3452653525925615
35 70 1.2308961032337022
35 71 1.3097804369665351
35 72 1.3706158898733083
35 73 1.3644968450914936
35 74 1.2521077694562168
35 75 1.3087677369225992
35 76 1.4235066333256998
35 77 1.2301896695271757
35 78 1.3911750308139936
35 79 1.4370339942101678
35 80 1.28836727754398
35 81 1.2684210608455617
35 82 1.2138266476749864
35 83 1.2401755404714454
35 84 1.3252454426917388
35 85 1.324234445787169
35 86 1.3742717646687383
35 87 1.197060724260705
35 88 1.2682645936739745
35 89 1.2650247731777295
36 37 1.1989252165053392
36 38 1.3437587243033062
36 39 1.2458520756821918
36 40 1.2977183592075412
36 41 1.296831453264564
36 42 1.2619411137893597
36 43 1.3439779847634474
36 44 1.2283646030757431
36 45 1.223077691517685
36 46 1.3794928956471126
36 47 1.4372901130308056
36 48 1.3584668944608562
36 49 1.307970040863768
36 50 1.2602911681682525
36 51 1.1519583158403865
36 52 1.3567918365305627
36 53 1.2977459205523154
36 54 1.310088690916133
36 55 1.2265148267897132
36 56 1.3330100542441639
36 57 1.174528941965859
36 58 1.341704668637396
36 59 1.2679969992460283
36 60 1.4075604986273862
36 61 1.2521834410848325
36 62 1.287039921944172
36 63 1.4258456481601405
36 64 1.0949630240585524
36 65 1.2433269906973106
36 66 1.3245824605979406
36 67 1.2933912165458803
36 68 1.341334782605021
36 69 1.3329046144979677
36 70 1.0349177693980258
36 71 1.2967878758415115
36 72 1.3074196970154057
36 73 1.3842513579848985
36 74 1.293055232772934
36 75 1.1656102593743316
36 76 1.3911562208011319
36 77 1.1982210853010224
36 78 1.3266173907478536
36 79 1.3115319972913286
36 80 1.3444343414831896
36 81 1.1730543356756977
36 82 1.2872302660809145
36 83 1.2662365094641699
36 84 1.3203562425014082
36 85 1.2965546038652294
36 86 1.196801342264133
36 87 1.1174258273947333
36 88 1.3253237824740876
36 89 1.2161258640599952
37 38 1.3096031814740583
37 39 1.2616518314303944
37 40 1.2507467699322852
37 41 1.1264113708336692
37 42 1.1721729481417904
37 43 1.225303777449965
37 44 1.4266598846230463
37 45 1.2121203493319257
37 46 1.3998321286773312
37 47 1.3737703774023917
37 48 1.3168783814771592
37 49 1.1738317452733324
37 50 1.29501858922323
37 51 1.203007302565791
37 52 1.4187232545904984
37 53 1.404214499409437
37 54 1.1844929221758598
37 55 1.3774845310823673
37 56 1.2187914392400787
37 57 1.1992493209322836
37 58 1.3025575774618972
37 59 1.2267719557632417
37 60 1.2332573605554407
37 61 1.3017626778585307
37 62 1.2860472639119158
37 63 1.3608420700680135
37 64 1.2531410744277345
37 65 1.188925112392836
37 66 1.2693322712473534
37 67 1.4864067477794567
37 68 1.3339830433095543
37 69 1.3548861840722841
37 70 1.2133163611335294
37 71 1.1913296073929909
37 72 1.3841068442486446
37 73 1.4542677143642782
37 74 1.2945734776948048
37 75 1.2450115817675182
37 76 1.416394353635042
37 77 1.1779447411032207
37 78 1.1597255550689851
37 79 1.3550180544554011
37 80 1.1961835978976936
37 81 1.2912298114249134
37 82 1.222503213032743
37 83 1.403919696536843
37 84 1.292634102847259
37 85 1.2032267999848358
37 86 1.3170242875274356
37 87 1.3286358002064003
37 88 1.3127949447718321
37 89 1.2453451695992805
38 39 1.3552672435852242
38 40 1.495588229467983
38 41 1.4705224542122437
38 42 1.3726309181069314
38 43 1.4897031540462298
38 44 1.4523158637296083
38 45 1.3252973951898577
38 46 1.3978113910306016
38 47 1.4805411917087374
38 48 1.3500438316900918
38 49 1.4722415071594321
38 50 1.399484132196485
38 51 1.3933169390512092
38 52 1.298443989662966
38 53 1.3076354780110504
38 54 1.3779952054127234
38 55 1.4489466370276105
38 56 1.3571601348036613
38 57 1.2154628478744565
38 58 1.4135440797339243
38 59 1.3483730976374966
38 60 1.3119525714880125
38 61 1.2302234027662002
38 62 1.3389262749246842
38 63 1.5142771706729956
38 64 1.4392265856125692
38 65 1.365036131387637
38 66 1.2909973084442232
38 67 1.3654667642517189
38 68 1.3674790576052334
38 69 1.375762579508505
38 70 1.3523652074398134
38 71 1.4003310085977012
38 72 1.3883571790868288
38 73 1.4283115493682232
38 74 1.4498835124454412
38 75 1.3888593258109652
38 76 1.2806122695719382
38 77 1.455319869726434
38 78 1.280947402453208
38 79 1.287724842616651
38 80 1.366979934835291
38 81 1.4454397834363282
38 82 1.4989597004043478
38 83 1.3925238683633645
38 84 1.2426403346499295
38 85 1.3927493222747733
38 86 1.598376255245198
38 87 1.387022314874749
38 88 1.4330562496571793
38 89 1.407577288768532
39 40 1.310419597813534
39 41 1.327652038514078
39 42 1.290688649632659
39 43 1.3449273423067274
39 44 1.2883894387010053
39 45 1.2768838749599936
39 46 1.350562311610049
39 47 1.2749027952090046
39 48 1.2064807564507
39 49 1.282466090307399
39 50 1.189237962933132
39 51 1.278121907620605
39 52 1.4246148590491077
39 53 1.3668298476931415
39 54 1.3261224082534278
39 55 1.2795181637867388
39 56 1.3068256333534387
39 57 1.2689239736926894
39 58 1.3185590262114677
39 59 1.300002471391336
39 60 1.454885669830035
39 61 1.2631783920010986
39 62 1.3480163251520993
39 63 1.4053409051803885
39 64 1.3644450218666258
39 65 1.1538643796024926
39 66 1.4207912830539087
39 67 1.3916220359649976
39 68 1.3604810328842885
39 69 1.333276520438269
39 70 1.174658576925907
39 71 1.2801273194751237
39 72 1.0531006967750858
39 73 1.3365185117340304
39 74 1.3911025931749388
39 75 1.294407246811191
39 76 1.3313021880447684
39 77 1.3180001644826138
39 78 1.3826048809920826
39 79 1.3953446559859846
39 80 1.3533029685082607
39 81 1.313964142585769
39 82 1.2818627558566613
39 83 1.3318551301296238
39 84 1.2690398662332367
39 85 1.1736311001986204
39 86 1.2848188763750423
39 87 1.2457349226174208
39 88 1.3880444757704864
39 89 1.1614458070722253
40 41 0.6051351852960655
40 42 1.1237372081618455
40 43 0.8772853015526194
40 44 1.2043783258724732
40 45 1.1834142945149322
40 46 1.402757945672884
40 47 1.1957919324884467
40 48 1.2367640531059065
40 49 0.6069709579612934
40 50 1.18396822944088
40 51 1.1362665769270388
40 52 1.6828393339834253
40 53 1.5957965842029624
40 54 1.0839913808461632
40 55 1.202727329794203
40 56 1.3920108815523942
40 57 1.2576923549193073
40 58 1.3774266239990052
40 59 1.1925323015802443
40 60 1.2331348960365984
40 61 1.355217138740326
40 62 1.1779717963804195
40 63 1.285820221657102
40 64 1.108073761144292
40 65 0.9728093962428264
40 66 1.1991600208240056
40 67 1.1937809144687068
40 68 1.2453016914618522
40 69 1.2872358322699033
40 70 1.1565590776626107
40 71 1.2063067249141626
40 72 1.2975537882444097
40 73 1.3490811067979371
40 74 1.2029106375202219
40 75 1.19285664514732
40 76 1.5576998341089672
40 77 0.9861467793420565
40 78 1.229382001444982
40 79 1.5513155716516864
40 80 1.1016424823503013
40 81 1.1507996147430684
40 82 0.5041702021569892
40 83 1.2521157446948699
40 84 1.4436992216798263
40 85 1.2155190414147061
40 86 1.380085588556761
40 87 1.2706475978738978
40 88 1.2539498850976116
40 89 0.9599632658901451
41 42 1.0756199181714592
41 43 0.8674320071452849
41 44 1.2387110988839243
41 45 1.162880967834963
41 46 1.4250994931490513
41 47 1.1574019528061479
41 48 1.2343219607895635
41 49 0.6241792106488413
41 50 1.2242656639780274
41 51 1.1201451820385075
41 52 1.600011398323887
41 53 1.5740756628275925
41 54 1.1026315842986119
41 55 1.1993476586449128
41 56 1.4031743152512786
41 57 1.159682881587118
41 58 1.3526764740974422
41 59 1.1788881178457087
41 60 1.1948969744367461
41 61 1.3603652517906781
41 62 1.1560060559043241
41 63 1.2687299802357945
41 64 1.0581534170957776
41 65 0.997082903004855
41 66 1.1836845032606746
41 67 1.2407815622623153
41 68 1.2523923544307463
41 69 1.2629350207633903
41 70 1.1262196939506843
41 71 1.193041039408905
41 72 1.3120019672797525
41 73 1.3757412015931723
41 74 1.1314771013329443
41 75 1.1551024834964052
41 76 1.5339135108510795
41 77 0.848077903248755
41 78 1.1697312958601407
41 79 1.5157025084794546
41 80 1.1290974153112217
41 81 1.182856808158021
41 82 0.5420630096712713
41 83 1.2490718521954889
41 84 1.4166192911606312
41 85 1.1814760295872424
41 86 1.3651815657703097
41 87 1.2706896147198588
41 88 1.1935123103885543
41 89 0.9968891415951646
42 43 1.126263850121921
42 44 1.2833695725640422
42 45 0.9765386811414967
42 46 1.247297998173472
42 47 1.2691671186877167
42 48 1.3873823428541596
42 49 1.1050892553425988
42 50 1.273612654231319
42 51 1.2506071790303424
42 52 1.3043584279718572
42 53 1.2704967270032015
42 54 1.063210941136919
42 55 1.3144913338814417
42 56 1.2511861887725233
42 57 1.3104088804309069
42 58 1.501922696460631
42 59 1.227353309591143
42 60 1.1830709381864415
42 61 1.194642296047413
42 62 1.3190402375057162
42 63 1.3694937212398572
42 64 1.338573173300418
42 65 1.155279340972928
42 66 1.3006783680386806
42 67 1.2076535954834744
42 68 1.2977204385074832
42 69 1.2916642351549552
42 70 1.084984004085114
42 71 1.218517854356575
42 72 1.3064235015458083
42 73 1.4195792856366911
42 74 1.323048041901628
42 75 1.188735131468971
42 76 1.3250604360384293
42 77 1.1390228569205585
42 78 1.0747589417482448
42 79 1.2062823154179496
42 80 1.2958846206221162
42 81 1.2555111787987396
42 82 1.1235648209582965
42 83 1.1992948172425757
42 84 1.339610762082614
42 85 1.2247088508201538
42 86 1.289555798866376
42 87 1.2333660318126274
42 88 1.2591966391388536
42 89 1.0837015253339168
43 44 1.315618533530847
43 45 1.145240214448737
43 46 1.384713255449607
43 47 1.2442752299377766
43 48 1.2594687457811435
43 49 0.939902125182717
43 50 1.3113554379849468
43 51 1.1650689577958186
43 52 1.5165365013779841
43 53 1.543069802901194
43 54 1.1464304822249844
43 55 1.2591733261315625
43 56 1.3583252066545881
43 57 1.223968945071811
43 58 1.3784905587059342
43 59 1.236745230556989
43 60 1.250577861295416
43 61 1.4377018449930878
43 62 1.215872040237015
43 63 1.3191458501485
43 64 1.1136931867312736
43 65 1.1954245676378694
43 66 1.2379681393009376
43 67 1.2927888947778567
43 68 1.245597942711372
43 69 1.276929613960207
43 70 1.2078530470176139
43 71 1.2561468862186111
43 72 1.3307876938100176
43 73 1.339897519832591
43 74 1.1362486355059769
43 75 1.2293213268616467
43 76 1.4908895432910856
43 77 1.0574065336039606
43 78 1.184635610261448
43 79 1.521425791989463
43 80 1.2124374293353484
43 81 1.168553959881555
43 82 0.9063703982461825
43 83 1.2780367956556986
43 84 1.4009471101311415
43 85 1.2381676002648956
43 86 1.422556381768305
43 87 1.321042408631454
43 88 1.3101341182444517
43 89 1.0771916340602963
44 45 1.303416514268512
44 46 1.397840256426623
44 47 1.3810123518471227
44 48 1.398499349697842
44 49 1.1863545740733152
44 50 1.3486612058093927
44 51 1.3626360734519425
44 52 1.4430089425915646
44 53 1.4225825050258363
44 54 1.249513891700878
44 55 1.2725002937710153
44 56 1.3548108919849267
44 57 1.314457490952365
44 58 1.4634389194956476
44 59 1.2790073711414378
44 60 1.3442393525319367
44 61 1.2787546958448932
44 62 1.1774198889322933
44 63 1.248911380714633
44 64 1.3020770860388133
44 65 1.2380412175614584
44 66 1.3763529370505447
44 67 1.2494225860782961
44 68 1.3420916324447119
44 69 1.244976338159254
44 70 1.2226822458294697
44 71 1.3038070203798495
44 72 1.3334061481064317
44 73 1.2885439658569804
44 74 1.350870131105143
44 75 1.2742456324981029
44 76 1.390680115309941
44 77 1.2201522920897232
44 78 1.34103407234613
44 79 1.4164961935068592
44 80 1.262938642404209
44 81 1.2600547433809848
44 82 1.256966433317452
44 83 1.2614684041202289
44 84 1.4355512715493755
44 85 1.3002570772578368
44 86 1.332168671716593
44 87 1.2345362038967962
44 88 1.2976404963104107
44 89 1.2290501053106266
45 46 1.3461653481780937
45 47 1.3271280078864325
45 48 1.3987123949141806
45 49 1.1285391038300223
45 50 1.321679329833981
45 51 1.2979806313265383
45 52 1.2942512591303137
45 53 1.2928174545053697
45 54 1.1606846823624595
45 55 1.2934386758492153
45 56 1.3658813648430266
45 57 1.2573374624895453
45 58 1.3663399255693611
45 59 1.2800962740963917
45 60 1.248204240177147
45 61 1.2744885905453958
45 62 1.2538703775400208
45 63 1.3267618560801404
45 64 1.2931161303382173
45 65 1.2926235097708871
45 66 1.330411943436743
45 67 1.2910735663219572
45 68 1.3172369963376136
45 69 1.4017622042184437
45 70 1.1045492088164723
45 71 1.3117104596637872
45 72 1.3592384513003588
45 73 1.3921999282647326
45 74 1.3373884772562803
45 75 1.1789865256292342
45 76 1.3408803118691444
45 77 1.2192502154181444
45 78 1.1383900267891087
45 79 1.2461050803412212
45 80 1.3603673222490824
45 81 1.3105809960890897
45 82 1.2019522050257798
45 83 1.2449667294286573
45 84 1.4402151625373132
45 85 1.1579079234221668
45 86 1.3429216846920284
45 87 1.2333269929538186
45 88 1.158856098483663
45 89 1.1211322102545178
46 47 1.364475538299435
46 48 1.421830957255802
46 49 1.4305810603198394
46 50 1.4808144662345577
46 51 1.4530117759176815
46 52 1.2612181945329146
46 53 1.2887370891077674
46 54 1.3250838594137018
46 55 1.424344556407296
46 56 1.3469058320377614
46 57 1.3604165621863882
46 58 1.361249298019717
46 59 1.458818344352529
46 60 1.375227329182116
46 61 1.45070906481112
46 62 1.4240216680570392
46 63 1.41016201382041
46 64 1.4136742300368206
46 65 1.3104764556668649
46 66 1.3987217589376881
46 67 1.3446672870708127
46 68 1.3440599123181123
46 69 1.408443502177505
46 70 1.3488968414352034
46 71 1.4162537581909505
46 72 1.320712843489067
46 73 1.4117406951139047
46 74 1.3691231284902232
46 75 1.428983712762827
46 76 1.2928775537510029
46 77 1.477558532316464
46 78 1.367716580032131
46 79 1.2066868309237224
46 80 1.3727712951870639
46 81 1.2827339706516134
46 82 1.3951935444394208
46 83 1.4523816234280893
46 84 1.2936611325659195
46 85 1.3663854939541409
46 86 1.4010904538097197
46 87 1.446908286455041
46 88 1.397001930150244
46 89 1.42653561730477
47 48 1.2583388040536851
47 49 1.1768014610157234
47 50 1.3474732478495868
47 51 1.369607137682944
47 52 1.5194300194321468
47 53 1.4945675062887207
47 54 1.2701010480631105
47 55 1.2311531673049634
47 56 1.3784812214412046
47 57 1.3499247679858712
47 58 1.4110033094916485
47 59 1.3690428976894904
47 60 1.3305352210918198
47 61 1.3228324045032225
47 62 1.2748452229579113
47 63 1.2929476846568093
47 64 1.2557983056801736
47 65 1.056370268208387
47 66 1.3666234876507446
47 67 1.3228517069095922
47 68 1.3849354319234415
47 69 1.4247208556246242
47 70 1.235942977368685
47 71 1.2720878684560797
47 72 1.3268994920586863
47 73 1.345301880587286
47 74 1.214874077595754
47 75 1.195257940669161
47 76 1.4303880309517834
47 77 1.2112571009057644
47 78 1.3246337562083106
47 79 1.4451343198525577
47 80 1.3667119429138737
47 81 1.2373729276519965
47 82 1.158702749295823
47 83 1.3431947269256004
47 84 1.3823740512366534
47 85 1.2287994005026603
47 86 1.4192780078299685
47 87 1.3563317240204804
47 88 1.361792698205912
47 89 1.247772675233193
48 49 1.1576932356609733
48 50 1.3463753685399693
48 51 1.2949277144220224
48 52 1.5354752346626492
48 53 1.4783275776567208
48 54 1.3524901383350307
48 55 1.3840629311768828
48 56 1.2190119013975116
48 57 1.271846435384382
48 58 1.2364520661050824
48 59 1.3239027535018346
48 60 1.2672536089811128
48 61 1.4752896185264301
48 62 1.3587788244864851
48 63 1.3757066684370083
48 64 1.1994286848130304
48 65 1.1555263916960699
48 66 1.3628528853042765
48 67 1.427661281041373
48 68 1.3926310417992913
48 69 1.2694298477687778
48 70 1.2933775724213281
48 71 1.3453552744717538
48 72 1.3189537601660575
48 73 1.3298971172041976
48 74 1.1808433320210692
48 75 1.2672484688652603
48 76 1.4558420398261762
48 77 1.2535253960206472
48 78 1.4131871448711955
48 79 1.4474684710168013
48 80 1.2236244987599096
48 81 1.4421375459583792
48 82 1.1530443433442796
48 83 1.3941065546347613
48 84 1.3802611432297476
48 85 1.2439914139327803
48 86 1.2670668538447036
48 87 1.3994382879896596
48 88 1.3701008464033995
48 89 1.3359462825487052
49 50 1.1518339932114365
49 51 1.0452521415509028
49 52 1.620215932680405
49 53 1.5570648594387155
49 54 1.068585154983307
49 55 1.1942126458283757
49 56 1.30531245769328
49 57 1.1612837416695487
49 58 1.2968161610800868
49 59 1.1605625825497417
49 60 1.157139131555366
49 61 1.316262997603753
49 62 1.110279531332397
49 63 1.2967366271498424
49 64 1.0364104721950025
49 65 0.8766546698462564
49 66 1.2100000098685957
49 67 1.2328694234404423
49 68 1.3226657400466657
49 69 1.209667391988688
49 70 1.1758867524717311
49 71 1.1592796947108757
49 72 1.2844527657884892
49 73 1.3557960744076443
49 74 1.1693028767684357
49 75 1.1340171237764765
49 76 1.5026047881936528
49 77 0.8982433120368247
49 78 1.1937888173314986
49 79 1.5019332789911277
49 80 1.0176260204412972
49 81 1.2232815119153293
49 82 0.6308257845448497
49 83 1.2604984154678434
49 84 1.4207938765829902
49 85 1.109057188537461
49 86 1.3010702451401908
49 87 1.328723255643724
49 88 1.1968997700401482
49 89 0.9246245540356903
50 51 1.2701609432628855
50 52 1.5143792737509234
50 53 1.4247342059841668
50 54 1.1268087058071283
50 55 1.2704893965737065
50 56 1.2499375883491586
50 57 1.1390522457361576
50 58 1.3334605595789235
50 59 1.1914061369857158
50 60 1.259445631914401
50 61 1.2797990875917649
50 62 1.1055756728492392
50 63 1.4223079302712787
50 64 1.3347609131078577
50 65 1.1010588219533852
50 66 1.0973740975132253
50 67 1.2252096043101657
50 68 1.3657958697414787
50 69 1.2991655061426317
50 70 1.324635425710589
50 71 1.3378011292614325
50 72 1.2122067772570113
50 73 1.3218252408746782
50 74 1.3475853287649324
50 75 1.2824840814479341
50 76 1.3663437368893756
50 77 1.1727920473387567
50 78 1.3959650282241232
50 79 1.3876565851281442
50 80 1.1337772170204177
50 81 1.3174195706684397
50 82 1.1800029852490406
50 83 1.3469039710747883
50 84 1.10220246623161
50 85 1.3367046057258833
50 86 1.3799712986308104
50 87 1.2445254018783412
50 88 1.2780083389493795
50 89 1.1312066601218442
51 52 1.4545063934928113
51 53 1.3610108127232539
51 54 1.26610558003626
51 55 1.3283215571060494
51 56 1.2567518392321666
51 57 1.2362821177652428
51 58 1.2794049922890782
51 59 1.1596056935655714
51 60 1.3546051074795085
51 61 1.3369040492060986
51 62 1.278208933499353
51 63 1.4659078116274895
51 64 0.9988232715103905
51 65 1.064163419229035
51 66 1.3583330517732226
51 67 1.295260122575846
51 68 1.4229813970255583
51 69 1.3591876385790553
51 70 1.2825159032766067
51 71 1.0729455538738537
51 72 1.2686751954266957
51 73 1.3507128825612775
51 74 1.1963831272364966
51 75 1.210611874032549
51 76 1.3760785191190334
51 77 1.1066331169376278
51 78 1.313421481390757
51 79 1.3709020498570927
51 80 1.2578086620307605
51 81 1.2297284945427884
51 82 1.0841017009523035
51 83 1.2792300913712127
51 84 1.3849024754448274
51 85 1.209843292218825
51 86 1.247600585255069
51 87 1.3537562449636262
51 88 1.3265657020554251
51 89 1.1271726739213181
52 53 0.7096848960891539
52 54 1.3957117855793302
52 55 1.4843073893217913
52 56 1.3325449642788882
52 57 1.4366351089977294
52 58 1.433417674344267
52 59 1.4203391225583044
52 60 1.3472670660234
52 61 1.4177656233591631
52 62 1.4947866193546395
52 63 1.4788248078663637
52 64 1.5233773455239559
52 65 1.5283133663853723
52 66 1.3947333733598686
52 67 1.5217690067340872
52 68 1.4587058627777167
52 69 1.446695208410244
52 70 1.418432974982813
52 71 1.4399795825621977
52 72 1.3877218143648515
52 73 1.4399813774358214
52 74 1.4543070502521793
52 75 1.374614888688582
52 76 0.9835552469473864
52 77 1.5300124367570986
52 78 1.3434378244104197
52 79 0.805507921202254
52 80 1.4993073709385283
52 81 1.452661008235464
52 82 1.6200420874068013
52 83 1.402110952249753
52 84 1.3308817253187357
52 85 1.3694349935048848
52 86 1.4209660489408429
52 87 1.43419967795602
52 88 1.3962285733886475
52 89 1.4737587212664882
53 54 1.357909836680318
53 55 1.5297030470674318
53 56 1.2335962695959042
53 57 1.4587813610687939
53 58 1.4314635291771423
53 59 1.4066227635299076
53 60 1.3504780169058455
53 61 1.3835676744577134
53 62 1.4525374922651917
53 63 1.4710839525888828
53 64 1.473124796495716
53 65 1.4473698144224756
53 66 1.3337260818807344
53 67 1.460201080449587
53 68 1.4935779968153198
53 69 1.4267916239759375
53 70 1.372738603952172
53 71 1.38407611799532
53 72 1.3408202571462768
53 73 1.4217171091494043
53 74 1.427748073708476
53 75 1.3536047245178442
53 76 0.8061331865816563
53 77 1.495840637830445
53 78 1.3285055682469342
53 79 0.760311506983018
53 80 1.4360116842906534
53 81 1.3808302585194143
53 82 1.54887202889294
53 83 1.4076412362363782
53 84 1.2825852790370325
53 85 1.318864785790424
53 86 1.3489301672783645
53 87 1.3694934610336091
53 88 1.397827902831459
53 89 1.3974843955875587
54 55 1.278004407549411
54 56 1.3241248768809593
54 57 1.1682458096003243
54 58 1.3831231919026217
54 59 1.1851875350934604
54 60 0.9668632081349057
54 61 1.282955354066345
54 62 1.2057649092722909
54 63 1.3029235909560195
54 64 1.2879241703549393
54 65 1.1354557009583224
54 66 1.2282293143056653
54 67 1.3763626467162007
54 68 1.3011643742130812
54 69 1.2869807140529408
54 70 1.2189196988795858
54 71 1.2275644408184287
54 72 1.3632998866968966
54 73 1.4741297289546882
54 74 1.2261446410801529
54 75 1.2125265390608826
54 76 1.369700491051935
54 77 1.1275578995233957
54 78 1.11193182580833
54 79 1.293303471627295
54 80 1.0816389366841548
54 81 1.2575186872189366
54 82 1.0569113815232716
54 83 1.2609949638849327
54 84 1.272576088718511
54 85 1.2523673120218077
54 86 1.385991415258785
54 87 1.2128473303011098
54 88 1.3089365549942555
54 89 1.1154738285744266
55 56 1.4420813797932517
55 57 1.216340129598932
55 58 1.418970470609364
55 59 1.2452411473695204
55 60 1.3425492762631943
55 61 1.0144816268418855
55 62 1.1189669285841652
55 63 1.1282067945839136
55 64 1.2399735516575074
55 65 1.150445479301972
55 66 1.381525454015001
55 67 1.2709627506652843
55 68 1.102109744895093
55 69 1.3464260250267222
55 70 0.9868114537349343
55 71 1.19588085510564
55 72 1.3155671388949666
55 73 1.2018907742969227
55 74 1.224922688640624
55 75 1.1432998506491068
55 76 1.5389351033376504
55 77 1.212544256849697
55 78 1.4083681395983811
55 79 1.4788839155097226
55 80 1.2804325842235267
55 81 1.2141194482220692
55 82 1.24572228927116
55 83 1.1687944357406297
55 84 1.4760546021916077
55 85 1.2460535334437273
55 86 1.3191669615378554
55 87 0.9141138458896296
55 88 1.3310418843910348
55 89 1.06354530074333
56 57 1.3277065950838993
56 58 1.250763555342583
56 59 1.3283252537324068
56 60 1.2859132201517334
56 61 1.433916800422003
56 62 1.2236873117701577
56 63 1.4186809029587897
56 64 1.3469112945970716
56 65 1.2289073482207649
56 66 1.3360670010235918
56 67 1.3539208292071332
56 68 1.4745315104262953
56 69 1.3332749926170324
56 70 1.324127063624558
56 71 1.2837587238755264
56 72 1.2935481791465746
56 73 1.2741056083840847
56 74 1.3370597852696329
56 75 1.1751128794252887
56 76 1.2519941489988902
56 77 1.307678756791945
56 78 1.2591294266503466
56 79 1.2665492164207537
56 80 1.323831392013244
56 81 1.3389197694444586
56 82 1.3800712974988882
56 83 1.470170492634486
56 84 1.2543757362793504
56 85 1.1614019302634753
56 86 1.2529226156000306
56 87 1.4340880258374593
56 88 1.3418377208499088
56 89 1.2878531181451265
57 58 1.2302643941959548
57 59 1.2565086541885384
57 60 1.1884015603603373
57 61 1.2936660857649043
57 62 1.1282100331616367
57 63 1.374468338445671
57 64 1.2159046885008362
57 65 1.1139163824444593
57 66 1.2873020677091798
57 67 1.340835934963283
57 68 1.2230734035334843
57 69 1.2687072490095452
57 70 1.2228994506829596
57 71 1.3032254946033361
57 72 1.315530804257811
57 73 1.2901006369170134
57 74 1.2923695481796258
57 75 1.172287069791939
57 76 1.4409041055944534
57 77 1.0324784425961604
57 78 1.2481691727390467
57 79 1.375951913431317
57 80 1.2238613428673675
57 81 1.3254791840317195
57 82 1.219819329029647
57 83 1.3295316906670471
57 84 1.2995608811606536
57 85 1.279603135845014
57 86 1.3769871003720904
57 87 1.2705998905315494
57 88 1.313884100643112
57 89 1.2210998047257844
58 59 1.2812458301076837
58 60 1.3538750545096385
58 61 1.423804798651714
58 62 1.3792225658427966
58 63 1.4150446043716938
58 64 1.265731181029418
58 65 1.2798330410242966
58 66 1.3813045775026345
58 67 1.4413234083485449
58 68 1.3577472886370554
58 69 1.3152340269401435
58 70 1.3708446915483703
58 71 1.3413665750765218
58 72 1.1814412459003696
58 73 1.2697177677056088
58 74 1.393975959632978
58 75 1.314324678726904
58 76 1.4666297401243158
58 77 1.2826771415991525
58 78 1.3619217265918473
58 79 1.3759530831289224
58 80 1.2109746413338445
58 81 1.3514734930902343
58 82 1.3122542796694792
58 83 1.5015034848893516
58 84 1.411325504191466
58 85 1.279795235146482
58 86 1.3369602250036214
58 87 1.4305030811175277
58 88 1.3627371120459166
58 89 1.3106869621387514
59 60 1.3523917212183578
59 61 1.2524614002686576
59 62 1.2076105513192217
59 63 1.268665888239627
59 64 1.209389969433464
59 65 1.0803407444023023
59 66 1.2516296562085454
59 67 1.4115616634202033
59 68 1.2524134471288162
59 69 1.311868589148528
59 70 1.2018875537165892
59 71 1.2816717435036096
59 72 1.2234178917450316
59 73 1.3759830285990982
59 74 1.3017779330685528
59 75 1.3651111812520038
59 76 1.4408691301940584
59 77 1.1849174054713623
59 78 1.3470265135071955
59 79 1.389708010086322
59 80 1.2116344416951452
59 81 1.2303831907501803
59 82 1.1628936914274675
59 83 1.276859457586125
59 84 1.2377534421299694
59 85 1.252794415801962
59 86 1.2904031003242022
59 87 1.1967670546500404
59 88 1.4056405152095763
59 89 1.1525507946299962
60 61 1.3452981366725139
60 62 1.3123796146242082
60 63 1.3220561101236987
60 64 1.3264731697694696
60 65 1.3034271482297652
60 66 1.2504701376791134
60 67 1.3823373231172877
60 68 1.3689649305553813
60 69 1.3048165338388615
60 70 1.2620070381887951
60 71 1.374401336057513
60 72 1.4131448042164718
60 73 1.431186258763428
60 74 1.2127801957762874
60 75 1.1992750412901207
60 76 1.316778631517102
60 77 1.1852414517194112
60 78 1.2592826463774938
60 79 1.2296214244148622
60 80 1.1650676240936488
60 81 1.5522848195159369
60 82 1.2294180738833365
60 83 1.3017996156097453
60 84 1.3437621456070152
60 85 1.3028420678384343
60 86 1.4291134249498536
60 87 1.2633264643614186
60 88 1.3516141137739237
60 89 1.2922097042567815
61 62 1.303842692241764
61 63 1.3396063126440356
61 64 1.3761314066657138
61 65 1.1556211465853092
61 66 1.4496683208917094
61 67 1.2831024972820906
61 68 1.2300898754346552
61 69 1.3067886946183194
61 70 1.0413355811065974
61 71 1.1885267239704784
61 72 1.2829070054761331
61 73 1.2756200956518782
61 74 1.3636247419635545
61 75 1.2825799465593286
61 76 1.369416374114779
61 77 1.2817282914538042
61 78 1.350084574235653
61 79 1.339075568583558
61 80 1.3678948626887681
61 81 1.3795701798103948
61 82 1.3655569284354503
61 83 1.1146849142754724
61 84 1.43157616790396
61 85 1.3153848140340538
61 86 1.3280911399510889
61 87 1.0065546729795598
61 88 1.354643065925633
61 89 1.1079662685206482
62 63 1.1684292437405777
62 64 1.2407051001869283
62 65 1.1294202437821415
62 66 1.202530252109175
62 67 1.2396293236537856
62 68 1.2946101461877402
62 69 1.3016722320584169
62 70 1.227707649089386
62 71 1.277736570910409
62 72 1.3315802769906087
62 73 1.2659608426031697
62 74 1.2278551847954322
62 75 1.2284219380917019
62 76 1.501883007408616
62 77 1.2132749283963615
62 78 1.301571351889526
62 79 1.4257549167032453
62 80 1.1052989312912944
62 81 1.2047985444182112
62 82 1.209455464520002
62 83 1.237256307928585
62 84 1.3138481695562174
62 85 1.2454184522313994
62 86 1.471889186251427
62 87 1.192912486301568
62 88 1.2445709606559807
62 89 1.1267367923577574
63 64 1.2394794706329184
63 65 1.345306610730676
63 66 1.3354670051341984
63 67 1.4279236416199912
63 68 1.1377811105669087
63 69 1.3582995871793375
63 70 1.146200073393389
63 71 1.301540489379659
63 72 1.527968626523703
63 73 1.3044149408080736
63 74 1.2507776605679675
63 75 1.408535283879824
63 76 1.4563446729478688
63 77 1.4119997802426723
63 78 1.4540753585388697
63 79 1.438766450807128
63 80 1.3385787014897161
63 81 1.2226561510633287
63 82 1.3101588486219164
63 83 1.320569037408057
63 84 1.3237101315508775
63 85 1.3155011087072577
63 86 1.3282363499557188
63 87 1.0360921643953798
63 88 1.3856789493786066
63 89 1.1949913987000005
64 65 1.1528635125263704
64 66 1.2770773110242615
64 67 1.3197579902421388
64 68 1.3206377396414162
64 69 1.2802438053192386
64 70 1.128245475016861
64 71 1.2039244719187905
64 72 1.3600994401661892
64 73 1.3256903522693337
64 74 0.849378703126476
64 75 1.1136530491681196
64 76 1.480231762504628
64 77 1.1077407424201497
64 78 1.26994324140139
64 79 1.370695207208939
64 80 1.1893417008212368
64 81 1.1163938520411643
64 82 1.0864730534207543
64 83 1.2351862754632672
64 84 1.4073437700424634
64 85 1.2852739116450278
64 86 1.254390122807111
64 87 1.2636720911316517
64 88 1.3561969941058574
64 89 1.1406586772797433
65 66 1.275846398563832
65 67 1.2533159156032152
65 68 1.3064516495916714
65 69 1.2282078153798188
65 70 1.0880425868080106
65 71 1.151531417969464
65 72 1.1379850069318376
65 73 1.3513125854985484
65 74 1.2528596623568025
65 75 1.1630128367965544
65 76 1.4415796716927056
65 77 1.014024705692915
65 78 1.2662461814493908
65 79 1.4113470132360117
65 80 1.10935605529062
65 81 1.1929835775787678
65 82 0.9704658281178142
65 83 1.2790244598617384
65 84 1.2922345298201734
65 85 1.0933643428066084
65 86 1.2283248353120424
65 87 1.2841633170880888
65 88 1.3016427675913174
65 89 0.9692464735674988
66 67 1.2751951926692264
66 68 1.333695698686687
66 69 1.206694131987498
66 70 1.268054016848827
66 71 1.4053113717304242
66 72 1.423298881820986
66 73 1.3576652744367117
66 74 1.3519313068081722
66 75 1.2789431645745304
66 76 1.3242907233210937
66 77 1.2613345333984416
66 78 1.3385668125404038
66 79 1.3767152416296193
66 80 1.0947566432381506
66 81 1.366088530960138
66 82 1.204124597614193
66 83 1.4541378725969067
66 84 1.1342989812112787
66 85 1.4214895809135946
66 86 1.5784913018759337
66 87 1.3551944956574915
66 88 1.2826405044739702
66 89 1.2709267947149734
67 68 1.362022395882396
67 69 1.325902941679161
67 70 1.2282252751311094
67 71 1.404986689204719
67 72 1.3288798500304486
67 73 1.3486945300523563
67 74 1.3839957089558468
67 75 1.3265749515705128
67 76 1.5032142801908208
67 77 1.311333471052307
67 78 1.328865381100467
67 79 1.4683693069452033
67 80 1.3465615604638943
67 81 1.3071572391605937
67 82 1.2369646742377676
67 83 1.2716082914644478
67 84 1.3972709244635628
67 85 1.5113267195496864
67 86 1.4430183008086315
67 87 1.178664870531511
67 88 1.3293706171100175
67 89 1.2166740347624294
68 69 1.3688996611858648
68 70 1.1126889984529502
68 71 1.259808070887231
68 72 1.2955859606199267
68 73 1.3174106443096947
68 74 1.291249440548739
68 75 1.285378432135446
68 76 1.52154349596272
68 77 1.2510460565368113
68 78 1.3550097389511535
68 79 1.4369804968377329
68 80 1.2287743161359688
68 81 1.0870555619055935
68 82 1.303058252413777
68 83 1.254400660832385
68 84 1.3313811406978102
68 85 1.232096115794936
68 86 1.3977713981502304
68 87 1.0569268562603582
68 88 1.4283773703889973
68 89 1.173036596384417
69 70 1.2022668776455219
69 71 1.3711979083164303
69 72 1.3072139852530917
69 73 1.364891608333491
69 74 1.3162702966037052
69 75 1.322091257482661
69 76 1.4261959296364706
69 77 1.2243057442114997
69 78 1.3386049222546175
69 79 1.4534953405589812
69 80 1.1950051986854084
69 81 1.362134673099977
69 82 1.3146580871580122
69 83 1.3152155059146968
69 84 1.3777192032802237
69 85 1.3821452905859244
69 86 1.3233468117983438
69 87 1.3256307554674613
69 88 1.3385393011107165
69 89 1.2221757144576328
70 71 1.195421126577466
70 72 1.246658296293086
70 73 1.2633680204462987
70 74 1.1839055105964513
70 75 1.0974397993199718
70 76 1.3830508888109299
70 77 1.0193888269532076
70 78 1.2899577594752065
70 79 1.3354414930527307
70 80 1.2624163275805305
70 81 1.1710325473351118
70 82 1.2067797618344824
70 83 1.0904172379810197
70 84 1.3247598850136417
70 85 1.2212036985371715
70 86 1.3101287087884943
70 87 0.8890523862643078
70 88 1.2580615120866585
70 89 1.0195162880287745
71 72 1.3643085902709344
71 73 1.2774475811528272
71 74 1.2058900333790896
71 75 1.208394224334634
71 76 1.370644202123603
71 77 1.208076079547079
71 78 1.2808222811927388
71 79 1.324290911135918
71 80 1.1810381098532787
71 81 1.193901015011726
71 82 1.2014592706707519
71 83 1.2713629951105259
71 84 1.3909313972655852
71 85 1.1857446484759435
71 86 1.2520861630504463
71 87 1.2461586375667113
71 88 1.327210071923497
71 89 1.0726823237853398
72 73 1.3854126622544354
72 74 1.390658535067581
72 75 1.330460300426759
72 76 1.3620746878292065
72 77 1.2581826116374069
72 78 1.3974293847089096
72 79 1.380041779169486
72 80 1.2256313501092426
72 81 1.2548262785969635
72 82 1.2929948519989216
72 83 1.2595919644301936
72 84 1.3951023272136729
72 85 1.2810797235588278
72 86 1.3208055571210775
72 87 1.2962728094835139
72 88 1.3905568292523711
72 89 1.192774662507297
73 74 1.3291722994216397
73 75 1.1970863229655735
73 76 1.3863816253638732
73 77 1.3231409011118354
73 78 1.5524134411900017
73 79 1.4036188071503461
73 80 1.3699718645357326
73 81 1.365361451657046
73 82 1.3703464401716243
73 83 1.328876570659268
73 84 1.387808480581177
73 85 1.2607536627676192
73 86 1.3232365852136758
73 87 1.2180147487005104
73 88 1.1153517117033867
73 89 1.2646287035337287
74 75 1.151683435351533
74 76 1.4950558498614765
74 77 1.1502532621938226
74 78 1.2786522630485482
74 79 1.2684368726923283
74 80 1.2130321953347367
74 81 1.259522668704335
74 82 1.169763101710392
74 83 1.216111847130983
74 84 1.404615285635478
74 85 1.2818650045787157
74 86 1.309739967841381
74 87 1.234580712789423
74 88 1.3368949933453456
74 89 1.19505191258871
75 76 1.4186312057473145
75 77 0.9028399101505663
75 78 1.1998564615108673
75 79 1.3080161895992257
75 80 1.2171881629030596
75 81 1.2173324405255448
75 82 1.204580255280267
75 83 1.2918863164953303
75 84 1.4302072822260983
75 85 1.1102832967991263
75 86 1.1890241826092738
75 87 1.193786043746077
75 88 1.327080638746262
75 89 1.1191298923850377
76 77 1.524826967522579
76 78 1.3407797753712962
76 79 1.0125489663666662
76 80 1.4377824751947088
76 81 1.4120717123232094
76 82 1.5008982622842224
76 83 1.3934802806208468
76 84 1.152149878960293
76 85 1.3053423720157997
76 86 1.3649976865591065
76 87 1.4287247852550906
76 88 1.4004102682947317
76 89 1.37998249839269
77 78 1.2675675225256195
77 79 1.44859052217877
77 80 1.1604308579368692
77 81 1.2588492549341737
77 82 0.9614291936516192
77 83 1.2338507020380105
77 84 1.4323308656366098
77 85 1.2014125499783384
77 86 1.324054146348774
77 87 1.2187967692013617
77 88 1.2188033429884406
77 89 1.1170649192732771
78 79 1.3460720829273536
78 80 1.2853550907481484
78 81 1.2559290178901426
78 82 1.2063899699475704
78 83 1.3959735468380028
78 84 1.3682603396549766
78 85 1.227273438257648
78 86 1.399475461712576
78 87 1.4107549790710527
78 88 1.3698335394342898
78 89 1.2030791441429596
79 80 1.46721859003284
79 81 1.410183471619065
79 82 1.502769309732766
79 83 1.335478677839053
79 84 1.3502284408118301
79 85 1.2986339327844778
79 86 1.3540806569565504
79 87 1.3747355527975302
79 88 1.3736097235041325
79 89 1.3655446447554833
80 81 1.1793693557224565
80 82 1.1010286308100548
80 83 1.335236345765013
80 84 1.302876974679484
80 85 1.28906555415057
80 86 1.3843592271933456
80 87 1.3197669078377194
80 88 1.3248806251777758
80 89 1.0824329169195281
81 82 1.203274929366901
81 83 1.257399409847722
81 84 1.2459053520355796
81 85 1.213173893476178
81 86 1.2731776221082276
81 87 1.1999463861614008
81 88 1.483561807777026
81 89 1.0935467087690462
82 83 1.269513230582782
82 84 1.4051383109093556
82 85 1.1737663627908725
82 86 1.33901538226806
82 87 1.291791598899578
82 88 1.2042486280423337
82 89 0.9112177301626414
83 84 1.3955215582455398
83 85 1.2764962053019313
83 86 1.350968399702215
83 87 1.053727605974286
83 88 1.2550628049875494
83 89 1.1258558896978483
84 85 1.3877319930958751
84 86 1.4451661395011781
84 87 1.3047626082565316
84 88 1.5207432010550088
84 89 1.3310237424974953
85 86 1.100856599864007
85 87 1.3189933182187725
85 88 1.2341335275814698
85 89 1.1113641863313428
86 87 1.2626829910961008
86 88 1.3858583508019413
86 89 1.1996574951779866
87 88 1.3765646906748727
87 89 1.0743513192835992
88 89 1.2375646946208905
