50 0
0 1 1.16137858802869
0 2 1.3046322895291544
0 3 1.2207464858279147
0 4 1.1962238546949535
0 5 1.2461427214134593
0 6 1.1020688955109998
0 7 1.1887444188411442
0 8 1.3323798791854236
0 9 1.2243122767827965
0 10 1.3100719957073592
0 11 1.2801498477137896
0 12 1.2951829380912536
0 13 1.1761366625207001
0 14 1.087694528603968
0 15 1.2513405491683502
0 16 1.2562366065343151
0 17 1.1083957399841384
0 18 1.2328557299550593
0 19 1.2923479876311013
0 20 1.1125117746442437
0 21 1.215555522149076
0 22 1.335270702890997
0 23 1.3710691865911941
0 24 1.262991681755402
0 25 1.152661495164
0 26 1.3437578994809267
0 27 1.310187083398903
0 28 1.278058737301075
0 29 1.3868885288662005
0 30 1.354369872892376
0 31 1.3349894607695305
0 32 1.2508940962171666
0 33 1.2947147145344746
0 34 1.3286435402950691
0 35 1.4070340713110805
0 36 1.2950224400783321
0 37 1.1854194695697127
0 38 1.2581938231091772
0 39 1.324836520461982
0 40 1.2889769100856738
0 41 1.2325203356673595
0 42 1.2984016619196161
0 43 1.2635164282576246
0 44 1.3112243625409512
0 45 1.0792044323558359
0 46 1.2571366352340017
0 47 1.2627591476321827
0 48 1.2046601807183532
0 49 1.2290636058736806
1 2 1.2204960279998762
1 3 0.9099020680793524
1 4 1.230608765146165
1 5 1.1140992019155007
1 6 0.9932269910528965
1 7 1.2571684982697355
1 8 1.2808459275780952
1 9 1.0726776651382897
1 10 1.237446091397502
1 11 1.2581356518506641
1 12 1.1111120857750707
1 13 1.2889077303283136
1 14 1.2304167710405298
1 15 0.8537566921171695
1 16 1.0588904075463785
1 17 1.267254207867658
1 18 1.3627424453206545
1 19 1.329516142599114
1 20 1.2636663026410604
1 21 1.3022391662073087
1 22 1.3321316373841552
1 23 1.27931581214165
1 24 1.23897085884467
1 25 1.154928880375586
1 26 1.3370835792501958
1 27 1.3144324566484997
1 28 1.1776599868888156
1 29 1.510081862762755
1 30 1.2455453251283763
1 31 1.2723767222836175
1 32 1.1540684658276696
1 33 1.4013834695776881
1 34 1.2897078121300007
1 35 1.3059808496606504
1 36 1.4183530842320378
1 37 1.2295641159653865
1 38 1.0976210978564502
1 39 1.3545906036390227
1 40 0.8521860123703114
1 41 1.0765547232951422
1 42 1.423143862566726
1 43 1.3464949253582654
1 44 1.4004999355183056
1 45 1.1381823205601442
1 46 1.2612346042177158
1 47 1.2443363023114877
1 48 1.1380181772204994
1 49 1.2548799733668696
2 3 1.0898965340063769
2 4 1.2979806313265383
2 5 1.0684166238384925
2 6 1.0672957086831152
2 7 1.2451560121902499
2 8 1.3265657020554251
2 9 1.172354067904644
2 10 1.3639585074553326
2 11 1.2136564019247795
2 12 1.104501286564135
2 13 1.3713225185759566
2 14 1.219684546329875
2 15 1.1252222517949217
2 16 1.2506825744294752
2 17 1.3325355734016981
2 18 1.3766034224149741
2 19 1.3590521078332594
2 20 1.3067029162427062
2 21 1.4152305473872682
2 22 1.3889937278798612
2 23 1.1223900156185664
2 24 1.2682600342647468
2 25 1.1111403808779503
2 26 1.2893349519062602
2 27 1.4530117759176815
2 28 1.3299522371007448
2 29 1.5086505436411748
2 30 1.3762202074757663
2 31 1.0483092624083679
2 32 1.088872163245922
2 33 1.430806827399968
2 34 1.1674235161365318
2 35 1.2818896855098463
2 36 1.3610828428971338
2 37 1.2841747591571626
2 38 1.1392776777138425
2 39 1.344032229827004
2 40 1.0855175532713006
2 41 1.2611862421780387
2 42 1.3626354829679133
2 43 1.3251636042519512
2 44 1.3709020498570927
2 45 1.2742009531811522
2 46 1.1519583158403865
2 47 1.2728063278767352
2 48 1.313421481390757
2 49 1.290415878424664
3 4 1.2842765806625687
3 5 0.932421794865779
3 6 1.016626012932712
3 7 1.2007453067775569
3 8 1.1988138580098884
3 9 0.9473265142799004
3 10 1.226821222483554
3 11 1.281722237012327
3 12 0.9610569301052521
3 13 1.3077334757204013
3 14 1.2037438323485805
3 15 0.9563025857610977
3 16 1.1135712148423151
3 17 1.310284239488302
3 18 1.340238159223729
3 19 1.3454128787673267
3 20 1.2540349397704833
3 21 1.3521505269345642
3 22 1.3541931047939977
3 23 1.250624702854067
3 24 1.298504732288966
3 25 1.1581540987222765
3 26 1.3259416796579482
3 27 1.4780771720503556
3 28 1.2179461379927254
3 29 1.5343373081586718
3 30 1.2148636221688704
3 31 1.2679750032625239
3 32 0.9653903876943989
3 33 1.465542075402828
3 34 1.2014510346121907
3 35 1.2896406719457496
3 36 1.368816711028927
3 37 1.2453719689081528
3 38 1.041674461895563
3 39 1.4147651732500057
3 40 0.6812823715306935
3 41 1.1772297210358411
3 42 1.3246096684906916
3 43 1.3139695201225559
3 44 1.4234536845215893
3 45 1.0698558276025403
3 46 1.1961154259838476
3 47 1.1921456587244992
3 48 1.2660648613162764
3 49 1.240605340278903
4 5 1.1724457329515685
4 6 1.1802346554170235
4 7 0.950691947958664
4 8 1.158856098483663
4 9 1.1998242544308233
4 10 1.3871317713759577
4 11 1.275472993757483
4 12 1.1690669286908622
4 13 1.3853229218525573
4 14 1.2168491378026558
4 15 1.1825130024864998
4 16 1.228297812444208
4 17 1.1982303499806783
4 18 1.195175729799726
4 19 1.2390827035562604
4 20 1.2950681206722279
4 21 1.262779621575341
4 22 1.348519927570372
4 23 1.487331055554166
4 24 1.3368767725194899
4 25 1.243423725825979
4 26 1.2557783163226681
4 27 1.3461653481780937
4 28 1.3926909451821803
4 29 1.3712003704836455
4 30 1.3236357219716346
4 31 1.4345220210270613
4 32 1.23888044458656
4 33 1.2384264245388816
4 34 1.322917117513967
4 35 1.3792857593360315
4 36 1.1020872464419744
4 37 1.2851851187598629
4 38 1.2068431116412957
4 39 1.3979928875847438
4 40 1.268924720038886
4 41 1.2424502547299108
4 42 1.3764089681212242
4 43 1.0715217544674323
4 44 1.2461050803412212
4 45 1.257522098950792
4 46 1.223077691517685
4 47 1.194079963889366
4 48 1.1383900267891087
4 49 1.3362286581572331
5 6 0.9234859116894364
5 7 1.224400376081037
5 8 1.1936320002813015
5 9 0.5429229333846731
5 10 1.3051027400889723
5 11 1.2129891788830196
5 12 0.4454284111635796
5 13 1.2538490029448581
5 14 1.1908272766396748
5 15 1.0428452976705356
5 16 1.1547846621501712
5 17 1.186913729484705
5 18 1.4745955179079728
5 19 1.2662654778675855
5 20 1.1847957276859398
5 21 1.2901482850979724
5 22 1.354638353496855
5 23 1.2866248874975885
5 24 1.3783494257793212
5 25 1.1101643236646614
5 26 1.357900954865843
5 27 1.4383387298782098
5 28 1.234687971302943
5 29 1.6891260889421662
5 30 1.276037326741826
5 31 1.2360624258604433
5 32 0.5370025963327937
5 33 1.5778712776351635
5 34 1.2857148500587436
5 35 1.3698181624089187
5 36 1.2856462059715015
5 37 1.2556562020351616
5 38 0.6337633176173546
5 39 1.4919744387323912
5 40 1.0349624192617144
5 41 1.1770670892104973
5 42 1.3995250179801484
5 43 1.4260855905232648
5 44 1.531573092467531
5 45 1.2478097022709658
5 46 1.2972545141920842
5 47 1.3108521240692452
5 48 1.210254509114246
5 49 1.210360764574774
6 7 1.178614623215847
6 8 1.2932140577898776
6 9 0.8945610936179432
6 10 1.2211171730672277
6 11 1.164492818012871
6 12 0.9181844800444926
6 13 1.2064090833443728
6 14 1.1773025595157607
6 15 1.0158970086957482
6 16 1.0987014075148338
6 17 1.1983715564768023
6 18 1.2793282863535262
6 19 1.26078139740008
6 20 1.1387830432263928
6 21 1.292099454506418
6 22 1.3143632913270151
6 23 1.2747172108485623
6 24 1.275326750565836
6 25 1.0532784409750382
6 26 1.3610267520028199
6 27 1.3017014764446182
6 28 1.2971010731529262
6 29 1.5112864429924486
6 30 1.294736193836138
6 31 1.2461703658738552
6 32 0.9415029416721745
6 33 1.3628060367987056
6 34 1.2341551646051347
6 35 1.3679968323178382
6 36 1.3021337110615039
6 37 1.1725505722842346
6 38 0.9188226469000449
6 39 1.4305643318690493
6 40 1.0094015533797767
6 41 1.1637143440673845
6 42 1.231461119346388
6 43 1.2586183003921527
6 44 1.385298079310176
6 45 1.1063711333345208
6 46 1.176092172137347
6 47 1.1534934630340306
6 48 1.128161636029286
6 49 1.181661964686991
7 8 1.2632389962293753
7 9 1.2520831422731233
7 10 1.3406876881969494
7 11 1.2374787535761904
7 12 1.2446673274309525
7 13 1.2697381432130987
7 14 1.0926555648311735
7 15 1.2884124575970712
7 16 1.2590639274770072
7 17 1.0797054333245637
7 18 1.299606496783887
7 19 1.2229858783821574
7 20 1.2224690043627198
7 21 1.2104155117337718
7 22 1.345641692200225
7 23 1.5394169782568936
7 24 1.3332850546706145
7 25 1.143106618173015
7 26 1.307401768284813
7 27 1.3640763355897376
7 28 1.533444319433318
7 29 1.3845972839836687
7 30 1.3152748202852464
7 31 1.3606692354642966
7 32 1.2353925106662724
7 33 1.3500581472355861
7 34 1.2859666240086773
7 35 1.3876774666583516
7 36 1.2486527093656041
7 37 1.234816105243222
7 38 1.2567480213684388
7 39 1.3214356546898804
7 40 1.2172232874461597
7 41 1.2735879460764916
7 42 1.3411228085476272
7 43 1.0737212061462464
7 44 1.2652474931461872
7 45 1.202244499870485
7 46 1.1758651993030473
7 47 1.220388244138932
7 48 1.2906138476962947
7 49 1.2990839247052401
8 9 1.223559021131153
8 10 1.3390572078142104
8 11 1.363822979791193
8 12 1.2066146450280024
8 13 1.360931429744072
8 14 1.2862926145498352
8 15 1.3482492434527897
8 16 1.2486334297236612
8 17 1.2797216789587142
8 18 1.310641196991818
8 19 1.356956698989347
8 20 1.3648159388273036
8 21 1.3583632632553992
8 22 1.3988478126898178
8 23 1.4364247197438493
8 24 1.4187737097500586
8 25 1.3205260910257128
8 26 1.32769981411052
8 27 1.397001930150244
8 28 1.35620818787119
8 29 1.446670107838825
8 30 1.2676078882697326
8 31 1.3599939966782684
8 32 1.1981411095419547
8 33 1.3394275196040892
8 34 1.3014079347602936
8 35 1.3633212467231244
8 36 1.3861227216720275
8 37 1.3131859292407404
8 38 1.203661852226939
8 39 1.3223173496061493
8 40 1.2959670095957476
8 41 1.2439392595388266
8 42 1.424587368329678
8 43 1.3357152137701633
8 44 1.3736097235041325
8 45 1.3627053697602298
8 46 1.3253237824740876
8 47 1.3171274856475246
8 48 1.3698335394342898
8 49 1.2682645936739745
9 10 1.2615184504300314
9 11 1.2109068089410706
9 12 0.5950985820253836
9 13 1.2430605036022246
9 14 1.1894862806153796
9 15 0.9958365713736556
9 16 1.181386554222289
9 17 1.2201620786699332
9 18 1.4376309785289203
9 19 1.2784485314256715
9 20 1.20877133288488
9 21 1.3515796127554394
9 22 1.3719093570035026
9 23 1.3661491550956477
9 24 1.4103740821474382
9 25 1.1092582995425004
9 26 1.3714803800763176
9 27 1.4160088404313207
9 28 1.2114676420665866
9 29 1.6603480663145838
9 30 1.294131258657801
9 31 1.322792069667128
9 32 0.6547954133345885
9 33 1.5700740825332875
9 34 1.3469702355389082
9 35 1.3855237180079287
9 36 1.310077166225676
9 37 1.270980310459583
9 38 0.5367971917185559
9 39 1.4828626045288196
9 40 1.0432277011617512
9 41 1.1739298970964256
9 42 1.3853804055204022
9 43 1.4006328345539991
9 44 1.5476613218703326
9 45 1.2093322386621617
9 46 1.3095666845254885
9 47 1.283154388791469
9 48 1.22868297097805
9 49 1.1642102187152652
10 11 1.3278121117774155
10 12 1.2916029766498882
10 13 1.3892881430501167
10 14 1.3240191164368107
10 15 1.2891222336577024
10 16 1.200713074580919
10 17 1.3811379767835064
10 18 1.4089056527188948
10 19 1.4034030723040904
10 20 1.4332884486188564
10 21 1.43015601522408
10 22 1.3597850760252754
10 23 1.411755248007835
10 24 1.3309988959210977
10 25 1.3305551051964568
10 26 1.377598492976249
10 27 1.3535736011280644
10 28 1.282028064077995
10 29 1.406388439711385
10 30 1.4315962237722992
10 31 1.3648897815056253
10 32 1.256075984708034
10 33 1.4334168184125142
10 34 1.2681647728543897
10 35 1.3432619770213976
10 36 1.4366632204463143
10 37 1.4544897172416764
10 38 1.2635944956558796
10 39 1.2824482510747979
10 40 1.2081231161051516
10 41 1.4123485919125864
10 42 1.2698463928999908
10 43 1.3222800323344424
10 44 1.3949811428853114
10 45 1.2193696557639886
10 46 1.3507730387279064
10 47 1.3877710815063564
10 48 1.3946039897883127
10 49 1.2713670785033873
11 12 1.2522242913605428
11 13 1.1397080003823503
11 14 1.2329776908005656
11 15 1.1728975798714523
11 16 1.2889126308927366
11 17 1.0884214897191136
11 18 1.3575387303975261
11 19 1.3478637385099435
11 20 1.1458250798868754
11 21 1.1398441913219712
11 22 1.2712197101809017
11 23 1.4336596763890948
11 24 1.3016351225977583
11 25 1.1890488716816894
11 26 1.3328817915607545
11 27 1.4287423061508342
11 28 1.3884295283308565
11 29 1.3872321758930184
11 30 1.3341888020416066
11 31 1.3938571799571493
11 32 1.3248194652934626
11 33 1.4132938966090716
11 34 1.3265312394128184
11 35 1.307649083412997
11 36 1.2477535855667374
11 37 1.2590258542137605
11 38 1.2323499385512398
11 39 1.4164596618507934
11 40 1.3285950379246492
11 41 1.2634628129121714
11 42 1.328402897732702
11 43 1.265010624492675
11 44 1.325275865434453
11 45 1.224306123501944
11 46 1.2089918530030628
11 47 1.2550261085658374
11 48 1.3814376399765518
11 49 1.2269296468496922
12 13 1.2464371379404295
12 14 1.2188969312134679
12 15 1.0446450798227602
12 16 1.1719960708575077
12 17 1.19854207645733
12 18 1.5081613725624554
12 19 1.2653998664260295
12 20 1.2191598411780433
12 21 1.3022841325296848
12 22 1.3287275789838147
12 23 1.3074125284364992
12 24 1.4063162087089225
12 25 1.1203973403424854
12 26 1.3642910177421805
12 27 1.4416056181463142
12 28 1.2347344029933556
12 29 1.6965288213950138
12 30 1.2625699472349001
12 31 1.3389966488723721
12 32 0.585079360573679
12 33 1.6046161979790219
12 34 1.3550483071395238
12 35 1.3811780216747618
12 36 1.3280954257128144
12 37 1.249792549308086
12 38 0.747634178356755
12 39 1.4972261594614542
12 40 0.9891278977408328
12 41 1.1801432290385112
12 42 1.4094871026536633
12 43 1.4057503636430118
12 44 1.5640279985858976
12 45 1.2545509015607073
12 46 1.3311212709292386
12 47 1.3020402107028435
12 48 1.2189415829915746
12 49 1.2445538442527568
13 14 1.204899339518424
13 15 1.302520455339397
13 16 1.317075196303138
13 17 1.1593571917214873
13 18 1.4118769435527607
13 19 1.2684470563626344
13 20 1.1787887408000983
13 21 1.2619517482089029
13 22 1.2094186069452855
13 23 1.365823871085435
13 24 1.3372602046521815
13 25 1.2385744439777493
13 26 1.3524471131543505
13 27 1.4363818008812594
13 28 1.3741275897398577
13 29 1.4246621216700301
13 30 1.388538215467058
13 31 1.2945408271594714
13 32 1.3094194733553424
13 33 1.4536753910131994
13 34 1.3259571537154418
13 35 1.3286641842389786
13 36 1.363098185270832
13 37 1.2737923813461065
13 38 1.2722757993417038
13 39 1.4348081473003729
13 40 1.3379270755658943
13 41 1.2548454855339612
13 42 1.314277328533832
13 43 1.2958410733816996
13 44 1.4031510852864781
13 45 1.3218488433010103
13 46 1.3287992275018266
13 47 1.3347433956016315
13 48 1.321390902070189
13 49 1.3325623440022136
14 15 1.2658507625953532
14 16 1.2769826389984549
14 17 1.1427663596812292
14 18 1.4043024675980402
14 19 1.1271411122119999
14 20 1.1247017864851763
14 21 1.3384239741943937
14 22 1.3413413518377848
14 23 1.3343061671805712
14 24 1.3821352128812145
14 25 1.0649546555403673
14 26 1.1572614804383015
14 27 1.3798847902000422
14 28 1.3936490606268617
14 29 1.3657472215638597
14 30 1.3558046100687675
14 31 1.327813811720152
14 32 1.2404473356043693
14 33 1.4159053306567255
14 34 1.3606729219557065
14 35 1.4218246046967022
14 36 1.3083460171307129
14 37 1.0641244460205503
14 38 1.2010807184821048
14 39 1.3611632301444236
14 40 1.270153756636377
14 41 1.225207076006238
14 42 1.3795336624452519
14 43 1.312983292991953
14 44 1.37020420093756
14 45 1.1547849912779664
14 46 1.1937777138916406
14 47 1.2967409820344225
14 48 1.3061244705953556
14 49 1.0602621752182324
15 16 1.153068238883822
15 17 1.2575786228522465
15 18 1.3467317923934818
15 19 1.2935625325647153
15 20 1.203175358210075
15 21 1.296110387055435
15 22 1.4637821413054262
15 23 1.2732611808361978
15 24 1.281089331868051
15 25 1.1686971086366762
15 26 1.366347839996981
15 27 1.4110870867408682
15 28 1.1470593148308599
15 29 1.451916112404275
15 30 1.3125290858902237
15 31 1.2912713738674546
15 32 1.117764921287936
15 33 1.3869056018856971
15 34 1.300867907810073
15 35 1.2973812686191653
15 36 1.2971779803664982
15 37 1.2607589340389722
15 38 1.0521677472662638
15 39 1.3660858019409003
15 40 0.9156878011788889
15 41 1.1785851147191804
15 42 1.3951040169999616
15 43 1.3472827464973933
15 44 1.3526074455215673
15 45 1.1140295000900482
15 46 1.2295889229449077
15 47 1.206942660159253
15 48 1.2227137596978572
15 49 1.3284943563078515
16 17 1.3119313158079349
16 18 1.5079445377133953
16 19 1.3179252238011714
16 20 1.2584223123359397
16 21 1.2779207482796373
16 22 1.3039048789346832
16 23 1.3601375095296577
16 24 1.3439907802665079
16 25 1.2439320002979046
16 26 1.279692497756681
16 27 1.3309107677165881
16 28 1.2548881292642606
16 29 1.4874834807444026
16 30 1.2660082760465554
16 31 1.3169200147558286
16 32 1.1667786245072993
16 33 1.4049180786869024
16 34 1.2648212941795502
16 35 1.2662329542902604
16 36 1.3857774808591936
16 37 1.2900249706715365
16 38 1.1807883905203587
16 39 1.517534894750986
16 40 1.1086899556445413
16 41 1.2398977143178347
16 42 1.327105325191462
16 43 1.3986285265974174
16 44 1.40222072315996
16 45 1.1152920979340257
16 46 1.1707566295104137
16 47 1.273644821237184
16 48 1.212130964199269
16 49 1.3032730091533453
17 18 1.2747988935885157
17 19 1.2738521670312795
17 20 1.01896802091206
17 21 0.8432091782686056
17 22 1.3147959728342247
17 23 1.4443644955502706
17 24 1.447304938346496
17 25 1.179538495637344
17 26 1.3390078696349454
17 27 1.4546514086493731
17 28 1.447585887925774
17 29 1.431235102529496
17 30 1.2862162136094304
17 31 1.4985587385077437
17 32 1.28950366519925
17 33 1.4140416656741392
17 34 1.3846581016819361
17 35 1.4187252510522383
17 36 1.273404769525517
17 37 0.9933185836584847
17 38 1.2257490903162516
17 39 1.4993220528448394
17 40 1.3469922651352007
17 41 1.285631726559286
17 42 1.3115767082221472
17 43 1.30492356590129
17 44 1.4237492336835493
17 45 1.2733012140871618
17 46 1.2216710280048455
17 47 1.3601957170159298
17 48 1.3733844070551335
17 49 1.283040671192023
18 19 1.39243143020062
18 20 1.3611415209112685
18 21 1.3726428696384017
18 22 1.466328667904852
18 23 1.4133045267727853
18 24 1.395389818893954
18 25 1.4553518804927725
18 26 1.4032090320359218
18 27 1.3508785893249253
18 28 1.4149450929039715
18 29 1.1698185217466808
18 30 1.4373895547762359
18 31 1.4516307725507203
18 32 1.5102265074219616
18 33 1.0845060030904932
18 34 1.372380758626567
18 35 1.4179498534566406
18 36 1.1763851161803516
18 37 1.3944275025107804
18 38 1.46220924475822
18 39 1.3041201870701045
18 40 1.3504740807561104
18 41 1.4459636571274166
18 42 1.146111670713531
18 43 1.065304921942624
18 44 1.1998493604993217
18 45 1.4020664725585836
18 46 1.2911243085956488
18 47 1.3299606766819732
18 48 1.3440060673189775
18 49 1.380703682635678
19 20 1.3895365053290922
19 21 1.309920838563658
19 22 1.2334074699512994
19 23 1.3500574509167422
19 24 1.329568386919759
19 25 1.199127038501814
19 26 1.3416654516884445
19 27 1.3039292322046712
19 28 1.4362322703045822
19 29 1.3933812605554237
19 30 1.386673120900301
19 31 1.3687144884738007
19 32 1.259700397140309
19 33 1.3621030564895238
19 34 1.2678620391916011
19 35 1.5798199665981818
19 36 1.3981783231387659
19 37 1.3209526855132951
19 38 1.3189490441751108
19 39 1.4568321620767584
19 40 1.3535993713072023
19 41 1.2364351013128865
19 42 1.4135650947332585
19 43 1.4052041733359326
19 44 1.366473982423384
19 45 1.2402093067405007
19 46 1.3259150093828025
19 47 1.3837443075970746
19 48 1.2704458099280094
19 49 1.3247823440248576
20 21 1.0862153146748172
20 22 1.4285055257478187
20 23 1.3943624970756405
20 24 1.373348678144411
20 25 1.1615306413952748
20 26 1.296304390550585
20 27 1.3701366233781291
20 28 1.4344779898682845
20 29 1.3374127308857506
20 30 1.31108701267069
20 31 1.369341066556686
20 32 1.2829254136423716
20 33 1.4423084245950932
20 34 1.423122480368065
20 35 1.4345406871238395
20 36 1.1895139195514426
20 37 0.9065743785637366
20 38 1.291175222195606
20 39 1.4558155995469124
20 40 1.333282693285016
20 41 1.3409936863189615
20 42 1.3127206184929052
20 43 1.3438412238042632
20 44 1.3709950275928438
20 45 1.275918438814036
20 46 1.2639091659983783
20 47 1.2556830728445847
20 48 1.4081726055211736
20 49 1.2493891250542164
21 22 1.2653676294742542
21 23 1.5264580145934212
21 24 1.4531754162157215
21 25 1.2631410665123914
21 26 1.2884983687299143
21 27 1.4721219622076065
21 28 1.4042217938538504
21 29 1.4246729384190133
21 30 1.2698848803226246
21 31 1.582052674705523
21 32 1.3681293349413044
21 33 1.4439405115288344
21 34 1.4402929571824392
21 35 1.3850107126248405
21 36 1.3313580964866973
21 37 1.0720456979374866
21 38 1.3312357515460869
21 39 1.4713820586368433
21 40 1.3723808592117246
21 41 1.3031236062602038
21 42 1.4012924129561288
21 43 1.4240976890124895
21 44 1.4275714588136754
21 45 1.3397927039590405
21 46 1.3105415236048565
21 47 1.3677828385839836
21 48 1.418485953490709
21 49 1.4041572806296063
22 23 1.4801550829972647
22 24 1.2600377163031597
22 25 1.3676961559020027
22 26 1.4008191240194838
22 27 1.417616870428498
22 28 1.4789817190516799
22 29 1.5165979727975223
22 30 1.4018202531882142
22 31 1.582171703144461
22 32 1.393368476769254
22 33 1.4945568623645376
22 34 1.3378250508009633
22 35 1.3429513767241885
22 36 1.426992035349971
22 37 1.316896973127135
22 38 1.386921622348654
22 39 1.5137785139436946
22 40 1.3320811236948864
22 41 1.3332871020629735
22 42 1.44906164127609
22 43 1.442986643587485
22 44 1.4900433854465083
22 45 1.309217166587029
22 46 1.420342325708488
22 47 1.383584494289707
22 48 1.362133584757564
22 49 1.3936391439948514
23 24 1.2634225831198218
23 25 1.301978138795145
23 26 1.3435717656485238
23 27 1.4200446023003748
23 28 1.289289428795216
23 29 1.4680766300182864
23 30 1.4153930767353362
23 31 0.8957139491888815
23 32 1.3031110975896447
23 33 1.3728364766476155
23 34 1.1127622036469673
23 35 1.3744333876732506
23 36 1.425260109173185
23 37 1.3682043030139721
23 38 1.3698341539447187
23 39 1.2822619825093682
23 40 1.2692860155621781
23 41 1.3159352533777846
23 42 1.3383671157741597
23 43 1.428138543350279
23 44 1.4284473149637744
23 45 1.3543050118778996
23 46 1.367948101396511
23 47 1.4126181931880726
23 48 1.3581947341120408
23 49 1.3062335056067669
24 25 1.313042374261563
24 26 1.3895007007085245
24 27 1.3476795905505543
24 28 1.3857920285207432
24 29 1.3862010333298211
24 30 1.4313384017267627
24 31 1.2466024312681296
24 32 1.4160178725579546
24 33 1.3424869767091463
24 34 1.0915350073705068
24 35 1.446866400853545
24 36 1.3614848319715303
24 37 1.4071190269753475
24 38 1.4045084485581725
24 39 1.3879157990801791
24 40 1.3469269691992551
24 41 1.4626161057280602
24 42 1.2999628772459892
24 43 1.3202165547668019
24 44 1.2970476735357332
24 45 1.2529909963060497
24 46 1.2700992516735763
24 47 1.3222951741367952
24 48 1.3344088789402992
24 49 1.3527819753550667
25 26 1.2557129140450851
25 27 1.409279412090751
25 28 1.4181357577552083
25 29 1.4975041309248025
25 30 1.2787691759215627
25 31 1.232088381832216
25 32 1.1232973445478682
25 33 1.4936068228803265
25 34 1.2598714436780567
25 35 1.3980410694752585
25 36 1.3975308361568197
25 37 1.086548375952228
25 38 1.1368742978335895
25 39 1.378687060240126
25 40 1.171035416334556
25 41 1.183747291326502
25 42 1.382058655836582
25 43 1.4071076776913165
25 44 1.3789257355932707
25 45 1.1755274648453446
25 46 1.1498451321729024
25 47 1.277063618062239
25 48 1.245843565961751
25 49 1.1614102810743545
26 27 1.3638285774285013
26 28 1.3367299382128182
26 29 1.4031924564345817
26 30 1.1844352168618706
26 31 1.3588230370397727
26 32 1.384817161691568
26 33 1.3617466638276878
26 34 1.2803473057995547
26 35 1.311815500377991
26 36 1.3480231908086462
26 37 1.2077337107155024
26 38 1.4157033320171006
26 39 1.438373847402933
26 40 1.373490698152216
26 41 1.2502756285268826
26 42 1.3706800391796556
26 43 1.2864016557461875
26 44 1.3362168045656961
26 45 1.2445673089742586
26 46 1.2233499020347214
26 47 1.1945186693664265
26 48 1.3467833640909679
26 49 1.3143744706570992
27 28 1.353495893636101
27 29 1.2820449646039014
27 30 1.4004596893176606
27 31 1.3731852328798748
27 32 1.378725452997717
27 33 1.2267831546321573
27 34 1.3538680986581675
27 35 1.381996441573953
27 36 1.4104886431915944
27 37 1.4644386359764474
27 38 1.4604194062846458
27 39 1.4280817411760083
27 40 1.5110336605662893
27 41 1.27840299455194
27 42 1.3411607863653177
27 43 1.3271506109170166
27 44 1.2066868309237224
27 45 1.290916642928858
27 46 1.3794928956471126
27 47 1.3136425186143292
27 48 1.367716580032131
27 49 1.4240580744354996
28 29 1.5247052728440909
28 30 1.43865225639451
28 31 1.3602994252384146
28 32 1.2122259359953467
28 33 1.4233589659092756
28 34 1.2508524743551424
28 35 1.2475652326526894
28 36 1.3329495261970654
28 37 1.446981384439044
28 38 1.2229560773377661
28 39 1.3882576653428076
28 40 1.2059900103037287
28 41 1.2361393313114983
28 42 1.3857055408774588
28 43 1.4957052299252696
28 44 1.4872593368331017
28 45 1.3191508635337799
28 46 1.350153957883726
28 47 1.4768947111462343
28 48 1.3645673485539482
28 49 1.2521166295672355
29 30 1.4706633947904049
29 31 1.429334356209791
29 32 1.690565372916875
29 33 0.8779782351080037
29 34 1.4547434171514604
29 35 1.3795784851376618
29 36 1.2847150614115521
29 37 1.4000902204839705
29 38 1.6759072403253636
29 39 1.2667569688982716
29 40 1.564470493120354
29 41 1.5624291651540183
29 42 1.2027114540129866
29 43 1.2670826042867267
29 44 0.853913527570459
29 45 1.4249612545462502
29 46 1.4269390653309457
29 47 1.3048414990008343
29 48 1.4124608583919915
29 49 1.398972622356317
30 31 1.4218627462416753
30 32 1.2868620434276206
30 33 1.4649988718264233
30 34 1.3686196290254273
30 35 1.4617785238805507
30 36 1.3915639076859698
30 37 1.2525841331996632
30 38 1.3482255062413846
30 39 1.5342369313307453
30 40 1.327939213574066
30 41 1.3145700091196322
30 42 1.3962355446683168
30 43 1.3733249289382414
30 44 1.467781119067719
30 45 1.2855477908099078
30 46 1.343476702918753
30 47 1.3234206868534677
30 48 1.3430220952527938
30 49 1.3292298142589485
31 32 1.2723475877622066
31 33 1.4101688190440878
31 34 0.9885293979460098
31 35 1.339848182850924
31 36 1.4202457754423137
31 37 1.4198647305698857
31 38 1.2758940227870053
31 39 1.2624460751136435
31 40 1.3040305548101871
31 41 1.2909390654922566
31 42 1.3491019321102786
31 43 1.3692843012550016
31 44 1.3484382237717898
31 45 1.2937634949852412
31 46 1.343607791122875
31 47 1.342052253200165
31 48 1.3316587571350103
31 49 1.3279126198442384
32 33 1.558915365201242
32 34 1.3410574328160143
32 35 1.3974116584276457
32 36 1.3698487129417034
32 37 1.3344669587933826
32 38 0.7541897641709959
32 39 1.4632953185201496
32 40 1.062643489411296
32 41 1.2221451072444864
32 42 1.3567963261775686
32 43 1.4455610915406214
32 44 1.5457023879843093
32 45 1.2281042286229942
32 46 1.302704899509617
32 47 1.3230337583169944
32 48 1.2104635565756972
32 49 1.1969290004563702
33 34 1.3706633048841672
33 35 1.279852769733834
33 36 1.2942315436148775
33 37 1.4715718056566203
33 38 1.5675692298309931
33 39 1.2448711588112953
33 40 1.4978379808718998
33 41 1.3565799792446496
33 42 1.2178729290275765
33 43 1.2052658885276197
33 44 0.790390868699447
33 45 1.4292046544154124
33 46 1.2916099855046654
33 47 1.1116213776635522
33 48 1.3251460471502172
33 49 1.444550726127689
34 35 1.3944742967876655
34 36 1.4469879013931857
34 37 1.409729463252908
34 38 1.2964185788441294
34 39 1.3930999456826463
34 40 1.3060253503493275
34 41 1.3245456199248247
34 42 1.3034017485018514
34 43 1.2996500061843757
34 44 1.2931749182961125
34 45 1.2095391908596858
34 46 1.2222750704286782
34 47 1.3225592921590317
34 48 1.4283174596255357
34 49 1.3397613031329823
35 36 1.3286685864932712
35 37 1.4339735869104964
35 38 1.3575988807157928
35 39 1.359339819016374
35 40 1.2888233014497
35 41 1.2491131382724139
35 42 1.388766117584255
35 43 1.299268623328908
35 44 1.214940759718327
35 45 1.3581548891886002
35 46 1.373141368958851
35 47 1.3041916174372616
35 48 1.4018680152834215
35 49 1.368591233545401
36 37 1.3520213612446015
36 38 1.3433538845345108
36 39 1.3197673005962638
36 40 1.3578350459174213
36 41 1.3175609336807161
36 42 1.3235720325217695
36 43 1.27189095395382
36 44 1.3505749415218617
36 45 1.4061603692853675
36 46 1.3843951780924741
36 47 1.379203919930147
36 48 1.2402815875285624
36 49 1.3603493549140677
37 38 1.2920345684413235
37 39 1.4862747902034146
37 40 1.3007822438491539
37 41 1.2637677116650952
37 42 1.377408334505476
37 43 1.3835063046035276
37 44 1.4569240301673927
37 45 1.2371832448211206
37 46 1.268690886264456
37 47 1.3803144975912651
37 48 1.3111468924073142
37 49 1.22214914530353
38 39 1.492910483486595
38 40 1.0596570556340559
38 41 1.200062765178267
38 42 1.4828082176903326
38 43 1.4673419846654923
38 44 1.5629667003007648
38 45 1.2349180837815137
38 46 1.3361669429174974
38 47 1.3340472863830843
38 48 1.3115369463578221
38 49 1.1609281683369383
39 40 1.407435459200125
39 41 1.4725446757369798
39 42 1.3890634485760187
39 43 1.327962864222016
39 44 1.2538203110460144
39 45 1.4336941318494516
39 46 1.378605625801357
39 47 1.356160148256743
39 48 1.3766666454394325
39 49 1.369647146677027
40 41 1.207045902109569
40 42 1.4077593837788558
40 43 1.3617577691443803
40 44 1.4924743709414001
40 45 1.175831619877105
40 46 1.2560872426605005
40 47 1.2946849849359123
40 48 1.2354616393028774
40 49 1.2678551171500765
41 42 1.4449411420072427
41 43 1.2977311357464996
41 44 1.3220736260153707
41 45 1.1979368926446503
41 46 1.3502939829771459
41 47 1.248049441814829
41 48 1.2099675990353616
41 49 1.3251527667629437
42 43 1.191025577603824
42 44 1.1762485842373394
42 45 1.3132416844653898
42 46 1.358672079367099
42 47 1.2672770844383474
42 48 1.2789299868596
42 49 1.3882790271793921
43 44 1.1178979911125768
43 45 1.3215189697523335
43 46 1.263363217707133
43 47 1.2844532719007768
43 48 1.2283075735213127
43 49 1.415899578414726
44 45 1.3383776543411419
44 46 1.3115319972913286
44 47 1.1539743983717752
44 48 1.3460720829273536
44 49 1.4370339942101678
45 46 1.141459945636037
45 47 1.2017609857681606
45 48 1.2741791691925235
45 49 1.2284354827852642
46 47 1.2295339062269677
46 48 1.3266173907478536
46 49 1.285259236287517
47 48 1.3912675933057097
47 49 1.361362955788835
48 49 1.3911750308139936
