75 0
0 1 1.428993072056171
0 2 1.4493930873404235
0 3 1.4677671020226044
0 4 1.2908569839467152
0 5 1.2698748742508061
0 6 1.192257058458312
0 7 1.2254998967079902
0 8 1.2402426676536342
0 9 1.375951913431317
0 10 1.2331598127785888
0 11 1.3930955466755188
0 12 1.4004302955091286
0 13 1.4553063368693808
0 14 0.6973771637148933
0 15 1.370695207208939
0 16 1.2891995345549645
0 17 1.2759117969143285
0 18 1.3488718254757863
0 19 1.4029419613807463
0 20 1.4237492336835493
0 21 1.185265450449599
0 22 1.2519300248889085
0 23 1.347980074760339
0 24 1.400143358064831
0 25 1.3608316841370807
0 26 1.363199069199723
0 27 1.4912285811819346
0 28 1.3886283222919897
0 29 1.3669458488199893
0 30 1.3680156981473772
0 31 1.4750270952331466
0 32 1.4019023510578015
0 33 1.4369804968377329
0 34 1.4743058849812873
0 35 1.46721859003284
0 36 1.4079840970094843
0 37 0.7089175260379075
0 38 1.4494260299123594
0 39 1.4436211007104576
0 40 1.4025202470749711
0 41 1.3080161895992257
0 42 1.323381596358294
0 43 1.5377688699268177
0 44 1.3350662333648855
0 45 1.3441311574934844
0 46 1.3852164979061796
0 47 1.1637048156844634
0 48 1.40253427602843
0 49 1.1579690739913706
0 50 1.451668920659452
0 51 1.23446753036074
0 52 1.3622577243569434
0 53 1.3789257355932707
0 54 1.5093427467561944
0 55 1.3304692627442618
0 56 1.2238944326198729
0 57 1.4600974071676756
0 58 1.4142733165942543
0 59 1.3687523225699803
0 60 1.2140676273691056
0 61 0.898123672308259
0 62 1.2447441534060526
0 63 1.526479666565874
0 64 1.2975270338238372
0 65 1.2986339327844778
0 66 1.400806140943499
0 67 1.3497493930643572
0 68 1.4273211407291944
0 69 0.790390868699447
0 70 1.3270896143592117
0 71 1.3476763938352205
0 72 1.4196642013055827
0 73 1.4107317387254659
0 74 1.3537304857561667
1 2 0.76617183038917
1 3 1.4177206168164513
1 4 1.1405471007528665
1 5 1.347122194747809
1 6 1.213824540142454
1 7 1.3310663870119825
1 8 1.3795488300415093
1 9 1.1615803976877783
1 10 1.3589359947481463
1 11 1.2706488398725047
1 12 1.0276894687404772
1 13 1.327981537091089
1 14 1.5232427544936795
1 15 1.0459023794222564
1 16 1.3618532000553736
1 17 1.2391222910724349
1 18 1.2060767747287777
1 19 1.2891703579896323
1 20 1.2547634952059965
1 21 1.3410119980840005
1 22 0.9817671252964436
1 23 1.133391966596158
1 24 0.910371880729619
1 25 1.1914896580677428
1 26 1.2332096409617028
1 27 1.205240911915479
1 28 1.004361952150157
1 29 0.9303848034989246
1 30 1.3107282949331882
1 31 1.147537299584951
1 32 1.1717998135941958
1 33 1.2102712513872043
1 34 1.1450716625501032
1 35 0.9647558607185496
1 36 1.1151981605467016
1 37 1.471789187393831
1 38 1.1707500456049846
1 39 1.1102664800925435
1 40 1.243959251841137
1 41 1.161886450669275
1 42 1.2787016916033302
1 43 1.0615982316916375
1 44 1.349095869542636
1 45 1.244079523175034
1 46 1.4296361130889468
1 47 1.2664731167324663
1 48 0.9714973930396387
1 49 1.2104266019578303
1 50 1.20584250655891
1 51 1.4004161476789236
1 52 1.1707693345194095
1 53 1.0265298778784502
1 54 1.3439047738997025
1 55 1.2323907805716328
1 56 1.4178587647945937
1 57 1.0343857561961005
1 58 1.2549677428277464
1 59 1.3442215177624321
1 60 1.2928363751564742
1 61 1.2597409667550814
1 62 1.4372513490748846
1 63 1.0894644334798518
1 64 1.2642677398339177
1 65 1.2148173429095204
1 66 1.0984196741833585
1 67 1.1719979862591277
1 68 1.1701964478107751
1 69 1.4449346619434265
1 70 1.1131065227839723
1 71 1.1603919883950702
1 72 0.7348526652003248
1 73 1.18319693486913
1 74 1.1383588573935908
2 3 1.3860263340050036
2 4 1.1239106892933293
2 5 1.3138020113799185
2 6 1.2612313105427784
2 7 1.3154082623575682
2 8 1.4201953386698967
2 9 1.1155279538718381
2 10 1.3481472047794794
2 11 1.2912699867593636
2 12 1.0929608217512148
2 13 1.3381027253654083
2 14 1.5540685863259343
2 15 1.1245845464259403
2 16 1.4711735992032784
2 17 1.2764974680558214
2 18 1.0787369946600447
2 19 1.1876559471065389
2 20 1.313164990668897
2 21 1.4327735254031664
2 22 1.0280956061994029
2 23 1.0679806043964721
2 24 1.0515611740984443
2 25 1.1934589985944957
2 26 1.2298426867260306
2 27 1.27029336893448
2 28 1.000042823890884
2 29 0.9574906367034132
2 30 1.333721829016459
2 31 1.1555285894200826
2 32 1.2324726875279355
2 33 1.3066443152509006
2 34 1.1446902095744649
2 35 1.0464357623626053
2 36 0.9858785973376926
2 37 1.5455757144756173
2 38 1.1807811970110709
2 39 1.0377662549434057
2 40 1.252112288059406
2 41 1.1772334990584277
2 42 1.198977480862851
2 43 1.022808151904066
2 44 1.3279646407823344
2 45 1.2001985074058383
2 46 1.4431722101751066
2 47 1.3184756069353996
2 48 1.0269591513971634
2 49 1.26227104555791
2 50 1.2490711356329474
2 51 1.4121848950179567
2 52 1.1668367891226992
2 53 1.0548378296250536
2 54 1.277839394356197
2 55 1.215405534478355
2 56 1.4918552033950363
2 57 1.0610820025965813
2 58 1.3198038575956663
2 59 1.2560091361468189
2 60 1.3350496445260551
2 61 1.262599822273369
2 62 1.4224189779753786
2 63 1.0344675012559654
2 64 1.2341138806726826
2 65 1.2472170430331997
2 66 1.07882442152732
2 67 1.1446122398951601
2 68 1.2735260003559283
2 69 1.5027647379925748
2 70 1.2286838930661894
2 71 1.1061290113625604
2 72 0.9022265626780841
2 73 1.2089898874777234
2 74 1.2370181446951343
3 4 1.3380415236654906
3 5 1.4877911285938645
3 6 1.2749913933999828
3 7 1.3492989884723936
3 8 1.3473633974396728
3 9 1.4067038287344034
3 10 1.5166221997296423
3 11 1.4231699311012966
3 12 1.4960132097048828
3 13 1.5450768333685205
3 14 1.5364933389847686
3 15 1.3573810052544715
3 16 1.4212643590402665
3 17 1.420483794579108
3 18 1.3709218813767299
3 19 1.393630027007088
3 20 1.19506567846787
3 21 1.4600928323838294
3 22 1.3586654665143432
3 23 1.4637991879678318
3 24 1.3058359615214836
3 25 1.477824333130037
3 26 1.4574349940199753
3 27 1.3147458341518863
3 28 1.4033729971745754
3 29 1.5543616123340636
3 30 1.1575056776541637
3 31 1.3536303230870246
3 32 1.3197971472064656
3 33 1.3079391030260836
3 34 1.4362259837350655
3 35 1.4835866065703578
3 36 1.3181389982089557
3 37 1.5006441096139802
3 38 1.4744657369078809
3 39 1.369943309496982
3 40 1.3455419380615588
3 41 1.2591294958267125
3 42 1.3054092264311066
3 43 1.3365949837618964
3 44 1.3060831153356656
3 45 1.5084023672805198
3 46 1.3301620254469635
3 47 1.4872124650242162
3 48 1.3748184592701413
3 49 1.5053271646550554
3 50 1.180060948965899
3 51 1.4885341478164322
3 52 1.526552654040831
3 53 1.2353833053252838
3 54 1.513562877490276
3 55 1.3045946044135937
3 56 1.472467675932278
3 57 1.4207742704536548
3 58 1.195541943874265
3 59 1.0870229304673746
3 60 1.191564935981931
3 61 1.5663332963011067
3 62 1.5829834059012549
3 63 1.3378463760048018
3 64 1.4725404623746514
3 65 1.2464153282346209
3 66 1.3424722607139805
3 67 1.5112153225690794
3 68 1.1929971391026784
3 69 1.515080338839219
3 70 1.3790611150761307
3 71 1.3841062697405846
3 72 1.4672902646993153
3 73 1.3575502885783204
3 74 1.3916510643205235
4 5 1.376737354979272
4 6 1.0660186440965043
4 7 1.3501164452666106
4 8 1.392773055969141
4 9 1.2710879903933419
4 10 1.4929381921721894
4 11 1.3890593446895827
4 12 1.2788457152478445
4 13 1.3277979200349663
4 14 1.361388676387313
4 15 1.1349302044885363
4 16 1.3870865860375514
4 17 1.3529105017613114
4 18 1.1990971766510017
4 19 1.3355723719556816
4 20 1.1194143505141445
4 21 1.3222553120379068
4 22 0.9799841368000524
4 23 1.1998562988240147
4 24 1.3089802544402565
4 25 1.231758424213022
4 26 1.3441761085375916
4 27 1.3747964093734495
4 28 1.1627699640811533
4 29 1.1289028064410287
4 30 1.2505756476828507
4 31 1.2433146689576686
4 32 1.1878511464005408
4 33 1.2067783872987499
4 34 1.3224816865979527
4 35 1.2219176862603511
4 36 1.1212499987574058
4 37 1.4144815234879466
4 38 1.3376748939812235
4 39 1.168494883343323
4 40 1.3663885253483832
4 41 1.1429338062291943
4 42 1.1387404286447467
4 43 1.1845565157153954
4 44 1.4024441124367157
4 45 1.2923726330483771
4 46 1.357263564255317
4 47 1.309223490242686
4 48 1.189496000974001
4 49 1.2301288150946683
4 50 1.0614274229033118
4 51 1.48743359007303
4 52 1.3321075412794061
4 53 1.0623239580901087
4 54 1.410160690204594
4 55 1.1970610523758418
4 56 1.4151911043261118
4 57 1.1935809517111937
4 58 1.1272968817507492
4 59 1.2263225854087119
4 60 1.0095193845758452
4 61 1.1612150957009282
4 62 1.4041028130931055
4 63 1.1758808638562321
4 64 1.3575712082074012
4 65 1.215939726082201
4 66 1.1698975319161462
4 67 1.3409364229114276
4 68 1.231806341463736
4 69 1.3453824955074882
4 70 1.1389410210842406
4 71 1.200356866618357
4 72 1.0623526755832264
4 73 1.2746693344021247
4 74 1.225368727819353
5 6 1.4663081524268238
5 7 1.3429982660544197
5 8 1.3658827661198176
5 9 1.3433248776370337
5 10 0.7829816508237848
5 11 1.1957586063105672
5 12 1.3132864140046088
5 13 1.2564356724424668
5 14 1.279283865739231
5 15 1.356920781439812
5 16 1.1961948972152066
5 17 1.0370978699177948
5 18 1.1836200187130104
5 19 1.377966406625256
5 20 1.4931187819246547
5 21 1.2524641336253344
5 22 1.3842227455980791
5 23 1.3082966176128938
5 24 1.3812137266595563
5 25 1.3099657205079782
5 26 1.2733625367975898
5 27 1.40490159354854
5 28 1.3922705542028324
5 29 1.314495210779495
5 30 1.3537469477838933
5 31 1.30308984154552
5 32 1.4551724425641526
5 33 1.5235372009385557
5 34 1.419304652416612
5 35 1.4495652770350869
5 36 1.3616250722363128
5 37 1.2559054615147094
5 38 1.3141028914394381
5 39 1.3608714056930007
5 40 1.2530614815119767
5 41 1.302705660024799
5 42 1.352131702412869
5 43 1.427517229450342
5 44 1.4352173440465514
5 45 1.3088400912772549
5 46 1.371715806170335
5 47 1.414905072282216
5 48 1.4016881130817296
5 49 1.3749268727646864
5 50 1.4759998433122432
5 51 0.8024986131779581
5 52 1.4605771583094906
5 53 1.3812474427870827
5 54 1.490353440831714
5 55 1.3335762679233005
5 56 1.284251269660564
5 57 1.4887704053432584
5 58 1.4765935061822788
5 59 1.4973121509979137
5 60 1.3239669844841309
5 61 1.290079312868707
5 62 1.2529896551793234
5 63 1.3900849155135673
5 64 1.2123945471261228
5 65 1.2522495897244557
5 66 1.4300751370740052
5 67 1.2792426144774673
5 68 1.4685469408062337
5 69 1.2346166753391135
5 70 1.480524703379239
5 71 1.2448207460136291
5 72 1.3903252470266068
5 73 1.3559207550602057
5 74 1.4143134111723723
6 7 1.2625005645661693
6 8 1.3618741413145714
6 9 1.2179089625177033
6 10 1.4544198910742339
6 11 1.3745745856888665
6 12 1.258509014316112
6 13 1.481273975561154
6 14 1.2937280793323207
6 15 1.2738761519604322
6 16 1.4164130264847623
6 17 1.4244196118388004
6 18 1.3047938637218763
6 19 1.3102907103255836
6 20 1.2269856767380556
6 21 1.4052847277718177
6 22 1.1207624470924784
6 23 1.3787430812366364
6 24 1.3084689157416067
6 25 1.3086098977402025
6 26 1.4212120976182603
6 27 1.2710403744163183
6 28 1.2327376636272402
6 29 1.1951057617144534
6 30 1.2901787335099517
6 31 1.2975839969437428
6 32 1.2551843501677558
6 33 1.1835762097959368
6 34 1.354928525348174
6 35 1.257412532814935
6 36 1.2288597248972266
6 37 1.2841593171253576
6 38 1.3369191315289553
6 39 1.204825410991909
6 40 1.2427395888095099
6 41 1.0866353278524927
6 42 1.308500204777654
6 43 1.3221606456701178
6 44 1.345725278141951
6 45 1.2874377238780212
6 46 1.3884931068127484
6 47 1.2187324488023323
6 48 1.1681649166940062
6 49 1.156418573236592
6 50 1.1377467018983494
6 51 1.4607502674494388
6 52 1.3152248288224384
6 53 1.180768665992516
6 54 1.433736795455873
6 55 1.3002616411683492
6 56 1.4142086275505747
6 57 1.2847096012967496
6 58 1.232198965301405
6 59 1.2371605877649456
6 60 1.1360373200552198
6 61 1.1776609940143092
6 62 1.512953919443825
6 63 1.2968057240542235
6 64 1.2753979709254863
6 65 1.1934104249939717
6 66 1.1845496911658056
6 67 1.3265685450908966
6 68 1.0000186639909576
6 69 1.2817028199790297
6 70 1.0886750919348496
6 71 1.2156461621769858
6 72 1.2150164312764633
6 73 1.328681352244423
6 74 1.227317302372635
7 8 1.112913382064883
7 9 1.3062815826896663
7 10 1.2702676938733601
7 11 1.3930995089958111
7 12 1.283511643202405
7 13 1.3080005280135183
7 14 1.2278945714181664
7 15 1.3665294249254079
7 16 1.2675581331303525
7 17 1.2922431189007533
7 18 1.3178774108754217
7 19 1.3623462608104282
7 20 1.300135595586045
7 21 1.2401845671178906
7 22 1.1911650742359776
7 23 1.2431691864734784
7 24 1.345941479162457
7 25 1.2430514410675035
7 26 1.3024258938418396
7 27 1.3714271521393255
7 28 1.275726555308164
7 29 1.2311453186284858
7 30 1.3386009585959033
7 31 1.2750083371982797
7 32 1.404418243163832
7 33 1.3351605022323105
7 34 1.3131144792783391
7 35 1.257888798963314
7 36 1.2763756522143053
7 37 1.2489817133162755
7 38 1.2517837245094876
7 39 1.3079649188006466
7 40 1.2717796786330482
7 41 1.304877744356219
7 42 1.2379052157502117
7 43 1.3955947040878156
7 44 0.8187639764597646
7 45 1.2809262557353587
7 46 1.2369424468106769
7 47 1.2025080111498228
7 48 1.2419864503000944
7 49 1.222885788952754
7 50 1.3565244789507758
7 51 1.2640260592768793
7 52 1.209166345839529
7 53 1.3974890543316483
7 54 1.3400915117224885
7 55 1.2743604743874613
7 56 1.369649378004591
7 57 1.3983705026126596
7 58 1.3090424318267757
7 59 1.3257564769936836
7 60 1.2307983590059433
7 61 1.1926061798135998
7 62 1.3074216276346378
7 63 1.3287443185741556
7 64 1.2745207243224776
7 65 1.2853541759273586
7 66 1.2849432849637408
7 67 1.2571544149160563
7 68 1.3498921903957684
7 69 1.2489456222711985
7 70 1.302916945136132
7 71 1.2917618667803616
7 72 1.2792228267223955
7 73 1.3720359151767683
7 74 1.2923522134542127
8 9 1.3777133240485853
8 10 1.2704535364815823
8 11 1.3854824142895292
8 12 1.4175497351120503
8 13 1.5106514718190025
8 14 1.3264030120110724
8 15 1.3486749737999473
8 16 1.3353273731925654
8 17 1.3727838217001045
8 18 1.3044386627447293
8 19 1.4621748314105996
8 20 1.3012824665833813
8 21 1.322075220911897
8 22 1.3004062668766858
8 23 1.4060347529846502
8 24 1.339543816399961
8 25 1.354760686962845
8 26 1.226794653831519
8 27 1.4157607770283551
8 28 1.3463293028710888
8 29 1.3967988345767417
8 30 1.3197147874428192
8 31 1.3125614403944366
8 32 1.3791239785996503
8 33 1.343599854287607
8 34 1.3624881672851965
8 35 1.374380130653851
8 36 1.3641843899066832
8 37 1.3084435451003684
8 38 1.406333943478542
8 39 1.495883544897903
8 40 1.4677373045322564
8 41 1.3502884238279114
8 42 1.4011598713735722
8 43 1.366192302944367
8 44 1.1936916074046078
8 45 1.4370334175573174
8 46 1.1735419402996232
8 47 1.4049101254308516
8 48 1.3083135548010472
8 49 1.320901838815833
8 50 1.3742037317422702
8 51 1.203354499315761
8 52 1.3541688911351817
8 53 1.3356220109199375
8 54 1.358216919536574
8 55 1.2644434572309198
8 56 1.37888250206371
8 57 1.3741505823576166
8 58 1.3097822562940047
8 59 1.376994115523623
8 60 1.3028311835285655
8 61 1.3525415629978104
8 62 1.3413755717594749
8 63 1.34301127651551
8 64 1.2706181174137474
8 65 1.316476222963401
8 66 1.3260491519073834
8 67 1.4686955603678438
8 68 1.4161090415040845
8 69 1.3182226832109971
8 70 1.3380336048843124
8 71 1.3756354008767582
8 72 1.4502106093881206
8 73 1.337074775829892
8 74 1.2834297067542821
9 10 1.327731205611009
9 11 1.2431414326543015
9 12 1.2106781822555583
9 13 1.3760874634121305
9 14 1.428407263845038
9 15 1.2159046885008362
9 16 1.3852104011393955
9 17 1.3349890792208163
9 18 1.0411288262742693
9 19 1.2858991253610474
9 20 1.337552806272418
9 21 1.3163428060680205
9 22 1.0809009887530423
9 23 1.2053919860266975
9 24 1.214453992693101
9 25 1.2699728245567738
9 26 1.1559401188356753
9 27 1.3269145284054562
9 28 1.1415424928278621
9 29 1.1332184846380557
9 30 1.2962848902327848
9 31 1.199065580284631
9 32 1.2842112837682982
9 33 1.2230734035334843
9 34 1.2190023867480344
9 35 1.2238613428673675
9 36 1.2527687066231954
9 37 1.469435082009284
9 38 1.2121739458337148
9 39 1.1343154092464292
9 40 1.2310196500264676
9 41 1.172287069791939
9 42 1.2570474185939737
9 43 1.2774870632169497
9 44 1.3908116632946312
9 45 1.1503046698427801
9 46 1.2143183084413058
9 47 1.3133582798673846
9 48 1.2177694899973812
9 49 1.3282511420012404
9 50 1.2563847082731299
9 51 1.372780957930168
9 52 1.2246015885049706
9 53 1.2337994796279088
9 54 1.2929640635868243
9 55 1.3247380459779525
9 56 1.3591651063653138
9 57 1.2208074342714976
9 58 1.335947083491375
9 59 1.3664026397167424
9 60 1.409802261789935
9 61 1.3483092505143643
9 62 1.3762945723169775
9 63 1.1894816049922332
9 64 1.2410236450465804
9 65 1.279603135845014
9 66 1.113240502614651
9 67 1.247826241006898
9 68 1.219840849663512
9 69 1.3908422190036214
9 70 1.2313580451051604
9 71 1.216172416317008
9 72 1.2031832395827815
9 73 1.26519774576884
9 74 1.183788325287846
10 11 1.2713790662949274
10 12 1.3788782665530839
10 13 1.312688633147857
10 14 1.2540893589818092
10 15 1.3435340224207166
10 16 1.1461015325703754
10 17 1.023960983392066
10 18 1.324242079768545
10 19 1.3826761715995892
10 20 1.567185764009364
10 21 1.2680489791767842
10 22 1.467386379661508
10 23 1.3789006370884078
10 24 1.3762038615797352
10 25 1.3071994528426214
10 26 1.2951775010611823
10 27 1.362811130067564
10 28 1.4323677397312355
10 29 1.3349643926895978
10 30 1.40998885289656
10 31 1.3637309353101068
10 32 1.5033394904845434
10 33 1.5039659585767453
10 34 1.4542595305735266
10 35 1.4245086966959974
10 36 1.4238078113484745
10 37 1.2188912608842695
10 38 1.2994722189125854
10 39 1.4097925703927427
10 40 1.2014394789015366
10 41 1.3504655807419716
10 42 1.4045317612021406
10 43 1.4735451575116303
10 44 1.3309437017289525
10 45 1.319161849444883
10 46 1.3723599269601983
10 47 1.4671652392142567
10 48 1.4178114009568605
10 49 1.3244648914168962
10 50 1.542206281002165
10 51 0.5332045579312419
10 52 1.3801683162227303
10 53 1.447047659840202
10 54 1.387130859446157
10 55 1.4374595166174675
10 56 1.1922548419336123
10 57 1.496962691635698
10 58 1.5590927315283925
10 59 1.5326910437162877
10 60 1.4605865402001785
10 61 1.3249989318067195
10 62 1.290180897363066
10 63 1.4462975895184877
10 64 1.2343208287014282
10 65 1.2939601758558479
10 66 1.4274598644663492
10 67 1.3218062392898906
10 68 1.4120840789392286
10 69 1.2590548971911397
10 70 1.5342693498861883
10 71 1.2467380785078563
10 72 1.4492179249935326
10 73 1.4667741824918439
10 74 1.448309124947606
11 12 1.2355898319072218
11 13 1.3919024979140948
11 14 1.4510734486906225
11 15 1.2785681624259413
11 16 1.309720631012842
11 17 1.2576181388141086
11 18 1.351599654557885
11 19 1.3648137936007452
11 20 1.423490776520797
11 21 1.4028638011029684
11 22 1.3197876135261466
11 23 1.2898356628226642
11 24 1.2626675666924974
11 25 1.3455483557207244
11 26 1.1265850655837448
11 27 1.4372799516665125
11 28 1.3625428759145894
11 29 1.2689397975036878
11 30 1.3714697626578276
11 31 1.4043299836437513
11 32 1.3520083048304972
11 33 1.38034805891453
11 34 1.4189469573510565
11 35 1.3419475932906635
11 36 1.3097289963614178
11 37 1.438380834901422
11 38 1.223739907313644
11 39 1.3061692486720926
11 40 1.3413494906691552
11 41 1.3072579343068045
11 42 1.3158268338903163
11 43 1.3311222427425975
11 44 1.4292878485605442
11 45 1.3092737753269763
11 46 1.3273892948432582
11 47 1.5177970796719764
11 48 1.3249567067270696
11 49 1.322361875085083
11 50 1.4714828158221938
11 51 1.2713304982300966
11 52 1.3550582886859535
11 53 1.2528797702695742
11 54 1.3403034210858666
11 55 1.3865227212752986
11 56 1.4054938500652157
11 57 1.4615388487434262
11 58 1.4194784841447152
11 59 1.393284741098331
11 60 1.3833631321782203
11 61 1.4525911008884813
11 62 1.4501164483818374
11 63 1.3058774153140504
11 64 1.2384104036239243
11 65 1.359888457951864
11 66 1.3592120954301379
11 67 1.347928188812837
11 68 1.3665658058655488
11 69 1.3642400097329332
11 70 1.41708485443431
11 71 1.3356964756318441
11 72 1.3163681854447769
11 73 1.4058114777582562
11 74 1.4096820289766487
12 13 1.0640917109422066
12 14 1.4327331731222455
12 15 1.2911020467802399
12 16 1.3548215553735155
12 17 1.2224095171675076
12 18 1.192979793535541
12 19 1.2614207310321819
12 20 1.3045711776649511
12 21 1.338730204803574
12 22 1.1141166808947303
12 23 1.1530857134811519
12 24 1.0825500291232681
12 25 1.194294329023113
12 26 1.195051012989158
12 27 1.4385403464265385
12 28 1.1520324082489528
12 29 0.9683994958478794
12 30 1.4052502051023892
12 31 1.365230039346477
12 32 1.2442783295868824
12 33 1.340991791808686
12 34 1.324510211073622
12 35 1.0676228324585342
12 36 1.1760913983377366
12 37 1.4175701354752526
12 38 1.0029121735173139
12 39 1.2494901038907138
12 40 1.331078424468284
12 41 1.273396814251655
12 42 1.258183480628697
12 43 1.2356132674505473
12 44 1.3686967237545635
12 45 1.0697918381152507
12 46 1.3233434043228243
12 47 1.3200563227552669
12 48 1.1216732037811707
12 49 1.2831951896952862
12 50 1.2912451513461523
12 51 1.3611858192492952
12 52 1.1537980013882572
12 53 1.2631394960108995
12 54 1.2870792199418415
12 55 1.2432524121042459
12 56 1.4840688202583863
12 57 1.282082483107474
12 58 1.3092930792049515
12 59 1.427220541804467
12 60 1.4009703401275777
12 61 1.2560428083789419
12 62 1.3776539621806614
12 63 1.1918119880425486
12 64 1.2026099780968038
12 65 1.347528180995167
12 66 1.1465889707546604
12 67 0.973104666943369
12 68 1.3903768239337908
12 69 1.371341978620661
12 70 1.2459559574606875
12 71 1.2982633486767612
12 72 0.9744674705291307
12 73 1.3379943636618132
12 74 1.2356329228470144
13 14 1.3987211405090039
13 15 1.3834792427356497
13 16 1.3587738189643295
13 17 1.183795410299241
13 18 1.2949745021678543
13 19 1.4102316201870093
13 20 1.3791040329384736
13 21 1.3350981371212878
13 22 1.2641318188450925
13 23 1.2687660218196744
13 24 1.3420685069267513
13 25 1.3172873275347303
13 26 1.304710848794672
13 27 1.4235582347254878
13 28 1.2841268790254379
13 29 1.1504353837945787
13 30 1.3983736596634064
13 31 1.3903695996714982
13 32 1.4443779980638272
13 33 1.3919036049778455
13 34 1.2677669018041147
13 35 1.2681302919991717
13 36 1.3060891183560097
13 37 1.4537071706619131
13 38 1.033231128993295
13 39 1.3776417336050357
13 40 1.2982099798945517
13 41 1.3334248174919445
13 42 1.4235910443349318
13 43 1.332996077022889
13 44 1.417674017791005
13 45 1.0311461024924586
13 46 1.4296475452112658
13 47 1.4267494221803965
13 48 1.2308792161523197
13 49 1.4246617585477246
13 50 1.3771551965269253
13 51 1.3481872733563305
13 52 1.3235736388391197
13 53 1.4391638857394478
13 54 1.434007073087096
13 55 1.278458356158379
13 56 1.410105278895061
13 57 1.3400979143075877
13 58 1.3834863769114811
13 59 1.5188875299127051
13 60 1.3716491362886392
13 61 1.2402528772195758
13 62 1.3350407192447453
13 63 1.2733298882602337
13 64 1.3536563768337317
13 65 1.3462050038908446
13 66 1.2879835338735495
13 67 0.920304583089545
13 68 1.51084657129314
13 69 1.3590464660703985
13 70 1.4159537144945225
13 71 1.21567748349585
13 72 1.1893522476547498
13 73 1.3128369129808501
13 74 1.3666576847903849
14 15 1.502316125042825
14 16 1.286085820262775
14 17 1.272393113755172
14 18 1.4475203851443994
14 19 1.496615317635732
14 20 1.493073259713856
14 21 1.2665129715765917
14 22 1.372392853450991
14 23 1.3977284209553689
14 24 1.4472808626361913
14 25 1.4276326988531136
14 26 1.4298484866444374
14 27 1.4626893780602692
14 28 1.461546193653939
14 29 1.4399727722360258
14 30 1.4593127749858588
14 31 1.4224317852900106
14 32 1.535035256568801
14 33 1.5186331648915916
14 34 1.4412137294145961
14 35 1.50080050396817
14 36 1.512308018966536
14 37 0.5520936482388304
14 38 1.453153470020111
14 39 1.513020939059438
14 40 1.4423945011960093
14 41 1.3923560686771117
14 42 1.417568189857935
14 43 1.6210580154166756
14 44 1.2879141681230797
14 45 1.3252971577501504
14 46 1.400493764119524
14 47 1.1843453882039374
14 48 1.4714084603947313
14 49 1.1953421139002025
14 50 1.5304075382409499
14 51 1.2143967520411216
14 52 1.4456817775024087
14 53 1.51085437834979
14 54 1.5549989410219616
14 55 1.411125944696839
14 56 1.1565486001085825
14 57 1.5467543684046456
14 58 1.4787862313882707
14 59 1.4647327536537693
14 60 1.2742083121479708
14 61 0.8914775055162054
14 62 1.1967372026057843
14 63 1.6223362861342923
14 64 1.3336365334552902
14 65 1.3854711671771827
14 66 1.4485425907816787
14 67 1.3357427877444776
14 68 1.4675775595835912
14 69 0.7628033800937443
14 70 1.3978406804235193
14 71 1.3663383192175034
14 72 1.4836708570997512
14 73 1.454475508728226
14 74 1.413158854676335
15 16 1.3303485941645197
15 17 1.29523662580768
15 18 1.2294239716079467
15 19 1.3095543138778512
15 20 1.2304763744835017
15 21 1.4002094105945784
15 22 1.1460432424315203
15 23 1.2283864109145168
15 24 1.1541172885256283
15 25 1.2495517125637092
15 26 1.194761771415105
15 27 1.339105242287473
15 28 1.1260192323195903
15 29 1.1668026279107373
15 30 1.2157386517094617
15 31 1.1732400609608813
15 32 1.1734128306312734
15 33 1.3206377396414162
15 34 1.2597804344036727
15 35 1.1893417008212368
15 36 1.1268279634285028
15 37 1.515976008866017
15 38 1.306438930603101
15 39 1.1801065934608723
15 40 1.3150071601084343
15 41 1.1136530491681196
15 42 1.372639123110704
15 43 1.092902124032613
15 44 1.3336360655612622
15 45 1.3277499143650726
15 46 1.3546216776118505
15 47 1.3988959192647152
15 48 1.1574004853531497
15 49 1.223707453637392
15 50 1.183179138828735
15 51 1.400224319613704
15 52 1.2888531989239613
15 53 0.6980385965244378
15 54 1.318423915158668
15 55 1.3034033323287662
15 56 1.3270168098945319
15 57 1.2138951012282215
15 58 1.2161620221364964
15 59 1.3367990164662726
15 60 1.3086003014684868
15 61 1.4017416196628836
15 62 1.3943259465412072
15 63 1.0780395301410775
15 64 1.2318243354928833
15 65 1.2852739116450278
15 66 1.232948747922868
15 67 1.2914434734101907
15 68 1.1530685341141524
15 69 1.461831465302039
15 70 1.2891972845347754
15 71 1.1926803592556448
15 72 1.1538181173222721
15 73 1.2905669047933985
15 74 1.3111462140829158
16 17 0.953246496056965
16 18 1.3873536307215815
16 19 1.406169113166955
16 20 1.4119862605675837
16 21 1.290070859680333
16 22 1.362736481720447
16 23 1.3717692653474163
16 24 1.3271122701538909
16 25 1.2980567989250462
16 26 1.3074657975032675
16 27 1.3991322579789385
16 28 1.358863884096481
16 29 1.3222803970112382
16 30 1.3401737057445948
16 31 1.4105844567382937
16 32 1.3803152925381845
16 33 1.3674116752524927
16 34 1.4721165037989137
16 35 1.3286311033896325
16 36 1.4248971615912116
16 37 1.2824859729502451
16 38 1.359471799809067
16 39 1.390229407327711
16 40 1.2916378423417254
16 41 1.3575961401419723
16 42 1.3427254857271302
16 43 1.4364190072356706
16 44 1.3683885383379044
16 45 1.3861535047596367
16 46 1.3414717894866737
16 47 1.4046680747288647
16 48 1.3891146631896851
16 49 1.3073589905167273
16 50 1.4197942998523858
16 51 1.0888090216694115
16 52 1.2704492367855629
16 53 1.3444951752770373
16 54 1.3142386212574597
16 55 1.4402268940808782
16 56 1.0821694788066345
16 57 1.4326183630741351
16 58 1.3985874274528551
16 59 1.4121610265746067
16 60 1.4063853709447371
16 61 1.3522149985594953
16 62 1.341239700767971
16 63 1.4107010517558296
16 64 1.358309561118619
16 65 1.3124402539569102
16 66 1.3058586969168628
16 67 1.377747989219003
16 68 1.4359693189791647
16 69 1.235463591172269
16 70 1.3682443086444827
16 71 1.4317651271246246
16 72 1.400090133445122
16 73 1.4099425985938705
16 74 1.3306568008550317
17 18 1.2516616936398028
17 19 1.3495910664461728
17 20 1.4084992472889775
17 21 1.3006188425677374
17 22 1.2792942244048744
17 23 1.290612587162453
17 24 1.2652095813070428
17 25 1.2153179307256772
17 26 1.2879071010600125
17 27 1.374986569827726
17 28 1.1358415717951675
17 29 1.23472159924144
17 30 1.2843541114506152
17 31 1.3176851658533273
17 32 1.4002868875119086
17 33 1.4020321952985382
17 34 1.2998979183358073
17 35 1.2638822904334395
17 36 1.2383603057486783
17 37 1.3379824344550992
17 38 1.1958691065402056
17 39 1.3859434140218632
17 40 1.2096649204050798
17 41 1.3435213882134298
17 42 1.3088134411475283
17 43 1.278579163366064
17 44 1.3035873864058574
17 45 1.2221131481051715
17 46 1.380323904039714
17 47 1.3632499929668056
17 48 1.1904376520209685
17 49 1.2595310425670447
17 50 1.460889259383104
17 51 1.0728091227924346
17 52 1.2359051615135457
17 53 1.3118409767995736
17 54 1.3647163702273033
17 55 1.3493465836737528
17 56 1.1689272784050122
17 57 1.3741223547352663
17 58 1.3942723355987752
17 59 1.459468979074954
17 60 1.297479087345022
17 61 1.2572015386463065
17 62 1.3141087823921531
17 63 1.209834241339096
17 64 1.3159406274353411
17 65 1.2260801442741227
17 66 1.2690281046742784
17 67 1.160636828354874
17 68 1.4046396789329831
17 69 1.278355785723581
17 70 1.3083838420139333
17 71 1.1974821563056723
17 72 1.274526991241425
17 73 1.300686194073678
17 74 1.3518129597014845
18 19 1.1617400003918923
18 20 1.320796665212205
18 21 1.282128688971408
18 22 1.058878025938504
18 23 1.2922730999026077
18 24 1.1863642684449396
18 25 1.2069937571169047
18 26 1.1142954388461834
18 27 1.3497455989950045
18 28 1.0202381596601675
18 29 1.2229038825545064
18 30 1.2864552393870166
18 31 1.1533981287319055
18 32 1.3501762144886083
18 33 1.357559360498384
18 34 1.167412037590779
18 35 1.2141951380135079
18 36 1.0452018109201773
18 37 1.4501498844556864
18 38 1.2809857953565762
18 39 1.156476631507591
18 40 1.239235575661816
18 41 1.2086281736531255
18 42 1.1987280354623513
18 43 1.184419747617521
18 44 1.4158147553461604
18 45 1.285481093498225
18 46 1.2618031737354782
18 47 1.3618923809535812
18 48 1.107584936011625
18 49 1.2734143200450216
18 50 1.2733456022306446
18 51 1.3445183770431413
18 52 1.2356479746546405
18 53 1.202129806844115
18 54 1.3103541362388458
18 55 1.1597599562322698
18 56 1.5329564570502614
18 57 1.2422424610571154
18 58 1.3214790676549013
18 59 1.3543677897373683
18 60 1.2840382968934736
18 61 1.276235069521592
18 62 1.3411978717205102
18 63 1.1141777181521326
18 64 1.107935284396432
18 65 1.1600417344119938
18 66 1.1961367311478288
18 67 1.2256541899439524
18 68 1.4116092483610783
18 69 1.365971754843532
18 70 1.217184453236171
18 71 1.18861721752491
18 72 1.175728227385571
18 73 1.1604149234784986
18 74 1.196019816631884
19 20 1.289963949079667
19 21 1.3982992212128909
19 22 1.2656272500940198
19 23 1.2867044765418845
19 24 1.3085088586952143
19 25 1.167992493814271
19 26 1.2575992942595355
19 27 1.4210223919311336
19 28 1.1281748278421229
19 29 1.1865450558401378
19 30 1.1989492412092282
19 31 1.410648408061191
19 32 1.2892947221601505
19 33 1.3860394690692814
19 34 1.3852305313073667
19 35 1.2110815743596661
19 36 1.1399509618800905
19 37 1.4598365889177978
19 38 1.353296026903955
19 39 1.3000239057867577
19 40 1.217010055890894
19 41 1.2999270762639377
19 42 1.2632026092477704
19 43 1.1906756798141636
19 44 1.3880430557505892
19 45 1.3224740523041727
19 46 1.4163738194408027
19 47 1.347117579575901
19 48 1.2400411818516084
19 49 1.3210903150215332
19 50 1.2083567216776046
19 51 1.442266732381111
19 52 1.2718284178774026
19 53 1.266548719661694
19 54 1.3229443409373738
19 55 1.2688821497530973
19 56 1.4499624196799188
19 57 1.143674454149352
19 58 1.3053544659062597
19 59 1.301880425213352
19 60 1.399701976332958
19 61 1.373876533217099
19 62 1.461084816177561
19 63 1.1395859699799884
19 64 1.2812364687543754
19 65 1.329866347597469
19 66 1.2611180358025949
19 67 1.2848922296040997
19 68 1.3560802303856372
19 69 1.4642255530527128
19 70 1.2952493442114497
19 71 1.2329047814896292
19 72 1.2458254064998373
19 73 1.4205507121891854
19 74 1.271321115302569
20 21 1.2878867020939686
20 22 1.0934501843326747
20 23 1.265221910061031
20 24 1.2156538894316402
20 25 1.2807076241651203
20 26 1.4093946644760058
20 27 1.3348040307234463
20 28 1.2445511556048885
20 29 1.2761498066770096
20 30 1.0483448966174258
20 31 1.235085100821642
20 32 1.1036992225317679
20 33 1.1723324500555472
20 34 1.2972057499158687
20 35 1.3341091617523635
20 36 1.291302712806814
20 37 1.4653789515856475
20 38 1.3673236533111939
20 39 1.3871016856677294
20 40 1.382890858887
20 41 1.2183481408886134
20 42 1.2022807745217394
20 43 1.3059107117889477
20 44 1.3190822196042942
20 45 1.4498884271142765
20 46 1.3571987993907855
20 47 1.1887417123006756
20 48 1.2649703030405144
20 49 1.3134326258987767
20 50 0.899625637067945
20 51 1.5325325907403313
20 52 1.2396597404774194
20 53 1.179538495637344
20 54 1.3532923289222438
20 55 1.1260025008081511
20 56 1.4041514660020025
20 57 1.1548172567084094
20 58 0.13618569486965593
20 59 0.9837573602739568
20 60 1.2097842921891129
20 61 1.3683319344499956
20 62 1.4109401350686657
20 63 1.2230252737117273
20 64 1.446136416203252
20 65 1.2468647160562305
20 66 1.1560619538756394
20 67 1.3517037584826803
20 68 1.2594094807766947
20 69 1.4140416656741392
20 70 1.1669554364381507
20 71 1.2968373032322755
20 72 1.229352845499424
20 73 1.3628360489647295
20 74 1.189755296895166
21 22 1.235397524457298
21 23 1.2680316411889274
21 24 1.4414314613532926
21 25 1.3254934131943805
21 26 1.378312521066892
21 27 1.4355337069356577
21 28 1.3245031319123222
21 29 1.271674456468394
21 30 1.2984266512953502
21 31 1.3399206926495255
21 32 1.324661885793685
21 33 1.4573266595696142
21 34 1.3225187204169284
21 35 1.455552060117637
21 36 1.3324428137334403
21 37 1.2333089481930601
21 38 1.3860562607162237
21 39 1.3887612438505683
21 40 1.2884051306145259
21 41 1.3770139552377196
21 42 1.225034684901576
21 43 1.489195138349134
21 44 1.441337065881711
21 45 1.3484722386986472
21 46 1.2245655791466512
21 47 1.052739541035573
21 48 1.2795098432243655
21 49 1.332878503516916
21 50 1.3596714317906418
21 51 1.2553662260948553
21 52 1.3834949225012736
21 53 1.3951514184997031
21 54 1.399919082895728
21 55 1.217167146500697
21 56 1.195601714442813
21 57 1.3765166001206945
21 58 1.2847612916212714
21 59 1.3657422436450537
21 60 1.2021156887378825
21 61 1.1646046979842861
21 62 0.8783368633187569
21 63 1.4580514958287059
21 64 1.3676183853832584
21 65 1.2868557189766028
21 66 1.3502895859487998
21 67 1.3498080713837795
21 68 1.408763092191889
21 69 1.2572504352678615
21 70 1.3868480188860361
21 71 1.312491993606197
21 72 1.2767115740516584
21 73 1.3509984043766843
21 74 1.3216005078596484
22 23 1.0272121872424502
22 24 1.1810610306408527
22 25 1.1855729595173463
22 26 1.2529344655623191
22 27 1.3169581722513835
22 28 0.9508570116720118
22 29 1.0076366869750328
22 30 1.1786130811144504
22 31 1.171575124075581
22 32 1.1241112068639165
22 33 1.256159972022536
22 34 1.172368271409562
22 35 1.1728120934995285
22 36 1.0329118754533044
22 37 1.3507460835071952
22 38 1.198770338320661
22 39 1.1240437474186167
22 40 1.2307890786716529
22 41 1.0970115883919256
22 42 1.1561906337511125
22 43 1.0815312953025187
22 44 1.3091263294640674
22 45 1.2499829869684091
22 46 1.2442969858157573
22 47 1.1281346179591873
22 48 0.9629961106773838
22 49 1.0924684929217765
22 50 1.1608611254522019
22 51 1.4410258514390557
22 52 1.1873219867330012
22 53 1.0735217538497865
22 54 1.3254328808513376
22 55 1.1496185538465513
22 56 1.4234633026735917
22 57 1.087690900244507
22 58 1.1040121548468964
22 59 1.215086609998309
22 60 1.0877580858725895
22 61 1.0873652763196315
22 62 1.37457496455156
22 63 1.0617530374404962
22 64 1.2677051016399756
22 65 1.179240800413626
22 66 1.0314244924003342
22 67 1.1717604869987126
22 68 1.2973537787383311
22 69 1.327160747970507
22 70 1.0639754659352416
22 71 1.0882237019808443
22 72 0.9172631599448339
22 73 1.1381136475308888
22 74 1.0676581245895083
23 24 1.1678459210654792
23 25 1.1570742637603122
23 26 1.2583842408177455
23 27 1.3626411677321129
23 28 1.0684216570975282
23 29 1.0412502912988442
23 30 1.3108676394518233
23 31 1.234234630600266
23 32 1.1464098844380293
23 33 1.417087390958609
23 34 1.2155328017862514
23 35 1.1553392182180502
23 36 1.133636353072773
23 37 1.373591887194678
23 38 1.2473273967636291
23 39 1.1698774799848202
23 40 1.2305613739479273
23 41 1.2448619532355123
23 42 1.2422420843782596
23 43 1.2060957860251937
23 44 1.3267760387805847
23 45 1.1932494753561258
23 46 1.3241497203468833
23 47 1.2025582786418303
23 48 1.0696012549888456
23 49 1.1845457588091866
23 50 1.2885111013876493
23 51 1.4008200552418975
23 52 1.1398828495192503
23 53 1.2066352518520387
23 54 1.2497942571321041
23 55 1.3233206624788796
23 56 1.4247498318977367
23 57 1.0257792549147586
23 58 1.2783247018654376
23 59 1.3163003824378996
23 60 1.3136895289848247
23 61 1.1670477296735395
23 62 1.3194507951691603
23 63 1.144390325326209
23 64 1.3011387638325573
23 65 1.2327703314419522
23 66 1.160661438146637
23 67 1.2068633647782931
23 68 1.4592780220861647
23 69 1.3368747454283434
23 70 1.274323282262295
23 71 1.1468709289935983
23 72 1.0649507464166097
23 73 1.286375084447051
23 74 1.2332508229225614
24 25 1.1130145091698633
24 26 1.1837625921267405
24 27 1.2939021149172212
24 28 1.0677649405916396
24 29 1.1233575113687326
24 30 1.2821789977369034
24 31 1.1581615976487896
24 32 1.1074144976607445
24 33 1.2284031207030177
24 34 1.2185834072936665
24 35 1.0151035549051455
24 36 1.2223947961134352
24 37 1.4087490728826422
24 38 1.2563569546730133
24 39 1.1557051123366755
24 40 1.2880772332001407
24 41 1.1487686602324387
24 42 1.2051467441037955
24 43 1.211773201182418
24 44 1.3060735995228503
24 45 1.269986832857458
24 46 1.4176484995478882
24 47 1.3535589049873005
24 48 1.0956297851507966
24 49 1.2842469054256815
24 50 1.1120153497668361
24 51 1.3846239081848
24 52 1.079559929302051
24 53 1.1142915940106786
24 54 1.320474319129461
24 55 1.1675426806296922
24 56 1.4221106113583761
24 57 1.0615024316715274
24 58 1.2254049123697348
24 59 1.3532362040408892
24 60 1.3765348492326772
24 61 1.314978808847834
24 62 1.5187049089124027
24 63 1.2007576582218482
24 64 1.2869157164888083
24 65 1.2334595913557342
24 66 1.0184812496238207
24 67 1.2057037982018919
24 68 1.2823928917249308
24 69 1.39595816007559
24 70 1.1873051498975016
24 71 1.2733576589787206
24 72 1.0398999590413902
24 73 1.2409775145727613
24 74 1.1148837825248792
25 26 1.2535401203204535
25 27 1.3322903023399908
25 28 1.0200409608359
25 29 1.171448461647598
25 30 1.2269937834837576
25 31 1.1206345442792125
25 32 1.2191586607479632
25 33 1.372265281608361
25 34 1.194450497031536
25 35 1.1581977334589133
25 36 1.0718655399627635
25 37 1.3480060198781019
25 38 1.3304936946327177
25 39 1.2466187899274972
25 40 1.2639906191803003
25 41 1.243248619772863
25 42 1.1636973019896193
25 43 1.137373291159467
25 44 1.209044367824231
25 45 1.3631472533872813
25 46 1.367087267103404
25 47 1.2945986245282477
25 48 1.0883797867570766
25 49 1.213300812275661
25 50 1.2177427655113828
25 51 1.3136177611489237
25 52 1.133910613051956
25 53 1.2201766601656379
25 54 1.2975646721892293
25 55 1.2643365452001645
25 56 1.4291276568420541
25 57 1.1269324897259265
25 58 1.2798076181192655
25 59 1.3868688755188394
25 60 1.280325770327949
25 61 1.3157403831753758
25 62 1.3986263128449528
25 63 1.0802759508072524
25 64 1.315272199465787
25 65 1.196470872615949
25 66 1.0994261540504067
25 67 1.190030409692296
25 68 1.34487758618508
25 69 1.3560455733994177
25 70 1.254036728300912
25 71 1.1771029418379237
25 72 1.142111648757419
25 73 1.33900939742097
25 74 1.1969919200722197
26 27 1.3810311732812282
26 28 1.213255426184563
26 29 1.2710243307996711
26 30 1.3122642582668818
26 31 1.2800433629919432
26 32 1.3445386986128396
26 33 1.4053642899928556
26 34 1.3557835403582146
26 35 1.1462067989579234
26 36 1.3005507982328333
26 37 1.47307990114184
26 38 1.2764682557367246
26 39 1.2400162106678998
26 40 1.3810158806213846
26 41 1.198138230861262
26 42 1.4175500582364535
26 43 1.287834716364546
26 44 1.3161035399303052
26 45 1.2737071056420042
26 46 1.2389704380205724
26 47 1.4670975573338871
26 48 1.309609314212847
26 49 1.3103430597696177
26 50 1.3692683306801283
26 51 1.285802982180678
26 52 1.291694596380186
26 53 1.287750612496676
26 54 1.2423163459571949
26 55 1.1983360941856727
26 56 1.440338237826198
26 57 1.276536369284703
26 58 1.40560789128303
26 59 1.4090972491357165
26 60 1.4634726710255157
26 61 1.3908494297956506
26 62 1.3884142210112667
26 63 1.2533745339398623
26 64 1.0083507303911523
26 65 1.287852577791834
26 66 1.3005258363424748
26 67 1.2268724095003876
26 68 1.3605221511435779
26 69 1.362762864767482
26 70 1.4517089515972565
26 71 1.3700495074025398
26 72 1.3038180071973287
26 73 1.3436313688946873
26 74 1.325356440375221
27 28 1.329453664888813
27 29 1.334382228691448
27 30 1.2148653573067165
27 31 1.049805643670564
27 32 1.3861090462582466
27 33 1.3028308319363424
27 34 1.416981122377756
27 35 1.383441193275606
27 36 1.3784741467950496
27 37 1.4424910048591673
27 38 1.4730755193540437
27 39 1.3601114289964187
27 40 1.1468154899952685
27 41 1.3317800180625983
27 42 1.4164934490719436
27 43 1.408103328297313
27 44 1.308584828198327
27 45 1.393421030209289
27 46 1.4608246142451387
27 47 1.2897401795474188
27 48 1.3513580091911888
27 49 1.2264009563959064
27 50 1.2838141886349141
27 51 1.3847489501557189
27 52 1.4062795226577147
27 53 1.3706150460072362
27 54 1.4488921942745858
27 55 1.3188469096931543
27 56 1.4153523251945885
27 57 1.3110405787590458
27 58 1.3387815872447009
27 59 1.2590324421373766
27 60 1.2926701081436822
27 61 1.3846049800306743
27 62 1.4598377756804422
27 63 1.3783705902231826
27 64 1.3772715938273528
27 65 1.3022956364636094
27 66 1.3519045222918091
27 67 1.4521782244183223
27 68 1.1454688523222298
27 69 1.4400177145300042
27 70 1.342441040391187
27 71 1.2364457123951036
27 72 1.2769034225275717
27 73 1.3278974654307898
27 74 1.3741590051229813
28 29 0.9933067873345699
28 30 1.277227980051789
28 31 1.0881307915998892
28 32 1.144655909579882
28 33 1.2772037463116028
28 34 0.9103562843763706
28 35 1.0517307764774566
28 36 0.826477492668064
28 37 1.437670100570834
28 38 1.2216366194119288
28 39 1.071322406131445
28 40 1.244349086536597
28 41 1.0436499491704796
28 42 1.179840425707988
28 43 0.8174102130425356
28 44 1.2667443676993306
28 45 1.2342375971920343
28 46 1.2438254467953889
28 47 1.27285918824911
28 48 0.7494460464385211
28 49 1.1196796068436121
28 50 1.1994327414619976
28 51 1.4549477384671186
28 52 1.068648978312076
28 53 1.1055542454834293
28 54 1.2698268091128744
28 55 1.1644677080275758
28 56 1.4250566289596838
28 57 0.9679511863306407
28 58 1.2526895672708371
28 59 1.3467274688297048
28 60 1.306878762841306
28 61 1.226303161521242
28 62 1.3983586405276152
28 63 0.7211294987748295
28 64 1.2358486198664616
28 65 1.0536602226519423
28 66 1.0210213043889327
28 67 1.1652225784785804
28 68 1.3074406224269812
28 69 1.4201881416042603
28 70 1.0581265812718612
28 71 1.01067883825109
28 72 0.9870657077354915
28 73 1.0468480808424723
28 74 1.0456001324130122
29 30 1.3554646747727572
29 31 1.2231352730204257
29 32 1.201142694260957
29 33 1.278825373039873
29 34 1.215779253280291
29 35 0.860771169390805
29 36 1.1008212735677458
29 37 1.408860971434622
29 38 0.9955961272440558
29 39 1.089939483805326
29 40 1.2558491377718008
29 41 1.2303217457344775
29 42 1.237145377968708
29 43 1.0738098723451155
29 44 1.3336853727835227
29 45 0.9507469151708431
29 46 1.3699897526121985
29 47 1.3129051206802376
29 48 1.0117743971222848
29 49 1.2191993668335832
29 50 1.2104307629759445
29 51 1.3857326846023301
29 52 1.1145068132121243
29 53 1.1986240399505053
29 54 1.271751348309055
29 55 1.2736029474455741
29 56 1.349941987882041
29 57 1.0282400103368667
29 58 1.2875852724827217
29 59 1.3538161028596072
29 60 1.327481035848674
29 61 1.1310476843324968
29 62 1.3182280576219905
29 63 1.0969231686121839
29 64 1.3029136743358558
29 65 1.2993739618417712
29 66 1.1226892840442662
29 67 0.9646817740838238
29 68 1.2514470740652932
29 69 1.3873159078093864
29 70 1.1516592584794614
29 71 1.1441555115754658
29 72 0.7142568715735611
29 73 1.293925728383519
29 74 1.2072849941976107
30 31 1.2174739023547552
30 32 1.1123497207309028
30 33 1.2076123760193564
30 34 1.4023688172532782
30 35 1.4069558009831078
30 36 1.2845795137575222
30 37 1.4597432957325749
30 38 1.4122091832243544
30 39 1.3681628456409691
30 40 1.165355137883322
30 41 1.2530487710986389
30 42 1.2342128548011628
30 43 1.347821046533012
30 44 1.3493323099609495
30 45 1.4134330975050793
30 46 1.3713369581654422
30 47 1.3421207578854666
30 48 1.2892111927142298
30 49 1.276714650802768
30 50 1.006494711906543
30 51 1.3857959899896495
30 52 1.312020146870356
30 53 1.1648542756129574
30 54 1.3573774135663124
30 55 1.0565901572146472
30 56 1.3944338754088799
30 57 1.1323292786564583
30 58 1.0516423793921865
30 59 1.2150146706092146
30 60 1.2085009495009584
30 61 1.4118526030577734
30 62 1.4264895422515513
30 63 1.2509929920224194
30 64 1.4085544996520112
30 65 1.2271354059557695
30 66 1.1395444452580694
30 67 1.471399853432942
30 68 1.2754561805629105
30 69 1.4638267300916046
30 70 1.2050780998569655
30 71 1.2994399720751986
30 72 1.2888169639080875
30 73 1.3101078403463664
30 74 1.210232230760187
31 32 1.2735793378451052
31 33 1.3233877107008838
31 34 1.0621697915053012
31 35 1.2307876680217256
31 36 1.1066659494271456
31 37 1.4536203130886214
31 38 1.4041900919762482
31 39 1.2817368733836398
31 40 1.2210314140687448
31 41 1.2464971552518564
31 42 1.2658590415133446
31 43 1.1756719669562075
31 44 1.2371933502217587
31 45 1.3935042327555343
31 46 1.3749667077408827
31 47 1.3004171833160738
31 48 1.2087054427505481
31 49 1.249407984018006
31 50 1.189925884757432
31 51 1.3316331791410103
31 52 1.2572619701162244
31 53 1.1739980766885338
31 54 1.3790872329145696
31 55 1.229302730871007
31 56 1.4555069788222876
31 57 1.185441314395504
31 58 1.2293707345578708
31 59 1.2991982514605451
31 60 1.2531024869018177
31 61 1.3989200767361787
31 62 1.4196287893645072
31 63 1.1482256928718895
31 64 1.3548601161662026
31 65 1.144761670724651
31 66 1.1864932314782026
31 67 1.2957181346399511
31 68 1.2879401981021952
31 69 1.4647009651611198
31 70 1.2466772910674786
31 71 1.166354114908257
31 72 1.2093298677155482
31 73 1.2893712578311027
31 74 1.2141288675336332
32 33 1.1776338722223931
32 34 1.32545049172138
32 35 1.317741019227401
32 36 1.2870031231760473
32 37 1.4974306218679116
32 38 1.3835386802895038
32 39 1.2365604083000648
32 40 1.2938465599795135
32 41 1.2447924900756673
32 42 1.270174549918319
32 43 1.2544104456515488
32 44 1.4524457228222403
32 45 1.458065643939713
32 46 1.407639274503651
32 47 1.2933932387097478
32 48 1.1872455064385552
32 49 1.227557551952162
32 50 0.848061488731799
32 51 1.4706155972226314
32 52 1.2287740690542324
32 53 1.1270398392165033
32 54 1.3768892800279582
32 55 1.168247594976773
32 56 1.3358983437631886
32 57 1.1424085212204107
32 58 1.1046567777999816
32 59 1.309867654464245
32 60 1.3560147156073297
32 61 1.359644971267935
32 62 1.411037104560756
32 63 1.1856701598746662
32 64 1.4518536525698063
32 65 1.2924947174587165
32 66 1.1078779763316342
32 67 1.4196601138759584
32 68 1.322441496724199
32 69 1.456676745907467
32 70 1.1400478308811437
32 71 1.2666645025463534
32 72 1.1518671717701727
32 73 1.2937045860230898
32 74 1.142160574452802
33 34 1.358989666725337
33 35 1.2287743161359688
33 36 1.3506108878814116
33 37 1.5088019805820594
33 38 1.362122142155875
33 39 1.3251710909724705
33 40 1.2897847404187366
33 41 1.285378432135446
33 42 1.1984678439947951
33 43 1.3490415418273334
33 44 1.3843860034642925
33 45 1.3223973616496278
33 46 1.3972370089073123
33 47 1.3712287927561766
33 48 1.2500447020922925
33 49 1.2403047517630408
33 50 1.0400032126187346
33 51 1.5146429963844155
33 52 1.191294961420213
33 53 1.288243683905988
33 54 1.3215866054469025
33 55 1.21807169294818
33 56 1.384086351941489
33 57 1.162956630173721
33 58 1.186382715493044
33 59 1.3169534874822608
33 60 1.2761791858578928
33 61 1.355040883730826
33 62 1.587071083565499
33 63 1.2608458586443054
33 64 1.4250706678973641
33 65 1.232096115794936
33 66 1.0898371496868298
33 67 1.4429254666271711
33 68 1.1526624627616964
33 69 1.4151750546162576
33 70 1.1326220477501943
33 71 1.4106681404342887
33 72 1.254976789810159
33 73 1.249201563018752
33 74 1.2509888269378497
34 35 1.2918710792365835
34 36 1.04681880213163
34 37 1.4486037463459707
34 38 1.2369032757490483
34 39 1.2531266043223122
34 40 1.3473688691900858
34 41 1.236342234520617
34 42 1.3480932651660424
34 43 1.0438861132799122
34 44 1.3518938456716567
34 45 1.2870406831543566
34 46 1.2896337770726893
34 47 1.3458951058826019
34 48 1.0265749280357064
34 49 1.3386848733295873
34 50 1.397685192269746
34 51 1.4832071593221854
34 52 1.2302662263680704
34 53 1.2349285210013168
34 54 1.3994779921341445
34 55 1.313611734930686
34 56 1.4732243001679675
34 57 1.2106059592841651
34 58 1.292099794219792
34 59 1.430205888426719
34 60 1.3115055589045597
34 61 1.3009136392014744
34 62 1.312402506695875
34 63 0.9557895374236962
34 64 1.2968561581624438
34 65 1.1904749701266346
34 66 1.1839133553675696
34 67 1.2053218478381957
34 68 1.3377670055614996
34 69 1.4562774135983005
34 70 1.2279369658541641
34 71 1.1471912812722318
34 72 1.1461842674627802
34 73 1.262796251806882
34 74 1.2256262389783517
35 36 1.1996090479676615
35 37 1.4634279278729045
35 38 1.2240218112567012
35 39 1.076507550964028
35 40 1.258630321326357
35 41 1.2171881629030596
35 42 1.2869371527895015
35 43 1.1094709207751683
35 44 1.2000716084154064
35 45 1.094412620011876
35 46 1.304996236244237
35 47 1.4135100025878022
35 48 1.0961857066541618
35 49 1.2402032325405086
35 50 1.2631541512947222
35 51 1.421882583255575
35 52 1.048276803771508
35 53 1.2040818203513015
35 54 1.2010293093397966
35 55 1.2710689941524023
35 56 1.445749682425731
35 57 1.0653937448000863
35 58 1.3463437874589603
35 59 1.447815699002558
35 60 1.3759929778574262
35 61 1.284297226776746
35 62 1.5366309363304829
35 63 1.1505919241549152
35 64 1.28819534932233
35 65 1.28906555415057
35 66 1.0920076449367326
35 67 1.130915586010725
35 68 1.2580713532427474
35 69 1.421051232553556
35 70 1.200443114006708
35 71 1.2945613406794492
35 72 0.8791868051808651
35 73 1.2618503550371079
35 74 1.2402336499039324
36 37 1.512502988194925
36 38 1.2564010601869011
36 39 1.1193390346411847
36 40 1.268591552672319
36 41 1.2176093099261742
36 42 1.1953545090565114
36 43 0.7626552160539879
36 44 1.376067992725212
36 45 1.2769755478641178
36 46 1.3143315329790306
36 47 1.377250942980348
36 48 0.8013855039364667
36 49 1.263753582461123
36 50 1.2930754309558294
36 51 1.49450610055522
36 52 1.2063236820560292
36 53 1.1377870214398225
36 54 1.323133541723683
36 55 1.2818951467992727
36 56 1.510362206808783
36 57 1.1770964623155602
36 58 1.301009766113938
36 59 1.2762896277992357
36 60 1.2016180827676985
36 61 1.334789937869668
36 62 1.4369462710036174
36 63 0.711192092703552
36 64 1.2532958808172525
36 65 1.1768439830522321
36 66 1.084234673638632
36 67 1.206359055936876
36 68 1.31773597665476
36 69 1.492426922088319
36 70 1.170181830258807
36 71 0.999990827516111
36 72 1.096376218966718
36 73 1.2474157272378383
36 74 1.2124193063215511
37 38 1.482020407535405
37 39 1.4875002163101838
37 40 1.4213408833368908
37 41 1.3897462955063649
37 42 1.375484668948259
37 43 1.6011258936637842
37 44 1.2925806535417803
37 45 1.3589300448150288
37 46 1.3756075110983452
37 47 1.1562257900196498
37 48 1.4235790709125278
37 49 1.1791211619334498
37 50 1.5190785503678244
37 51 1.191973274757828
37 52 1.435925883381532
37 53 1.5042860094053343
37 54 1.5824740606255732
37 55 1.4544241073159618
37 56 1.219363221111464
37 57 1.5216987540558187
37 58 1.45693318502849
37 59 1.4739539006727016
37 60 1.261028212801567
37 61 0.8799232414202174
37 62 1.2481817799841455
37 63 1.6120123563451842
37 64 1.3776183033060758
37 65 1.33598904107056
37 66 1.438718717855141
37 67 1.3583433131110902
37 68 1.4722796647651195
37 69 0.7039065189499093
37 70 1.394385561098817
37 71 1.3546877991858715
37 72 1.4180149920356002
37 73 1.4480786052991024
37 74 1.4287685868312212
38 39 1.244667804528993
38 40 1.3870043392768858
38 41 1.2487373447758903
38 42 1.3310885928318312
38 43 1.1624092470617589
38 44 1.3787459380370877
38 45 0.9428811006869448
38 46 1.4269003437216987
38 47 1.4290075931970743
38 48 1.1597424878427132
38 49 1.4652793475041543
38 50 1.408614084352085
38 51 1.3599995855777736
38 52 1.2361840471637133
38 53 1.345118002493335
38 54 1.3669100387945685
38 55 1.3485932298263335
38 56 1.3853474541558835
38 57 1.260301245369716
38 58 1.3800542918018555
38 59 1.4249997008344384
38 60 1.3950579256704274
38 61 1.2508319495480003
38 62 1.375438201945097
38 63 1.1786835162206446
38 64 1.277668107353966
38 65 1.3297024463792297
38 66 1.2865498414379204
38 67 0.9098076433637248
38 68 1.3322316190310228
38 69 1.419320976287088
38 70 1.3306856296746634
38 71 1.2539933523650213
38 72 1.1283090755420546
38 73 1.32792272925077
38 74 1.3633699243222224
39 40 1.3215363016359913
39 41 1.0447794507968136
39 42 1.0425470838284192
39 43 1.1105794476846915
39 44 1.4040803091429666
39 45 1.1978556707799615
39 46 1.1559246017771176
39 47 1.4074152476621602
39 48 1.1013382815581603
39 49 1.1989827538928397
39 50 1.230909082281194
39 51 1.4546143307346178
39 52 1.1948090668925695
39 53 1.2156654736233057
39 54 1.3039252441066271
39 55 1.3208776779461417
39 56 1.4867335413356457
39 57 1.1645184535773823
39 58 1.3949460650279235
39 59 1.3412419992714468
39 60 1.4186048941720877
39 61 1.367905358249812
39 62 1.4948603759657388
39 63 1.1217205351977726
39 64 1.2539840388944525
39 65 1.2833181937675917
39 66 1.1173725473624632
39 67 1.3144309492289667
39 68 1.2452208380419465
39 69 1.3949503415884643
39 70 1.2389197876107159
39 71 1.1625196219088305
39 72 1.055646597143631
39 73 1.2922648988776908
39 74 1.2608777472004902
40 41 1.2486254233289114
40 42 1.2884604486012
40 43 1.3787113378476163
40 44 1.3921154196358523
40 45 1.2992692192201287
40 46 1.371399443700562
40 47 1.3077633167364855
40 48 1.2021451282025157
40 49 1.2039176477071447
40 50 1.2762279689243163
40 51 1.2404094532610561
40 52 1.2698540417603188
40 53 1.3004174115775042
40 54 1.3627877975973988
40 55 1.3052857214227105
40 56 1.3548500167087778
40 57 1.2196895236467058
40 58 1.3844665109979906
40 59 1.3045836514359395
40 60 1.265340062316771
40 61 1.34611020830408
40 62 1.4012325917099762
40 63 1.308680614540167
40 64 1.357117576363351
40 65 1.1964209394902923
40 66 1.1594610293150378
40 67 1.3722961444199975
40 68 1.328989967935169
40 69 1.4331419551032356
40 70 1.2777851047878985
40 71 1.1950626095848182
40 72 1.1948620717366591
40 73 1.2900266856326024
40 74 1.306081167732015
41 42 1.200083210025113
41 43 1.2201742556628845
41 44 1.3211826744305675
41 45 1.301819990777762
41 46 1.2455564392169265
41 47 1.411241106544676
41 48 1.098068568866567
41 49 1.222632691261766
41 50 1.1306076529794669
41 51 1.3390864223781682
41 52 1.2934995589724123
41 53 1.1069507013873245
41 54 1.4156261776746524
41 55 1.202331621909353
41 56 1.4021736311060682
41 57 1.1518184855166278
41 58 1.2118552443255244
41 59 1.2257365151916542
41 60 1.3595706157834753
41 61 1.302439516985313
41 62 1.428773555975608
41 63 1.131792721045864
41 64 1.132096722485278
41 65 1.1102832967991263
41 66 1.1452603739882452
41 67 1.2831973886433676
41 68 1.1374602994094898
41 69 1.3982913359342686
41 70 1.2408682372533704
41 71 1.138122729518058
41 72 1.1645173945053355
41 73 1.2066816923095995
41 74 1.2595495285568474
42 43 1.2753573159485176
42 44 1.3428545566628685
42 45 1.2998207717107453
42 46 1.177160122856735
42 47 1.2809544803967288
42 48 1.195772342779564
42 49 1.1976050402073772
42 50 1.1613904403593533
42 51 1.4265720161846238
42 52 1.1944721911901663
42 53 1.259659986134382
42 54 1.3005791789811667
42 55 1.220763959532603
42 56 1.4280393083676997
42 57 1.1825941406172364
42 58 1.2027927799726745
42 59 1.1267009097873857
42 60 1.2146115706365326
42 61 1.286263365119749
42 62 1.3356287153155968
42 63 1.2277179163333733
42 64 1.3449680536407043
42 65 1.1892841754173753
42 66 1.129773196354782
42 67 1.4139393928973345
42 68 1.4191209823772573
42 69 1.3534289191937352
42 70 1.2178723417811586
42 71 1.2564698167021806
42 72 1.164259112816023
42 73 1.3100174046456354
42 74 1.1883384646737067
43 44 1.357680742274064
43 45 1.2649347310099306
43 46 1.349587216656563
43 47 1.4891985107725845
43 48 0.8121502022114182
43 49 1.2924043820491131
43 50 1.3011131772725635
43 51 1.54267859050356
43 52 1.2442923319000303
43 53 1.1178266683441904
43 54 1.3286832153488901
43 55 1.2924674696398082
43 56 1.503733616722197
43 57 1.1113959438919523
43 58 1.304868178010913
43 59 1.3731254006137505
43 60 1.3166529868568018
43 61 1.4325376599260256
43 62 1.5305843474620164
43 63 0.5241753629806507
43 64 1.3961193433346768
43 65 1.2196754876708373
43 66 1.1629678382624908
43 67 1.18354581905946
43 68 1.2712758513931277
43 69 1.566222853094647
43 70 1.2062187038024808
43 71 1.0700578482676921
43 72 1.107869584276222
43 73 1.2351925089560407
43 74 1.2441652858699674
44 45 1.376487017580099
44 46 1.364229698631408
44 47 1.2785659890195002
44 48 1.3463980768618793
44 49 1.2674704377895067
44 50 1.3792020987255538
44 51 1.262742691713085
44 52 1.3452512167652977
44 53 1.3618173911649618
44 54 1.3756933294109546
44 55 1.2786196551595377
44 56 1.4357411988821023
44 57 1.3519682455086155
44 58 1.3163320417038553
44 59 1.369487051210428
44 60 1.3200570556025626
44 61 1.3096289980542695
44 62 1.4379053442480472
44 63 1.3539489204266606
44 64 1.3044606223070339
44 65 1.337745967718355
44 66 1.4092207568635655
44 67 1.340684202729988
44 68 1.3572445139680107
44 69 1.3919817161297539
44 70 1.3633326713006655
44 71 1.3688167928746833
44 72 1.3587075617030508
44 73 1.383397338064457
44 74 1.3203784532533323
45 46 1.3688491529865707
45 47 1.3280872933134784
45 48 1.1423313256209464
45 49 1.312778382005876
45 50 1.4268779048529296
45 51 1.3670312312799526
45 52 1.259315999866275
45 53 1.3754569749892116
45 54 1.3778294503674156
45 55 1.3333796042554888
45 56 1.3227120933011003
45 57 1.3020272546582792
45 58 1.4501575072629587
45 59 1.461482678726722
45 60 1.3060603992122028
45 61 1.155301692512096
45 62 1.325158102386721
45 63 1.246426982334629
45 64 1.2260782303330524
45 65 1.4156226039587512
45 66 1.2674371457987184
45 67 0.9411327593428319
45 68 1.3308199017386395
45 69 1.2873929393646821
45 70 1.3493112432064558
45 71 1.2391990866241873
45 72 1.129725748949316
45 73 1.330061170381081
45 74 1.3547157179903095
46 47 1.401414426554207
46 48 1.2989853962344908
46 49 1.3664260629204241
46 50 1.3700527376987979
46 51 1.3398854541820198
46 52 1.3264171475169202
46 53 1.3960171787835791
46 54 1.2935704032817574
46 55 1.280385284050944
46 56 1.4282835715587467
46 57 1.4075581476825203
46 58 1.357565167926022
46 59 1.3768114392107351
46 60 1.3487455057410929
46 61 1.4193937838700976
46 62 1.396483513228881
46 63 1.2898639723282337
46 64 1.2982786186780721
46 65 1.3372418768761094
46 66 1.239167286338945
46 67 1.4445819956891894
46 68 1.3356195203444567
46 69 1.3608320915297596
46 70 1.339804027352739
46 71 1.3516259081903512
46 72 1.3688993202384603
46 73 1.3249504529582719
46 74 1.327603720862467
47 48 1.2557785711767686
47 49 1.2255624594428995
47 50 1.312999917628584
47 51 1.4373013900523033
47 52 1.3129739469479094
47 53 1.3874424202552047
47 54 1.4428933436260525
47 55 1.3100389663561849
47 56 1.2530511323702236
47 57 1.2638068329816683
47 58 1.1965046564318902
47 59 1.3181140197473986
47 60 1.2027418957289844
47 61 1.0997040337404111
47 62 1.2053591969631898
47 63 1.4645702481617104
47 64 1.4058453326473974
47 65 1.2977138371456627
47 66 1.30223771426758
47 67 1.310890584392385
47 68 1.4078626009712736
47 69 1.2172099970476067
47 70 1.216430342315579
47 71 1.2974847867929298
47 72 1.3098026864419328
47 73 1.2691329106493892
47 74 1.16696610419701
48 49 1.1227881976105867
48 50 1.2557229691530896
48 51 1.4937666307725368
48 52 1.143330049537188
48 53 1.1528614561672172
48 54 1.3162490612219913
48 55 1.2487512187236343
48 56 1.4369290990568027
48 57 1.0762625799604877
48 58 1.2685988352018776
48 59 1.3898084476180712
48 60 1.2381354236843989
48 61 1.2324873304630748
48 62 1.3689649529008296
48 63 0.6953823199928447
48 64 1.2730457031943967
48 65 1.121726837760361
48 66 1.0649955057056255
48 67 1.1023345579277077
48 68 1.2801837024107867
48 69 1.4047299261321622
48 70 1.1262380076173457
48 71 0.9700489576159625
48 72 0.943747758973432
48 73 1.121794597906991
48 74 1.2024204714901106
49 50 1.2970066861021865
49 51 1.3473016231814332
49 52 1.0783816798152877
49 53 1.24853834332518
49 54 1.288526470349393
49 55 1.2762980350808686
49 56 1.2877061380468668
49 57 1.2436666098253117
49 58 1.3108270733474288
49 59 1.3838671349970602
49 60 1.2752429431173748
49 61 1.1447463535917344
49 62 1.3405708847376343
49 63 1.2767617561077924
49 64 1.272688068413676
49 65 1.2570251670130232
49 66 1.1541199882000268
49 67 1.3555777981155563
49 68 1.3883528117175852
49 69 1.1427922079913047
49 70 1.2163521378241307
49 71 1.1798447882674357
49 72 1.213017466424928
49 73 1.2959989512367773
49 74 1.2484721133564223
50 51 1.5062389743942275
50 52 1.2744619478749526
50 53 1.0855891157884863
50 54 1.3667172441225943
50 55 1.085585848005572
50 56 1.4274054392882318
50 57 1.037429415178636
50 58 0.9184870374708218
50 59 1.1737992097123473
50 60 1.2685278589093751
50 61 1.4039084015686858
50 62 1.5260887105112488
50 63 1.2331342900977698
50 64 1.4477997744003746
50 65 1.2810193433139936
50 66 1.0800667967408355
50 67 1.4230627964363316
50 68 1.2228237947323473
50 69 1.4938093281886045
50 70 1.0682473823634675
50 71 1.295355144130633
50 72 1.1572556484788374
50 73 1.2652875658387175
50 74 1.107764495055344
51 52 1.4180329645476133
51 53 1.474021856216214
51 54 1.3930895545005484
51 55 1.3580593992221734
51 56 1.1526703118334918
51 57 1.5155489678643381
51 58 1.5196409478504271
51 59 1.5086875206801076
51 60 1.4514982300573034
51 61 1.3338314878193356
51 62 1.2899014016035446
51 63 1.507623046170213
51 64 1.1457032914896628
51 65 1.3270093202306046
51 66 1.4353135055994815
51 67 1.4013798639987392
51 68 1.456005496124656
51 69 1.2030559521583208
51 70 1.5148828037517594
51 71 1.3392386016331228
51 72 1.4615274456380791
51 73 1.4358504265276157
51 74 1.3844546215386528
52 53 1.2546835009894164
52 54 0.8658971629953452
52 55 1.2928845616535836
52 56 1.388161262796687
52 57 1.1252532937564717
52 58 1.2631510402176716
52 59 1.4704098768980374
52 60 1.4996404804917451
52 61 1.3024940004208854
52 62 1.425380047553957
52 63 1.1729452404602336
52 64 1.3607056121116725
52 65 1.2679432462327902
52 66 0.8410941938144572
52 67 1.2044814552975216
52 68 1.4271703756140282
52 69 1.2829533818089631
52 70 1.1303970920036936
52 71 1.44639696375147
52 72 1.1733700821678597
52 73 1.291951124923907
52 74 1.1700762341024173
53 54 1.2893170504221083
53 55 1.2758977398626452
53 56 1.4249903910474102
53 57 1.1492628688395372
53 58 1.1769826510476717
53 59 1.2432127637795054
53 60 1.2357898866797445
53 61 1.3624394052063271
53 62 1.4497769979697004
53 63 1.1148836380615386
53 64 1.3080221292393457
53 65 1.2400541666176947
53 66 1.1280163711067812
53 67 1.3201893428991132
53 68 1.1927567455552681
53 69 1.4936068228803265
53 70 1.1328553250771336
53 71 1.2560256900166733
53 72 1.1072083555615317
53 73 1.2045909053218644
53 74 1.2308245041714803
54 55 1.4041125211895669
54 56 1.5045511363460375
54 57 1.2480273529278032
54 58 1.373660660566604
54 59 1.4206567393495173
54 60 1.6253295859734855
54 61 1.4657380810588265
54 62 1.4303648240100937
54 63 1.2821647240491114
54 64 1.3308896417783436
54 65 1.389511884939082
54 66 1.1825577248837547
54 67 1.3641171130723357
54 68 1.5273259487911246
54 69 1.48660152337687
54 70 1.3543782962366084
54 71 1.5827430224521895
54 72 1.3531555738066237
54 73 1.400010941661905
54 74 1.341108108691141
55 56 1.4304960377348532
55 57 1.221509292497499
55 58 1.1202635174716036
55 59 1.304542635757422
55 60 1.1863467329927804
55 61 1.2703021156326535
55 62 1.4214843840486557
55 63 1.269547703970186
55 64 1.2391314082393226
55 65 1.3148869005935273
55 66 1.1995120830447352
55 67 1.3697953084827508
55 68 1.2937894662966432
55 69 1.3879484710495544
55 70 1.2673823935990702
55 71 1.3269166591329413
55 72 1.271742844090125
55 73 1.2764879396323243
55 74 1.2114976734579455
56 57 1.4368034310695206
56 58 1.393001474049443
56 59 1.4348683718932773
56 60 1.3719030641086774
56 61 1.2811460488507915
56 62 1.1642269137427537
56 63 1.511976324512111
56 64 1.4125711679667745
56 65 1.4346146536184639
56 66 1.3567209933036863
56 67 1.418216147073391
56 68 1.3316455554376294
56 69 1.185719725531391
56 70 1.3045869438755822
56 71 1.3175676840687003
56 72 1.4500577432310755
56 73 1.3629889551944097
56 74 1.2918344085814302
57 58 1.1851169178744543
57 59 1.314627941553106
57 60 1.3865554354733443
57 61 1.2846947368128006
57 62 1.4729925912086557
57 63 1.1018083788469888
57 64 1.3586306172567921
57 65 1.2528151707169466
57 66 1.0160758540326815
57 67 1.2726955077658137
57 68 1.341593315130588
57 69 1.5220625943915485
57 70 1.0575196855248084
57 71 1.2146363130401046
57 72 1.0032183538728785
57 73 1.1359893826270964
57 74 1.1019979646499398
58 59 0.9813357071126805
58 60 1.2083309340200143
58 61 1.373095803828308
58 62 1.3976549945576375
58 63 1.2209540337437175
58 64 1.4398649634622975
58 65 1.2536408763176725
58 66 1.1727204909653
58 67 1.3542661856719322
58 68 1.2559437094120796
58 69 1.3959766105546845
58 70 1.178553056262497
58 71 1.2943120770453156
58 72 1.2362533475198916
58 73 1.3598401607753128
58 74 1.2073614886450743
59 60 1.2153929927075684
59 61 1.4223655176894197
59 62 1.4466004241930024
59 63 1.3588321735937046
59 64 1.3647728902335239
59 65 1.2362364501982583
59 66 1.332240418726674
59 67 1.4582519712190471
59 68 1.2867034060163132
59 69 1.5020879452198674
59 70 1.3246366636029558
59 71 1.2664294333732224
59 72 1.3129494269633666
59 73 1.4250256436827822
59 74 1.325527568701757
60 61 1.1935623634324626
60 62 1.37844630839119
60 63 1.329542672419201
60 64 1.372937906448153
60 65 1.1527067863986586
60 66 1.2812652096491917
60 67 1.3949965704717433
60 68 1.1746857649317788
60 69 1.3042409824124148
60 70 1.253685333949827
60 71 1.1953664232800325
60 72 1.2251603639765085
60 73 1.2720143203015797
60 74 1.298872778867782
61 62 1.1924745682131543
61 63 1.417837058901527
61 64 1.3059642749304243
61 65 1.3000595256534648
61 66 1.2933568286617492
61 67 1.146226404698776
61 68 1.3667199240255583
61 69 0.9174240220944387
61 70 1.2637331219285577
61 71 1.2283281727120396
61 72 1.139922027033318
61 73 1.2952934429121035
61 74 1.3392420777966405
62 63 1.49628125176466
62 64 1.2576217012549509
62 65 1.3529913999787817
62 66 1.5012647524326805
62 67 1.306620388146844
62 68 1.523553977256001
62 69 1.2673010709143306
62 70 1.536685886640816
62 71 1.3401743115435178
62 72 1.3671403729132232
62 73 1.4314397213032672
62 74 1.4303234070977369
63 64 1.3235744042465616
63 65 1.1327040906689663
63 66 1.075610509371437
63 67 1.1821197870041944
63 68 1.2706702823432725
63 69 1.543191228643681
63 70 1.2062891823452937
63 71 1.0225384505290902
63 72 1.1012852956398769
63 73 1.2490391778391385
63 74 1.2465977148423957
64 65 1.2806611177676699
64 66 1.371173725679786
64 67 1.315079818488473
64 68 1.3280482547413814
64 69 1.2962046096286293
64 70 1.4374253076493744
64 71 1.2848135784030226
64 72 1.3061811513547532
64 73 1.2844102729673308
64 74 1.3161305690683323
65 66 1.1738712104203097
65 67 1.3756233396308997
65 68 1.2857075016350064
65 69 1.323394297027463
65 70 1.295899353047388
65 71 1.2070697684511738
65 72 1.2336707400477105
65 73 1.2088132539480665
65 74 1.2715903461338522
66 67 1.2146839931809579
66 68 1.2563382245304273
66 69 1.348128544062227
66 70 1.0107753668969193
66 71 1.2222743917499694
66 72 1.0895390301265144
66 73 1.151719853118282
66 74 1.0353209113433803
67 68 1.3515091222787234
67 69 1.3155386721298075
67 70 1.4061655510337132
67 71 1.2241076486461429
67 72 1.0788125257093824
67 73 1.3754033145014872
67 74 1.3863870313731521
68 69 1.4527098792173636
68 70 1.2758631209434903
68 71 1.2337244623600323
68 72 1.230748078294941
68 73 1.3748686466672853
68 74 1.3782381999010564
69 70 1.3802482361608905
69 71 1.3882461811023437
69 72 1.397779268330725
69 73 1.3793868293793843
69 74 1.4014974456607496
70 71 1.2734507879096093
70 72 1.0929090345767292
70 73 0.9002036424732017
70 74 0.818147102424473
71 72 1.1467945704009588
71 73 1.2387969583546963
71 74 1.315501016179917
72 73 1.2010528210260363
72 74 1.1958241648251668
73 74 1.073594948246821
