90 0
0 1 1.4503847861125247
0 2 1.388504611684945
0 3 1.1469536787698484
0 4 1.0977150446170165
0 5 1.3106869621387514
0 6 1.3234739966450346
0 7 1.3872630925224534
0 8 1.3526764740974422
0 9 1.279795235146482
0 10 1.4823246301671014
0 11 1.414372757671092
0 12 1.168411118602975
0 13 1.3677244068603598
0 14 1.4878657111416114
0 15 1.3086221067507358
0 16 1.3632288276337448
0 17 1.4924083719455086
0 18 1.3207324850597664
0 19 1.3670672766707674
0 20 1.324234451050013
0 21 1.496089316713485
0 22 1.3428489730192743
0 23 1.291417750583555
0 24 1.3475696389634595
0 25 1.3995954143840037
0 26 1.3514734930902343
0 27 1.286009303473409
0 28 1.4481611251525182
0 29 1.3346743761800337
0 30 1.4413234083485449
0 31 1.4309776367676554
0 32 1.3988913855507639
0 33 1.3758190358561715
0 34 1.3814931379815278
0 35 1.3676180522999306
0 36 1.3444592308458603
0 37 1.3300422470550821
0 38 1.4276442585254643
0 39 1.4150446043716938
0 40 1.2614688058317987
0 41 1.2410359220803446
0 42 1.3534055898718473
0 43 1.3176899044417612
0 44 1.304586920913892
0 45 1.3387551930649153
0 46 1.4970253019336872
0 47 1.4426331265183157
0 48 1.3599178992366794
0 49 1.4306187954175769
0 50 1.3781453023139953
0 51 1.3550748425530035
0 52 1.4770596125898865
0 53 1.2826771415991525
0 54 1.3970000230849529
0 55 1.095333595649597
0 56 1.4516162424196002
0 57 1.4948995201662894
0 58 1.4669072854818765
0 59 1.4163209764284574
0 60 1.433417674344267
0 61 1.4310537763700004
0 62 1.356420458535682
0 63 1.4490105815407206
0 64 1.4212937672038022
0 65 1.2364520661050824
0 66 1.2958170679083973
0 67 1.393975959632978
0 68 1.4744679609244906
0 69 1.229880209982836
0 70 1.342229377211466
0 71 1.2924100598087713
0 72 1.3305491093831388
0 73 1.3014303652837924
0 74 1.299113856383996
0 75 1.5092207196136498
0 76 1.2796745704588082
0 77 1.3078704383542041
0 78 1.1809047246127031
0 79 1.4450526951609712
0 80 1.3151150407246814
0 81 1.247913538085215
0 82 1.1768030790354216
0 83 1.341661676105664
0 84 1.362566542971468
0 85 1.4037399821195362
0 86 1.2660069074142235
0 87 1.3523367850082946
0 88 1.1492729741250272
0 89 1.4137455378830035
1 2 1.2694428232535233
1 3 1.2258556897450148
1 4 1.5263218160610192
1 5 1.2213534768856524
1 6 1.0582353155433186
1 7 1.1506751253091405
1 8 1.1385629261097927
1 9 1.357532170101742
1 10 1.421883274259147
1 11 1.3880952279080168
1 12 1.330859049166853
1 13 1.1485432215239437
1 14 1.405205439567472
1 15 1.146692654783309
1 16 1.325902622106863
1 17 1.282809820989534
1 18 1.2827205611521995
1 19 1.014732282331173
1 20 1.1598656834601566
1 21 1.290295602894441
1 22 1.4321303235059146
1 23 1.2350954023682228
1 24 1.2246122062771547
1 25 1.2718891415114482
1 26 1.270876051709069
1 27 1.200618476923552
1 28 1.4696230714698348
1 29 1.1939346950454155
1 30 1.2722483658039332
1 31 1.268067989371109
1 32 1.4074011645246713
1 33 1.4845738254193208
1 34 1.2940162868853764
1 35 1.312940556265982
1 36 1.1119091171013955
1 37 1.349603272228307
1 38 1.3576708711520038
1 39 1.213291393761746
1 40 1.1702478946483195
1 41 1.378943764472209
1 42 1.2912128241737686
1 43 1.1463285840515365
1 44 1.1271481251368942
1 45 1.4608027019582317
1 46 1.2542440644087367
1 47 1.318015309241414
1 48 1.16142078420137
1 49 1.4759230540828616
1 50 1.242266320271194
1 51 1.3052023848061345
1 52 1.3299728163017885
1 53 1.1815613673415029
1 54 1.3015672135793175
1 55 1.2958811851784662
1 56 1.4143451168078083
1 57 1.3981509163532666
1 58 1.3564173547182177
1 59 1.3353979133241634
1 60 1.4854816422444086
1 61 1.1963702682527595
1 62 1.3339035749438672
1 63 1.2212240320670003
1 64 1.4514614703431428
1 65 1.416845127022575
1 66 1.1715867443536245
1 67 1.1933989015793602
1 68 1.3834426375883844
1 69 1.3848956194209048
1 70 1.238248131358947
1 71 1.2739287745916026
1 72 1.0427740361858402
1 73 1.2418139205780643
1 74 1.2794143983986401
1 75 1.2802883974894623
1 76 1.4095324771242015
1 77 1.2874838503243942
1 78 1.3574995247889428
1 79 1.3948602443711304
1 80 0.9742491765411136
1 81 1.3887882136748986
1 82 1.2579536057576846
1 83 1.29442817607416
1 84 1.0334861181049877
1 85 1.1552346404291
1 86 1.2433100801361574
1 87 1.3255069275349673
1 88 1.3633500757983472
1 89 1.1955481669330812
2 3 1.4621608864585827
2 4 1.4511045000007206
2 5 1.07226255499585
2 6 1.2046160135985449
2 7 1.2777237551167209
2 8 1.0900855033036565
2 9 1.2370099258338167
2 10 1.4295350083120983
2 11 1.4386793909595132
2 12 1.4191039926254114
2 13 1.100610085379039
2 14 1.441792957849384
2 15 1.1173248329213947
2 16 1.3312481870649298
2 17 1.3392280455223742
2 18 1.2351485927687673
2 19 1.2138573468692626
2 20 1.1566988298160228
2 21 1.4144211522106167
2 22 1.3949104934893033
2 23 1.403817617175482
2 24 1.3332158353739667
2 25 1.2033297605924278
2 26 1.2237980572625955
2 27 1.3417611265632385
2 28 1.2256268292465358
2 29 1.145027296452844
2 30 1.2197570727629263
2 31 1.110766782069242
2 32 1.4260857612036129
2 33 1.3082394951866867
2 34 1.2128381112196935
2 35 1.3873182389952912
2 36 1.1543258994901173
2 37 1.4138409236031217
2 38 1.2968644978452022
2 39 1.243831816712447
2 40 1.195138206344914
2 41 1.3163592831618918
2 42 1.2851639879684542
2 43 1.2057798081024604
2 44 1.1553298516491317
2 45 1.333014709547447
2 46 1.0572143351016514
2 47 1.137507233504788
2 48 1.191681142655803
2 49 1.4750644513400175
2 50 0.7451563288329514
2 51 1.3271263785607723
2 52 1.4545138757164189
2 53 1.170723556124631
2 54 1.380130659130307
2 55 1.430559877275125
2 56 1.3706575172977378
2 57 1.4566398287148534
2 58 0.9001754281203946
2 59 1.3913182405287436
2 60 1.5107247592049167
2 61 1.2112418746810028
2 62 1.2877230514226452
2 63 1.2647038009459297
2 64 1.355282636758364
2 65 1.3461496347768322
2 66 1.3615130382533793
2 67 1.1540522591407045
2 68 1.34149825737025
2 69 1.326977124055054
2 70 1.3189857073128985
2 71 1.122364045426746
2 72 1.1232619842287088
2 73 1.179634630949074
2 74 1.1666063416069867
2 75 1.0727323920517422
2 76 1.4417289380427192
2 77 1.4352583328317698
2 78 1.3763531977701269
2 79 1.461805878792774
2 80 1.2507361931559637
2 81 1.3987300648454641
2 82 1.300071671007464
2 83 1.2356402133180435
2 84 1.0874221424153758
2 85 1.2170731966800146
2 86 1.1415074008688775
2 87 1.146753489555935
2 88 1.367463705878391
2 89 1.303859196597381
3 4 1.3105326908175952
3 5 1.3140798194923635
3 6 1.1982606797830266
3 7 1.3249504529582719
3 8 1.2670546558454834
3 9 1.3372418768761094
3 10 1.3558664493211434
3 11 1.3718789724672644
3 12 1.30970823365446
3 13 1.2725957165477426
3 14 1.3894513475641277
3 15 1.2865484323242091
3 16 1.4019454387830343
3 17 1.3778018008893116
3 18 1.2064298854509157
3 19 1.2656297657653885
3 20 1.3699897526121985
3 21 1.1735419402996232
3 22 1.2863119203912918
3 23 1.2903262408955691
3 24 1.2678353450584603
3 25 1.3884931068127484
3 26 1.3396664167333725
3 27 1.3019488164793216
3 28 1.4240129787396125
3 29 1.2898639723282337
3 30 1.4355089158813137
3 31 1.3443610668187775
3 32 1.3719114473860494
3 33 1.3874776692224182
3 34 1.4092006711498224
3 35 1.3073467376861716
3 36 1.3356602823329544
3 37 1.246191939578373
3 38 1.3123779061426946
3 39 1.3491849060192302
3 40 1.4296361130889468
3 41 1.405933851642011
3 42 1.3522362040987739
3 43 1.2720557522868674
3 44 1.239167286338945
3 45 1.4107694600000888
3 46 1.4527277267608656
3 47 1.3571987993907855
3 48 1.349587216656563
3 49 1.3756075110983452
3 50 1.407639274503651
3 51 1.305822341731876
3 52 1.3596910740819523
3 53 1.225224818875632
3 54 1.3583785072420622
3 55 1.2063722112742115
3 56 1.4188276559034454
3 57 1.4584277161742198
3 58 1.4681552126063362
3 59 1.2815754657054539
3 60 1.3126944087209276
3 61 1.327603720862467
3 62 1.3487455057410929
3 63 1.3744102202815367
3 64 1.350390841951913
3 65 1.3728353663041053
3 66 1.3890968364813074
3 67 1.408981902886272
3 68 1.387987866029099
3 69 1.3014883224836808
3 70 1.2442790068016543
3 71 1.3754937813257995
3 72 1.2362872003420293
3 73 1.2870991868931663
3 74 1.37150401572764
3 75 1.3969952713055083
3 76 1.2424305477110635
3 77 1.2855853018731656
3 78 1.3177212303795662
3 79 1.467297289449636
3 80 1.3580902922463238
3 81 1.2935704032817574
3 82 1.2981373015492659
3 83 1.3398971254436973
3 84 1.2153362847847373
3 85 1.2232076840625778
3 86 1.3637815295834053
3 87 1.2925783899407137
3 88 1.3273892948432582
3 89 1.4041018658246496
4 5 1.3968166401371989
4 6 1.4697838378238
4 7 1.4136779498281964
4 8 1.4372083586808126
4 9 1.365750195077307
4 10 1.3763237807058533
4 11 1.4229786062996534
4 12 1.2325076415484453
4 13 1.4701230116362303
4 14 1.4205305181306895
4 15 1.3893134247780232
4 16 1.3278243916121422
4 17 1.488343476331143
4 18 1.3439104393690011
4 19 1.4851128777577194
4 20 1.3971469238634193
4 21 1.3844899133084827
4 22 1.3846019538246734
4 23 1.2241893373204458
4 24 1.2528037567697674
4 25 1.418549055846755
4 26 1.4028794383951133
4 27 1.3630969842709044
4 28 1.4288350624311634
4 29 1.4400099881248152
4 30 1.5209439810318837
4 31 1.4479239748633688
4 32 1.3865251857262684
4 33 1.3743548067448443
4 34 1.3387599847646756
4 35 1.3565217573546722
4 36 1.463042792512049
4 37 1.3742872457453963
4 38 1.4698466881136594
4 39 1.4675067181928185
4 40 1.3200890263709284
4 41 1.2764254663834846
4 42 1.3274010841006705
4 43 1.425457477447991
4 44 1.441653499469069
4 45 1.3770062615964471
4 46 1.4371554696652071
4 47 1.4996247247113845
4 48 1.4799772111448999
4 49 1.4147105054861089
4 50 1.4411904559158915
4 51 1.370016085151736
4 52 1.3221060318564397
4 53 1.4276588450322718
4 54 1.3559938941697345
4 55 0.9722904305059976
4 56 1.346545277159867
4 57 1.411105069028714
4 58 1.4577572784306374
4 59 1.3767138795058687
4 60 1.3914175099424286
4 61 1.488287252900676
4 62 1.3902398805467673
4 63 1.2920013981948641
4 64 1.3999839453596843
4 65 1.30530633505338
4 66 1.2731178049799765
4 67 1.3651986135313436
4 68 1.4298991810669754
4 69 1.2805134255149981
4 70 1.264018672998743
4 71 1.3111937612253228
4 72 1.4248752740667578
4 73 1.3513855438857616
4 74 1.3646406341459527
4 75 1.4394505316007924
4 76 1.180021991692031
4 77 1.310584534162442
4 78 1.2358045528002022
4 79 1.4489821258260314
4 80 1.4021049816119262
4 81 1.2676433014965534
4 82 1.3596540367943784
4 83 1.2240322518027444
4 84 1.40437597665133
4 85 1.5335346881677734
4 86 1.4092548472259556
4 87 1.3634614929204423
4 88 1.2183239576998788
4 89 1.4909735465919691
5 6 1.1047909049249922
5 7 1.184153062058357
5 8 0.9968891415951646
5 9 1.1113641863313428
5 10 1.4748438674787057
5 11 1.381066278391064
5 12 1.27289293848503
5 13 0.975035614665423
5 14 1.4252941189192414
5 15 0.8264908095189435
5 16 1.2498941719614938
5 17 1.2134489652441156
5 18 1.1886967279302973
5 19 0.994480672844527
5 20 1.0272804686351176
5 21 1.2672910805305604
5 22 1.317965566023877
5 23 1.2417814402493672
5 24 1.2145193817582667
5 25 1.1813475792095645
5 26 1.0935467087690462
5 27 1.248180931743409
5 28 1.373560853106052
5 29 0.989198175354346
5 30 1.2166740347624294
5 31 1.1049266487274914
5 32 1.357839922704379
5 33 1.3428551983882764
5 34 1.0995299626057689
5 35 1.2098145739622508
5 36 0.9037389770396009
5 37 1.2400750397789049
5 38 1.2408011730473432
5 39 1.1949913987000005
5 40 1.0014685395994043
5 41 1.2413612487923258
5 42 1.1234050559173794
5 43 1.0568612689775092
5 44 1.0568797975319337
5 45 1.2437404589626824
5 46 1.0913467380046393
5 47 1.0158905380591177
5 48 1.0525257300602815
5 49 1.4583629904805469
5 50 1.0963599901596024
5 51 1.23773574293372
5 52 1.3978399938770083
5 53 1.1170649192732771
5 54 1.4561568783373324
5 55 1.3397613849863066
5 56 1.3599993415955278
5 57 1.4758983919053537
5 58 1.1019186115141257
5 59 1.3852578080563154
5 60 1.4737587212664882
5 61 1.167339851453198
5 62 1.1668466814494698
5 63 1.0970300077988333
5 64 1.3436611630877313
5 65 1.3359462825487052
5 66 1.1783417908922311
5 67 1.19505191258871
5 68 1.273485786580303
5 69 1.2588151835577814
5 70 1.199032407960438
5 71 0.7880913382008724
5 72 0.9870079635716519
5 73 1.051596575069199
5 74 1.166567948064619
5 75 1.1396981880626738
5 76 1.3794559052095368
5 77 1.3354569229861535
5 78 1.3595759662105382
5 79 1.51471082168117
5 80 1.120173585501652
5 81 1.3345072231048762
5 82 1.224621265203444
5 83 1.10745825271494
5 84 1.058700416628602
5 85 1.0197366484483308
5 86 1.2669463006593824
5 87 0.9863271088831111
5 88 1.3462590832029988
5 89 1.268995383466975
6 7 1.280838719314622
6 8 0.886390920478168
6 9 1.2129887986255539
6 10 1.5111267850458892
6 11 1.4600659449878586
6 12 1.2599896692761994
6 13 0.8105991070808026
6 14 1.4982629037828274
6 15 1.0771560507166318
6 16 1.2150030823428246
6 17 1.1812085522506257
6 18 1.285071381188419
6 19 1.0825886221397454
6 20 1.148638801214908
6 21 1.2747822734404433
6 22 1.2865845255689516
6 23 1.289360485052554
6 24 1.2562694458578836
6 25 1.28622942548354
6 26 1.1459426040698106
6 27 1.2531104214970643
6 28 1.4625081771439996
6 29 0.8557378787935789
6 30 1.2351733927213893
6 31 1.2826276333198732
6 32 1.4636425580014445
6 33 1.4138718893784548
6 34 1.1312204490806006
6 35 1.2258218694560838
6 36 1.1270956175215885
6 37 1.3710267240486058
6 38 1.2801523305000897
6 39 1.3419875696669017
6 40 1.1674643085504832
6 41 1.1674587168745172
6 42 1.2201866269082267
6 43 0.8867115403278523
6 44 1.1051472975416252
6 45 1.307737276257365
6 46 1.219612713043045
6 47 1.2821973399057671
6 48 0.8971956168303795
6 49 1.5277665640817004
6 50 1.1981842142315302
6 51 1.3633805865733322
6 52 1.4160757641474164
6 53 0.9685862568166136
6 54 1.3908328826147838
6 55 1.3007829595468057
6 56 1.438141372678627
6 57 1.5119642224142658
6 58 1.2923981027401408
6 59 1.357571804780503
6 60 1.5707750589949852
6 61 1.199202002846513
6 62 1.2964211443298401
6 63 1.2351137008628228
6 64 1.4017003931415455
6 65 1.2795179145462714
6 66 1.205663118818276
6 67 1.3151318582150142
6 68 1.3282843827358528
6 69 1.4013532045884942
6 70 1.2248629665330235
6 71 1.2544996127700685
6 72 0.8576683512782097
6 73 1.2282438128490099
6 74 1.0983741452537417
6 75 1.2642788680852484
6 76 1.3425239972858645
6 77 1.3086828432546926
6 78 1.2969349739039742
6 79 1.5490094548477766
6 80 1.231292296562492
6 81 1.2840703948276597
6 82 1.3013463508598397
6 83 1.2259713954557223
6 84 1.0144956422328066
6 85 0.8623764456075662
6 86 1.0936611943809142
6 87 1.1934668575167262
6 88 1.2877014502336688
6 89 1.178990171269454
7 8 1.1960930098294178
7 9 1.2088132539480665
7 10 1.4286323960041667
7 11 1.3712809713543128
7 12 1.3279524609318352
7 13 1.1962586546517824
7 14 1.3738644214879696
7 15 1.1386617612776413
7 16 1.3827167181816207
7 17 1.2494468410499948
7 18 1.25807534075264
7 19 1.040828557091947
7 20 1.293925728383519
7 21 1.337074775829892
7 22 1.3473429913375956
7 23 1.4360948977104795
7 24 1.2176878118150056
7 25 1.328681352244423
7 26 1.2294854733326213
7 27 1.277097227946896
7 28 1.2610993429543438
7 29 1.2490391778391385
7 30 1.2721634121715248
7 31 1.367850833201369
7 32 1.371746882900308
7 33 1.3246490099393966
7 34 1.2647216829260521
7 35 1.2012508977771525
7 36 1.13298779009548
7 37 1.3410440067437066
7 38 1.344661104911592
7 39 1.190123150309877
7 40 1.18319693486913
7 41 1.3931502860801315
7 42 1.22633089375143
7 43 1.1964256663639903
7 44 1.151719853118282
7 45 1.3626860437860007
7 46 1.247934592806405
7 47 1.3628360489647295
7 48 1.2351925089560407
7 49 1.4480786052991024
7 50 1.2937045860230898
7 51 1.2569373412852118
7 52 1.3974773836745555
7 53 1.2454555697626415
7 54 1.3536658969418274
7 55 1.2886096198775192
7 56 1.4165317566189481
7 57 1.4746859891529203
7 58 1.27444499519965
7 59 1.4697085131830043
7 60 1.4538035499787048
7 61 1.073594948246821
7 62 1.2720143203015797
7 63 1.2333164416026399
7 64 1.4175315168938107
7 65 1.3924982362556075
7 66 1.4003146312203394
7 67 1.2810658938861568
7 68 1.4454140391925485
7 69 1.3215362799923156
7 70 1.212926258903791
7 71 1.1568536045074607
7 72 1.1652030219249865
7 73 1.2700776229760071
7 74 1.235447938852739
7 75 1.280936751911716
7 76 1.3786394879963764
7 77 1.3567247719431206
7 78 1.4018979226299366
7 79 1.3910182545771204
7 80 1.1426814739060898
7 81 1.400010941661905
7 82 1.2728361351433768
7 83 1.1809897195427654
7 84 1.223545092722374
7 85 1.2426399186674282
7 86 1.1861995774008494
7 87 1.1452100564394077
7 88 1.4058114777582562
7 89 1.3375373573222722
8 9 1.1814760295872424
8 10 1.5778665787953248
8 11 1.5402556438048889
8 12 1.297955370507386
8 13 0.4884052786559434
8 14 1.5311682158675204
8 15 0.9756668048770218
8 16 1.3358752408121128
8 17 1.027610882502694
8 18 1.2244056325842496
8 19 1.0290482206399865
8 20 1.0644977750261098
8 21 1.358988017601525
8 22 1.350202589376277
8 23 1.3340666108306742
8 24 1.2559727372056886
8 25 1.2425803782415115
8 26 1.182856808158021
8 27 1.3598490279645594
8 28 1.4396989259668054
8 29 0.5143394868783935
8 30 1.2407815622623153
8 31 1.238599558172173
8 32 1.5139141835496677
8 33 1.2839167371012064
8 34 1.2564355826167208
8 35 1.2196093971445356
8 36 1.099097616630928
8 37 1.3973238731369122
8 38 1.3044125423053232
8 39 1.2687299802357945
8 40 1.0404398886868582
8 41 1.2565781050331999
8 42 1.2543673550757302
8 43 0.671127515791921
8 44 1.0670147759314847
8 45 1.2790047195374954
8 46 1.2342995037258837
8 47 1.2147109209599685
8 48 0.6108565969940064
8 49 1.5719532270882124
8 50 1.126412995580867
8 51 1.309212821725505
8 52 1.4513565818932561
8 53 0.848077903248755
8 54 1.3680309643555455
8 55 1.3581253129963908
8 56 1.4847782281123947
8 57 1.6078232370892394
8 58 1.2924148611129491
8 59 1.4249953309029806
8 60 1.600011398323887
8 61 1.1910508871942813
8 62 1.2791473824553103
8 63 1.2094281552528887
8 64 1.3847962089173178
8 65 1.2343219607895635
8 66 1.1759775684023797
8 67 1.1314771013329443
8 68 1.2715073712990508
8 69 1.321538745020741
8 70 1.2230662582697074
8 71 0.9918878300799067
8 72 0.6655455025495748
8 73 1.183573481467066
8 74 1.169384833429384
8 75 1.2627366406032334
8 76 1.3562440592627076
8 77 1.3037082386739247
8 78 1.2481154790786249
8 79 1.4825981756174842
8 80 1.1017103744792809
8 81 1.3165858028903545
8 82 1.2379227947861005
8 83 1.2523688418657126
8 84 1.0964791186730074
8 85 0.7535381950924821
8 86 1.0331674673985534
8 87 1.1490702713397223
8 88 1.3108522908973177
8 89 1.1544914956974335
9 10 1.362337532776488
9 11 1.2918902102312497
9 12 1.344983150323821
9 13 1.1877721706741717
9 14 1.3860559575428781
9 15 1.1515598921316965
9 16 1.2502606128520497
9 17 1.1899226563657144
9 18 1.210795016318987
9 19 1.2593198895460864
9 20 1.2993739618417712
9 21 1.316476222963401
9 22 1.1265985789911381
9 23 1.3866295140759641
9 24 1.2349892297738816
9 25 1.1934104249939717
9 26 1.213173893476178
9 27 1.2338761513564664
9 28 1.2670818694805879
9 29 1.1327040906689663
9 30 1.5113267195496864
9 31 1.312756401097706
9 32 1.3156704592328843
9 33 1.1911690296961408
9 34 1.1623407176123277
9 35 1.1466596966054399
9 36 1.1078684651645117
9 37 1.2229360617088307
9 38 1.3015092764484526
9 39 1.3155011087072577
9 40 1.2148173429095204
9 41 1.3394364583459735
9 42 1.2387083306302713
9 43 1.1457004719170008
9 44 1.1738712104203097
9 45 1.1774120185895307
9 46 1.195740803387608
9 47 1.2468647160562305
9 48 1.2196754876708373
9 49 1.33598904107056
9 50 1.2924947174587165
9 51 1.3185206937178438
9 52 1.3983522550283904
9 53 1.2014125499783384
9 54 1.3282965092464178
9 55 1.3422722727474246
9 56 1.3487210349075909
9 57 1.4188954866483872
9 58 1.2726215206340823
9 59 1.3600823743392891
9 60 1.3694349935048848
9 61 1.2715903461338522
9 62 1.1527067863986586
9 63 1.2403492194349341
9 64 1.3817175538689348
9 65 1.2439914139327803
9 66 1.4068812932333195
9 67 1.2818650045787157
9 68 1.3480446984328913
9 69 1.2588375395902593
9 70 1.2110302673737725
9 71 1.1811969616150155
9 72 1.1658993519301104
9 73 1.1751626492907323
9 74 1.2389865728295653
9 75 1.3791472699792027
9 76 1.3538836830734058
9 77 1.2898458236642347
9 78 1.2917029333373424
9 79 1.4175155858380577
9 80 1.3097461600143046
9 81 1.389511884939082
9 82 1.2659701548055948
9 83 1.1548150352626632
9 84 1.2189625508607471
9 85 1.2316472515267909
9 86 1.2154163004730338
9 87 1.011353792182379
9 88 1.359888457951864
9 89 1.3693227171457174
10 11 1.0097797550614263
10 12 1.4575504126563537
10 13 1.602145447910848
10 14 1.120066231573095
10 15 1.3836198819450052
10 16 1.327461791775504
10 17 1.4564235781430277
10 18 1.301144206175323
10 19 1.438901022601454
10 20 1.3973268018664537
10 21 1.4181058844934746
10 22 1.3940892803269742
10 23 1.367613709480804
10 24 1.3328070587397844
10 25 1.4909010623955548
10 26 1.4350976507961235
10 27 1.286086825768419
10 28 1.3829051081259882
10 29 1.5943954799818807
10 30 1.462175093445212
10 31 1.4409686737118157
10 32 1.1503539797863842
10 33 1.3520937564905682
10 34 1.4673809957637107
10 35 1.477412580683607
10 36 1.389303742026756
10 37 1.2683862472300969
10 38 1.3392551292776327
10 39 1.3929575507750753
10 40 1.5255188632863184
10 41 1.526295716178752
10 42 1.2911867705599607
10 43 1.5786938737827152
10 44 1.414610737087342
10 45 1.4132388248533736
10 46 1.387719899192992
10 47 1.438800773317645
10 48 1.6654548544726309
10 49 1.0122794401391095
10 50 1.4448814177242018
10 51 1.2908279855009686
10 52 1.1052177427490228
10 53 1.470699143216947
10 54 1.120788048400134
10 55 1.3439179249554445
10 56 1.1199540601633629
10 57 1.1871436021300743
10 58 1.407809515519146
10 59 1.1197204017076863
10 60 1.0030011447527694
10 61 1.3288632555774207
10 62 1.3974043707527612
10 63 1.3667092341524663
10 64 1.395149400247431
10 65 1.5208861361855501
10 66 1.4350867643932392
10 67 1.4780407987702406
10 68 1.3142527670347417
10 69 1.3276088319217985
10 70 1.3453673794696017
10 71 1.4581227112416744
10 72 1.565848247485521
10 73 1.4267527032964342
10 74 1.392660798857273
10 75 1.3756817115790592
10 76 1.4694528861084122
10 77 1.4479431629815218
10 78 1.5365817214548716
10 79 1.1075102836646082
10 80 1.479422123753153
10 81 1.4155366191024383
10 82 1.3714746864743081
10 83 1.4212082533887926
10 84 1.3535760388003077
10 85 1.5411105995679377
10 86 1.4491524097453357
10 87 1.4347438350525301
10 88 1.4309333110743616
10 89 1.3928871649199546
11 12 1.423915802087645
11 13 1.564193063779988
11 14 0.7229623601892325
11 15 1.2517161688532439
11 16 1.3510638732500861
11 17 1.2479261647622037
11 18 1.244580072003611
11 19 1.3122266134624074
11 20 1.360395078353489
11 21 1.254559447156655
11 22 1.3738370493057117
11 23 1.265638549512189
11 24 1.3675030856669903
11 25 1.2328966264910108
11 26 1.3700178396108795
11 27 1.2683869883264853
11 28 1.4321117279815967
11 29 1.5789034682513998
11 30 1.4342441100833754
11 31 1.4650315557627318
11 32 0.7273403265956615
11 33 1.2659820518708036
11 34 1.348914321054361
11 35 1.2999559090464015
11 36 1.2874916388447708
11 37 1.157232414610227
11 38 1.212240748953035
11 39 1.4243233771155808
11 40 1.4026955164620862
11 41 1.529766995554547
11 42 1.2666349013210039
11 43 1.5002064452856658
11 44 1.3731362691358961
11 45 1.3719796158937934
11 46 1.4043730591754444
11 47 1.4362690687440298
11 48 1.6102780758738886
11 49 0.6310870046478296
11 50 1.4196685134723823
11 51 1.1686082492127823
11 52 1.1152544838341876
11 53 1.4719084314401514
11 54 1.2614223146239985
11 55 1.3115121584340388
11 56 1.1911537018684568
11 57 1.1952168392084295
11 58 1.3852703860281543
11 59 1.1131544219395815
11 60 0.7364917303985599
11 61 1.3099253888125577
11 62 1.2067475177747282
11 63 1.427403447355012
11 64 1.3339410452667568
11 65 1.5106529190318188
11 66 1.391873124785407
11 67 1.4188452881797513
11 68 1.2732640935539974
11 69 1.243503849873504
11 70 1.3873318446047704
11 71 1.3875143259727265
11 72 1.5635392596778648
11 73 1.3314771720302314
11 74 1.313640783587724
11 75 1.5189005458202396
11 76 1.48087987600597
11 77 1.3477685244049158
11 78 1.5237665484362772
11 79 1.2183050706904086
11 80 1.4439755212650816
11 81 1.5340139055178086
11 82 1.3287739358631665
11 83 1.394165542887359
11 84 1.243476290422141
11 85 1.5266485523293445
11 86 1.419632879428482
11 87 1.2826117399799435
11 88 1.4012043202543782
11 89 1.3593338604054497
12 13 1.2461337552443588
12 14 1.3797162896472588
12 15 1.3272673093179868
12 16 1.3497704922225673
12 17 1.3315259673030484
12 18 1.3437938256301194
12 19 1.3086135488624608
12 20 1.2650074674510672
12 21 1.3310796760024424
12 22 1.4288566699760132
12 23 1.318980152705358
12 24 1.2954725765098445
12 25 1.415978912547496
12 26 1.3770687148580503
12 27 1.3099622978086953
12 28 1.567719158678688
12 29 1.25967173458895
12 30 1.380067906462212
12 31 1.4763203818553396
12 32 1.363759694893861
12 33 1.4304585406132293
12 34 1.2982212359950385
12 35 1.2463253886958074
12 36 1.3781325895615342
12 37 1.3186639239525353
12 38 1.3726703161415896
12 39 1.4459169999016048
12 40 1.2645748833143888
12 41 1.313580851612374
12 42 1.2800353338036994
12 43 1.2330061644713304
12 44 1.3350920514820175
12 45 1.308688059284134
12 46 1.3569272477628171
12 47 1.4226567066520956
12 48 1.2318683815289915
12 49 1.4291112683685696
12 50 1.4491513306100892
12 51 1.3150091744890373
12 52 1.3391491144633427
12 53 1.313395761369393
12 54 1.3297994219423437
12 55 1.2434744761160292
12 56 1.3545483481268168
12 57 1.448565680006897
12 58 1.4683815415957235
12 59 1.3704154976945755
12 60 1.4709222420826704
12 61 1.3807531456288542
12 62 1.382366747364816
12 63 1.2800413085096514
12 64 1.4290483619630943
12 65 1.3516146347951188
12 66 1.2372232637198046
12 67 1.2719821576623949
12 68 1.3744984431201046
12 69 1.3179394447745238
12 70 1.2740793906098233
12 71 1.3174606295031568
12 72 1.214892317637489
12 73 1.34339053541632
12 74 1.3529763666433419
12 75 1.4196863778078759
12 76 1.2188774942153278
12 77 1.3380322993426923
12 78 1.1662410220911572
12 79 1.4281212469647289
12 80 1.2688031014168863
12 81 1.3293196495061328
12 82 1.2469648850753392
12 83 1.3166948798722597
12 84 1.3131674442132328
12 85 1.2797457691150567
12 86 1.314884505990354
12 87 1.3457247648250132
12 88 1.2424887899568196
12 89 1.2993587402281175
13 14 1.5436026161008434
13 15 1.0050128297074594
13 16 1.307505847931554
13 17 1.0749799311277815
13 18 1.2487153442364465
13 19 1.071274802029883
13 20 1.066102991493697
13 21 1.3506831527754655
13 22 1.325488488291609
13 23 1.3562939808975814
13 24 1.2264142928125454
13 25 1.256475669132846
13 26 1.1685649801728926
13 27 1.337762179434976
13 28 1.430795498249211
13 29 0.4826643580546527
13 30 1.2251200513150646
13 31 1.2147793506321731
13 32 1.4996686064895985
13 33 1.3466680296155444
13 34 1.2587300430394401
13 35 1.204202217584131
13 36 1.1298280869506643
13 37 1.410361411498711
13 38 1.3141723502643563
13 39 1.2784004555415647
13 40 1.0741400768519689
13 41 1.2349563168088307
13 42 1.256046569425117
13 43 0.6493834872294921
13 44 1.0682594928769775
13 45 1.2511935591883914
13 46 1.1887833745728205
13 47 1.217895010401211
13 48 0.540156243316123
13 49 1.5787696407719871
13 50 1.1107180077275574
13 51 1.275217058596483
13 52 1.472667991644724
13 53 0.8989925640535193
13 54 1.3850639678576961
13 55 1.3860987460485923
13 56 1.487020294854907
13 57 1.6316060838561466
13 58 1.2454478797159756
13 59 1.4231161723011767
13 60 1.6245375949753598
13 61 1.1636512259574787
13 62 1.2733771613465317
13 63 1.182317975176312
13 64 1.4251511984259195
13 65 1.2383233073090527
13 66 1.2089799697500252
13 67 1.1428202692755363
13 68 1.234160037380814
13 69 1.3700045731780441
13 70 1.1894900524672898
13 71 1.0259058475001657
13 72 0.6212070234688293
13 73 1.1860148983095873
13 74 1.1818361369582338
13 75 1.242456735154874
13 76 1.376665852541854
13 77 1.2755177595521485
13 78 1.2715568210916919
13 79 1.50332871617258
13 80 1.0865913947861987
13 81 1.3379710165814327
13 82 1.2492713164175533
13 83 1.241465559900232
13 84 1.145321418894298
13 85 0.6481182207999376
13 86 1.0341718387864673
13 87 1.1620070274197651
13 88 1.3398450130128698
13 89 1.0908666615477043
14 15 1.2976476582953549
14 16 1.3678423155771282
14 17 1.284800646724046
14 18 1.2265835312451412
14 19 1.3143971289615832
14 20 1.3508012919236938
14 21 1.276892879603795
14 22 1.4931486799544735
14 23 1.3345235213603204
14 24 1.4247281669164598
14 25 1.2516384672025935
14 26 1.3666396840975685
14 27 1.2894364368103932
14 28 1.484538970906127
14 29 1.5669410149097496
14 30 1.39480840558114
14 31 1.498791388553877
14 32 0.7741943884968671
14 33 1.2617637020696904
14 34 1.3390668706693065
14 35 1.2235213390190505
14 36 1.3381395034870591
14 37 1.1560616459223219
14 38 1.259809649943019
14 39 1.4334664756362558
14 40 1.4481353218907695
14 41 1.481189078831311
14 42 1.2922745215115439
14 43 1.5049251206292114
14 44 1.383334528955545
14 45 1.4103870662549027
14 46 1.3397380539986845
14 47 1.4080418296483612
14 48 1.5721218220473878
14 49 0.7674875079796255
14 50 1.4329083617455862
14 51 1.2050492776960304
14 52 1.10116198243702
14 53 1.5087693233881554
14 54 1.3072467077183119
14 55 1.3285511657215752
14 56 1.2153501627252787
14 57 1.2223932362561287
14 58 1.426259416583908
14 59 1.1429115917535604
14 60 0.8167823097431557
14 61 1.3828441114970382
14 62 1.2058832330935432
14 63 1.3844597812599262
14 64 1.2890616920457685
14 65 1.4984055443209523
14 66 1.3743564333384233
14 67 1.3947254351350664
14 68 1.330541067364939
14 69 1.2378464160950682
14 70 1.4305597218181645
14 71 1.416002684197849
14 72 1.5399798664640276
14 73 1.3903695960116873
14 74 1.345090786756141
14 75 1.4471080483499246
14 76 1.456836467859549
14 77 1.4419129365324244
14 78 1.4561058473414545
14 79 1.189843788869682
14 80 1.4213562946521434
14 81 1.5618948607831007
14 82 1.366495494225042
14 83 1.3911616908549238
14 84 1.2974716273272093
14 85 1.5208458460204275
14 86 1.4648575430914414
14 87 1.300411820377938
14 88 1.4164425795413191
14 89 1.3586401428993986
15 16 1.240711558179416
15 17 1.1100661855125071
15 18 1.1296946057123618
15 19 0.8006176773544764
15 20 0.9244748388422395
15 21 1.3193800197625187
15 22 1.3839820360627049
15 23 1.2243187082674933
15 24 1.2573522208431962
15 25 1.104592470396125
15 26 1.1477649991531966
15 27 1.2054290412086226
15 28 1.3910007695182147
15 29 1.0433521911794859
15 30 1.3073771388711803
15 31 1.1768323308707236
15 32 1.2124296008816764
15 33 1.3299171203634927
15 34 1.2081840313229204
15 35 1.1322017346275064
15 36 0.8760797859820958
15 37 1.2198727772369593
15 38 1.1895877799490124
15 39 1.291711510836874
15 40 0.9565721172528391
15 41 1.3134435998825573
15 42 1.0842970818852882
15 43 1.0499234369705042
15 44 0.9232509892028469
15 45 1.195334869016076
15 46 1.10158826733254
15 47 1.1049180859685857
15 48 1.1224834392616396
15 49 1.3332732209218194
15 50 1.0540069787271176
15 51 1.051773211948016
15 52 1.3239035784725959
15 53 0.9914725070049413
15 54 1.3182254142809118
15 55 1.269811573253802
15 56 1.3546960121604654
15 57 1.455334852827677
15 58 1.0994689179301398
15 59 1.3141938397184636
15 60 1.3316014642711764
15 61 0.9961040793474268
15 62 1.2879182102056372
15 63 1.1591683154359453
15 64 1.320656531296422
15 65 1.362410754848633
15 66 1.1052412941073868
15 67 1.161066131108039
15 68 1.2299691066003928
15 69 1.2411404727418556
15 70 1.2401850916934987
15 71 0.8681443030312065
15 72 1.044644437774399
15 73 1.082224498563854
15 74 1.0124070419062274
15 75 1.251677242171888
15 76 1.4128346041658837
15 77 1.310190582310583
15 78 1.321983253024135
15 79 1.4080175739976526
15 80 1.1443261316374045
15 81 1.247535869033688
15 82 1.1955422109501825
15 83 1.1310937697549528
15 84 0.8921990607270202
15 85 1.0755764026369006
15 86 1.1275791893820826
15 87 1.0784352817724647
15 88 1.3295254864057713
15 89 1.2470385491649738
16 17 1.47798465801976
16 18 1.1996165117194737
16 19 1.2712031522124476
16 20 1.2382848960711093
16 21 1.3771701971228616
16 22 1.3518714124039646
16 23 1.221832486218602
16 24 1.1697448676175544
16 25 1.2684356625773467
16 26 1.3143909554533921
16 27 1.2303096918376477
16 28 1.4528834343600932
16 29 1.3063928320276625
16 30 1.39331046191368
16 31 1.340065475089433
16 32 1.319450423732391
16 33 1.3509260313990503
16 34 1.2212045626691854
16 35 1.3229497451618188
16 36 1.2635146521256808
16 37 1.303565517643281
16 38 1.3219666346512917
16 39 1.3982269466220283
16 40 1.2394765663460718
16 41 1.1753315375588498
16 42 1.0670946869629225
16 43 1.2264320709996837
16 44 1.2855402312533366
16 45 1.230421628416059
16 46 1.2261766821569988
16 47 1.3435166589716
16 48 1.3669717253038813
16 49 1.417086032358298
16 50 1.3473416654096713
16 51 1.2562255579407882
16 52 1.2909353079011936
16 53 1.1613103175882955
16 54 1.3417727234156875
16 55 1.3024811562735639
16 56 1.300249038815615
16 57 1.4878800143242408
16 58 1.3050951337326286
16 59 1.3367108116691142
16 60 1.4064898393805878
16 61 1.217499803268781
16 62 1.32010461200081
16 63 1.2536387840808494
16 64 1.3519231900162292
16 65 1.2924920306788792
16 66 1.2938198857527343
16 67 1.4046033503376387
16 68 1.362708309962447
16 69 1.3516254270169188
16 70 1.148684835855607
16 71 1.300113239766346
16 72 1.2683936099163275
16 73 1.31603059819754
16 74 1.2934033744717124
16 75 1.3541675745669937
16 76 1.1864934223843016
16 77 1.3358933358669562
16 78 1.2992134968917881
16 79 1.3337417502742377
16 80 1.3764748717375648
16 81 1.2766063087890893
16 82 1.3178653482489249
16 83 1.2610012396558368
16 84 1.1378112171410197
16 85 1.2724819190682868
16 86 1.2422957497139753
16 87 1.260421663846466
16 88 1.2624888028029486
16 89 1.3141077633759557
17 18 1.2975960255226737
17 19 1.2102270690282255
17 20 1.2736312157166612
17 21 1.1833010816279224
17 22 1.3689338083945595
17 23 1.4363077059102372
17 24 1.4211937942004267
17 25 1.3539479095161295
17 26 1.2365465502975164
17 27 1.4547231011518582
17 28 1.4442536580680811
17 29 1.0313350914367105
17 30 1.3818799449627306
17 31 1.42706423393305
17 32 1.3054234875669688
17 33 1.2362478542515116
17 34 1.2890785127236206
17 35 1.255145764958522
17 36 1.2026381985368506
17 37 1.282600321987379
17 38 1.2511749630489786
17 39 1.4047820061258143
17 40 1.2387037333210802
17 41 1.3788578778591793
17 42 1.458594614209424
17 43 1.090165807965629
17 44 1.1819898103570536
17 45 1.3749345474084798
17 46 1.4111121819273214
17 47 1.331160340396395
17 48 1.0911182383747544
17 49 1.298273951851877
17 50 1.3382345312803001
17 51 1.2258498191423317
17 52 1.2996419294146744
17 53 1.2161523375523633
17 54 1.3764648300429063
17 55 1.3707864134941645
17 56 1.3395822381085565
17 57 1.5116414959596507
17 58 1.3555083832694335
17 59 1.361187086285845
17 60 1.2893633209274191
17 61 1.2396827187884367
17 62 1.2985966939502067
17 63 1.2404615851817802
17 64 1.388674347792001
17 65 1.3856224621955133
17 66 1.2377174977914027
17 67 1.2623910386629829
17 68 1.2735508915678069
17 69 1.429653758698673
17 70 1.4053784812898737
17 71 1.1691476994791492
17 72 1.1374015338489927
17 73 1.214053620897994
17 74 1.2747009693829794
17 75 1.3724403850616471
17 76 1.3925669071117255
17 77 1.3238418668810534
17 78 1.3736591047584237
17 79 1.410801272673907
17 80 1.2924508213641317
17 81 1.364225748446063
17 82 1.3771996347106668
17 83 1.3641975489891176
17 84 1.2588619858203254
17 85 1.103131493983349
17 86 1.188194273713051
17 87 1.1760798462660793
17 88 1.4195574694797204
17 89 1.2811167503099883
18 19 1.1216768061082618
18 20 1.2967024169622774
18 21 1.2359368540135702
18 22 1.2912374343679565
18 23 1.2736203338659104
18 24 1.2750053077794172
18 25 1.244054723568753
18 26 1.2557556192795132
18 27 1.2963322302628595
18 28 1.3599830740098477
18 29 1.283134129868341
18 30 1.3677586413214902
18 31 1.307791648656122
18 32 1.1725422853305218
18 33 1.2842400931433426
18 34 1.2659279128905108
18 35 1.3653845194469654
18 36 1.129837840037194
18 37 1.2703261009670852
18 38 1.2235617880251521
18 39 1.298906461865953
18 40 1.3233537072774209
18 41 1.3384180564045611
18 42 1.2022699332386064
18 43 1.3037360587367586
18 44 1.2351935804181413
18 45 1.3020695453115103
18 46 1.27200109714966
18 47 1.2249527533952491
18 48 1.380783951270975
18 49 1.294452128706241
18 50 1.2665315780867201
18 51 1.2300451559138454
18 52 1.3127360924645066
18 53 1.2057829767791646
18 54 1.306464829610605
18 55 1.3299394266673061
18 56 1.3455531071511002
18 57 1.3050110917459412
18 58 1.3023791142981183
18 59 1.316989246556249
18 60 1.2402720873335331
18 61 1.2444164228446757
18 62 1.3077596822562925
18 63 1.2119671813604573
18 64 1.266877246096456
18 65 1.2814117440008383
18 66 1.3483920937487888
18 67 1.2038140835734463
18 68 1.3062942182729953
18 69 1.3046964454799772
18 70 1.263087106783972
18 71 1.3141766424561392
18 72 1.2842759386242972
18 73 1.2263319475895011
18 74 1.3412286915389438
18 75 1.35638214985187
18 76 1.3467579246118122
18 77 1.3814965109975292
18 78 1.3480262997968864
18 79 1.3210770189637786
18 80 1.3877567066901717
18 81 1.3015155844256783
18 82 1.2435635508562126
18 83 1.284333735991327
18 84 1.0488184667340075
18 85 1.3302453461778645
18 86 1.3053895887316709
18 87 1.2895099519221267
18 88 1.2533931883190212
18 89 1.3833018979377125
19 20 1.0628875461542955
19 21 1.2780917953098194
19 22 1.3646557043366256
19 23 1.2593603550596366
19 24 1.2332749524792508
19 25 1.163667567495677
19 26 1.1112223000796806
19 27 1.257531917497496
19 28 1.3608149175255104
19 29 1.13016684571682
19 30 1.2537051243136947
19 31 1.1900436097878244
19 32 1.3253887490843341
19 33 1.2622562720562585
19 34 1.1650154412095155
19 35 1.1492119393941382
19 36 0.9664650772452982
19 37 1.287503930492547
19 38 1.2356978252002335
19 39 1.2068174847562596
19 40 0.9985993363538671
19 41 1.2817369558605067
19 42 1.1474860711404415
19 43 1.1213551510219437
19 44 1.0422995542059472
19 45 1.2934669365576221
19 46 1.10735551856113
19 47 1.074457938142105
19 48 1.1352868711987578
19 49 1.4109149925793523
19 50 1.1559273777394812
19 51 1.1475697348928158
19 52 1.3319147445009303
19 53 1.1091028618212084
19 54 1.3600502232438973
19 55 1.3590564223057624
19 56 1.3574706922846822
19 57 1.3953589946153366
19 58 1.210650053418127
19 59 1.3701967262545243
19 60 1.4066662129065166
19 61 1.0037379211664015
19 62 1.2804475814625842
19 63 1.1724880901970105
19 64 1.345369535379532
19 65 1.3404264639487111
19 66 1.1424305671187356
19 67 1.1577053315545183
19 68 1.380056354502593
19 69 1.3602965770577051
19 70 1.2440017984567595
19 71 0.9919492317508463
19 72 1.0488968752755403
19 73 1.1357904669234675
19 74 1.22799742715306
19 75 1.3032058839713987
19 76 1.4031172958422553
19 77 1.313744100309823
19 78 1.381748509418971
19 79 1.3883136368724462
19 80 1.1403429016460935
19 81 1.322379939012106
19 82 1.3022541906500698
19 83 1.1572318030795037
19 84 0.972311157900523
19 85 1.082365243463648
19 86 1.3014998253678058
19 87 1.1153521725791598
19 88 1.3949430403155059
19 89 1.3255753542751758
20 21 1.3967988345767417
20 22 1.4821746451442526
20 23 1.2305206594873008
20 24 1.2060709428873329
20 25 1.1951057617144534
20 26 1.2349653168583434
20 27 1.2324025880517677
20 28 1.4740293749545756
20 29 1.0969231686121839
20 30 1.2416146183235335
20 31 1.2476040449141188
20 32 1.2519187189914378
20 33 1.4057709918676164
20 34 1.2232466005309428
20 35 1.2731356855065448
20 36 1.028925444528026
20 37 1.3020471892862377
20 38 1.2452431874177075
20 39 1.324991550008816
20 40 0.9303848034989246
20 41 1.2660612917043363
20 42 1.148710861758799
20 43 1.0442164021291418
20 44 1.1226892840442662
20 45 1.2653926786924914
20 46 1.1181941800573412
20 47 1.2761498066770096
20 48 1.0738098723451155
20 49 1.408860971434622
20 50 1.201142694260957
20 51 1.2296487202042046
20 52 1.3554617414342904
20 53 1.1572686079657377
20 54 1.281494798366996
20 55 1.3035405007820315
20 56 1.388879756815533
20 57 1.4294955902219133
20 58 1.2506055612656632
20 59 1.3371939347759598
20 60 1.4441011438866809
20 61 1.2072849941976107
20 62 1.327481035848674
20 63 1.172184212999293
20 64 1.3942824721034073
20 65 1.2847497559588807
20 66 0.9704966114532058
20 67 1.2446863136846875
20 68 1.318988782673579
20 69 1.2543952315746087
20 70 1.2068669150872668
20 71 0.8172021939633688
20 72 1.050769727618942
20 73 1.26970038271953
20 74 1.118175025900139
20 75 1.275955415495794
20 76 1.3657723162366253
20 77 1.2938469373449575
20 78 1.3052750678439922
20 79 1.3723520720521731
20 80 0.9712704915161678
20 81 1.271751348309055
20 82 1.285103104611763
20 83 1.2507368473240905
20 84 1.1190095052730018
20 85 1.0922281067201898
20 86 1.2405749079419532
20 87 1.2112748441558123
20 88 1.2689397975036878
20 89 0.9497677929553036
21 22 1.3762744766132564
21 23 1.3256847182913873
21 24 1.3789909689384414
21 25 1.3618741413145714
21 26 1.2560851792849037
21 27 1.339525959972991
21 28 1.4627363663324597
21 29 1.34301127651551
21 30 1.3686153187621422
21 31 1.3516012953489251
21 32 1.3416931608606315
21 33 1.4121340264263593
21 34 1.2095482877605275
21 35 1.2925614188583014
21 36 1.390301287486021
21 37 1.2190642249079904
21 38 1.1112948049350937
21 39 1.3568644578788394
21 40 1.3795488300415093
21 41 1.3845827162276856
21 42 1.310054650870283
21 43 1.3656854285777764
21 44 1.3260491519073834
21 45 1.4158246480793804
21 46 1.2974992585635603
21 47 1.3012824665833813
21 48 1.366192302944367
21 49 1.3084435451003684
21 50 1.3791239785996503
21 51 1.3245165391152631
21 52 1.2183035786622345
21 53 1.3966374145996274
21 54 1.3922745233001952
21 55 1.3186859228924595
21 56 1.3022716640837964
21 57 1.3600474528588415
21 58 1.376903988476259
21 59 1.2738380656568429
21 60 1.265045946469241
21 61 1.2834297067542821
21 62 1.3028311835285655
21 63 1.2963591521779507
21 64 1.2971038449043144
21 65 1.450016637287368
21 66 1.479451433576313
21 67 1.4300950380820758
21 68 1.349533378447384
21 69 1.4282471972529323
21 70 1.3778047838294538
21 71 1.406268074912781
21 72 1.313903586503026
21 73 1.244294220121152
21 74 1.398395584074154
21 75 1.3738544992495265
21 76 1.1796808274395314
21 77 1.2913817791485314
21 78 1.4417950562555988
21 79 1.4493246026431055
21 80 1.4124435685118
21 81 1.358216919536574
21 82 1.42748729444691
21 83 1.3888153252396858
21 84 1.234594369954102
21 85 1.3541236042255589
21 86 1.3716668185264473
21 87 1.2083599347642906
21 88 1.3854824142895292
21 89 1.4517913560097042
22 23 1.4502129056665312
22 24 1.2950958985479406
22 25 1.3330924986594366
22 26 1.317782117836948
22 27 1.4142942692998004
22 28 1.1701327201778273
22 29 1.3520137278047606
22 30 1.3436786882399938
22 31 1.2110187149572265
22 32 1.4474943773276723
22 33 1.2334186841642776
22 34 1.3125743395644345
22 35 1.2872676844139224
22 36 1.2619105127323698
22 37 1.4080572601618706
22 38 1.3828730275874517
22 39 1.3458978406686704
22 40 1.4104691479353617
22 41 1.368098709413591
22 42 1.3342651814967614
22 43 1.3552412261836384
22 44 1.3621153021278427
22 45 1.2665697633368767
22 46 1.395601356850116
22 47 1.3535286559761555
22 48 1.374505153360212
22 49 1.4421203160403036
22 50 1.3771990025314738
22 51 1.4001037798378368
22 52 1.4077175348267414
22 53 1.3427309160269862
22 54 1.3905020764175182
22 55 1.3540282275636288
22 56 1.3455272879937048
22 57 1.3101276869438927
22 58 1.393493251334241
22 59 1.352621240659652
22 60 1.4649658045132212
22 61 1.31406481062226
22 62 1.2128289439983913
22 63 1.3505525944048657
22 64 1.4099847310751834
22 65 1.3230004798503012
22 66 1.4290171226739838
22 67 1.3058216337910522
22 68 1.381641361024918
22 69 1.3593743700005159
22 70 1.270318474354426
22 71 1.3805555703836299
22 72 1.3184467220901526
22 73 1.2341732305153144
22 74 1.3661400640929622
22 75 1.480572671875833
22 76 1.383387709399874
22 77 1.3522477347903747
22 78 1.3889040939745525
22 79 1.4885226024014082
22 80 1.4359275348212734
22 81 1.4774665762689283
22 82 1.4176443130495708
22 83 1.2425159749025894
22 84 1.3678031879148944
22 85 1.3189995463096278
22 86 1.3567425000555882
22 87 1.2036281791935037
22 88 1.3379070564037514
22 89 1.4399625077819584
23 24 1.3610077869791721
23 25 1.3024107265803562
23 26 1.3233686604249573
23 27 1.2710308373054517
23 28 1.4390685883191687
23 29 1.3437197978081068
23 30 1.4445427069920649
23 31 1.2540672700524966
23 32 1.2676661073211972
23 33 1.3377008511082968
23 34 1.3725373663806921
23 35 1.2611486661279498
23 36 1.2786777283754784
23 37 1.282620868116507
23 38 1.411519038121474
23 39 1.3878817948269635
23 40 1.2792355320981852
23 41 1.2416237552969278
23 42 1.318085285270752
23 43 1.3355980460603687
23 44 1.328467117625066
23 45 1.241906897094471
23 46 1.2872280384878563
23 47 1.3322820674977824
23 48 1.3702594099597698
23 49 1.3333086393524443
23 50 1.3473287522743815
23 51 1.3639482712064266
23 52 1.34495804688454
23 53 1.2914209538904584
23 54 1.3473277599137812
23 55 1.1546754844994265
23 56 1.3607347534741747
23 57 1.3914261571853168
23 58 1.358994803332222
23 59 1.3200147090847405
23 60 1.301652232022878
23 61 1.2554360686862482
23 62 1.3077667877580197
23 63 1.324063873613492
23 64 1.411998908550896
23 65 1.3152622190615373
23 66 1.2422496850631812
23 67 1.3744904887089675
23 68 1.314257007295078
23 69 1.315876425402858
23 70 1.3912126315020714
23 71 1.2825832021626036
23 72 1.3320081250128717
23 73 1.3622708699438275
23 74 1.3125449763359582
23 75 1.3946297433879087
23 76 1.2726426869779153
23 77 1.4301851700033232
23 78 1.322366184780028
23 79 1.3819125936062584
23 80 1.2584014525987979
23 81 1.4139008569032332
23 82 1.3631366739536286
23 83 1.2701099886196487
23 84 1.1563394553419428
23 85 1.3875959041100614
23 86 1.3503164137659924
23 87 1.3535397433154657
23 88 1.3196196092467105
23 89 1.3468370073959866
24 25 1.2705723040365164
24 26 1.2706854838406139
24 27 1.1198502924580755
24 28 1.4292231279011023
24 29 1.2662257449321752
24 30 1.464146198627241
24 31 1.322635156772575
24 32 1.3336296942916497
24 33 1.3901584672901868
24 34 1.3296889273749153
24 35 1.2302287243586492
24 36 1.280880199142428
24 37 1.3824472378903017
24 38 1.2616313934161274
24 39 1.3674892127875007
24 40 1.1802457988895965
24 41 1.267791794224522
24 42 1.0935804461984218
24 43 1.2288120048294007
24 44 1.1749260677201077
24 45 1.230091682902425
24 46 1.3217212107074863
24 47 1.4501676550311078
24 48 1.3317502551452194
24 49 1.402698695287802
24 50 1.3257995379048693
24 51 1.337515202562145
24 52 1.3621738898874192
24 53 1.1644574868823534
24 54 1.2873889861243581
24 55 1.266058031318261
24 56 1.3958223940002616
24 57 1.4255163308213592
24 58 1.3627893334875791
24 59 1.3676267003306848
24 60 1.4152164986048537
24 61 1.3688813379437763
24 62 1.354316456389179
24 63 1.2536367425804298
24 64 1.4009737823779438
24 65 1.2298387643896638
24 66 1.2580602283577758
24 67 1.2651517839841548
24 68 1.34306036558709
24 69 1.2196220150976866
24 70 0.22290463805514737
24 71 1.1802681447134145
24 72 1.1815136768503285
24 73 1.1939114207751358
24 74 1.3244752527720334
24 75 1.3906552506208287
24 76 1.3476091626054265
24 77 1.2591971166690628
24 78 1.2224899037887547
24 79 1.4228054023231702
24 80 1.1156904535612204
24 81 1.3287032170445532
24 82 1.2559921773981717
24 83 1.2903891839310493
24 84 1.2774523443852208
24 85 1.280625365399572
24 86 1.2501751863385624
24 87 1.1657222690068765
24 88 1.2268190418153029
24 89 1.291543297830851
25 26 1.2180915519793347
25 27 1.247567663183698
25 28 1.335637541601347
25 29 1.2968057240542235
25 30 1.3648749334791395
25 31 1.287502064903728
25 32 1.216433287341613
25 33 1.1726477683329688
25 34 1.4016459403361254
25 35 1.171604527048065
25 36 1.0921672702371272
25 37 1.4275997184145508
25 38 1.192242521748816
25 39 1.356096024969973
25 40 1.213824540142454
25 41 1.3844291210854716
25 42 1.2360160588518034
25 43 1.2713655689445111
25 44 1.1845496911658056
25 45 1.1712316370818643
25 46 1.1076332670865254
25 47 1.2269856767380556
25 48 1.3221606456701178
25 49 1.2841593171253576
25 50 1.2551843501677558
25 51 1.2027872523172205
25 52 1.3875096260267585
25 53 1.1955311604970142
25 54 1.4629905988296317
25 55 1.3975985663403254
25 56 1.435106993132645
25 57 1.3546610159339685
25 58 1.2517260011758637
25 59 1.3444127694900116
25 60 1.316341090079262
25 61 1.227317302372635
25 62 1.1360373200552198
25 63 1.3252943345956694
25 64 1.3202474022941344
25 65 1.2419701653224502
25 66 1.279323851537127
25 67 1.073211405427447
25 68 1.3210338534609656
25 69 1.1576875996573994
25 70 1.26725415157265
25 71 1.2103141188394335
25 72 1.3375189487740873
25 73 1.1806591770104156
25 74 1.2800785160091082
25 75 1.381840488945426
25 76 1.3795790927111373
25 77 1.2928778092447257
25 78 1.3186534538334007
25 79 1.4372234903480174
25 80 1.318739963056513
25 81 1.433736795455873
25 82 1.25335694720987
25 83 1.246250631115319
25 84 1.1274339105908573
25 85 1.3294720082284497
25 86 1.384293069005564
25 87 1.0958955815029177
25 88 1.3745745856888665
25 89 1.3072921459351103
26 27 1.2997071779305434
26 28 1.3228831042043272
26 29 1.232552108451983
26 30 1.3071572391605937
26 31 1.2680913335542048
26 32 1.4126163661095006
26 33 1.3264693902553735
26 34 1.0671801265368581
26 35 1.2738427994292958
26 36 1.1571884695447818
26 37 1.3731962335400636
26 38 1.3301033787270966
26 39 1.2226561510633287
26 40 1.2189100441146652
26 41 1.2842282279243455
26 42 1.2627057788492768
26 43 1.2046664209276732
26 44 1.2370026734499775
26 45 1.282441246919585
26 46 1.2405746517701919
26 47 1.1860215153020481
26 48 1.2475472080645666
26 49 1.4133311241784003
26 50 1.264385803058191
26 51 1.4424145835672881
26 52 1.3564739110611252
26 53 1.2588492549341737
26 54 1.5481112899407174
26 55 1.3461215533723068
26 56 1.3093218191282605
26 57 1.4239686121755166
26 58 1.2779326598228438
26 59 1.3626798879008055
26 60 1.452661008235464
26 61 1.2843578172946752
26 62 1.29188552687461
26 63 1.31373533375101
26 64 1.402208039651289
26 65 1.4421375459583792
26 66 1.346069999997273
26 67 1.259522668704335
26 68 1.3223506084906935
26 69 1.1769899739633176
26 70 1.2618406116387084
26 71 1.2158701325641086
26 72 1.1732725192353035
26 73 1.0895456153309513
26 74 1.2688391489911979
26 75 1.2830684761532385
26 76 1.353413162578782
26 77 1.3573917606776245
26 78 1.3578219250782928
26 79 1.3370655076991143
26 80 1.2327427523815973
26 81 1.3805140348645093
26 82 1.2804770134592043
26 83 1.1094738506494173
26 84 1.299250082842002
26 85 1.2485278885908997
26 86 1.3000939362209427
26 87 1.0793683009161135
26 88 1.3937472396018213
26 89 1.3669538465936288
27 28 1.5341454144161768
27 29 1.3449968798620489
27 30 1.337971643076351
27 31 1.3974918708474682
27 32 1.2196199226936355
27 33 1.424153426629765
27 34 1.3188662323873899
27 35 1.2543705662651814
27 36 1.2812234134002416
27 37 1.3264727852446503
27 38 1.2585717746894065
27 39 1.436422968895036
27 40 1.225409465853139
27 41 1.3440249320184365
27 42 1.1295420101712565
27 43 1.2608379733826187
27 44 1.1780398238281662
27 45 1.3114458122478285
27 46 1.2171677536672612
27 47 1.4433677420631306
27 48 1.3835198453074704
27 49 1.2900569140724796
27 50 1.3051745294980373
27 51 1.246913988656006
27 52 1.3260934651910297
27 53 1.2135310695306802
27 54 1.2065593408333752
27 55 1.2086554858524061
27 56 1.4061267375372806
27 57 1.3712300556913373
27 58 1.2594433685751156
27 59 1.3063275501355993
27 60 1.3214141078683455
27 61 1.2482694281404854
27 62 1.4053402459142712
27 63 1.3020468767822675
27 64 1.343736033584967
27 65 1.374338922185358
27 66 1.301942188773782
27 67 1.3901066067670795
27 68 1.3636795095798901
27 69 1.148530227750494
27 70 1.1175910664322026
27 71 1.314832788729383
27 72 1.3319635810041226
27 73 1.3437759773004012
27 74 1.2754733473530078
27 75 1.4600313322142382
27 76 1.3629375723671864
27 77 1.2547041926496196
27 78 1.231657274390274
27 79 1.3067644487051715
27 80 1.251157652417244
27 81 1.4055394447949443
27 82 1.0749233830802352
27 83 1.3915640008686063
27 84 1.1677393046483528
27 85 1.3457687019878184
27 86 1.1596640418255144
27 87 1.2568274897954266
27 88 1.3174013698923623
27 89 1.267572119598163
28 29 1.4342887178518549
28 30 1.4663972173900122
28 31 1.273478515878943
28 32 1.5185052314242886
28 33 1.2885814740350732
28 34 1.3872157251224324
28 35 1.428936147606363
28 36 1.2867397971004866
28 37 1.4622113158084966
28 38 1.308367849715345
28 39 1.2699775780157676
28 40 1.4273206946327528
28 41 1.3988151395253918
28 42 1.368094983165441
28 43 1.4219657919327218
28 44 1.3660292510101224
28 45 1.234220407925579
28 46 1.2427678028952671
28 47 1.2613088907047556
28 48 1.4361606021273374
28 49 1.4324672556836922
28 50 1.2959420985056782
28 51 1.4150636444103388
28 52 1.5202077858415484
28 53 1.466009723492168
28 54 1.4780666978073786
28 55 1.4323800831448767
28 56 1.4539572031191452
28 57 1.3931060913684712
28 58 1.2786567614944475
28 59 1.5166755937484968
28 60 1.4545773628731322
28 61 1.3145630959955692
28 62 1.2405443983900377
28 63 1.4326247469322182
28 64 1.3502937388369234
28 65 1.3614204325517651
28 66 1.4784368341512695
28 67 1.2665990542341385
28 68 1.4462753994865625
28 69 1.3811942751721875
28 70 1.4188449318723566
28 71 1.39842568520102
28 72 1.4044232427250172
28 73 1.2938126865811066
28 74 1.3830903691185386
28 75 1.3384271574274595
28 76 1.409331471342322
28 77 1.4807579606651604
28 78 1.4577246215198636
28 79 1.4705134833511784
28 80 1.4298736165380843
28 81 1.4368251431428547
28 82 1.486541744543061
28 83 1.287774348065405
28 84 1.4022522246900815
28 85 1.422630887814965
28 86 1.395301780609249
28 87 1.2157974099745583
28 88 1.3984766411074707
28 89 1.519999642137308
29 30 1.2349778592627367
29 31 1.2619433083463598
29 32 1.5239117292962996
29 33 1.3136840093056428
29 34 1.238572934057242
29 35 1.198904151355503
29 36 1.1519603692591336
29 37 1.4241298500121893
29 38 1.3417204164788554
29 39 1.313432265203847
29 40 1.0894644334798518
29 41 1.2185769266891455
29 42 1.30227561124124
29 43 0.5829361502454569
29 44 1.075610509371437
29 45 1.246174484017679
29 46 1.2352195268520132
29 47 1.2230252737117273
29 48 0.5241753629806507
29 49 1.6120123563451842
29 50 1.1856701598746662
29 51 1.3284227395399884
29 52 1.4600645884931347
29 53 0.8431423778649577
29 54 1.3501999402970133
29 55 1.3735906292794928
29 56 1.4875977650974832
29 57 1.6415199845272017
29 58 1.2938978192827568
29 59 1.4507835610401925
29 60 1.6349171945705825
29 61 1.2465977148423957
29 62 1.329542672419201
29 63 1.1876119531917717
29 64 1.4169088341635723
29 65 1.1536095282651344
29 66 1.1824136039660502
29 67 1.197631488531774
29 68 1.292908507657686
29 69 1.3370180490239867
29 70 1.2271802023394403
29 71 1.0171058011000544
29 72 0.5869508790433386
29 73 1.199929697599248
29 74 1.2164677470768883
29 75 1.2665475407760756
29 76 1.3568396501404396
29 77 1.27905454507858
29 78 1.2233216223872776
29 79 1.5205976749023657
29 80 1.1371656247419015
29 81 1.2821647240491114
29 82 1.2697177882024242
29 83 1.3241921232118374
29 84 1.1519504923505175
29 85 0.6883216305726065
29 86 1.0420040305473672
29 87 1.174685453517712
29 88 1.3058774153140504
29 89 1.1378742518283507
30 31 1.2576263037394728
30 32 1.4050626415134653
30 33 1.4365041323726242
30 34 1.3040657996580156
30 35 1.388003996873149
30 36 1.2142531915710215
30 37 1.3708792076456626
30 38 1.2740662627835473
30 39 1.4279236416199912
30 40 1.2671299831463791
30 41 1.3208320119398753
30 42 1.3222283351890878
30 43 1.2569979263966489
30 44 1.3577835144747052
30 45 1.4200180985353732
30 46 1.3108863854966402
30 47 1.243512676516261
30 48 1.1879359364308724
30 49 1.4987266795763332
30 50 1.25038521357559
30 51 1.3322775808054153
30 52 1.3415428352291812
30 53 1.311333471052307
30 54 1.324696780757361
30 55 1.382397713594551
30 56 1.385824248394611
30 57 1.334646763854854
30 58 1.292702139910325
30 59 1.3462482050770495
30 60 1.5217690067340872
30 61 1.2337968669913986
30 62 1.3598528600483202
30 63 1.274860003229423
30 64 1.3441035946825293
30 65 1.427661281041373
30 66 1.285540674199504
30 67 1.3839957089558468
30 68 1.3096489360039167
30 69 1.3859391493315767
30 70 1.45959496545541
30 71 1.2623575738607078
30 72 1.2489974243981705
30 73 1.3740787394484546
30 74 1.287667577133679
30 75 1.3474182684441502
30 76 1.4911202901997325
30 77 1.3757195013252748
30 78 1.5173498360243318
30 79 1.3591621049008853
30 80 1.3296101901061779
30 81 1.476156436591464
30 82 1.4274192985892808
30 83 1.3350550127463385
30 84 1.192504592932312
30 85 1.221729840511938
30 86 1.3449794826370247
30 87 1.3156002450392956
30 88 1.3899510419475707
30 89 1.2386793188082086
31 32 1.4312824742881323
31 33 1.3632945743491178
31 34 1.213472076568588
31 35 1.303681373260877
31 36 1.166909740318683
31 37 1.3852851569988185
31 38 1.313801992129545
31 39 1.0739586234089915
31 40 1.2086334776806946
31 41 1.3650585109544724
31 42 1.33356459398913
31 43 1.3476974845320915
31 44 1.2231061549477051
31 45 1.29513763051116
31 46 1.1352560268459826
31 47 0.968416992155789
31 48 1.304533843971703
31 49 1.5233970546442068
31 50 1.067154180861587
31 51 1.3281029379600642
31 52 1.4306994075936188
31 53 1.2227269229326836
31 54 1.4722208824862382
31 55 1.446193415165993
31 56 1.3861235472118951
31 57 1.4152856955300397
31 58 0.9784610964668383
31 59 1.3943155996435315
31 60 1.4981964748617922
31 61 1.2250531322112925
31 62 1.3382318576845356
31 63 1.2902039640460967
31 64 1.3229568117776247
31 65 1.3214786530254694
31 66 1.3849779475820176
31 67 1.19529275303106
31 68 1.36510258539577
31 69 1.3669488230568831
31 70 1.3431264243758072
31 71 1.2170077911461958
31 72 1.2252779050199538
31 73 1.1209565971811013
31 74 1.3254874463273307
31 75 1.1380013516194176
31 76 1.4696763917587443
31 77 1.3378743499016055
31 78 1.4565631882307726
31 79 1.509164507980043
31 80 1.2355200469999845
31 81 1.3908284441528507
31 82 1.3949556615179586
31 83 1.1142110450072484
31 84 1.2329011244400467
31 85 1.1920307466498834
31 86 1.307746324091628
31 87 1.225661880574688
31 88 1.4732000379055554
31 89 1.4175935468132623
32 33 1.3409467008984222
32 34 1.3635961946383939
32 35 1.2796898470374733
32 36 1.2980163879092532
32 37 1.1739157671049547
32 38 1.276158308269568
32 39 1.4698231266341328
32 40 1.3796811942052989
32 41 1.535940435583524
32 42 1.272780442794743
32 43 1.4789632984685164
32 44 1.3755129830964434
32 45 1.352198891440539
32 46 1.3629066794279527
32 47 1.425925199540301
32 48 1.5528071995237285
32 49 0.7438947497356037
32 50 1.4317960768827003
32 51 1.1934810816974275
32 52 1.0903139034220628
32 53 1.3682430196436188
32 54 1.2337422531461575
32 55 1.3227153514171301
32 56 1.1904724306590084
32 57 1.2778865536122825
32 58 1.3846181283668721
32 59 1.0671839616753023
32 60 0.841379233925011
32 61 1.346371204016843
32 62 1.3121089076087984
32 63 1.3557591655963983
32 64 1.3785893351901954
32 65 1.455322784276068
32 66 1.273104703173551
32 67 1.3648792693369616
32 68 1.3118798442649149
32 69 1.2820194005969865
32 70 1.3365508914840813
32 71 1.3300214431529647
32 72 1.5263860078047027
32 73 1.3721074100693464
32 74 1.313364325786721
32 75 1.5394964444243198
32 76 1.4956860358427364
32 77 1.2871903512776859
32 78 1.462233270463762
32 79 1.2515314244660414
32 80 1.4191099633042334
32 81 1.5219683676862257
32 82 1.3353369173716432
32 83 1.4111990012736686
32 84 1.2517171161304368
32 85 1.4924796186061549
32 86 1.4225286663141086
32 87 1.3066444741258298
32 88 1.3756114814295175
32 89 1.3245594568185315
33 34 1.380198723748129
33 35 1.2231287081881514
33 36 1.2828034815438967
33 37 1.376979791156413
33 38 1.3565921127413187
33 39 1.3267558772749206
33 40 1.376616877036661
33 41 1.480655867049595
33 42 1.342621398995435
33 43 1.3600121726500385
33 44 1.2796508253207783
33 45 1.274074099018864
33 46 1.321731646933609
33 47 1.2928441988305883
33 48 1.312156576431029
33 49 1.2731313584703876
33 50 1.3593044826588006
33 51 1.2932877214589602
33 52 1.3171499020624982
33 53 1.3056676584072182
33 54 1.373035403648923
33 55 1.3756219681774748
33 56 1.2979466355021212
33 57 1.3021787339371242
33 58 1.2963368200844554
33 59 1.3189586617411813
33 60 1.3121053156662346
33 61 1.2638980507370685
33 62 1.2011726544042645
33 63 1.3783681456021197
33 64 1.3719363371524287
33 65 1.313322499573278
33 66 1.377766660681754
33 67 1.310384787477534
33 68 1.3797486817860898
33 69 1.1820517526920602
33 70 1.3888921665749678
33 71 1.269399390729179
33 72 1.3528431265652754
33 73 1.3414204773904086
33 74 1.4191330774824518
33 75 1.4310864382249766
33 76 1.4201145807458537
33 77 1.3991132007469844
33 78 1.3809078509208181
33 79 1.369192709124347
33 80 1.4440431620311374
33 81 1.3961823464918148
33 82 1.3866063567748634
33 83 1.2911169930093378
33 84 1.320678425848656
33 85 1.269703645057239
33 86 1.348216992106534
33 87 1.2121981866355602
33 88 1.4414987956974339
33 89 1.3965166283485473
34 35 1.30402171876499
34 36 1.2055828844468588
34 37 1.3505565963341064
34 38 1.4021450133545315
34 39 1.3038953815139873
34 40 1.1587140975684411
34 41 1.2675405277514582
34 42 1.1476329633290252
34 43 1.2305684607018958
34 44 1.2377666492615216
34 45 1.3124637361731872
34 46 1.1952751094892298
34 47 1.1306281602930524
34 48 1.266731921861159
34 49 1.3970538797481666
34 50 1.2443745518666165
34 51 1.401122510820665
34 52 1.3315546181392006
34 53 1.2908402023385632
34 54 1.5130668232739435
34 55 1.3290970417049153
34 56 1.2686269800680343
34 57 1.3992494677641762
34 58 1.172290604804524
34 59 1.4086617613382209
34 60 1.4278380774918071
34 61 1.295082900541809
34 62 1.281172778943754
34 63 1.1627757158899537
34 64 1.392326694987994
34 65 1.3940292655537796
34 66 1.2645061784868425
34 67 1.4551913276024286
34 68 1.3596307411405244
34 69 1.3490855069726955
34 70 1.3314988497049802
34 71 1.2125710126533886
34 72 1.1765691291516454
34 73 1.1039859947886237
34 74 1.1759746109790585
34 75 1.2600040253594056
34 76 1.3512091498704608
34 77 1.3650152758289134
34 78 1.3365445099200086
34 79 1.4486218748615822
34 80 1.3464989087498755
34 81 1.3899288004542167
34 82 1.3795484166885887
34 83 1.102306055735668
34 84 1.212242220884614
34 85 1.2511342133937693
34 86 1.357374381701345
34 87 1.1608903225926084
34 88 1.3244361180267281
34 89 1.3613443947862063
35 36 1.287813650160728
35 37 1.1902432000904293
35 38 1.2425224900246832
35 39 1.3542605182397964
35 40 1.238564535083057
35 41 1.3270369610787573
35 42 1.2937721583967485
35 43 1.1776457065637853
35 44 1.2760075924124974
35 45 1.1679489763555724
35 46 1.2391389933649948
35 47 1.2885033069696912
35 48 1.2403182681547193
35 49 1.369601529132624
35 50 1.3067409551473879
35 51 1.1883375612792781
35 52 1.315888991849707
35 53 1.254705399173068
35 54 1.3624138453881378
35 55 1.2550439489560181
35 56 1.3605021394211905
35 57 1.4321269086333424
35 58 1.3626825929072122
35 59 1.3228168177263497
35 60 1.404161775133515
35 61 1.2916870400360807
35 62 1.1202912169864963
35 63 1.2481978106508484
35 64 1.3410576219038441
35 65 1.2855868236527606
35 66 1.3814890574702727
35 67 1.2404472512635645
35 68 1.3121533726569525
35 69 1.3013271943013036
35 70 1.24136520499008
35 71 1.2302657645491113
35 72 1.1611001161807384
35 73 1.2354857426939916
35 74 1.2711313005801579
35 75 1.3878604776499115
35 76 1.3220309278593338
35 77 1.3450663446496283
35 78 1.2994009137383988
35 79 1.404308136623242
35 80 1.2588331156671124
35 81 1.4496410239060347
35 82 1.339898957376572
35 83 1.148023913962615
35 84 1.186847058588091
35 85 1.269862700608061
35 86 1.2727343466050984
35 87 1.109766978313387
35 88 1.403000773853923
35 89 1.3741965559340865
36 37 1.2928807373095017
36 38 1.2057275956514244
36 39 1.1051791116168304
36 40 1.0582416272690427
36 41 1.2676796118899072
36 42 1.1634364873899392
36 43 1.1904692613507029
36 44 1.0270523703859995
36 45 1.2503623885437196
36 46 1.0931014703047452
36 47 0.9858104211025599
36 48 1.175528467524443
36 49 1.3818515083639165
36 50 1.131740548728776
36 51 1.1922613557984543
36 52 1.292622597475302
36 53 1.1243058458842021
36 54 1.356421670161245
36 55 1.3425853765896687
36 56 1.3265433556572153
36 57 1.3604508172404632
36 58 1.1274908623370326
36 59 1.3223086006244735
36 60 1.387393961699499
36 61 1.1724569097586512
36 62 1.1664504916373117
36 63 1.2466932105367943
36 64 1.2688588287035654
36 65 1.2855018268066605
36 66 1.1536566826928636
36 67 1.1257010389151687
36 68 1.292220321326707
36 69 1.2640898032352526
36 70 1.2719831432708897
36 71 0.9891480131066256
36 72 1.0915973798288876
36 73 1.0770051003929664
36 74 1.2310948074247998
36 75 1.225555312148312
36 76 1.4416703401787843
36 77 1.3456364553571252
36 78 1.3779172992758104
36 79 1.4149987193478233
36 80 1.1135249564469043
36 81 1.2979203633726715
36 82 1.3257122007612543
36 83 1.1301179476011072
36 84 0.9755754345169024
36 85 1.0663284124493184
36 86 1.297400135065686
36 87 1.0866311587065183
36 88 1.2619339710471278
36 89 1.2336378592677326
37 38 1.2071662787198105
37 39 1.3245266069571118
37 40 1.3928991595883122
37 41 1.4260205303753883
37 42 1.2786926138659243
37 43 1.4138641391516318
37 44 1.3231235136175403
37 45 1.3149152428511415
37 46 1.3339480979970961
37 47 1.30492356590129
37 48 1.4515381184445655
37 49 1.189715236939358
37 50 1.3250440733301494
37 51 1.0926190711127035
37 52 1.2464883083893288
37 53 1.409031610735783
37 54 1.299268623328908
37 55 1.2817065631158764
37 56 1.2952798505658054
37 57 1.401463689895448
37 58 1.325727064062139
37 59 1.2077341118795015
37 60 1.215253752776322
37 61 1.2971553502466044
37 62 1.2211375061242182
37 63 1.3196111921641884
37 64 1.1642100694830864
37 65 1.4300621789705652
37 66 1.3920328382425904
37 67 1.4012415362054018
37 68 1.27189095395382
37 69 1.3345125970699694
37 70 1.385868236716055
37 71 1.3235852408352105
37 72 1.4065046817994347
37 73 1.3320810113338024
37 74 1.2623558430073805
37 75 1.3899985488604458
37 76 1.4096006974815842
37 77 1.3707781995688304
37 78 1.4303408079308126
37 79 1.2081465378398677
37 80 1.368194174970186
37 81 1.3742875999812096
37 82 1.3460709753435887
37 83 1.2537004959568743
37 84 1.1987591941437548
37 85 1.3881481229268005
37 86 1.3474021359443482
37 87 1.2593629711859533
37 88 1.5398522671469783
37 89 1.4077758727378447
38 39 1.42086730857725
38 40 1.3108185063043793
38 41 1.345422150298029
38 42 1.2320853474210027
38 43 1.3521885224439143
38 44 1.3034934452461544
38 45 1.331948981346068
38 46 1.2357016505743357
38 47 1.2528067493115338
38 48 1.3604608391415483
38 49 1.2600770936578047
38 50 1.3270943831798598
38 51 1.257732389678797
38 52 1.3481781704794424
38 53 1.3182714827834625
38 54 1.3176231770456104
38 55 1.3635681393114103
38 56 1.4450813058496328
38 57 1.3429101312667515
38 58 1.3665254904877941
38 59 1.3362699091891659
38 60 1.236787587611718
38 61 1.258107200796586
38 62 1.193821860353689
38 63 1.3126149475054236
38 64 1.1583836722710552
38 65 1.3745539765698729
38 66 1.4192042169214811
38 67 1.2668460893906686
38 68 1.33479566436686
38 69 1.3358679874819461
38 70 1.2705498952574326
38 71 1.349890693644767
38 72 1.3773687228295841
38 73 1.2533674632296457
38 74 1.309709238999253
38 75 1.3982179098611727
38 76 1.3834956200523278
38 77 1.3421859410967645
38 78 1.3776045453784798
38 79 1.3472760986443508
38 80 1.4034407305737167
38 81 1.3660254919312127
38 82 1.3484228780028766
38 83 1.3565258297137486
38 84 1.1832603922877079
38 85 1.3002337890959856
38 86 1.3069601204277845
38 87 1.1885832607609974
38 88 1.308965907557762
38 89 1.3372487222366427
39 40 1.3016277155348461
39 41 1.3674701895572736
39 42 1.311503268174793
39 43 1.3616675637409688
39 44 1.2042704897025656
39 45 1.432108926501186
39 46 1.2378606800592138
39 47 1.0473962366936433
39 48 1.3463650431347967
39 49 1.4950663213632527
39 50 1.2418096611555587
39 51 1.390935176199275
39 52 1.26554668548482
39 53 1.4119997802426723
39 54 1.4019585352885877
39 55 1.484769901161571
39 56 1.2877436797710606
39 57 1.486256376075347
39 58 1.133877577708213
39 59 1.3000157494961362
39 60 1.4788248078663637
39 61 1.2905038982660768
39 62 1.153518460772197
39 63 1.3716021486841277
39 64 1.30815370448821
39 65 1.3757066684370083
39 66 1.446294759918238
39 67 1.2507776605679675
39 68 1.3867790265197264
39 69 1.378659513812483
39 70 1.3697907315415714
39 71 1.3293072191842665
39 72 1.2280851409359943
39 73 1.1800938088923305
39 74 1.421243765216596
39 75 1.1776510787853853
39 76 1.463357557358126
39 77 1.4237645913864492
39 78 1.4549943670747478
39 79 1.4391975433251818
39 80 1.1230547460688567
39 81 1.330646648879496
39 82 1.3405818733700015
39 83 1.1534951239522262
39 84 1.2741395342625306
39 85 1.2242803889033635
39 86 1.4052678112728452
39 87 1.2497686453718295
39 88 1.4531947108909056
39 89 1.4338762567489622
40 41 1.2351338374784266
40 42 1.1794409815692264
40 43 1.0684002825239607
40 44 1.0984196741833585
40 45 1.2918665067499207
40 46 1.1006619975852485
40 47 1.2547634952059965
40 48 1.0615982316916375
40 49 1.471789187393831
40 50 1.1717998135941958
40 51 1.2238078285290241
40 52 1.4516890671311835
40 53 1.0980288685793453
40 54 1.315087720343165
40 55 1.2972416300337386
40 56 1.4351205881634193
40 57 1.4219886529451542
40 58 1.235003027167293
40 59 1.4724213730618791
40 60 1.5120080444898847
40 61 1.1383588573935908
40 62 1.2928363751564742
40 63 1.2258471106634106
40 64 1.3994804035302533
40 65 1.1499160667740427
40 66 1.0822966152361908
40 67 1.1184135117927803
40 68 1.3815677493743213
40 69 1.296636737548027
40 70 1.1857929142525165
40 71 0.9081793060475017
40 72 0.9927858773358637
40 73 1.165122388266819
40 74 1.1294663509439469
40 75 1.2686529537572384
40 76 1.3358359922248881
40 77 1.2819562101983448
40 78 1.2658177780102906
40 79 1.5090644473767079
40 80 1.0215879469324132
40 81 1.3439047738997025
40 82 1.2372579176583
40 83 1.2194898789728665
40 84 1.1286832640511637
40 85 1.0858488913328903
40 86 1.1837292358354639
40 87 1.1045540550004276
40 88 1.2706488398725047
40 89 1.2132875250566957
41 42 1.2880000137345304
41 43 1.2547329246128902
41 44 1.2740040716677585
41 45 1.3435904966139505
41 46 1.3202264250993652
41 47 1.3539257817783492
41 48 1.2914955676398003
41 49 1.6604418648835049
41 50 1.3231711942693956
41 51 1.345947796772595
41 52 1.421972548543283
41 53 1.2532711607543539
41 54 1.40657539397963
41 55 1.2955997152251968
41 56 1.4338056754431003
41 57 1.4771156350472623
41 58 1.3791386032735031
41 59 1.4749388426239343
41 60 1.5839872140455833
41 61 1.3499073498027507
41 62 1.3105476242370933
41 63 1.299700946311129
41 64 1.2879523880029122
41 65 1.206394408331216
41 66 1.2405585858776977
41 67 1.3787986830101626
41 68 1.382169528842459
41 69 1.4244313526480963
41 70 1.2822792752978085
41 71 1.2606335306198313
41 72 1.178260004800358
41 73 1.2809653878306944
41 74 1.2981396197338924
41 75 1.289084609437427
41 76 1.2077824545863565
41 77 1.3737628818188676
41 78 1.2458372687828885
41 79 1.5453873435110819
41 80 1.298683564391885
41 81 1.3399493144745847
41 82 1.4258744213358974
41 83 1.3089247359772307
41 84 1.2637225259088347
41 85 1.2672720058484628
41 86 1.2878588136758693
41 87 1.2847569804711187
41 88 1.2726175106485622
41 89 1.3041837824727571
42 43 1.2105764083467727
42 44 1.1623433621428227
42 45 1.2465610681330004
42 46 1.1969793519483083
42 47 1.3227033547977267
42 48 1.2859674673073256
42 49 1.3312978020599848
42 50 1.3252045964517485
42 51 1.243232466361005
42 52 1.2178289287342374
42 53 1.1643832322307222
42 54 1.2694712064744198
42 55 1.3355270764192646
42 56 1.3182582108700747
42 57 1.3693288669411765
42 58 1.2927373178221406
42 59 1.274469433468129
42 60 1.3626094618724056
42 61 1.2119008977602117
42 62 1.2621044965203667
42 63 1.3335643424692405
42 64 1.2983528963617912
42 65 1.3384570687408466
42 66 1.285402752695678
42 67 1.2966305396192421
42 68 1.271476251544087
42 69 1.2586091653325087
42 70 1.0659825839265011
42 71 1.1627215903296535
42 72 1.2438366931452618
42 73 1.2263981622273166
42 74 1.1627033270620595
42 75 1.3712184393219427
42 76 1.3238080991703705
42 77 1.3208733871959402
42 78 1.3502527317498314
42 79 1.2580597174512413
42 80 1.2752305237586907
42 81 1.326019954171785
42 82 1.298586495700417
42 83 1.2312924976449213
42 84 1.1137471224789695
42 85 1.2415147900524826
42 86 1.2271401518471856
42 87 1.2319828709506018
42 88 1.292752229248208
42 89 1.2691317347751379
43 44 1.1230661462838618
43 45 1.2331724634927261
43 46 1.2551963964395594
43 47 1.32152043886589
43 48 0.6373556139884073
43 49 1.5325806417086978
43 50 1.3181319472946107
43 51 1.3018309440791271
43 52 1.4614242465732674
43 53 0.930699749385238
43 54 1.32741308531944
43 55 1.330118469656767
43 56 1.4811354609093512
43 57 1.6259611461861554
43 58 1.3260759692636988
43 59 1.4449354269024994
43 60 1.589814057763263
43 61 1.2735037116420582
43 62 1.2651589910632475
43 63 1.1793434051716611
43 64 1.4791171030502543
43 65 1.222041303685136
43 66 1.1770997443979578
43 67 1.1623305836719096
43 68 1.3011353834865529
43 69 1.3122808178817085
43 70 1.1780194437716502
43 71 1.0319648078379335
43 72 0.6684484789085406
43 73 1.2269939178750293
43 74 1.1573633776784835
43 75 1.3032541823306103
43 76 1.2827426265082498
43 77 1.2848985654952705
43 78 1.2149536015428972
43 79 1.5098174635307906
43 80 1.034751191038039
43 81 1.3021814086835164
43 82 1.215955038640719
43 83 1.2772445645277302
43 84 1.143152068703231
43 85 0.8045278999024923
43 86 1.0020165174085884
43 87 1.1682896798615934
43 88 1.2816537052424308
43 89 1.061264618420762
44 45 1.233751757179193
44 46 1.214905612065274
44 47 1.1560619538756394
44 48 1.1629678382624908
44 49 1.438718717855141
44 50 1.1078779763316342
44 51 1.121372457398379
44 52 1.3850717432649151
44 53 1.022638443814393
44 54 1.346490297222933
44 55 1.3162068889850733
44 56 1.4153286203809825
44 57 1.436672590088322
44 58 1.1200946656705604
44 59 1.3624137568205126
44 60 1.45670584757385
44 61 1.0353209113433803
44 62 1.2812652096491917
44 63 1.2268068920024913
44 64 1.3440450006707838
44 65 1.3133183060948976
44 66 1.1207438419981015
44 67 1.238043010221055
44 68 1.3277660689365967
44 69 1.3435747063192187
44 70 1.1605928415109255
44 71 0.9929613709223436
44 72 1.0388814572922
44 73 1.106506502578664
44 74 1.0691160442282883
44 75 1.2646423794668218
44 76 1.3488538774283305
44 77 1.239255790421831
44 78 1.2824172913461382
44 79 1.392801109999353
44 80 1.129017462471203
44 81 1.1825577248837547
44 82 1.324002371311749
44 83 1.2569503007403853
44 84 1.0364136151788714
44 85 1.0961471666940676
44 86 1.148004874806104
44 87 1.0595086127763635
44 88 1.3592120954301379
44 89 1.2405563440071348
45 46 1.2223378919931023
45 47 1.302999000754886
45 48 1.326740565003043
45 49 1.3604521817145154
45 50 1.3257578287276828
45 51 1.255393909407384
45 52 1.509881640856328
45 53 1.1595061685837538
45 54 1.4235457826202593
45 55 1.3588519167660118
45 56 1.4807701526492818
45 57 1.4234181497114515
45 58 1.322141512519247
45 59 1.5385774100888323
45 60 1.4047696844410549
45 61 1.3201448496069752
45 62 1.262313678933074
45 63 1.338277646421899
45 64 1.3592657768669345
45 65 1.1906179232938456
45 66 1.2957982557430796
45 67 1.2982529540529912
45 68 1.3802411035729651
45 69 1.289113887342012
45 70 1.2295175382094616
45 71 1.2398048314954737
45 72 1.2898615582572281
45 73 1.265936268190777
45 74 1.323426394504863
45 75 1.431729462177062
45 76 1.3123364522584864
45 77 1.3988229078349936
45 78 1.2816410650812715
45 79 1.419290139225795
45 80 1.2995703965164072
45 81 1.3587093792785927
45 82 1.3642776360323217
45 83 1.2655245926096188
45 84 1.2753747605317103
45 85 1.2976574174770297
45 86 1.3288138196226056
45 87 1.159632542861176
45 88 1.3913874418712366
45 89 1.3219899749168984
46 47 1.0669900587177468
46 48 1.276259554997887
46 49 1.4339438222702885
46 50 1.0663387088485898
46 51 1.3297413602294836
46 52 1.425912805892835
46 53 1.2518980069599894
46 54 1.377559265559661
46 55 1.3604389348272328
46 56 1.42581030684857
46 57 1.374604846603006
46 58 1.0181179299240846
46 59 1.4218975688195559
46 60 1.466000308820238
46 61 1.1498966773247845
46 62 1.226238537723073
46 63 1.2377893780693796
46 64 1.3087128634177154
46 65 1.326601550785563
46 66 1.308509610923062
46 67 1.1796745786754232
46 68 1.3095055595426457
46 69 1.322026686946483
46 70 1.3205262364686305
46 71 1.1482778861668392
46 72 1.1823804675871372
46 73 1.14277969418913
46 74 1.227486318877967
46 75 1.1571631648562117
46 76 1.38559458346391
46 77 1.3795939137142017
46 78 1.4014340935773464
46 79 1.4154482773930217
46 80 1.230751696331394
46 81 1.3616232123885732
46 82 1.2598569456693947
46 83 1.2127230635306878
46 84 1.0759380772395652
46 85 1.2404279006462586
46 86 1.2467467799851195
46 87 1.1552959029259044
46 88 1.3507654788278458
46 89 1.314443132218695
47 48 1.3059107117889477
47 49 1.4653789515856475
47 50 1.1036992225317679
47 51 1.289102748261963
47 52 1.2889953332689206
47 53 1.3238601647979134
47 54 1.4187252510522383
47 55 1.4911495212289512
47 56 1.2441322993636137
47 57 1.390511889808419
47 58 1.029930941780694
47 59 1.3159061129939011
47 60 1.4324066998111673
47 61 1.189755296895166
47 62 1.2097842921891129
47 63 1.2517086717479995
47 64 1.2839240474136344
47 65 1.3499017825425443
47 66 1.3153919411004746
47 67 1.245751070838899
47 68 1.273404769525517
47 69 1.4116945190968377
47 70 1.4524260817948118
47 71 1.2099752882619887
47 72 1.1982070495726376
47 73 0.966105194395208
47 74 1.363672278331396
47 75 1.111777650369873
47 76 1.441321010495963
47 77 1.4467501653590167
47 78 1.4958584651698061
47 79 1.4315692146801406
47 80 1.3704828538750677
47 81 1.3532923289222438
47 82 1.395624061127745
47 83 1.1603523486283895
47 84 1.1331617693682758
47 85 1.163993161015167
47 86 1.4899518808610066
47 87 1.1997476336918627
47 88 1.423490776520797
47 89 1.4028037886811044
48 49 1.6011258936637842
48 50 1.2544104456515488
48 51 1.380105507451087
48 52 1.4749448737270436
48 53 0.971393834127321
48 54 1.3658845845350842
48 55 1.4309965364269983
48 56 1.5188673373978898
48 57 1.6029603210352095
48 58 1.3497182491415833
48 59 1.4559504223338078
48 60 1.6650083257488149
48 61 1.2441652858699674
48 62 1.3166529868568018
48 63 1.2654301762058082
48 64 1.5170577460044536
48 65 1.2017787969626683
48 66 1.215844532286553
48 67 1.1851646955720525
48 68 1.3447277879202986
48 69 1.356754111329514
48 70 1.2911465162911944
48 71 1.0449515884997749
48 72 0.6774332786335839
48 73 1.290370586471497
48 74 1.2162527799202807
48 75 1.2862715070141635
48 76 1.3641314230314492
48 77 1.2571474512383751
48 78 1.2692277550622046
48 79 1.5082751802475234
48 80 1.0989301804372202
48 81 1.3286832153488901
48 82 1.322849234064459
48 83 1.2988988742417749
48 84 1.2388420720716626
48 85 0.7250367127544457
48 86 1.09975285476225
48 87 1.2135621578485667
48 88 1.3311222427425975
48 89 1.1248144080746119
49 50 1.4974306218679116
49 51 1.2511914646093212
49 52 1.1290131562710728
49 53 1.5204734182739457
49 54 1.2851986090840493
49 55 1.4005881405596834
49 56 1.1875201291547428
49 57 1.2443066981996451
49 58 1.4315109921366533
49 59 1.1260983129914652
49 60 0.5898624513953207
49 61 1.4287685868312212
49 62 1.261028212801567
49 63 1.401153705578342
49 64 1.4585601634804741
49 65 1.5190510721051047
49 66 1.425074951016868
49 67 1.4284050857446047
49 68 1.2759432657697984
49 69 1.2478598823244906
49 70 1.4142488847795442
49 71 1.445358572342303
49 72 1.613682372676576
49 73 1.4032833738495294
49 74 1.3596473922801304
49 75 1.5286371119893811
49 76 1.500293521752842
49 77 1.3904697014366356
49 78 1.5259591105395713
49 79 1.2694805544681425
49 80 1.4941416740608624
49 81 1.5824740606255732
49 82 1.362712908006082
49 83 1.4471708889342179
49 84 1.3130204567972303
49 85 1.5493864583235963
49 86 1.476792557265421
49 87 1.3548168434948398
49 88 1.438380834901422
49 89 1.4078908429292403
50 51 1.216287060088156
50 52 1.4235738790992347
50 53 1.1816305548695958
50 54 1.4151578058173455
50 55 1.2860984342702289
50 56 1.381530998891041
50 57 1.438939096584974
50 58 0.894942006738844
50 59 1.3751826575867583
50 60 1.5224921691658195
50 61 1.142160574452802
50 62 1.3560147156073297
50 63 1.2423019136983466
50 64 1.2080476787877503
50 65 1.392924049470385
50 66 1.3436702955950686
50 67 1.1647874657709745
50 68 1.3651187952197863
50 69 1.3315564842105991
50 70 1.334404337747901
50 71 1.1579564084145662
50 72 1.1555723240702145
50 73 1.2082813982777072
50 74 1.0992974753622407
50 75 1.1445395116742534
50 76 1.4847898068976735
50 77 1.332756795470691
50 78 1.4098553918789347
50 79 1.4456606590677905
50 80 1.273337131796932
50 81 1.3768892800279582
50 82 1.2908826701350797
50 83 1.2465838281523551
50 84 1.0428679843629152
50 85 1.205298228567034
50 86 1.1197880460984782
50 87 1.2148863320864072
50 88 1.3520083048304972
50 89 1.369194653419792
51 52 1.223270447208252
51 53 1.2672576235556121
51 54 1.1796143270743948
51 55 1.303337813297012
51 56 1.339779718840836
51 57 1.4610414067877195
51 58 1.2685749269866187
51 59 1.2537092192468893
51 60 1.2549960399853832
51 61 1.1341903098583621
51 62 1.233646786473741
51 63 1.2001231312545493
51 64 1.1437203886741016
51 65 1.3296080513829145
51 66 1.1716523210265242
51 67 1.2457347836614987
51 68 1.2714519506225082
51 69 1.2903524120940058
51 70 1.3356019992418697
51 71 1.1703312721247612
51 72 1.3314812546308552
51 73 1.2059361818756507
51 74 1.2677231392373782
51 75 1.3637980063499167
51 76 1.3899634988329799
51 77 1.2811214867274454
51 78 1.3875578332429859
51 79 1.3079167099094928
51 80 1.2949715190943194
51 81 1.362254734366793
51 82 1.3143064413916916
51 83 1.296445479639426
51 84 1.126277960507025
51 85 1.2882844196837366
51 86 1.2908033438228834
51 87 1.2733226496190813
51 88 1.5238012739299849
51 89 1.2600112072472924
52 53 1.4485488749989701
52 54 1.0286422526692638
52 55 1.343370852236676
52 56 0.6828001936254017
52 57 1.3621082557064217
52 58 1.4281928199179175
52 59 0.6126487544171367
52 60 1.1267589412146921
52 61 1.371442377084443
52 62 1.267524446095107
52 63 1.2781899176900189
52 64 1.4103154952049752
52 65 1.4526058466394935
52 66 1.3200219178315578
52 67 1.3849437324894631
52 68 1.3124295102119314
52 69 1.3555817949716034
52 70 1.355215578932521
52 71 1.3672152151110983
52 72 1.4725696014613623
52 73 1.3317554248601264
52 74 1.4288941261260137
52 75 1.412292333741022
52 76 1.426001218837074
52 77 1.3350362981226331
52 78 1.4582989003536835
52 79 1.1306467738444779
52 80 1.4253562670865498
52 81 1.4530172862374047
52 82 1.384599135681369
52 83 1.3291359907420244
52 84 1.2153723545075155
52 85 1.426117654900366
52 86 1.4741151211891432
52 87 1.309011753337951
52 88 1.3332718651556057
52 89 1.3753940834778782
53 54 1.2924944552328312
53 55 1.3043022301045608
53 56 1.4803587398086948
53 57 1.5141552010247774
53 58 1.2610319220262358
53 59 1.4364931375459777
53 60 1.5300124367570986
53 61 1.1825902384963733
53 62 1.505007012301543
53 63 1.2780972193336786
53 64 1.3855026736003877
53 65 1.2535253960206472
53 66 1.2079416249099773
53 67 1.1502532621938226
53 68 1.2609669633668412
53 69 1.335210711521891
53 70 1.1337142134535163
53 71 1.0834906446487542
53 72 0.9040680119219158
53 73 1.2232774374555284
53 74 1.1120299656926085
53 75 1.2655122431059473
53 76 1.3508074438437556
53 77 1.2629686196858982
53 78 1.2013895474938165
53 79 1.4384900491869346
53 80 1.2482391323925355
53 81 1.2631893064977204
53 82 1.25791531359135
53 83 1.3431021970657697
53 84 1.0829253652794564
53 85 0.9370253083722353
53 86 0.9505231913500166
53 87 1.208806887318292
53 88 1.2299236480589584
53 89 1.2358070295030512
54 55 1.3833161765648065
54 56 1.1472087174181278
54 57 1.2853994577474452
54 58 1.5142790449143213
54 59 1.0510757121157062
54 60 1.2787516780325558
54 61 1.292539173613913
54 62 1.3538212413088995
54 63 1.3180260492282134
54 64 1.39261296220381
54 65 1.2594285648362642
54 66 1.24162793682694
54 67 1.3271489691758676
54 68 1.3286685864932712
54 69 1.3796522266986937
54 70 1.282056533216225
54 71 1.3683234908645547
54 72 1.3279470621414724
54 73 1.4291736089021558
54 74 1.3779231927842661
54 75 1.4412195805502264
54 76 1.360003095424631
54 77 1.399320334896375
54 78 1.395855054590955
54 79 1.1581380847538811
54 80 1.2706802925716236
54 81 1.4333243134431608
54 82 1.2983853835447414
54 83 1.4664556650225498
54 84 1.296641377841103
54 85 1.3342242155147896
54 86 1.3261025747340525
54 87 1.414246922702071
54 88 1.3246647475300064
54 89 1.2593385321353157
55 56 1.4162128297135974
55 57 1.4752392092313593
55 58 1.3704534701568245
55 59 1.3597251585357026
55 60 1.427055297521294
55 61 1.3215576233150512
55 62 1.4354688358563408
55 63 1.2301775183249488
55 64 1.2390359481915973
55 65 1.3858629981110808
55 66 1.2675551535121734
55 67 1.3419088417124367
55 68 1.4047895942260382
55 69 1.304147115580783
55 70 1.2950234219723538
55 71 1.2606716767256438
55 72 1.3483597709827344
55 73 1.4069195794091793
55 74 1.1308875546173083
55 75 1.4484184448217485
55 76 1.1466705159269845
55 77 1.2377680000541398
55 78 1.1882569819991549
55 79 1.3626611320074635
55 80 1.3433910861681537
55 81 1.192751499361848
55 82 1.2581688895245033
55 83 1.292988401931945
55 84 1.2661047516771053
55 85 1.384815004477505
55 86 1.1505557200236405
55 87 1.2627618229270585
55 88 1.0576730054152235
55 89 1.4790506731079984
56 57 1.306539033814099
56 58 1.3770505326473232
56 59 0.6544101571348706
56 60 1.177350697552054
56 61 1.3686468717229792
56 62 1.3475328090574978
56 63 1.3395060761170923
56 64 1.4459204095341454
56 65 1.5306350602862764
56 66 1.3454095106478752
56 67 1.4259924407879168
56 68 1.3326374210730099
56 69 1.3540963645391542
56 70 1.3912739402411791
56 71 1.3751402713037415
56 72 1.483298833391187
56 73 1.3272130479580173
56 74 1.4534026770664006
56 75 1.3242810113947237
56 76 1.422415114589073
56 77 1.3746049009465997
56 78 1.4947068103437546
56 79 1.153646150369718
56 80 1.4463940974720246
56 81 1.4634322770800685
56 82 1.3810562459776285
56 83 1.2824968689778153
56 84 1.279533422680467
56 85 1.438628242701752
56 86 1.52068356001548
56 87 1.3216139688485626
56 88 1.387466912672678
56 89 1.3891908387102685
57 58 1.4117115966425822
57 59 1.3505326234801074
57 60 1.2266333635987083
57 61 1.3939864424191515
57 62 1.362835008100434
57 63 1.5077583330649265
57 64 1.3804773664831138
57 65 1.4444475750136412
57 66 1.3767561811671156
57 67 1.3865335975773645
57 68 1.331703501223625
57 69 1.322798439557277
57 70 1.4490900220874725
57 71 1.5148007424138228
57 72 1.595645448153868
57 73 1.491922977642701
57 74 1.4447996019235603
57 75 1.4268192525491439
57 76 1.4849718650004875
57 77 1.4506028578975065
57 78 1.559695866509476
57 79 1.302768212394657
57 80 1.4681885800096313
57 81 1.5628912139604287
57 82 1.4335050558924198
57 83 1.3633712289567752
57 84 1.3188569056519868
57 85 1.6057100300073777
57 86 1.5855639412030813
57 87 1.4132264982701168
57 88 1.3815514106299118
57 89 1.3916863805775344
58 59 1.4407461388264369
58 60 1.4312022909061208
58 61 1.1248603869345817
58 62 1.3227416808421804
58 63 1.2432235103758498
58 64 1.3233259139588935
58 65 1.4309004765944464
58 66 1.4219316254069014
58 67 1.2757676478943738
58 68 1.313971017989092
58 69 1.4232577392449373
58 70 1.3636361946383277
58 71 1.2015240952853157
58 72 1.2969120976408748
58 73 1.1504578206609215
58 74 1.1139520353417036
58 75 1.094026405996686
58 76 1.5136954222166288
58 77 1.3906424280156098
58 78 1.4629807224266844
58 79 1.4950525075535874
58 80 1.353231200969958
58 81 1.3282170980506336
58 82 1.3692575356058319
58 83 1.1386013521213045
58 84 1.085564973722374
58 85 1.2578535316704844
58 86 1.1330445359842147
58 87 1.1460913302433173
58 88 1.4231537010628224
58 89 1.4736280980686367
59 60 1.1481920918662658
59 61 1.329963380525371
59 62 1.2685600133515946
59 63 1.361024422201787
59 64 1.3966630047429578
59 65 1.5135958446119946
59 66 1.296138864719031
59 67 1.3986213328611001
59 68 1.2490701581575485
59 69 1.3041331358611583
59 70 1.3496097220839036
59 71 1.3881904968909122
59 72 1.4798658776275193
59 73 1.3881519673912515
59 74 1.3896593347639656
59 75 1.393284268486436
59 76 1.4562567967383941
59 77 1.2773606280918461
59 78 1.441204811490255
59 79 1.0986562324382505
59 80 1.4125262332376454
59 81 1.4856843893818006
59 82 1.3081437004991143
59 83 1.3049196451254819
59 84 1.2210409522148582
59 85 1.4242144904777965
59 86 1.4697420973411561
59 87 1.3356479066286817
59 88 1.3421481424484996
59 89 1.3066692943689044
60 61 1.4133168007325507
60 62 1.297377124227321
60 63 1.4055319428938964
60 64 1.3865174906888236
60 65 1.5354752346626492
60 66 1.4564338107077155
60 67 1.4543070502521793
60 68 1.3747102428318616
60 69 1.2682978208395037
60 70 1.4412806080665672
60 71 1.4739330566877311
60 72 1.6395750288357196
60 73 1.3917216544652544
60 74 1.4454519591650967
60 75 1.4970502190410413
60 76 1.4900586205236839
60 77 1.4237909715160646
60 78 1.559470178381283
60 79 1.2525554509390602
60 80 1.5360125646369676
60 81 1.5525822782578187
60 82 1.379629067708524
60 83 1.4273817226118564
60 84 1.3481411904458
60 85 1.574029518106868
60 86 1.4967813251376731
60 87 1.3921062968153461
60 88 1.450778950744319
60 89 1.4446361981124871
61 62 1.298872778867782
61 63 1.2608290150984873
61 64 1.4057416967884115
61 65 1.3878602631801291
61 66 1.2929026669979014
61 67 1.335053591373451
61 68 1.3378641877310022
61 69 1.3950970344349665
61 70 1.363751799542987
61 71 1.2222747102240423
61 72 1.173019187440539
61 73 1.236661308402544
61 74 1.1496547423290029
61 75 1.2860689047782379
61 76 1.378068545477021
61 77 1.337532384360708
61 78 1.4305984169951431
61 79 1.3402591770074443
61 80 1.3445871255706137
61 81 1.341108108691141
61 82 1.338381805773497
61 83 1.1945081366571382
61 84 1.0645216350274198
61 85 1.218424723868193
61 86 1.2162941037643415
61 87 1.1435676262387418
61 88 1.4096820289766487
61 89 1.358281965864922
62 63 1.2211936739404812
62 64 1.3583324433235902
62 65 1.2814457723834465
62 66 1.3883863245284274
62 67 1.2466439091236703
62 68 1.3328276581938259
62 69 1.3081105645795919
62 70 1.3333882055965902
62 71 1.2623969058199604
62 72 1.2970659995968061
62 73 1.1916052591210022
62 74 1.3347622142252913
62 75 1.3727734513268919
62 76 1.3856269389961295
62 77 1.4519981324554767
62 78 1.4222346214062882
62 79 1.4244898553821923
62 80 1.2624622011132076
62 81 1.6253295859734855
62 82 1.3600548296668167
62 83 1.0546127552904312
62 84 1.2069999699402985
62 85 1.3484794044256767
62 86 1.4083308969514143
62 87 1.0855732812145018
62 88 1.3833631321782203
62 89 1.300187315498836
63 64 1.4210017205159142
63 65 1.3901731179973797
63 66 1.2746840739880414
63 67 1.2616135849419308
63 68 1.2936261133570632
63 69 1.3721014439312627
63 70 1.2575198911808447
63 71 1.0759364977124033
63 72 1.1486599515780935
63 73 1.2283666446941204
63 74 1.1886287101182313
63 75 1.2047673602146605
63 76 1.2948262138625306
63 77 1.4056625385213584
63 78 1.3074934610618325
63 79 1.495536161980092
63 80 1.2936420169216676
63 81 1.4122302797493929
63 82 1.3522987372224196
63 83 1.219957259196248
63 84 1.1387458096285987
63 85 1.2141814778702402
63 86 1.2955943466099111
63 87 1.203389518932524
63 88 1.2888491906660595
63 89 1.3112802053774841
64 65 1.4011691119994198
64 66 1.4201335345518693
64 67 1.353224221265078
64 68 1.3726350893180228
64 69 1.3131955460261808
64 70 1.407395371185565
64 71 1.4079542958355347
64 72 1.4720564612685219
64 73 1.399389770726669
64 74 1.3938989743616594
64 75 1.3940533872126337
64 76 1.4136893360569145
64 77 1.3202839164360411
64 78 1.3999183630712897
64 79 1.2946222712768554
64 80 1.4639595666997478
64 81 1.3791705917569157
64 82 1.3939264438105277
64 83 1.3301393417360667
64 84 1.2886776300683607
64 85 1.380047485279913
64 86 1.3603374745036931
64 87 1.3500596439690982
64 88 1.4131990581327012
64 89 1.4428004862013368
65 66 1.264035198969055
65 67 1.1808433320210692
65 68 1.4908621652476672
65 69 1.3769707071818647
65 70 1.209363828226557
65 71 1.301419673438679
65 72 1.177049260564062
65 73 1.3449890167847833
65 74 1.3762431729582123
65 75 1.3926338190051784
65 76 1.2229041657006174
65 77 1.3665348847440657
65 78 1.2104437615760908
65 79 1.549463608968051
65 80 1.2519754808042525
65 81 1.2850572141263152
65 82 1.3517934912223486
65 83 1.3654234702796382
65 84 1.3832316220989846
65 85 1.2294108302923072
65 86 1.3713210627054875
65 87 1.1928081524526495
65 88 1.291975112722082
65 89 1.2970508846135456
66 67 1.290723663040972
66 68 1.3120022173369956
66 69 1.3187018943798303
66 70 1.2644669769698567
66 71 1.0387747932421891
66 72 1.184658299962823
66 73 1.2630394840426238
66 74 1.2550991872562562
66 75 1.428164575950264
66 76 1.2945876744550409
66 77 1.306208204871679
66 78 1.17492125586314
66 79 1.414973475852398
66 80 1.0899694136808087
66 81 1.3230133708913545
66 82 1.3210988375762314
66 83 1.2983990996859593
66 84 1.2381672627738776
66 85 1.2141670153213928
66 86 1.418698864441545
66 87 1.2874247687957576
66 88 1.2158624629045869
66 89 1.0333302988699486
67 68 1.336043694974457
67 69 1.335293281717246
67 70 1.2449853896757201
67 71 1.1561242454884377
67 72 1.1343755507024318
67 73 1.1902710177712263
67 74 1.261481071986042
67 75 1.276824523332814
67 76 1.3960165725549982
67 77 1.300378996949772
67 78 1.367789660763729
67 79 1.4750983017440027
67 80 1.1726272136472107
67 81 1.3895286267955003
67 82 1.2388190429766734
67 83 1.2248353597253214
67 84 1.2143035607922057
67 85 1.2411070660644787
67 86 1.2289544810366315
67 87 1.1802516453575846
67 88 1.3327902334021193
67 89 1.3571263494912196
68 69 1.3367216567735918
68 70 1.3249136485856843
68 71 1.3326809323321243
68 72 1.2921971553596885
68 73 1.3534756604670077
68 74 1.2539768558503381
68 75 1.251905094719265
68 76 1.4525151761934845
68 77 1.4073395284037324
68 78 1.4120178246928974
68 79 1.38603224790158
68 80 1.337155434675127
68 81 1.463833247076345
68 82 1.357222456031149
68 83 1.3529531022474088
68 84 1.2410603115945051
68 85 1.3170978935193423
68 86 1.3397329434122303
68 87 1.4124050716515517
68 88 1.3555827746144549
68 89 1.291567910853891
69 70 1.214296556705919
69 71 1.2688712811923435
69 72 1.3111413067817437
69 73 1.3253031046720283
69 74 1.4374816175492775
69 75 1.3821884754300515
69 76 1.3826432033612006
69 77 1.3174652617585718
69 78 1.3301793994156477
69 79 1.3721409007683123
69 80 1.2393436311054333
69 81 1.4322124840304309
69 82 0.9372396775260714
69 83 1.304643905328644
69 84 1.328068007859228
69 85 1.3646670490181136
69 86 1.331455111809778
69 87 1.3192225802208055
69 88 1.346287852964033
69 89 1.26835572211186
70 71 1.1768710737445882
70 72 1.143153629684471
70 73 1.1837804776675944
70 74 1.3191516958520504
70 75 1.3786953544826612
70 76 1.349107671607551
70 77 1.2621121635160857
70 78 1.1971453836864843
70 79 1.4425717699597598
70 80 1.1181495090661393
70 81 1.3157287339278145
70 82 1.2454264417583998
70 83 1.2782617248796553
70 84 1.2770741066072135
70 85 1.250983330492531
70 86 1.2428600797993175
70 87 1.1328462353421334
70 88 1.230356153168779
70 89 1.285499043802919
71 72 1.0037486309247703
71 73 1.0792324986569348
71 74 1.1400143313618776
71 75 1.2836021314122903
71 76 1.3817938683709385
71 77 1.2940442507470702
71 78 1.3222908132474946
71 79 1.4362600647185062
71 80 1.0893536257596568
71 81 1.2721169786430053
71 82 1.3326234380421829
71 83 1.216136120766244
71 84 1.191772259102741
71 85 1.0507729031575384
71 86 1.210304103138192
71 87 1.0670718845403862
71 88 1.3084478074711283
71 89 1.1214888853942242
72 73 1.1044007555378186
72 74 1.2129517723591376
72 75 1.1963442230605934
72 76 1.296692541745479
72 77 1.2710777297637301
72 78 1.2629659698775326
72 79 1.5569374509795473
72 80 0.9832347136083265
72 81 1.26767764002298
72 82 1.2855691284333324
72 83 1.2960476885241725
72 84 1.1596974060357592
72 85 0.7090367590712323
72 86 1.0602148466642547
72 87 1.1590171874083248
72 88 1.3136966628781994
72 89 1.1519974706895368
73 74 1.2875723666394008
73 75 1.264774239745022
73 76 1.4048646618499283
73 77 1.3946780242082006
73 78 1.3589746820398327
73 79 1.4569558376423501
73 80 1.2634592796238366
73 81 1.294402480694079
73 82 1.376313273193042
73 83 1.1724498277645683
73 84 1.2008056863745047
73 85 1.2167561442418025
73 86 1.3489404454881884
73 87 1.0601176817348625
73 88 1.4075400461953778
73 89 1.3545774923379932
74 75 1.254996134614472
74 76 1.3557944745650867
74 77 1.3155078829873432
74 78 1.3224501646789062
74 79 1.4123118025337977
74 80 1.3242925524433298
74 81 1.316181808860299
74 82 1.3647754745184753
74 83 1.182026109760622
74 84 1.1252909141710183
74 85 1.2243623186923005
74 86 0.9809704954607656
74 87 1.1598470640564653
74 88 1.2975781386733056
74 89 1.3425380069119128
75 76 1.4083274125591885
75 77 1.46061418471977
75 78 1.4541885479446424
75 79 1.500402536251457
75 80 1.2463782072887617
75 81 1.3864409392461594
75 82 1.349538462059383
75 83 1.2232632891513313
75 84 1.2131128678546776
75 85 1.2582340660668643
75 86 1.32925069441398
75 87 1.2981040195141627
75 88 1.4236892502065965
75 89 1.3671625719002571
76 77 1.292267830381293
76 78 0.9961935279327353
76 79 1.4673837043334712
76 80 1.4074033257796852
76 81 1.2229756646949883
76 82 1.3803906560366226
76 83 1.330403670761012
76 84 1.3823225506605217
76 85 1.3621874531938536
76 86 1.3266149839516024
76 87 1.2081790433479125
76 88 1.2294988637865245
76 89 1.3929297190857985
77 78 1.2814887012754343
77 79 1.4091560979365547
77 80 1.3168494651680855
77 81 1.2907377967703149
77 82 1.3194281905712255
77 83 1.3615890167687097
77 84 1.3149343867707275
77 85 1.2777110379697465
77 86 1.2543552326696379
77 87 1.3262243862051213
77 88 1.304312083530191
77 89 1.3200952974601166
78 79 1.4476022843906233
78 80 1.336834522868447
78 81 1.2040157196567611
78 82 1.3435053851548198
78 83 1.3341510628309514
78 84 1.357633372978464
78 85 1.2998081068933902
78 86 1.2518538017662708
78 87 1.2554894693538994
78 88 1.1131863124528423
78 89 1.3231256242657485
79 80 1.4268286767177383
79 81 1.465042233485867
79 82 1.3828712284083016
79 83 1.443187645275472
79 84 1.4208563577076274
79 85 1.5269486536375803
79 86 1.4132511225652253
79 87 1.4809680694886818
79 88 1.455752286417588
79 89 1.4145755493956123
80 81 1.3301529181992884
80 82 1.1929113901598913
80 83 1.3223575597388648
80 84 1.2718478756390124
80 85 1.14830075377225
80 86 1.2503412649437242
80 87 1.2600722738697976
80 88 1.3538823782049039
80 89 1.1053703139587865
81 82 1.3976788536233145
81 83 1.4398350207164943
81 84 1.3562798964623708
81 85 1.2362299262333982
81 86 1.2782537122031565
81 87 1.348536951845201
81 88 1.3403034210858666
81 89 1.4789569545455843
82 83 1.3154679014142094
82 84 1.2655043037833722
82 85 1.336199480100765
82 86 1.2074520830269024
82 87 1.3816580359657495
82 88 1.2742167584068467
82 89 1.263376218702303
83 84 1.2154327398015443
83 85 1.300162319174733
83 86 1.3344139830690822
83 87 1.1025381437356805
83 88 1.3482463969488099
83 89 1.4117261980650204
84 85 1.214009240199314
84 86 1.1786686291809798
84 87 1.18700714010989
84 88 1.2594067906926527
84 89 1.27021187192288
85 86 1.07082934963215
85 87 1.1833909274594077
85 88 1.324756557585855
85 89 1.1268155100078294
86 87 1.2588854659863533
86 88 1.242791667170782
86 89 1.3132690686702988
87 88 1.3528573512212696
87 89 1.3754525574695504
88 89 1.3467524755510507
