30 0
0 1 1.4059217379223967
0 2 1.4013481527594753
0 3 1.4065601791911804
0 4 1.4129689871863094
0 5 1.342707489133969
0 6 1.3339122815821653
0 7 1.439268203196536
0 8 1.3527121370014872
0 9 1.3393552275682268
0 10 1.41266174790935
0 11 1.211800747371705
0 12 1.2996296170957056
0 13 1.072268295955403
0 14 1.3994053486235927
0 15 1.3751010729773256
0 16 0.9238969020867697
0 17 1.4018481415871495
0 18 1.3945011441684156
0 19 1.2200187582177016
0 20 1.3193312648238065
0 21 1.4099243506725823
0 22 1.3998019535771593
0 23 1.4313738546996249
0 24 1.402944229021144
0 25 1.328780025788495
0 26 1.4743384228654886
0 27 1.266004030405353
0 28 1.431106031066936
0 29 1.3261212404848264
1 2 1.3059753448996176
1 3 1.353924692501078
1 4 1.169107734232023
1 5 1.2187111114649112
1 6 1.2403793498014803
1 7 1.275283898617844
1 8 1.4617953840249331
1 9 1.5278423316075922
1 10 1.286104135702141
1 11 1.453537675464924
1 12 1.2904894435117213
1 13 1.293884178487382
1 14 1.3726620408502213
1 15 1.2493912360505621
1 16 1.4505982691939694
1 17 1.437654008299309
1 18 1.2159075608849153
1 19 1.5314177111936411
1 20 1.284429115472941
1 21 1.4555438247757622
1 22 1.3488284105618777
1 23 1.1277272494191997
1 24 1.2591434708172582
1 25 1.2649926341067286
1 26 1.227621729853841
1 27 1.3611480882554992
1 28 1.3226988779690105
1 29 1.2427385314360766
2 3 1.3743008833102492
2 4 1.2444297117803493
2 5 1.3173456305494637
2 6 1.2676917406696084
2 7 1.4675792641374807
2 8 1.2925443361386353
2 9 1.4000701851327617
2 10 1.4387610575292962
2 11 1.5261811440671578
2 12 1.4166999896683998
2 13 1.256849792140966
2 14 1.2749191066676309
2 15 1.0629528720926358
2 16 1.4084695284085693
2 17 1.2639097828283774
2 18 1.1336549124282898
2 19 1.4721681915244853
2 20 1.1430172009713895
2 21 1.3609498886009932
2 22 1.2559359654803806
2 23 1.3442702586617898
2 24 1.1333826952977115
2 25 1.2972405928714783
2 26 1.2758189622832943
2 27 1.5189505090678184
2 28 1.215638186315413
2 29 1.1727130341670415
3 4 1.2272538220692055
3 5 1.1723767029734629
3 6 1.2818906166080122
3 7 1.2388050645552457
3 8 1.3247010713205487
3 9 1.4591553114486477
3 10 1.2563318527651413
3 11 1.4460112796557416
3 12 1.3139683415928605
3 13 1.4043165423879633
3 14 1.3895364403145445
3 15 1.4297772699744866
3 16 1.3550205549946748
3 17 1.429221826495678
3 18 1.097041059866454
3 19 1.4519783108622417
3 20 1.462821773570675
3 21 1.3755760204353615
3 22 1.3116298302382798
3 23 1.1727985708498676
3 24 1.218087073044333
3 25 1.2373350448328984
3 26 1.2143562524200453
3 27 1.4416644118462125
3 28 1.492260018285454
3 29 1.3397556239906407
4 5 1.1040961611765356
4 6 1.1766294895717992
4 7 1.3832770714177476
4 8 1.321143140813121
4 9 1.4060651532458657
4 10 1.360536559446014
4 11 1.5782415217563852
4 12 1.3346112727089467
4 13 1.2403919550841687
4 14 1.2688942086111035
4 15 1.171519015526133
4 16 1.4020480750054847
4 17 1.4323094397861948
4 18 0.6543453303959367
4 19 1.5522170654180931
4 20 1.1401075205814966
4 21 1.5313549587176176
4 22 1.1770630387036065
4 23 1.0779498983015003
4 24 1.20936299795991
4 25 1.1963636640180677
4 26 0.8288450421852546
4 27 1.4991036337264712
4 28 1.2507199001987785
4 29 0.8723014243532272
5 6 1.3158980683332189
5 7 1.3123460117490091
5 8 1.30806460403223
5 9 1.4140982787592684
5 10 1.3212017498383937
5 11 1.4462091593266633
5 12 1.3659599906349105
5 13 1.2934053532493806
5 14 1.3468061051802092
5 15 1.2505020874902302
5 16 1.3308932618838778
5 17 1.2095050345844427
5 18 1.0994082659415898
5 19 1.5243965516995621
5 20 1.3235385227848824
5 21 1.2585143056698664
5 22 1.289098319565259
5 23 1.3017626240072213
5 24 1.273379060995624
5 25 1.117171109728354
5 26 1.1141510095400682
5 27 1.4495515754597084
5 28 1.3948021593487112
5 29 1.1931818702946406
6 7 1.4764666552566945
6 8 1.365107892531209
6 9 1.4100533264963067
6 10 1.4658523097487255
6 11 1.2775494878115985
6 12 1.3212118937672728
6 13 1.3236633604077803
6 14 1.3998286202001053
6 15 1.165070386978758
6 16 1.2810486588465153
6 17 1.3707864134941645
6 18 1.1155956848418445
6 19 1.3579462148267576
6 20 1.13522698225883
6 21 1.488343476331143
6 22 1.2631965450918028
6 23 1.329152742987144
6 24 1.2377462014130514
6 25 1.3326732637213539
6 26 1.1812085522506257
6 27 1.3052204628891722
6 28 1.2913751462978937
6 29 1.265174874305801
7 8 1.3944066182936268
7 9 1.3232940707711704
7 10 1.193636938384997
7 11 1.3771412460849626
7 12 1.247065229945446
7 13 1.4138772773654749
7 14 1.4300805612924083
7 15 1.4194327237151896
7 16 1.4335607740628147
7 17 1.4917815180157408
7 18 1.3650527290620589
7 19 1.4854769161777999
7 20 1.3964790105966853
7 21 1.4778040369506658
7 22 1.4684217227575378
7 23 1.2204312618238804
7 24 1.3804813509712721
7 25 1.3487786659968963
7 26 1.402410127298607
7 27 1.3676374127330346
7 28 1.3931770874355258
7 29 1.4297019642695743
8 9 1.3186979789549897
8 10 1.4693039883334023
8 11 1.3459448107847216
8 12 1.3823859468111077
8 13 1.3662132524277464
8 14 1.1545452568470707
8 15 1.2953086721734801
8 16 1.3140517836642833
8 17 1.3445019995890253
8 18 1.2870488385927081
8 19 1.2116949943187807
8 20 1.2599905365521884
8 21 1.358330026552469
8 22 1.0300293325856456
8 23 1.4069295816777723
8 24 1.3388945348332715
8 25 1.3955532605449417
8 26 1.4146797091255667
8 27 1.2838569180283932
8 28 0.9169097027604957
8 29 1.338216707183341
9 10 1.4121610265746067
9 11 1.3024597529821291
9 12 1.4243017126653408
9 13 1.382737820373175
9 14 1.3587738189643295
9 15 1.2704492367855629
9 16 1.2453603774164443
9 17 1.3408644502803155
9 18 1.4148733221977596
9 19 1.0821694788066345
9 20 1.19193648750734
9 21 1.3832127067539648
9 22 1.4027549812241624
9 23 1.42314193235274
9 24 1.3271122701538909
9 25 1.3622271875063876
9 26 1.4105045743946985
9 27 1.3082853170300348
9 28 1.3430857869883792
9 29 1.3465217056350243
10 11 1.4051287028244492
10 12 1.1597816154258072
10 13 1.3155808534654074
10 14 1.5188875299127051
10 15 1.4704098768980374
10 16 1.288358102347576
10 17 1.4908639572712041
10 18 1.315078731922359
10 19 1.4348683718932773
10 20 1.442615291623503
10 21 1.4441560996792224
10 22 1.54001301289922
10 23 1.2324865313343405
10 24 1.3532362040408892
10 25 1.3647695571225642
10 26 1.3611353081059478
10 27 1.4489571141422861
10 28 1.4565939534304568
10 29 1.443265018836328
11 12 1.2393643567459685
11 13 1.336692036034616
11 14 1.4053684680192216
11 15 1.4252073163164058
11 16 1.0610929542505314
11 17 1.3398676360906518
11 18 1.568179677531125
11 19 1.2117353528384511
11 20 1.2594346032391754
11 21 1.3731170150788963
11 22 1.4412885481460853
11 23 1.4465117208731086
11 24 1.435301891130272
11 25 1.46262563758434
11 26 1.4966801925263524
11 27 0.8960177018237816
11 28 1.4020163135379413
11 29 1.5717524310167743
12 13 1.2443123904412356
12 14 1.3748249760767732
12 15 1.4099667840851076
12 16 1.2183088778596458
12 17 1.4843620398003285
12 18 1.3734921632714556
12 19 1.3754288413767142
12 20 1.3594243323451016
12 21 1.5478743983673564
12 22 1.4175535793413603
12 23 1.3087091774585466
12 24 1.329058463684853
12 25 1.3756487723643014
12 26 1.3769606369860354
12 27 1.312940262218976
12 28 1.3517876151584312
12 29 1.4252147600126004
13 14 1.3271625555941318
13 15 1.2868703689172083
13 16 1.278388130877398
13 17 1.4561211933225764
13 18 1.1715990852000124
13 19 1.3900542830083304
13 20 1.2430881835629541
13 21 1.4043281302945871
13 22 1.3508623749670712
13 23 1.3343395807883902
13 24 1.17359498748881
13 25 1.3536735898036842
13 26 1.4904406406178763
13 27 1.3490584160347916
13 28 1.3230612346255142
13 29 1.1875433392073778
14 15 1.3235736388391197
14 16 1.3299870405163792
14 17 1.3569782231959062
14 18 1.3028597616081892
14 19 1.410105278895061
14 20 1.2319655758561314
14 21 1.4115399207070498
14 22 1.0118097591017607
14 23 1.3972184589661794
14 24 1.3420685069267513
14 25 1.4073357949251952
14 26 1.319504313205451
14 27 1.2995017215187274
14 28 1.1147661785303125
14 29 1.3648978265110059
15 16 1.2858562723167724
15 17 1.294898863520822
15 18 1.153781267561252
15 19 1.388161262796687
15 20 1.0711385286093105
15 21 1.4563673128751748
15 22 1.2010063745673634
15 23 1.4114512543004911
15 24 1.079559929302051
15 25 1.1872052541134492
15 26 1.220991459904017
15 27 1.404805210912385
15 28 1.2285905335153906
15 29 1.2015059984051633
16 17 1.410564561224743
16 18 1.4288614903311672
16 19 1.1904614175679205
16 20 1.2159966287315986
16 21 1.472339077400444
16 22 1.3961054673558575
16 23 1.3935854936450314
16 24 1.3737646355534059
16 25 1.3251228570826228
16 26 1.4191965050802955
16 27 1.1071810210719781
16 28 1.423448694373115
16 29 1.4375232189372407
17 18 1.3621213371081238
17 19 1.3194280421911786
17 20 1.2348861324059677
17 21 0.9722904305059976
17 22 1.3822430709221885
17 23 1.447725472700917
17 24 1.2521949472093554
17 25 1.2502115107342398
17 26 1.3007829595468057
17 27 1.3928165398279062
17 28 1.332915652645702
17 29 1.2558924808475382
18 19 1.5348917102835387
18 20 1.0830361291633572
18 21 1.3819853131934958
18 22 1.193860068772116
18 23 1.080859963852274
18 24 1.0998007423984975
18 25 1.1605625825497417
18 26 0.8981156940316923
18 27 1.5026047881936528
18 28 1.259434957422898
18 29 0.8670065534551349
19 20 1.3612476413443082
19 21 1.435881050243139
19 22 1.4215284914336614
19 23 1.5370872677760505
19 24 1.4221106113583761
19 25 1.3797323777741293
19 26 1.545292508247973
19 27 1.3207491413975458
19 28 1.3556233419829942
19 29 1.4042573382171655
20 21 1.3727670880556653
20 22 1.2289032490707852
20 23 1.3117183107726675
20 24 1.1897544567689007
20 25 1.323619017278219
20 26 1.1761357454190235
20 27 1.309456934774863
20 28 1.217430706016682
20 29 1.099564982166848
21 22 1.4684210744666633
21 23 1.4103524186318046
21 24 1.3601666135437809
21 25 1.3225444186879463
21 26 1.4697838378238
21 27 1.3813858739818514
21 28 1.3970852106006015
21 29 1.3981936267242525
22 23 1.3723004316394491
22 24 1.2788494082909085
22 25 1.3620164185657913
22 26 1.2064937551733086
22 27 1.384575894097693
22 28 0.9630131158855777
22 29 1.265381846686142
23 24 1.2680284673600644
23 25 1.3176742903755403
23 26 1.1731928519020463
23 27 1.4355855768974863
23 28 1.414713958665201
23 29 1.2032419062061195
24 25 1.1663340613610498
24 26 1.2694230798510546
24 27 1.4088792697665256
24 28 1.2556269646889586
24 29 1.2092235733431302
25 26 1.1244771652579038
25 27 1.4408691301940584
25 28 1.3894735205274031
25 29 1.2259139720217755
26 27 1.4860689973430177
26 28 1.3586802247996286
26 29 0.9945567146637697
27 28 1.3469848971413758
27 29 1.5074041530702385
28 29 1.3011170445224973
