50 0
0 1 1.128678803923882
0 2 1.0031119782243767
0 3 1.1093423811013028
0 4 1.34441955294522
0 5 1.3665493908432658
0 6 1.1916977989170636
0 7 1.0531034040928198
0 8 1.1743325493768444
0 9 1.0371435705500924
0 10 1.3974309832783147
0 11 1.3682672540623664
0 12 1.2146458918402752
0 13 1.3582171398224618
0 14 1.3563752214842735
0 15 1.228715658811018
0 16 1.0781511572980256
0 17 1.2622463049905592
0 18 1.0515611740984443
0 19 1.021888444464346
0 20 1.3425320666688463
0 21 1.2382863855175608
0 22 1.023762327272247
0 23 1.204321902105868
0 24 1.2879181297559432
0 25 1.3997558317957601
0 26 1.1446902095744649
0 27 1.2089898874777234
0 28 1.31017840143799
0 29 1.252999271237793
0 30 1.2324228818069294
0 31 1.2229487311673308
0 32 1.1694054879603517
0 33 1.1814087570275127
0 34 1.4493930873404235
0 35 1.3087837246407947
0 36 1.050728032402166
0 37 1.385531342260556
0 38 1.0462624454778302
0 39 1.4450657838981806
0 40 1.3246209255087253
0 41 1.3160659922603144
0 42 1.3025355450807194
0 43 1.3241722307596342
0 44 1.1489524214806708
0 45 1.461090337867965
0 46 1.1906382390503347
0 47 1.2234065574715156
0 48 1.4419045314600987
0 49 1.4292000690930207
1 2 1.2053027904160911
1 3 1.2400713715243998
1 4 1.3515314841013282
1 5 1.3397565609115736
1 6 1.235330329645383
1 7 1.138802450680616
1 8 1.3128338218267042
1 9 1.055054348015591
1 10 1.3096540572944395
1 11 1.3890164101849125
1 12 0.7801106541420071
1 13 1.234989536467571
1 14 1.2918152130322267
1 15 1.1068809808245128
1 16 1.1865133130969674
1 17 1.4035695921843805
1 18 1.2154805440804421
1 19 1.1508216228172192
1 20 1.321838697804309
1 21 1.3416286041815007
1 22 1.1833977265104156
1 23 1.3460172074495067
1 24 1.2985907444473068
1 25 1.3498186229651759
1 26 1.1554390733341753
1 27 1.1854982161836183
1 28 1.2073525464268702
1 29 1.3335695862022172
1 30 1.3632746307593748
1 31 1.272209365083179
1 32 1.2663106252293879
1 33 1.2808365627579121
1 34 1.295284309374973
1 35 1.3363474611055166
1 36 1.1368119916224497
1 37 1.3258381232790084
1 38 1.2160540982611818
1 39 1.3034627380497155
1 40 1.2963464125482969
1 41 1.1766875016429952
1 42 1.3306351362526765
1 43 1.2835001880460604
1 44 1.1602534617622948
1 45 1.3052479326117405
1 46 1.2010935537655798
1 47 1.2400575738555308
1 48 1.3411608304530365
1 49 1.4035875615136533
2 3 1.1129758794926976
2 4 1.3625932711102715
2 5 1.3682400712421776
2 6 1.111231926881122
2 7 1.0154624678035231
2 8 1.1659213698248259
2 9 0.9521720117306718
2 10 1.3697366459056397
2 11 1.384430636362539
2 12 1.2214838919578535
2 13 1.4408481715620656
2 14 1.2584747216478607
2 15 1.1466552402226746
2 16 0.9492531210851368
2 17 1.185623564061476
2 18 0.9842942980112017
2 19 0.932421794865779
2 20 1.2525924858409747
2 21 1.2679750032625239
2 22 1.0016818549274518
2 23 1.1688522249821498
2 24 1.3246096684906916
2 25 1.3442647334171258
2 26 1.1465483927001816
2 27 1.1924753881456391
2 28 1.1686265511946095
2 29 1.3743028842899467
2 30 1.2214738550988098
2 31 1.214513308904647
2 32 1.286442084793762
2 33 1.1812631023928917
2 34 1.4234536845215893
2 35 1.3289307508378194
2 36 0.9563025857610977
2 37 1.3302086390126808
2 38 0.9473265142799004
2 39 1.4656306320910966
2 40 1.2301720577450244
2 41 1.3307038175858565
2 42 1.286219495359005
2 43 1.4030923660193075
2 44 1.0820447868897412
2 45 1.5043195418464106
2 46 1.2247293186084787
2 47 1.099954926864591
2 48 1.3976228007686573
2 49 1.2899225299575434
3 4 1.438042704839102
3 5 1.4224769068014476
3 6 1.210829626090724
3 7 1.2022815413250165
3 8 1.1755544722909577
3 9 1.1949596267509988
3 10 1.4286827029423304
3 11 1.3802362880646297
3 12 1.2886878621412727
3 13 1.361607722128903
3 14 1.1684223901799191
3 15 1.1634909108756173
3 16 1.145348083471141
3 17 1.324682651113446
3 18 1.246061821405747
3 19 1.1759018499273401
3 20 1.2809210629372245
3 21 1.2998494200401174
3 22 1.188465208358414
3 23 1.3077941010258463
3 24 1.3305515653491027
3 25 1.5009711628658144
3 26 1.16387222638887
3 27 1.2927140016198724
3 28 1.3430611529211403
3 29 1.3737068719053578
3 30 1.2706389457643026
3 31 1.327983972634444
3 32 1.4041787539789021
3 33 1.2079405268917884
3 34 1.344505020913089
3 35 1.3393939606069616
3 36 1.0726026958188544
3 37 1.430436025887496
3 38 1.1979307791902327
3 39 1.3864756947136596
3 40 1.2934938911516125
3 41 1.3134767912097176
3 42 1.3848130546152575
3 43 1.3990798896467074
3 44 1.0023283974483974
3 45 1.4149532085071366
3 46 1.1882753044027277
3 47 1.2727139070494569
3 48 1.260998856038719
3 49 1.4642988358651439
4 5 1.288180816483103
4 6 1.3663966245761605
4 7 1.3035893099142257
4 8 1.3944364588969895
4 9 1.1935876457759518
4 10 1.238941556624821
4 11 1.3399977831561387
4 12 1.355282825007135
4 13 1.253172251291114
4 14 1.4539603597419661
4 15 1.2167690480851934
4 16 1.3276335690461005
4 17 1.39191988314336
4 18 1.3677561840139496
4 19 1.2999565139399354
4 20 1.4099614595955416
4 21 1.4301597022820642
4 22 1.3414846573399626
4 23 1.0218255263724287
4 24 1.4053404167775918
4 25 1.3480160913437915
4 26 1.3709113055988522
4 27 1.2967381076474935
4 28 1.0854816187752474
4 29 1.445260980004101
4 30 1.4145348951433692
4 31 1.3643673319796668
4 32 1.1029102913790323
4 33 1.3476142400994362
4 34 1.4916108591818502
4 35 1.2984621361599642
4 36 1.448291448523566
4 37 1.3733260466231192
4 38 1.2978963541555542
4 39 1.4627444097807065
4 40 1.4964693123605877
4 41 1.3978723284516663
4 42 1.2931498613818353
4 43 1.2573092781527653
4 44 1.4551009820904848
4 45 1.495696612854911
4 46 1.2643419704190428
4 47 1.3195527835636134
4 48 1.4591882873029163
4 49 1.4200091417327665
5 6 1.2967109221601363
5 7 1.3054707957072282
5 8 1.4556714145887448
5 9 1.3431082991165535
5 10 1.1776510787853853
5 11 1.2736135398419364
5 12 1.2762077640344924
5 13 1.4310864382249766
5 14 1.4735717590450752
5 15 1.2635906065572575
5 16 1.2404442957373103
5 17 1.4698422916709155
5 18 1.2318731171764346
5 19 1.2387158016552882
5 20 1.4323448877050686
5 21 1.423458554265213
5 22 1.2647990836830436
5 23 1.2499452874048609
5 24 1.35178651553584
5 25 1.3402851505713596
5 26 1.4556443422708398
5 27 1.280936751911716
5 28 1.3154988594336374
5 29 1.3322722585939342
5 30 1.445887628479014
5 31 1.3752035695875704
5 32 1.2853872163602635
5 33 1.3017051162140767
5 34 1.4961168732194279
5 35 1.3952447571252908
5 36 1.3339187346418389
5 37 1.3547511284320182
5 38 1.2707921797844077
5 39 1.5167780928493075
5 40 1.371125650087761
5 41 1.475196177073759
5 42 1.4005119341170285
5 43 0.8653538531886249
5 44 1.3422934025527251
5 45 1.5242144900163141
5 46 1.1571631648562117
5 47 1.2430156360137004
5 48 1.5403907234931642
5 49 1.3613829287352592
6 7 1.2868888758595118
6 8 1.2538412231492488
6 9 1.085900086780291
6 10 1.3640589391887163
6 11 1.3586979067396305
6 12 1.2818126623273727
6 13 1.3883045870389201
6 14 1.235750131805674
6 15 0.9810128933632855
6 16 1.1729043373903512
6 17 1.2518942198043748
6 18 1.0861312717556657
6 19 1.216305040826067
6 20 1.3590785166788826
6 21 1.0687134189651184
6 22 1.1603014033834105
6 23 1.2872451929893434
6 24 1.3953553677652621
6 25 1.4721589816460938
6 26 1.3428865897028466
6 27 1.1987648884037998
6 28 1.2495671192748754
6 29 1.2961560672307135
6 30 1.2753894391562108
6 31 1.3987112134595026
6 32 1.3178792997531767
6 33 1.307352259095039
6 34 1.3272775823435925
6 35 1.353875887181455
6 36 1.130658301124508
6 37 1.3428046899099224
6 38 1.2077559881017261
6 39 1.3739862148001434
6 40 1.2482441087745348
6 41 1.3224464014294857
6 42 1.3420793106405577
6 43 1.3127204559423509
6 44 1.2356940245038284
6 45 1.3961803571226152
6 46 1.2485356682319568
6 47 1.2605125042195078
6 48 1.336911408761447
6 49 1.3795239574740277
7 8 1.142487905972062
7 9 1.1288822526905347
7 10 1.3914914209272888
7 11 1.3687832980183843
7 12 1.0664700347388483
7 13 1.3461495068254996
7 14 1.2335569395146304
7 15 1.1766844902713685
7 16 0.892889373242291
7 17 1.2775115145041365
7 18 1.2172664765061838
7 19 0.8934571063104548
7 20 1.2918532222490071
7 21 1.178201412096707
7 22 1.0257209990980949
7 23 1.124787805530962
7 24 1.3057981724315852
7 25 1.3674365582230712
7 26 1.1362784621088533
7 27 1.3113771878249614
7 28 1.1396210806657756
7 29 1.2977886895141804
7 30 1.2304290020743474
7 31 1.2275059844788594
7 32 1.2118695123496785
7 33 1.173804197811405
7 34 1.4382496118063175
7 35 1.251197781991346
7 36 1.0921923731523997
7 37 1.3140780268376013
7 38 0.9180611768095783
7 39 1.4910815401351292
7 40 1.3901324496336014
7 41 1.2601131360405435
7 42 1.2762088259317745
7 43 1.2272772897930686
7 44 1.171715962752729
7 45 1.4895084239657483
7 46 1.2338602166191006
7 47 1.1165832835155676
7 48 1.4176816234130873
7 49 1.3634563523169525
8 9 1.211957543743737
8 10 1.5472768956896703
8 11 1.3931367665865884
8 12 1.3742219853874524
8 13 1.3494534751198648
8 14 1.1981292094943115
8 15 1.3283670175349245
8 16 1.2724574491549832
8 17 0.9462182902932907
8 18 1.277110509529006
8 19 1.2452031163161128
8 20 1.2888105962068328
8 21 1.3493490606702667
8 22 1.1765995390368271
8 23 1.3030285935589834
8 24 1.346671833281454
8 25 1.450143025004601
8 26 1.2986621889606225
8 27 1.4344687588480214
8 28 1.3227880128685696
8 29 1.2727733631423575
8 30 0.9121174573434948
8 31 1.425295059197685
8 32 1.4231924052918545
8 33 1.3140001760876647
8 34 1.387630292725486
8 35 1.4836011220496494
8 36 1.1323404945508062
8 37 1.4889648411267904
8 38 1.2602503270023597
8 39 1.3425826644655656
8 40 1.1931427074035554
8 41 1.2716866023582971
8 42 1.2513748495615076
8 43 1.4404681871841467
8 44 1.3034222119888375
8 45 1.3756647073671524
8 46 1.2712259423118917
8 47 1.2621812119022582
8 48 1.297999230705474
8 49 1.403326002807547
9 10 1.2917202555070095
9 11 1.4016458437070756
9 12 1.2094172278742608
9 13 1.3165444966602404
9 14 1.24098026319653
9 15 1.0341573249047231
9 16 1.145608657440196
9 17 1.1979321078863137
9 18 1.0630271646737015
9 19 1.0881582412215907
9 20 1.3606004419795967
9 21 1.2586637607561844
9 22 1.102755522708771
9 23 1.1486043513934796
9 24 1.4360729829375622
9 25 1.323345762819439
9 26 1.213702631168859
9 27 1.1862792631583716
9 28 1.034750659062116
9 29 1.366694222155952
9 30 1.2753098443861797
9 31 1.2476769823798062
9 32 1.2785533791622485
9 33 1.1795046989417612
9 34 1.371761295213206
9 35 1.3533388566897593
9 36 0.9099990307537815
9 37 1.3071177496934645
9 38 1.1395416875683853
9 39 1.4209332623942803
9 40 1.2319711443187638
9 41 1.3245021483198898
9 42 1.229418859437879
9 43 1.3159402511694949
9 44 1.1408891497284999
9 45 1.4337266561924138
9 46 1.1517106337850265
9 47 1.1680053793732657
9 48 1.450843477443824
9 49 1.4753691310979686
10 11 1.3156120515135465
10 12 1.260679070447805
10 13 1.3267558772749206
10 14 1.5792311025823567
10 15 1.2807211942320915
10 16 1.3144858483765987
10 17 1.4463596499549787
10 18 1.3300420726981166
10 19 1.3272109058195258
10 20 1.3963199879452888
10 21 1.4650462536828148
10 22 1.3923363327452731
10 23 1.2570749926360356
10 24 1.4086036071247834
10 25 1.258149375516425
10 26 1.4477234506488503
10 27 1.190123150309877
10 28 1.3388376334965215
10 29 1.4228221985140397
10 30 1.433455497349226
10 31 1.305524181813379
10 32 1.28271244909952
10 33 1.3769621494368909
10 34 1.438766450807128
10 35 1.3964244044398684
10 36 1.319073319368349
10 37 1.3282363499557188
10 38 1.2726935105861992
10 39 1.428842443437273
10 40 1.4105882705402808
10 41 1.4597407294081532
10 42 1.3660758820988688
10 43 1.1884688056345887
10 44 1.3029235909560195
10 45 1.39416819460876
10 46 1.2378606800592138
10 47 1.3420633898069039
10 48 1.4509241738597494
10 49 1.3074446365815215
11 12 1.3792940439600232
11 13 1.3414320057900262
11 14 1.369258368491997
11 15 1.3439073359649318
11 16 1.3963713654178496
11 17 1.3708751552428795
11 18 1.2635656827545243
11 19 1.3541210822797591
11 20 1.3694628096617614
11 21 1.4034353673536386
11 22 1.3618771059884907
11 23 1.3701584899245773
11 24 1.2899858892934704
11 25 1.2096118938333797
11 26 1.4751827461570253
11 27 1.3243431107330228
11 28 1.373443860649656
11 29 1.4100713222784544
11 30 1.3157715615183543
11 31 1.4312339104902951
11 32 1.2260057799329078
11 33 1.3417449256926048
11 34 1.4333745585363649
11 35 1.2836896201570847
11 36 1.391407518824181
11 37 1.3468395358660246
11 38 1.4001822986633372
11 39 1.457103411599864
11 40 1.3773210598750119
11 41 1.3997360247896404
11 42 1.3876563338613086
11 43 1.3099598044162961
11 44 1.3564467485856535
11 45 1.4187466711693042
11 46 1.2642718026684407
11 47 1.2357064992290758
11 48 1.418556732735367
11 49 1.3600698175880783
12 13 1.290341920044016
12 14 1.338355686000468
12 15 1.1308498485796292
12 16 1.1334804122598794
12 17 1.456912394662356
12 18 1.2286654398362837
12 19 1.1082456518684973
12 20 1.2623996767253214
12 21 1.321772596544377
12 22 1.177919248495333
12 23 1.3510939538764108
12 24 1.3162014911045272
12 25 1.3092406026571908
12 26 1.141627709598428
12 27 1.231496390000704
12 28 1.2575178812485281
12 29 1.400126592060143
12 30 1.3688715093976573
12 31 1.2535347482424593
12 32 1.267981409070194
12 33 1.2173266816839463
12 34 1.3342518679273916
12 35 1.287348746080232
12 36 1.179929906511205
12 37 1.307500521184791
12 38 1.1887764943483448
12 39 1.3034160886702342
12 40 1.3497204254798694
12 41 1.2568597962630668
12 42 1.3413328242154794
12 43 1.21118079081488
12 44 1.1390847269058093
12 45 1.3495637543641503
12 46 1.2302648445339952
12 47 1.3115492400243627
12 48 1.3695975081718292
12 49 1.3841390203533146
13 14 1.4129405711202785
13 15 1.3119269141936292
13 16 1.3766460719751978
13 17 1.3433895287643398
13 18 1.3664503442708134
13 19 1.3554334529505287
13 20 1.3326199854877048
13 21 1.4774768364607291
13 22 1.3516791379360347
13 23 1.2590347799953203
13 24 1.3679994944462694
13 25 1.360229855356547
13 26 1.3262143498772254
13 27 1.3246490099393966
13 28 1.3379413448393804
13 29 1.461254279839968
13 30 1.3482318270108131
13 31 1.2492432202583503
13 32 1.2257352404864528
13 33 1.3649378146740403
13 34 1.304274170755938
13 35 1.2435972653036325
13 36 1.374516293940628
13 37 1.4358771456252917
13 38 1.3239999985123279
13 39 1.2478240617352914
13 40 1.4555349266981954
13 41 1.32793954507574
13 42 1.3282646580894908
13 43 1.3224856269913068
13 44 1.2934415764334717
13 45 1.3049439510509702
13 46 1.321731646933609
13 47 1.2568470800381666
13 48 1.2594952655886482
13 49 1.4358717038273938
14 15 1.1956328038687658
14 16 1.3082390332870388
14 17 1.2770395395749075
14 18 1.2665627682661929
14 19 1.3343111981562905
14 20 1.2388173384956624
14 21 1.1969471393277715
14 22 1.2950171461998905
14 23 1.4081858491919144
14 24 1.3574648726435654
14 25 1.4566698196307815
14 26 1.3838242839237638
14 27 1.4729255357030662
14 28 1.3041081195141555
14 29 1.352228517813433
14 30 1.3439713685395387
14 31 1.4978097273719766
14 32 1.3775951476493389
14 33 1.3418223530251674
14 34 1.344408895238227
14 35 1.5099781539687025
14 36 1.2406848013419371
14 37 1.3347332173207507
14 38 1.3675016574592562
14 39 1.429129552121342
14 40 1.3567349771005226
14 41 1.274120845671305
14 42 1.3305576772679308
14 43 1.426531382119511
14 44 1.2514027176368654
14 45 1.4196914440728627
14 46 1.2947202265440512
14 47 1.3535726289851349
14 48 1.3523237534755554
14 49 1.3834694358083244
15 16 1.2255325019881995
15 17 1.3269098589632309
15 18 1.0576532056709527
15 19 1.2547757903976302
15 20 1.3782762405304851
15 21 1.2036321557504766
15 22 1.2935449353386128
15 23 1.2290528756762316
15 24 1.3321039557914711
15 25 1.3050129996875492
15 26 1.3503200869870982
15 27 1.1551611788982605
15 28 1.0909614042441382
15 29 1.3511235608607217
15 30 1.3693421986555196
15 31 1.3487140763339476
15 32 1.2835514232312137
15 33 1.2443512589713308
15 34 1.3244756647335914
15 35 1.253824076452464
15 36 1.1590705688965006
15 37 1.34020013796331
15 38 1.2818355376680595
15 39 1.3180894564570251
15 40 1.3358871862059207
15 41 1.3094648681842485
15 42 1.2435255164721697
15 43 1.1994832504323147
15 44 1.2035948871672117
15 45 1.3877716262557536
15 46 1.0450100234824022
15 47 1.2136379509879374
15 48 1.3951531733876104
15 49 1.4319450368883642
16 17 1.279746382318323
16 18 1.1726694497416956
16 19 0.45845092198557447
16 20 1.3028820593752377
16 21 1.2816505747185463
16 22 0.7708495725139589
16 23 1.1346372310881383
16 24 1.4350493331672052
16 25 1.4824720394044895
16 26 1.0086842262103628
16 27 1.225009625873611
16 28 1.2224990521306562
16 29 1.4237211248917485
16 30 1.1733521451318214
16 31 1.2830530441008645
16 32 1.238953489112668
16 33 1.2519949863706916
16 34 1.542242394449627
16 35 1.3041182063715073
16 36 1.0009527705800731
16 37 1.3616842662630995
16 38 0.4208818035252028
16 39 1.6031914718994789
16 40 1.3097724974813059
16 41 1.3395313850370523
16 42 1.3571751497506797
16 43 1.2383532211952393
16 44 1.0910993544570995
16 45 1.6261061240082957
16 46 1.1981393477972004
16 47 1.207717970757964
16 48 1.5510002945611197
16 49 1.3380519369665047
17 18 1.318438674098598
17 19 1.2938381462729225
17 20 1.2278195085113104
17 21 1.329965658687969
17 22 1.1464205778996692
17 23 1.2758676883919846
17 24 1.335641223659795
17 25 1.3909750248874662
17 26 1.3395086336103517
17 27 1.3707700672005505
17 28 1.2931384828481485
17 29 1.3664889560177216
17 30 0.8206441712312097
17 31 1.3637357197256148
17 32 1.4641081008552068
17 33 1.3589400816702186
17 34 1.3954293158573645
17 35 1.4799536103287088
17 36 1.1753687171178777
17 37 1.4434878141646614
17 38 1.212996802660535
17 39 1.2962147486969617
17 40 1.1570763151772379
17 41 1.3037354028696726
17 42 1.3308557161296481
17 43 1.3910793135035286
17 44 1.3003228361831038
17 45 1.372528246773225
17 46 1.3183048003170528
17 47 1.291553534731221
17 48 1.2880143797304813
17 49 1.218679651942468
18 19 1.1637283359559423
18 20 1.418699871542052
18 21 1.3016741372959026
18 22 1.1178933405008118
18 23 1.2001484865841987
18 24 1.3101741409605439
18 25 1.294948069094564
18 26 1.2185834072936665
18 27 1.2409775145727613
18 28 1.3205331407168783
18 29 1.3587474462466416
18 30 1.302386676355316
18 31 1.2848584859492322
18 32 1.2406317876339006
18 33 1.2443119147965793
18 34 1.400143358064831
18 35 1.3283763442392928
18 36 1.088026328918725
18 37 1.2953009473577544
18 38 1.1988871093151297
18 39 1.3824398124554946
18 40 1.2340069597191314
18 41 1.2863025872108698
18 42 1.3564986600282978
18 43 1.2586049799748595
18 44 1.2695814441709368
18 45 1.435301891130272
18 46 1.229915570482601
18 47 1.1297217729632392
18 48 1.4575440685532057
18 49 1.341576249056798
19 20 1.3277411237124155
19 21 1.2360624258604433
19 22 0.7458472733776049
19 23 1.1370925457655452
19 24 1.3995250179801484
19 25 1.437894701350666
19 26 0.9825528825046044
19 27 1.2541696526454207
19 28 1.2170255828911039
19 29 1.3648025215925146
19 30 1.2005798335101279
19 31 1.278178711280473
19 32 1.1997566597302356
19 33 1.2202936394089363
19 34 1.531573092467531
19 35 1.326877109181831
19 36 1.0428452976705356
19 37 1.3436539272321488
19 38 0.5429229333846731
19 39 1.574385308298012
19 40 1.295109971773953
19 41 1.3114513792470202
19 42 1.3848770731957596
19 43 1.2466099738133087
19 44 1.1005513607025048
19 45 1.5849028636758153
19 46 1.23380942368314
19 47 1.2074028193991961
19 48 1.53985886309917
19 49 1.3407622487928403
20 21 1.333414421338184
20 22 1.349897175928527
20 23 1.305298704339456
20 24 1.0112623251238124
20 25 1.298806443500154
20 26 1.3158338898393571
20 27 1.4040978060869662
20 28 1.2930734189104272
20 29 1.4125277849900721
20 30 1.258016434371626
20 31 1.2863882494454104
20 32 1.322669349896136
20 33 1.326325554256332
20 34 1.217972303131068
20 35 1.516250078255142
20 36 1.2443589492657647
20 37 1.366994836763097
20 38 1.281411793659751
20 39 1.2783410262408779
20 40 1.3831413835408877
20 41 1.3238912004169947
20 42 1.3484383116365766
20 43 1.316111308584347
20 44 1.2397390933832864
20 45 1.2771569751775946
20 46 1.2843790928344876
20 47 1.3834132387367493
20 48 1.2430331480092607
20 49 1.3029096987244666
21 22 1.277118514341043
21 23 1.4312438873401585
21 24 1.3491019321102786
21 25 1.4400782884552459
21 26 1.3562098681498296
21 27 1.3455959375195088
21 28 1.3261169253340062
21 29 1.0754806177656266
21 30 1.3926568849930496
21 31 1.402790583603182
21 32 1.2934473629991352
21 33 1.2751826224163485
21 34 1.3484382237717898
21 35 1.3962409102651525
21 36 1.2912713738674546
21 37 1.1800462066831923
21 38 1.322792069667128
21 39 1.3918047336193482
21 40 1.3968649649243856
21 41 1.1965270593394481
21 42 1.3028639256852974
21 43 1.349265062780112
21 44 1.3229350265017894
21 45 1.381818024383784
21 46 1.3639850319818598
21 47 1.304407649295021
21 48 1.342695877724512
21 49 1.3426082857045347
22 23 1.1425006983133277
22 24 1.3706085864041135
22 25 1.4766232132041615
22 26 1.0463436415942504
22 27 1.240300201662489
22 28 1.2793906974760678
22 29 1.4018874759477518
22 30 1.1123513381608048
22 31 1.2822107820095106
22 32 1.2470280024364064
22 33 1.2346557464394006
22 34 1.4562316350351132
22 35 1.3730059417506382
22 36 1.0747640958163645
22 37 1.3676125442639357
22 38 0.822992948901764
22 39 1.4158539356609152
22 40 1.2112695818233243
22 41 1.3008552080492406
22 42 1.313677618323783
22 43 1.2445674052190179
22 44 1.1038623792376827
22 45 1.4974283318069357
22 46 1.2528544285763128
22 47 1.1976797896609235
22 48 1.4130923145386354
22 49 1.3661764290935268
23 24 1.3674284514471622
23 25 1.3972424292922705
23 26 1.296414088895797
23 27 1.3098521301806578
23 28 1.1822325640675815
23 29 1.4431097681036158
23 30 1.311303350772162
23 31 1.3308570689482584
23 32 1.2083611835972106
23 33 1.2862835679704916
23 34 1.4481610636716251
23 35 1.3201016630576405
23 36 1.224102803945647
23 37 1.3571465921050243
23 38 1.1250017957075402
23 39 1.4204982177418506
23 40 1.4499667560267815
23 41 1.4606163436188904
23 42 1.2820810995649297
23 43 1.1688643094209692
23 44 1.3386583884537815
23 45 1.4598096476557592
23 46 1.2677957917199423
23 47 1.347853297834487
23 48 1.4770451053447877
23 49 1.3811886801243236
24 25 1.2982631792623378
24 26 1.3400279970303848
24 27 1.3564391380618046
24 28 1.3664038641932084
24 29 1.4120952942522123
24 30 1.3685231648866227
24 31 1.2712213418106642
24 32 1.3016487605889
24 33 1.2614563168108044
24 34 1.1762485842373394
24 35 1.461652492822208
24 36 1.3951040169999616
24 37 1.375098122349322
24 38 1.3853804055204022
24 39 1.1703432207719169
24 40 1.4145900000341083
24 41 1.3906763428058375
24 42 1.3910911582469732
24 43 1.2722793511518848
24 44 1.2094777678707505
24 45 1.1910560106151904
24 46 1.3136812714055093
24 47 1.3254460336182565
24 48 1.2118488311169355
24 49 1.3300845035156754
25 26 1.4351409960898913
25 27 1.2658876222081141
25 28 1.219220896203503
25 29 1.386718761491381
25 30 1.2893898508872916
25 31 1.3332360792649007
25 32 1.3607977897885417
25 33 1.454439377024365
25 34 1.2871581784780246
25 35 1.43331728763169
25 36 1.394381610322813
25 37 1.3466794108496762
25 38 1.4459696272568023
25 39 1.3141133185606182
25 40 1.366502121909486
25 41 1.370125702647294
25 42 1.3798172132729554
25 43 1.3011827898276023
25 44 1.4115589655482015
25 45 1.2430892434312886
25 46 1.3272872645193394
25 47 1.2663458908712735
25 48 1.380445742096118
25 49 1.389249765194743
26 27 1.262796251806882
26 28 1.3155645263216635
26 29 1.4787122252561538
26 30 1.2284627344009889
26 31 1.2069817838241856
26 32 1.3156110462302342
26 33 1.2264545200989516
26 34 1.4743058849812873
26 35 1.2096535724719346
26 36 1.1277512241576702
26 37 1.3201432482287618
26 38 1.0467301861019878
26 39 1.3699990799703317
26 40 1.3208357310590906
26 41 1.3619012416069862
26 42 1.4557758005977406
26 43 1.3513852708032972
26 44 1.2265348814822963
26 45 1.4564005968673366
26 46 1.3087768229443044
26 47 1.300062652942178
26 48 1.2811633343869602
26 49 1.403311779698601
27 28 1.2493239431245393
27 29 1.4229221704976787
27 30 1.3352048686336149
27 31 1.2463487101108153
27 32 1.2672991659162458
27 33 1.2409963787439944
27 34 1.4107317387254659
27 35 1.2869253347490843
27 36 1.1417746339950117
27 37 1.3117414096441027
27 38 1.1936800401724632
27 39 1.3936854059707589
27 40 1.3363854100591155
27 41 1.374256350563611
27 42 1.327056608826059
27 43 1.2456827069469978
27 44 1.2210788781538238
27 45 1.3957202359242642
27 46 1.247934592806405
27 47 1.29253794657009
27 48 1.4034482810910904
27 49 1.2838132530085433
28 29 1.4344215409526795
28 30 1.3235290002581441
28 31 1.2697281390412813
28 32 1.3590332478888614
28 33 1.274024612845276
28 34 1.4132316266755716
28 35 1.3278383099396165
28 36 1.2806898321033873
28 37 1.3254374696675004
28 38 1.1914778480678556
28 39 1.4480401020192446
28 40 1.3899033330708148
28 41 1.397474456500872
28 42 1.286259402516964
28 43 1.3116702174313968
28 44 1.2919171994920553
28 45 1.4735720769298852
28 46 1.1651530847963214
28 47 1.2874390692464348
28 48 1.3775759206450229
28 49 1.3625649016699877
29 30 1.4044744388465733
29 31 1.382993685783142
29 32 1.3590899030607204
29 33 1.264839766439686
29 34 1.2979306160160553
29 35 1.4477030093259498
29 36 1.3378835394903248
29 37 1.3228157597185153
29 38 1.4052981052463804
29 39 1.3933231967827853
29 40 1.3997703821504444
29 41 1.3679825716475773
29 42 1.3927393354424946
29 43 1.367325472545463
29 44 1.4127373369346727
29 45 1.2679154642479242
29 46 1.3292904565223378
29 47 1.3625510693924843
29 48 1.3641380326504116
29 49 1.3996555721561688
30 31 1.3190249072463893
30 32 1.464190474095118
30 33 1.3897323711109602
30 34 1.4011819379998385
30 35 1.5066396767998365
30 36 1.1545727393352403
30 37 1.5430141069165153
30 38 1.137928335308863
30 39 1.3461582806058792
30 40 1.1607532746476406
30 41 1.4499990379535088
30 42 1.4045810061611694
30 43 1.420351478008978
30 44 1.2891697652156735
30 45 1.4293495103697809
30 46 1.3301899905580339
30 47 1.2991927439926185
30 48 1.3310317683936668
30 49 1.3525590491551338
31 32 1.3197769110754225
31 33 1.2006415732994904
31 34 1.3795594544917997
31 35 1.3069532880682053
31 36 1.1974170499082877
31 37 1.3674579452123794
31 38 1.219587882787986
31 39 1.3157295178944128
31 40 1.3813610304491144
31 41 1.4492071290970987
31 42 1.2877762815056104
31 43 1.3300015815326378
31 44 1.2823309649582406
31 45 1.3811135331612787
31 46 1.2915062826869983
31 47 1.1809206170158981
31 48 1.3057869942434657
31 49 1.3915652779258383
32 33 1.3379064792954416
32 34 1.4096651131184614
32 35 1.241939652810575
32 36 1.3010523996201446
32 37 1.289997764476777
32 38 1.2174239788600214
32 39 1.395566116824574
32 40 1.479306279899836
32 41 1.2896935342670985
32 42 1.317984689129003
32 43 1.1714707776902988
32 44 1.3341341140324656
32 45 1.4182341796446682
32 46 1.2414867225238564
32 47 1.209432683850273
32 48 1.4446760251932254
32 49 1.3767543600649423
33 34 1.320230639891119
33 35 1.4030076931555169
33 36 1.1935371705673115
33 37 1.2658322017445454
33 38 1.2176420014639542
33 39 1.3356737729575319
33 40 1.4562539115472612
33 41 1.5763336925046858
33 42 1.2849227940068915
33 43 1.2225342175182543
33 44 1.1213335383123137
33 45 1.3317613129176187
33 46 1.2301038878209722
33 47 1.2722248669854375
33 48 1.3182856041532154
33 49 1.3947952625708677
34 35 1.5587203437110853
34 36 1.3526074455215673
34 37 1.3540806569565504
34 38 1.5476613218703326
34 39 0.7582994158073493
34 40 1.436482813214562
34 41 1.2851037972574584
34 42 1.476266397971925
34 43 1.3597129078752426
34 44 1.293303471627295
34 45 0.521044393673367
34 46 1.387772657475063
34 47 1.4080335777028878
34 48 0.9748068758546635
34 49 1.486663264793232
35 36 1.3885300098149949
35 37 1.3625603706964464
35 38 1.2994203487392435
35 39 1.4391565888868343
35 40 1.481885870785089
35 41 1.3524917306135968
35 42 1.319996719253829
35 43 1.3523727471565015
35 44 1.3798299275288615
35 45 1.5540858742155754
35 46 1.3068252716803994
35 47 1.3388959337812592
35 48 1.3891384610319364
35 49 1.3807242415013419
36 37 1.3963803172858185
36 38 0.9958365713736556
36 39 1.4355290028786554
36 40 1.2731407816579423
36 41 1.3385550492981737
36 42 1.2935964414241077
36 43 1.3028179876962394
36 44 1.0737245504798094
36 45 1.4115170413514058
36 46 1.1232697201758646
36 47 1.1177714844914926
36 48 1.3719525288080665
36 49 1.421907944412168
37 38 1.4075826468048478
37 39 1.3772867736299055
37 40 1.4021047372989421
37 41 1.1283291441147492
37 42 1.311051436967801
37 43 1.2882499874092344
37 44 1.385991415258785
37 45 1.322414367109928
37 46 1.3087623293407924
37 47 1.352579792003395
37 48 1.3646966560797356
37 49 1.3133003617450785
38 39 1.5830558603018445
38 40 1.2956535537021656
38 41 1.4027189500085726
38 42 1.3722226531289612
38 43 1.2478164296627499
38 44 1.0754323170940516
38 45 1.6142103580199332
38 46 1.2043589417449518
38 47 1.2094345522362104
38 48 1.492499130126109
38 49 1.3281120161413924
39 40 1.4462995629290527
39 41 1.3502011641581082
39 42 1.3923981995406365
39 43 1.3063114192496819
39 44 1.3462867217630892
39 45 0.7215998525619184
39 46 1.3885686052026087
39 47 1.4112699218411027
39 48 0.9293613159287971
39 49 1.4082929529159658
40 41 1.2421594751511742
40 42 1.401983253976288
40 43 1.375295680746734
40 44 1.3641716108941113
40 45 1.4249632962572447
40 46 1.3563395304427128
40 47 1.3056276695691964
40 48 1.400306036149503
40 49 1.3710712061417656
41 42 1.33806953334238
41 43 1.3678943100100216
41 44 1.4049374173757954
41 45 1.2722810362529797
41 46 1.3593072132179103
41 47 1.274569663701538
41 48 1.3413940281122325
41 49 1.2748774542829704
42 43 1.3325474297936097
42 44 1.3293216424405059
42 45 1.4485529801892718
42 46 1.3189793692472664
42 47 1.2698522281368751
42 48 1.4278873589166297
42 49 1.3942456119847848
43 44 1.3062579058139072
43 45 1.373246820015013
43 46 1.1768153423134489
43 47 1.2566466028337182
43 48 1.3739579497453513
43 49 1.33962477713926
44 45 1.3980467778350336
44 46 1.2621742846884987
44 47 1.2514745973895758
44 48 1.241881520035748
44 49 1.4239522795237807
45 46 1.436169282127548
45 47 1.4325467911463035
45 48 0.9362368895191147
45 49 1.448521286407173
46 47 1.2063797492743848
46 48 1.4406501773697133
46 49 1.3398483548196276
47 48 1.3796573591237775
47 49 1.3117323439409452
48 49 1.4014177307540954
