75 0
0 1 1.267093307589274
0 2 1.3199182241455754
0 3 1.3347782516674518
0 4 1.2340572127041756
0 5 1.4612229776843522
0 6 1.3307821406705758
0 7 1.3452244529931825
0 8 1.35870383730438
0 9 1.4861933772051223
0 10 1.4814628874074065
0 11 1.450150186181021
0 12 1.5505123154225762
0 13 1.419235765706327
0 14 1.2202352175166562
0 15 1.4360116842906534
0 16 1.479665294008862
0 17 1.4043145355140056
0 18 1.508969414720893
0 19 1.3695804246115544
0 20 1.3727692280718062
0 21 1.24886829036492
0 22 1.4294084160217988
0 23 1.365431933432574
0 24 1.4689401445639296
0 25 0.5558984457364259
0 26 1.330797928725787
0 27 1.4644070729193304
0 28 1.413093760585055
0 29 1.2323274613873751
0 30 1.239860085561502
0 31 1.4767675901053392
0 32 1.2905208283231304
0 33 1.4931299981993538
0 34 0.6966825007820767
0 35 1.3510284414363605
0 36 1.5492722756267152
0 37 1.3549553826842435
0 38 1.120920182888276
0 39 1.4869178478417335
0 40 1.3144637669817019
0 41 1.3835319890196223
0 42 1.1918029264230878
0 43 1.4018139910354854
0 44 1.2712111020522343
0 45 1.3110793814447737
0 46 1.466821924386263
0 47 1.4263585692358391
0 48 1.401375970333491
0 49 1.3610108127232539
0 50 1.370812797754439
0 51 1.3694934610336091
0 52 1.4135428552953557
0 53 1.4670534640245823
0 54 1.4214557490590578
0 55 1.3453833804583688
0 56 1.59383773652086
0 57 1.3520137791112317
0 58 1.3603232327723598
0 59 1.4076412362363782
0 60 1.5127160726132507
0 61 1.5457145511271688
0 62 1.4066227635299076
0 63 1.3572318027234247
0 64 1.4710839525888828
0 65 1.5726123444069686
0 66 1.279984510941058
0 67 1.2970144092193359
0 68 1.0814266353405573
0 69 1.4473698144224756
0 70 1.362029637676332
0 71 1.6023498623005838
0 72 1.460201080449587
0 73 1.3488911465655362
0 74 1.347213644789388
1 2 1.2365459291080967
1 3 1.1776996568122118
1 4 1.2245213176846745
1 5 1.216923846324389
1 6 1.0360471312415878
1 7 1.3127608905695205
1 8 1.2874221482779926
1 9 1.1502785126376436
1 10 1.3233935552687452
1 11 1.3877073088846437
1 12 1.3951613835240482
1 13 1.4047218786027984
1 14 1.2132433352999863
1 15 1.2950845668918807
1 16 1.3896389880625835
1 17 1.178766766081872
1 18 1.400262135508558
1 19 1.2195898062452866
1 20 1.2511084431492985
1 21 1.1098216095151208
1 22 1.3183704209972689
1 23 1.1511745442954806
1 24 1.3041544311195636
1 25 1.2202349641988393
1 26 1.3844820165904508
1 27 1.2190145535441155
1 28 1.3001847151299615
1 29 1.0734580915813332
1 30 1.2171520880314968
1 31 1.3419711886066352
1 32 1.4185165451582151
1 33 1.2554172215743211
1 34 1.233495274057491
1 35 1.4095847771360743
1 36 1.2187829678702593
1 37 1.2773775309549924
1 38 1.3072679059403303
1 39 1.1562511138473603
1 40 1.2594839245138323
1 41 1.2305548386196308
1 42 1.3229793209448655
1 43 1.3930588398643018
1 44 0.9995075231942839
1 45 1.1442942175739903
1 46 1.2681637903238874
1 47 1.2418179432821022
1 48 1.2365652281120556
1 49 1.287437502891691
1 50 1.4224437576099052
1 51 1.111316826528334
1 52 1.110561678677746
1 53 1.2305469292270639
1 54 1.2215091661554047
1 55 0.9838164746369769
1 56 1.3003134607658684
1 57 1.0081206610839177
1 58 1.024329958366385
1 59 1.033956817026667
1 60 1.3604042962907554
1 61 1.222314692535387
1 62 1.239287712180116
1 63 1.0721653674572054
1 64 1.1808477761090235
1 65 1.2845336878001423
1 66 1.1787200684026555
1 67 1.2581173799681693
1 68 1.3034663967818354
1 69 1.1998627158290578
1 70 1.3942687155094344
1 71 1.2848994662839714
1 72 1.3504973673176455
1 73 1.2769131945431051
1 74 1.4133380323994411
2 3 1.1278387990194256
2 4 1.1936918348908387
2 5 1.3212579987953597
2 6 1.227503597108347
2 7 1.3949962788417167
2 8 1.2724374888614527
2 9 1.318787442189045
2 10 1.2467329872402786
2 11 1.4561407600333416
2 12 1.2803488846524456
2 13 1.4008347397074148
2 14 1.2251363612753416
2 15 1.2529734442298708
2 16 1.285134199695209
2 17 1.273103584511852
2 18 1.18215897758337
2 19 1.2831006627922543
2 20 1.4618074126248863
2 21 1.2791720926917305
2 22 1.4336200090136437
2 23 1.1577564716069948
2 24 1.2573362893681228
2 25 1.3465868595565693
2 26 1.3893974554640967
2 27 1.1744153140150664
2 28 1.064230612148356
2 29 1.238765147993181
2 30 1.2905017563030152
2 31 1.3933781091698876
2 32 1.3714496310302662
2 33 1.2812273763522903
2 34 1.3100283564124178
2 35 1.3881993590730726
2 36 1.1876382083170647
2 37 1.2923236963522666
2 38 1.4961430188765033
2 39 1.2802864321754335
2 40 1.2642356608711285
2 41 1.2969582943861087
2 42 1.229496359803042
2 43 1.3720230681345154
2 44 1.0637898580362097
2 45 1.2074470642281525
2 46 1.3440071266000162
2 47 0.9027773904234873
2 48 1.3376154838730756
2 49 1.1301637479968425
2 50 1.2525485348060539
2 51 1.2676580469449672
2 52 1.1725001120199916
2 53 1.3070642092096432
2 54 1.367747723336317
2 55 1.3575426234131807
2 56 1.1891747302752038
2 57 1.2396597532332827
2 58 1.0923022022405289
2 59 1.32031227170183
2 60 1.342213681855742
2 61 1.1766313002211848
2 62 1.1191392563767042
2 63 1.2709037640297722
2 64 1.3022904964826147
2 65 1.2328396588318706
2 66 1.2358017803263035
2 67 1.5097664291147497
2 68 1.4005364473067325
2 69 1.117198065699854
2 70 1.2925835053118082
2 71 1.1992053609754254
2 72 1.4022082625044507
2 73 1.2252043342817123
2 74 1.4261417010191961
3 4 1.2063839749256298
3 5 1.0273396481260124
3 6 1.0038128612748338
3 7 1.2578717453746633
3 8 1.3085344734585622
3 9 1.1989726842088266
3 10 1.2068757873984173
3 11 1.4232005920932531
3 12 1.3414161268323899
3 13 1.1183714614634113
3 14 1.2212054508291792
3 15 1.063872325778079
3 16 1.2262173679149595
3 17 1.1986394990314202
3 18 1.0904472504713019
3 19 1.2568144350196777
3 20 1.4341673158827488
3 21 1.1740759544103299
3 22 1.254812605608743
3 23 0.9983048317213508
3 24 1.3266439656010776
3 25 1.3467141454192921
3 26 1.3574430253659941
3 27 1.104689310269256
3 28 1.165416096773538
3 29 1.1073176884869158
3 30 1.2323713564407792
3 31 1.4820166833868287
3 32 1.1456324847861317
3 33 1.2499370081894177
3 34 1.3412917671233369
3 35 1.0712054686850325
3 36 1.0578112819996341
3 37 1.258169434379639
3 38 1.398852089336558
3 39 1.270508672639971
3 40 1.2120127561039258
3 41 1.0848934658416123
3 42 1.2341521093964707
3 43 1.351036618128332
3 44 0.9261349166050018
3 45 1.209371231666479
3 46 1.1878261112284265
3 47 1.0464565666051169
3 48 1.2763218845241016
3 49 1.0157894137552845
3 50 1.1715709832761032
3 51 1.2355804303507456
3 52 1.0588029209558836
3 53 1.079656288504355
3 54 1.3586218081998953
3 55 1.2921890842671455
3 56 1.0844394672906092
3 57 1.1013524575919122
3 58 1.004528696347468
3 59 1.23242330892628
3 60 1.2757581011735393
3 61 1.060305238029088
3 62 1.1751598767585478
3 63 1.249077601470117
3 64 1.3584540604157511
3 65 1.1248761837139711
3 66 1.194290273814654
3 67 1.3879306392512225
3 68 1.336769342866194
3 69 1.122270272485616
3 70 1.3107689627434935
3 71 1.082812315375638
3 72 1.279888705194473
3 73 1.143100416485978
3 74 1.268997732382706
4 5 1.3357745270730552
4 6 1.2565963957961495
4 7 1.2939368148701418
4 8 1.3570486263136263
4 9 1.2847096012967496
4 10 1.418387853050143
4 11 1.3917330235566931
4 12 1.433736795455873
4 13 1.3369191315289553
4 14 1.1908924623953208
4 15 1.257412532814935
4 16 1.3795790927111373
4 17 1.2975839969437428
4 18 1.3399539669197404
4 19 1.196065829212494
4 20 1.3311259965660247
4 21 1.1703673030756592
4 22 1.3861602281290557
4 23 1.2376619613228006
4 24 1.287502064903728
4 25 1.2370139044851773
4 26 1.3874402293406847
4 27 1.2288597248972266
4 28 1.2699324579256255
4 29 1.1815291395742211
4 30 1.4052847277718177
4 31 1.3330924986594366
4 32 1.3265685450908966
4 33 1.3199946304636772
4 34 1.2532364170140826
4 35 1.3215671601130174
4 36 1.2323155231069334
4 37 1.2684356625773467
4 38 1.4872247631675544
4 39 1.2900949983249055
4 40 1.3381871113034216
4 41 1.327016270712131
4 42 1.2625005645661693
4 43 1.418549055846755
4 44 1.104592470396125
4 45 1.200780708850567
4 46 1.1438995742443903
4 47 1.2040775985015073
4 48 1.0756200845503212
4 49 1.3608551409684844
4 50 1.3068552900127903
4 51 1.209036905881245
4 52 1.219776477202758
4 53 1.2978781770885697
4 54 1.332007281436554
4 55 1.2284089340730828
4 56 1.2878068837440366
4 57 1.2093695352757532
4 58 1.163667567495677
4 59 1.274899637583016
4 60 1.350903584903967
4 61 1.2213051103046237
4 62 1.348331807307443
4 63 1.2956512878469704
4 64 1.356096024969973
4 65 1.3055203745637007
4 66 1.2241684711691034
4 67 1.2925760991040676
4 68 1.402736646780236
4 69 1.2841947266919607
4 70 1.2817560148829918
4 71 1.282272126369087
4 72 1.3648749334791395
4 73 1.3975985663403254
4 74 1.307231407636376
5 6 1.0514952466306058
5 7 1.1008438368754045
5 8 1.3116474891365821
5 9 1.073723682751823
5 10 1.234147818801829
5 11 1.3259148062835648
5 12 1.2449587102708246
5 13 1.1841404858329756
5 14 1.3580046776118195
5 15 1.0399493729080742
5 16 1.3123586115241135
5 17 1.120958223747354
5 18 1.1888777157184336
5 19 1.2629786585853977
5 20 1.4314610144820186
5 21 1.2946849849359123
5 22 1.2678551171500765
5 23 1.0094015533797767
5 24 1.3671842288187193
5 25 1.5075773602505766
5 26 1.3321177685301664
5 27 1.037839681005947
5 28 1.309880518591167
5 29 1.2187766361563672
5 30 1.3021096035757809
5 31 1.3836625112209042
5 32 1.171390222796037
5 33 1.2811500412001584
5 34 1.554458316961953
5 35 1.2030637883026727
5 36 0.9691220374533143
5 37 1.3773433954378518
5 38 1.4952481657311476
5 39 1.3513237588013463
5 40 1.2739792747434475
5 41 1.0218160517671449
5 42 1.315697371768709
5 43 1.3290567168509535
5 44 1.0032999822376438
5 45 1.2383368563972246
5 46 1.3185863561229818
5 47 1.1724116557251574
5 48 1.2904331511550016
5 49 1.0855175532713006
5 50 1.3035793964734306
5 51 1.3592899506961775
5 52 1.0467274953756895
5 53 1.0169030030238928
5 54 1.4125153298105788
5 55 1.2902852113198684
5 56 1.07283701498836
5 57 1.1260482396485159
5 58 1.1111132792795932
5 59 1.1882720200582957
5 60 1.2637217418390134
5 61 1.0572155688667553
5 62 1.0953288475461627
5 63 1.2980879600199167
5 64 1.4144432301815921
5 65 1.0274612154764822
5 66 1.1457252666148088
5 67 1.458907015056563
5 68 1.4404409217408887
5 69 1.0726748227507081
5 70 1.3397587101672646
5 71 1.0349624192617144
5 72 1.2824309453802138
5 73 1.2787954540549786
5 74 1.26884304018639
6 7 1.2326105917266306
6 8 1.34049445468383
6 9 1.1444350908087202
6 10 1.367038774405357
6 11 1.384717997646282
6 12 1.413482204062087
6 13 1.3010675299180618
6 14 1.2441375557836174
6 15 1.1821405089133579
6 16 1.400857708503528
6 17 1.1608273874868935
6 18 1.303618209040209
6 19 1.1783870949714503
6 20 1.3488387961467274
6 21 1.228735598933732
6 22 1.2631656662433086
6 23 1.011203037564358
6 24 1.2892490662161407
6 25 1.2945910132340324
6 26 1.3210811988541749
6 27 1.1472466646474135
6 28 1.3438447480079492
6 29 1.1089683458512083
6 30 1.2816878148849777
6 31 1.3663305287345389
6 32 1.258941135587546
6 33 1.275260513304421
6 34 1.3467887594907006
6 35 1.256762774712918
6 36 1.0814777766816712
6 37 1.3750274042615929
6 38 1.4155978016018984
6 39 1.2295767760135787
6 40 1.3261553990871018
6 41 1.243687775064798
6 42 1.2684601867115934
6 43 1.514700394096674
6 44 0.9775124713767825
6 45 1.1967907747083977
6 46 1.2654814259673395
6 47 1.1414193824438394
6 48 1.30654998161555
6 49 1.2066270603854015
6 50 1.3888784718785656
6 51 1.1017199942232507
6 52 1.09689980402856
6 53 1.0763178959386948
6 54 1.2206054200274206
6 55 1.2233933650332418
6 56 1.162509045281228
6 57 1.0831405987970188
6 58 0.8395008287626404
6 59 1.160813539931437
6 60 1.3978861060462366
6 61 1.1057180979196501
6 62 1.260710624271328
6 63 1.0154876013701004
6 64 1.258918758994321
6 65 1.1598206638429054
6 66 1.1653421688734826
6 67 1.3518543391585538
6 68 1.391563889652183
6 69 1.150923098959844
6 70 1.3867593025542382
6 71 1.1602504783104108
6 72 1.2320572675643013
6 73 1.3257457311316587
6 74 1.3000738527912112
7 8 1.2873206891959728
7 9 1.23060468099273
7 10 1.3219898244541626
7 11 1.3675771086000146
7 12 1.2369431197476701
7 13 1.3547957310030294
7 14 1.2838799556455123
7 15 1.0879355980206231
7 16 1.323250306231983
7 17 1.2641823627483566
7 18 1.2070375337709263
7 19 1.2335093714645413
7 20 1.4012024870701763
7 21 1.2720047508072865
7 22 1.3177407981044322
7 23 1.1798960461385009
7 24 1.398430615975915
7 25 1.4138537453690696
7 26 1.3155339090816611
7 27 1.1812346423086322
7 28 1.366313709564008
7 29 1.1823796343578648
7 30 1.3397156147204203
7 31 1.3756767035320923
7 32 1.1235621648038228
7 33 1.243675081531196
7 34 1.4149532085071366
7 35 1.3005115944696892
7 36 1.0905323020671405
7 37 1.3143764859457576
7 38 1.3563343230239142
7 39 1.3840380763382378
7 40 1.3140808284950316
7 41 1.3104228303395713
7 42 1.3060969122175372
7 43 1.3046046719768067
7 44 1.0931955172779435
7 45 1.2079405268917884
7 46 1.4003127691118185
7 47 1.2142839678384079
7 48 1.369281193300125
7 49 1.2409347160135547
7 50 1.1684223901799191
7 51 1.372161739801557
7 52 1.2291393383770444
7 53 1.1606875245689203
7 54 1.3735931518307307
7 55 1.319862348652166
7 56 1.184029650279885
7 57 1.1716477102538805
7 58 1.268992131496617
7 59 1.339799888773236
7 60 1.309847948646082
7 61 1.1762051921333714
7 62 1.2621298988059644
7 63 1.2900782592586728
7 64 1.4286827029423304
7 65 1.1728860763948232
7 66 1.1634909108756173
7 67 1.3561587248818308
7 68 1.3828068279339947
7 69 1.2115285733494292
7 70 1.3625827938621446
7 71 1.1759018499273401
7 72 1.3989045200770138
7 73 1.2597240929232867
7 74 1.1919179852397679
8 9 1.425037151942108
8 10 1.276145955333329
8 11 1.3422835035557645
8 12 1.33142571317204
8 13 1.508467874105149
8 14 1.2971528662073777
8 15 1.3594184085030192
8 16 1.3836540273756044
8 17 1.3366303401364403
8 18 1.3123803266709362
8 19 1.3375833799035466
8 20 1.361731328683479
8 21 1.2988478168536215
8 22 1.391305153213706
8 23 1.3158503136881845
8 24 1.4233716530953342
8 25 1.4159323140498081
8 26 1.4418148526352506
8 27 1.2472850484326423
8 28 1.3277595266766533
8 29 1.2785122824806854
8 30 1.3059005923741187
8 31 1.387783256008618
8 32 1.4741572167942028
8 33 1.4337106580277064
8 34 1.376554897345511
8 35 1.5098157156429735
8 36 1.3450129928362033
8 37 1.309462255491752
8 38 1.4639565928801856
8 39 1.2566153162525033
8 40 1.2880505501132997
8 41 1.302137717946208
8 42 1.3401572261847192
8 43 1.3477720474661172
8 44 1.3318380109223757
8 45 1.310470430499053
8 46 1.3563751347553312
8 47 1.3265891961428173
8 48 1.4122246241878902
8 49 1.213076572372612
8 50 1.2833315908185061
8 51 1.362661640773158
8 52 1.3280490084804952
8 53 1.4118753909722235
8 54 1.2630181910313718
8 55 1.3942011995726569
8 56 1.3490967758092416
8 57 1.378487793838761
8 58 1.3458164558323424
8 59 1.409425317331017
8 60 1.3487076355356447
8 61 1.406854211939495
8 62 1.2444810503180297
8 63 1.381026429041753
8 64 1.3912622198479279
8 65 1.3015923743049538
8 66 1.3160454411150455
8 67 1.420724211481457
8 68 1.4804669071424132
8 69 1.26411083952582
8 70 1.3371020207402176
8 71 1.3811762258599916
8 72 1.4464341260654683
8 73 1.305866855297766
8 74 1.4881501071756866
9 10 1.3708514924307136
9 11 1.353764356527029
9 12 1.2480273529278032
9 13 1.260301245369716
9 14 1.3871949693229948
9 15 1.0653937448000863
9 16 1.4105817288264006
9 17 1.185441314395504
9 18 1.2479109681652452
9 19 1.239094284317122
9 20 1.4057893800948587
9 21 1.2659692946287886
9 22 1.1950302249981153
9 23 1.030881621808317
9 24 1.1115220829665273
9 25 1.5000028213460856
9 26 1.4071376983765214
9 27 1.1770964623155602
9 28 1.3214630775017795
9 29 1.1462805575093076
9 30 1.3765166001206945
9 31 1.3650418748598196
9 32 1.2726955077658137
9 33 1.094151715408956
9 34 1.49408071458783
9 35 1.2762424535320926
9 36 1.0411503813904308
9 37 1.366812044919476
9 38 1.549593666032726
9 39 1.1832612275743146
9 40 1.2247258572071549
9 41 1.106199704062363
9 42 1.3983705026126596
9 43 1.4053262519987255
9 44 1.0158732193261744
9 45 1.1300859430409473
9 46 1.2647116051702452
9 47 1.2233510738714268
9 48 1.2429936073016226
9 49 1.2879839528415329
9 50 1.3769656191923352
9 51 1.0893581827133256
9 52 1.0190202987313017
9 53 1.0500865739057181
9 54 1.340852402481755
9 55 1.2416005047739498
9 56 1.0731018108192047
9 57 1.1014216756227377
9 58 1.0591370874637203
9 59 1.1763380685208382
9 60 1.2969302656667923
9 61 1.0351779244326558
9 62 1.2287707129170287
9 63 1.1728810626115014
9 64 1.2346533384350582
9 65 1.0786769927646982
9 66 1.1250956506230605
9 67 1.4491437163938816
9 68 1.4618235825051165
9 69 1.0514585519138164
9 70 1.3370798830283719
9 71 1.0172461747953148
9 72 1.248383428317305
9 73 1.347397132170037
9 74 1.371353627142129
10 11 1.354493314506299
10 12 1.2679860146754398
10 13 1.3574270792352234
10 14 1.3699309245122113
10 15 1.2496045093620163
10 16 1.0787292898376313
10 17 1.3513313671285534
10 18 1.1836135851365917
10 19 1.4100306196678485
10 20 1.3747528282095587
10 21 1.4233583935095755
10 22 1.3762893907423466
10 23 1.2853966919301936
10 24 1.5212494016306026
10 25 1.4981266786157479
10 26 1.4276853228236865
10 27 1.2243761981010903
10 28 1.0021612044397554
10 29 1.30166978029109
10 30 1.4180518726712508
10 31 1.3474396053103692
10 32 1.3299148395344442
10 33 1.2117345905248262
10 34 1.4120463793720741
10 35 1.3957251261640804
10 36 1.2256792670860293
10 37 1.2476035293557914
10 38 1.4423543196605038
10 39 1.3390613344242754
10 40 1.269919000485661
10 41 1.1987783756057184
10 42 1.3681961195163133
10 43 1.2053710131690298
10 44 1.3177966503812504
10 45 1.3762520805541112
10 46 1.3416833116879425
10 47 1.2787007312347867
10 48 1.389347953483361
10 49 1.103837516642845
10 50 1.238097428772553
10 51 1.4840602666831357
10 52 1.3878187838509002
10 53 1.2357416348616057
10 54 1.370567971104797
10 55 1.3995691603980753
10 56 1.2538012078775285
10 57 1.3460165510807103
10 58 1.3372964179271416
10 59 1.4569318298991583
10 60 1.3382271442120646
10 61 1.2840181596256945
10 62 1.2916358428404835
10 63 1.3959112010080448
10 64 1.439272951828418
10 65 1.3177464750934291
10 66 1.2903764871395795
10 67 1.3766146468174656
10 68 1.4005855832204417
10 69 1.1781431893433234
10 70 1.2121665115934042
10 71 1.2384076882558108
10 72 1.451456361076672
10 73 1.0564029444749101
10 74 1.3944073476710221
11 12 1.324949935001317
11 13 1.3618398606048945
11 14 1.4872747170022753
11 15 1.3100494028291496
11 16 1.2914021735608183
11 17 1.3948215677376163
11 18 1.3745167769863473
11 19 1.401610039248363
11 20 1.420674379001463
11 21 1.3137859220586252
11 22 1.420053769407625
11 23 1.2762943204396113
11 24 1.403131723618602
11 25 1.4280478363754763
11 26 1.3136214304088414
11 27 1.4419750036925338
11 28 1.3258428608147186
11 29 1.3914094096319511
11 30 1.3225327711762327
11 31 1.3368088568621128
11 32 1.330486533442298
11 33 1.364749835267918
11 34 1.4046574087210808
11 35 1.368986314558059
11 36 1.4421866195413737
11 37 1.2203683718050833
11 38 1.3098770632286512
11 39 1.3478744256379076
11 40 1.3406623276359226
11 41 1.3979748922784194
11 42 1.3500650476880887
11 43 1.290494006449156
11 44 1.3841223201071764
11 45 1.3559953857554914
11 46 1.4065567405836894
11 47 1.3962035649716096
11 48 1.3280313718195256
11 49 1.5201177333411564
11 50 1.3718690715352033
11 51 1.274571490092392
11 52 1.3359546945666583
11 53 1.3556795415302727
11 54 1.3812502842865553
11 55 1.3513181172686128
11 56 1.4466870145918511
11 57 1.3425170364424717
11 58 1.5117444358736258
11 59 1.3601953260268642
11 60 1.3615020842246488
11 61 1.4833629279123306
11 62 1.2886599423242349
11 63 1.5382213470339232
11 64 1.5072576602707457
11 65 1.4250710838464913
11 66 1.3513092697270017
11 67 1.410151718326971
11 68 1.3328371348475379
11 69 1.2568046245958473
11 70 1.2817841476333378
11 71 1.4268134233119485
11 72 1.3201841158509457
11 73 1.2527338632444003
11 74 1.403050379479774
12 13 1.3669100387945685
12 14 1.4135064923965308
12 15 1.2010293093397966
12 16 1.2229756646949883
12 17 1.3790872329145696
12 18 1.3294015182461931
12 19 1.4022413387283248
12 20 1.5266250221592885
12 21 1.3098399559438563
12 22 1.3740140137175558
12 23 1.2831974946274605
12 24 1.3908284441528507
12 25 1.5530019454468387
12 26 1.3935229302546508
12 27 1.323133541723683
12 28 1.3041988396164435
12 29 1.3634925441084833
12 30 1.399919082895728
12 31 1.4774665762689283
12 32 1.3641171130723357
12 33 1.3431514136043659
12 34 1.5630751037778907
12 35 1.3757426918444944
12 36 1.285048501191693
12 37 1.2766063087890893
12 38 1.4340720730442662
12 39 1.3505771844616692
12 40 1.3867108383787072
12 41 1.3113416723587978
12 42 1.3400915117224885
12 43 1.2676433014965534
12 44 1.247535869033688
12 45 1.328495639976238
12 46 1.373780772067881
12 47 1.307697836964429
12 48 1.3881564780360194
12 49 1.4400376442723373
12 50 1.349273167576107
12 51 1.3478536321623167
12 52 1.2745803133867721
12 53 1.3054600543043915
12 54 1.4139505990911956
12 55 1.4060341966287646
12 56 1.3179830091644151
12 57 1.3100417655468024
12 58 1.322379939012106
12 59 1.4098721223794544
12 60 1.315532419209553
12 61 1.2945369920128438
12 62 1.258276796500953
12 63 1.3696538394289262
12 64 1.330646648879496
12 65 1.2638483897506188
12 66 1.2744050361080717
12 67 1.4689258128424878
12 68 1.4121763479964082
12 69 1.1974296996354108
12 70 1.3328075151370893
12 71 1.267963327294184
12 72 1.476156436591464
12 73 1.192751499361848
12 74 1.3219742240827046
13 14 1.3836680405881723
13 15 1.2240218112567012
13 16 1.324780429316387
13 17 1.4041900919762482
13 18 1.3022750652462496
13 19 1.3944228622944685
13 20 1.464214502125055
13 21 1.4587947620513237
13 22 1.2609426061952547
13 23 1.2716720258632133
13 24 1.3456378920208567
13 25 1.4208692075462737
13 26 1.3756932735505094
13 27 1.2564010601869011
13 28 1.3467032981773108
13 29 1.417625669020698
13 30 1.3860562607162237
13 31 1.415760529997186
13 32 0.9098076433637248
13 33 1.3819449621319508
13 34 1.4375945715962264
13 35 0.7119387703628235
13 36 1.1871011296549034
13 37 1.4085197069154503
13 38 1.466344169463153
13 39 1.4144176870810927
13 40 1.4166894247140678
13 41 1.192748952721061
13 42 1.2517837245094876
13 43 1.4293699150843213
13 44 1.284658752405815
13 45 1.3691744098986596
13 46 1.4386467120987891
13 47 1.267841716436485
13 48 1.409851059652961
13 49 1.3587133435002519
13 50 1.3547661102952484
13 51 1.3762401729906406
13 52 1.2657150255721659
13 53 1.224765061801386
13 54 1.422083646381262
13 55 1.4160498247802553
13 56 1.172378060440236
13 57 1.2835087934505334
13 58 1.366320908636033
13 59 1.4293326943105378
13 60 1.3828224723073228
13 61 1.1638832015948783
13 62 1.3837820449302598
13 63 1.3810981547567576
13 64 1.3827334659954265
13 65 1.217580987725234
13 66 1.392715828795298
13 67 1.304173746004911
13 68 1.3208152159990691
13 69 1.2765545873928952
13 70 1.3136800002765194
13 71 1.1749241898773581
13 72 1.2933114887990174
13 73 1.3839937125218653
13 74 1.02959350130468
14 15 1.309324542314574
14 16 1.3998394264819947
14 17 1.2291945020995165
14 18 1.350007783124852
14 19 1.0737642117158532
14 20 1.3424786436623954
14 21 1.2182518407448173
14 22 1.432451987783132
14 23 1.1056083232031118
14 24 1.4872255633565339
14 25 1.1392264701955324
14 26 1.2708187349985527
14 27 1.1504622471077723
14 28 1.3456169882671603
14 29 1.1794744930309011
14 30 1.2762410117226808
14 31 1.3964677198998066
14 32 1.2748209034125408
14 33 1.4208688690649889
14 34 1.212208801655681
14 35 1.333332643265868
14 36 1.160931352285952
14 37 1.333596822359898
14 38 1.3243618054751276
14 39 1.37452085564708
14 40 1.2560199430029837
14 41 1.3524343657934919
14 42 1.2761898987484899
14 43 1.42113636912197
14 44 1.153755307751112
14 45 1.222601802410918
14 46 1.4211622606322087
14 47 1.1588549429264299
14 48 1.3587492350370596
14 49 1.3216975381843423
14 50 1.4071190919904535
14 51 1.4288102996677599
14 52 1.3246681735460955
14 53 1.2971088960612964
14 54 1.395918213430011
14 55 1.359870477798036
14 56 1.2832534974833656
14 57 1.0044900644534338
14 58 1.1619188985287707
14 59 1.366218703198145
14 60 1.4003255861944266
14 61 1.142156618665565
14 62 1.3516879071927521
14 63 1.2464029427458734
14 64 1.3611634643550514
14 65 1.293262043796943
14 66 1.2789575979314458
14 67 1.267216292197818
14 68 1.3621926447207695
14 69 1.2726085317629756
14 70 1.4116280404280466
14 71 1.233776766115872
14 72 1.3787542145643885
14 73 1.3719007153980305
14 74 1.175443232956138
15 16 1.213360738235036
15 17 1.2307876680217256
15 18 1.1563555833854227
15 19 1.1247001938785717
15 20 1.4935501235781965
15 21 1.2673895823080885
15 22 1.28836727754398
15 23 1.0543696304876464
15 24 1.3345860803136649
15 25 1.4973791613121445
15 26 1.4206855826091358
15 27 1.1996090479676615
15 28 1.2653608905725546
15 29 1.281223094472159
15 30 1.455552060117637
15 31 1.4420481428368288
15 32 1.130915586010725
15 33 1.281821198281066
15 34 1.5256109754605205
15 35 1.1348216384871785
15 36 1.048996181311422
15 37 1.3332601001948854
15 38 1.4074632738517365
15 39 1.314556517502657
15 40 1.322160896741823
15 41 1.1469122028306937
15 42 1.257888798963314
15 43 1.327609259166807
15 44 1.0467141399812963
15 45 1.2414692069682036
15 46 1.338617640209827
15 47 1.095183832273289
15 48 1.3652060015792087
15 49 1.2578086620307605
15 50 1.2318599301829127
15 51 1.3197669078377194
15 52 1.1361244214325195
15 53 0.7883423483088188
15 54 1.481139747360164
15 55 1.384517625033864
15 56 1.1607742549344744
15 57 1.1570583617306835
15 58 1.1331562356830889
15 59 1.335236345765013
15 60 1.1957465837266756
15 61 1.1101119860410749
15 62 1.2116344416951452
15 63 1.3207361189880131
15 64 1.3385787014897161
15 65 1.1564744183787823
15 66 1.0661200759637348
15 67 1.4634650768132698
15 68 1.38097678563863
15 69 1.10935605529062
15 70 1.2755691100021789
15 71 1.1109417357952163
15 72 1.3465615604638943
15 73 1.3028009594853056
15 74 1.2089465090151652
16 17 1.3148312840240894
16 18 1.1765679944975909
16 19 1.4430334794840045
16 20 1.4352602552833134
16 21 1.4279632108766953
16 22 1.385500515229322
16 23 1.3260834605480842
16 24 1.4696763917587443
16 25 1.4997190313061315
16 26 1.5222626130283163
16 27 1.3265404339878446
16 28 0.8102579993148843
16 29 1.4157488765706052
16 30 1.3816299662654392
16 31 1.383387709399874
16 32 1.395948996254033
16 33 1.3516070856536657
16 34 1.4440438394910557
16 35 1.355423066074915
16 36 1.325915287160918
16 37 1.1864934223843016
16 38 1.389531072071079
16 39 1.4650177037062988
16 40 1.245320009696198
16 41 1.375026343192396
16 42 1.3581332980755734
16 43 1.180021991692031
16 44 1.4128346041658837
16 45 1.3469757725166256
16 46 1.4192673606186754
16 47 1.2113587207975176
16 48 1.432942861373573
16 49 1.3122575632075555
16 50 1.2123473245327336
16 51 1.4829680006229145
16 52 1.3943333422501354
16 53 1.3620367361733339
16 54 1.38899136662828
16 55 1.350763552221876
16 56 1.341577939301688
16 57 1.3829274589752747
16 58 1.4031172958422553
16 59 1.3917350104772874
16 60 1.3974570810822635
16 61 1.329129880783045
16 62 1.3174870666294314
16 63 1.4016648566118455
16 64 1.463357557358126
16 65 1.3777984801629723
16 66 1.2888963251279668
16 67 1.39849350768428
16 68 1.2314862796935986
16 69 1.2425621306213788
16 70 1.267588646965848
16 71 1.338418607370315
16 72 1.4911202901997325
16 73 1.1466705159269845
16 74 1.3851217309519703
17 18 1.2939754490309228
17 19 1.297971974260396
17 20 1.454721842901259
17 21 1.2860633318356511
17 22 1.186346758471459
17 23 1.0456003500675015
17 24 1.3007596583802274
17 25 1.4197438656131731
17 26 1.30920601125027
17 27 1.1066659494271456
17 28 1.3278408521343623
17 29 1.221081858448415
17 30 1.3399206926495255
17 31 1.4395605454441205
17 32 1.2957181346399511
17 33 1.2225287514161183
17 34 1.478270797754032
17 35 1.377591875676608
17 36 1.048235118138927
17 37 1.1453124143615554
17 38 1.3854351427062481
17 39 1.1351501968616038
17 40 1.3087844286830694
17 41 1.1399753253072322
17 42 1.2750083371982797
17 43 1.462816328637733
17 44 1.1594869202650997
17 45 1.1791550665201123
17 46 1.380423425243043
17 47 1.2029525605964566
17 48 1.3014099609606202
17 49 1.1356813247684128
17 50 1.4082805183175136
17 51 1.2485171073660408
17 52 1.1496450723423997
17 53 1.214694219704648
17 54 1.3146084825256958
17 55 1.2058107069211115
17 56 1.1176643887221516
17 57 1.1368576916914015
17 58 1.1662631329713793
17 59 1.2296213126392956
17 60 1.3682839342659263
17 61 1.1081289140482904
17 62 1.2254478690619774
17 63 1.2584928600078384
17 64 1.3215906913840192
17 65 1.0928798526324217
17 66 1.2283012693805238
17 67 1.3696916386560702
17 68 1.3945492413826888
17 69 1.0549007209292893
17 70 1.2915625237734654
17 71 1.1320686058144107
17 72 1.3280374544194868
17 73 1.4191819434270754
17 74 1.289314681103844
18 19 1.285851353238388
18 20 1.4471857138884385
18 21 1.306232313750427
18 22 1.378250283155602
18 23 1.2606548601023597
18 24 1.4481622958787084
18 25 1.5028274462040927
18 26 1.4657355893705186
18 27 1.2335020763338336
18 28 1.0981807183237882
18 29 1.2073526336326976
18 30 1.3971114200108004
18 31 1.4248159801264295
18 32 1.26495273310516
18 33 1.322025640760137
18 34 1.454767997052916
18 35 1.3030754600327779
18 36 1.191187271544261
18 37 1.2635725469442272
18 38 1.4663106288152103
18 39 1.4182956726061915
18 40 1.1561066286524913
18 41 1.1806946667339868
18 42 1.361034088194288
18 43 1.2832978380856264
18 44 1.223676155378259
18 45 1.3434609648179512
18 46 1.3250756661603833
18 47 1.1337721764846138
18 48 1.419741124226628
18 49 1.142678909817131
18 50 1.0300295697981636
18 51 1.4878677546872037
18 52 1.3551711157949933
18 53 1.2257560477238312
18 54 1.394489632429272
18 55 1.3177826021009968
18 56 1.2258466053002626
18 57 1.3091552461751101
18 58 1.2054545583610732
18 59 1.474684768355352
18 60 1.2293487957632654
18 61 1.2746186260971615
18 62 1.2323125157758454
18 63 1.3841467468590563
18 64 1.5011576484561187
18 65 1.2688113144760516
18 66 1.3011863222514304
18 67 1.394861879524662
18 68 1.396866450522622
18 69 1.2152808869909217
18 70 1.3247982950503274
18 71 1.209455422972562
18 72 1.391269230289972
18 73 1.1851670899051923
18 74 1.290430019094073
19 20 1.4054856542458003
19 21 1.2204091705573947
19 22 1.39031759445907
19 23 1.1565512307110395
19 24 1.3549303289727792
19 25 1.3425955769612132
19 26 1.270199135301553
19 27 1.2071843135139593
19 28 1.361104762310203
19 29 1.1990230215470172
19 30 1.3052015727416952
19 31 1.346520678702138
19 32 1.245087858329602
19 33 1.3076088802800419
19 34 1.3927677634289013
19 35 1.3057370166417486
19 36 1.1519291001974892
19 37 1.3497608095226907
19 38 1.4622256277752899
19 39 1.2920943435567596
19 40 1.3769963631697362
19 41 1.3866188141763185
19 42 1.3557430987602372
19 43 1.4044542769134738
19 44 1.1803694272713336
19 45 1.289409588768853
19 46 1.244785130467667
19 47 1.2827322478674035
19 48 1.330063771711875
19 49 1.3200277507672415
19 50 1.3508017048397993
19 51 1.3502952761013767
19 52 1.182178239804837
19 53 1.0654024435836664
19 54 1.2966242799024341
19 55 1.4592218256543685
19 56 1.1829278939448817
19 57 1.066811156294946
19 58 1.1931384652268158
19 59 1.3601562019457927
19 60 1.3112637790704644
19 61 1.0691166952731916
19 62 1.4314276928716572
19 63 1.421702024797475
19 64 1.3193725813569812
19 65 1.11919237770165
19 66 1.2116480050086316
19 67 1.30010791251652
19 68 1.4651918514339486
19 69 1.2385904599082336
19 70 1.4441525526112988
19 71 1.1355182485879018
19 72 1.2647867824907792
19 73 1.3569318981578238
19 74 1.297859927468391
20 21 1.3404411808630368
20 22 1.3746783972199814
20 23 1.3139414231655075
20 24 1.3784635905142586
20 25 1.3722090809962055
20 26 1.3746928101869884
20 27 1.309229703082885
20 28 1.3905703619122787
20 29 1.2939437430649485
20 30 1.4216492081659344
20 31 1.083825218946875
20 32 1.4193020567060883
20 33 1.3354599713948443
20 34 1.3482182488823344
20 35 1.4233796471886149
20 36 1.3302587260275371
20 37 1.394642154809927
20 38 1.4705798994400756
20 39 1.356530655780353
20 40 1.3820314668472038
20 41 1.3461514106323946
20 42 1.4207216289145703
20 43 1.391502742394688
20 44 1.334639941547121
20 45 1.4789692434196104
20 46 1.2957686300192743
20 47 1.3542439490757199
20 48 1.4306176607170134
20 49 1.4015002340019318
20 50 1.4099431580685426
20 51 1.4615311447240567
20 52 1.472585137753998
20 53 1.4644927816927817
20 54 1.3818092669838467
20 55 1.367073705658689
20 56 1.3225285893725274
20 57 1.3195149170946636
20 58 1.2893942140231036
20 59 1.3823570470686652
20 60 1.4724860677610971
20 61 1.3538980067269968
20 62 1.4786151870058266
20 63 1.3159016180955287
20 64 1.398299083241468
20 65 1.3585943745644937
20 66 1.4156954231650498
20 67 1.2736230111121098
20 68 1.423186668580699
20 69 1.3453325246389738
20 70 1.2335828026032307
20 71 1.375522899401843
20 72 1.3486917088980928
20 73 1.4468445113974207
20 74 1.4611858301047405
21 22 1.361362955788835
21 23 1.1534934630340306
21 24 1.4933433257719588
21 25 1.2327046840312073
21 26 1.3240058744137306
21 27 1.2923319988021904
21 28 1.36098807167419
21 29 1.124385768822841
21 30 1.3455438018417978
21 31 1.4788343740927672
21 32 1.3558338437140833
21 33 1.2374540772221336
21 34 1.2683895683982314
21 35 1.3645677874569968
21 36 1.276080264482328
21 37 1.1226864514743164
21 38 1.292648809265271
21 39 1.2308505320714225
21 40 1.3550874525784737
21 41 1.2720391050393371
21 42 1.242759508134181
21 43 1.2978476420683152
21 44 1.1249025411758358
21 45 1.1461337265608451
21 46 1.4168463230440194
21 47 1.2008543034456565
21 48 1.3109550801666556
21 49 1.2728063278767352
21 50 1.2922411799059061
21 51 1.2413704681100373
21 52 1.0921009644785087
21 53 1.2754706694636246
21 54 1.2459340087959092
21 55 1.2390919957705988
21 56 1.3155424470187085
21 57 1.0863114406822068
21 58 1.1430031080987721
21 59 1.2679629865581312
21 60 1.165048990722994
21 61 1.2867749617114728
21 62 1.2913266606218605
21 63 1.292638844139376
21 64 1.3804275905134966
21 65 1.291222114675962
21 66 1.206239969879516
21 67 1.421105985087939
21 68 1.2950724128993263
21 69 1.2829959815526188
21 70 1.3350810769755233
21 71 1.3108521240692452
21 72 1.3543232592464307
21 73 1.2918502276796233
21 74 1.3093934004598224
22 23 1.181661964686991
22 24 1.2364430071161132
22 25 1.4516963354322914
22 26 1.4129900615773474
22 27 1.1800392730535418
22 28 1.3206209863636904
22 29 1.3576207066553652
22 30 1.3427887597436636
22 31 1.3253274807698754
22 32 1.2883592998393978
22 33 1.254501051498375
22 34 1.4744510504058848
22 35 1.2459747103168024
22 36 1.2037934342017382
22 37 1.3127412853845848
22 38 1.4404883928468146
22 39 1.1917785462519412
22 40 1.305742265025533
22 41 1.1773032881339367
22 42 1.3235242404121512
22 43 1.592806026952978
22 44 1.3465736237072976
22 45 1.3471954453837265
22 46 1.3049353512992379
22 47 1.2890893963803003
22 48 1.313235381526903
22 49 1.290415878424664
22 50 1.3270915513259145
22 51 1.197060724260705
22 52 1.142734449137975
22 53 1.3312363851493902
22 54 1.306792441706688
22 55 1.2997910686707215
22 56 1.184378249247731
22 57 1.2828100544633234
22 58 1.2562541118791168
22 59 1.2401755404714454
22 60 1.316415050020373
22 61 1.2355842209605095
22 62 1.3257703111982102
22 63 1.3617757711070626
22 64 1.2996716191977318
22 65 1.1110993301903502
22 66 1.2183255769428767
22 67 1.3040610524180853
22 68 1.4403875486395321
22 69 1.170240655188594
22 70 1.2794611711035406
22 71 1.210360764574774
22 72 1.0505294028085865
22 73 1.3995564099602258
22 74 1.333296784452797
23 24 1.1879280043481466
23 25 1.3829309460287054
23 26 1.3127847730632123
23 27 0.8972028318079136
23 28 1.193340490615107
23 29 1.1062389314266088
23 30 1.2758947686232014
23 31 1.3249813728653042
23 32 1.1674504995381256
23 33 1.1104162254108514
23 34 1.4273031805579912
23 35 1.225069178629565
23 36 0.8230929378702443
23 37 1.2748244321105329
23 38 1.4223146971817944
23 39 1.1541750943079172
23 40 1.2331277656514457
23 41 1.0662986914748738
23 42 1.1879378600680244
23 43 1.3990653700845308
23 44 0.8924600589321773
23 45 1.1700268027483216
23 46 1.3364165573739473
23 47 0.9995202137355476
23 48 1.2617753049972893
23 49 1.0672957086831152
23 50 1.2803877556975363
23 51 1.2178957141332907
23 52 0.9569360833686347
23 53 1.053816682074781
23 54 1.3776269665867986
23 55 1.2750957397557938
23 56 0.94122777697023
23 57 0.9899209592566607
23 58 0.9805385275344016
23 59 1.2218999821341305
23 60 1.2432133026540118
23 61 0.8795300069863666
23 62 1.129878531202184
23 63 1.2399764290899622
23 64 1.341465355355965
23 65 0.8891683113216176
23 66 1.068827079494005
23 67 1.3336215311804702
23 68 1.3970625362643199
23 69 0.7209513882254063
23 70 1.2510817609713427
23 71 0.9234859116894364
23 72 1.233101871528115
23 73 1.2587197448286287
23 74 1.1976680093372591
24 25 1.4744334901957814
24 26 1.3760261340929818
24 27 1.3020394304411347
24 28 1.3565565897149856
24 29 1.3171972885593317
24 30 1.3680902568892717
24 31 1.2110187149572265
24 32 1.4079256252050587
24 33 1.2484864877084545
24 34 1.4489058778952892
24 35 1.352361697662693
24 36 1.261510881474342
24 37 1.340065475089433
24 38 1.4782742097863555
24 39 1.1276121971992414
24 40 1.2960275858656036
24 41 1.2972522559192814
24 42 1.3792436246767303
24 43 1.4479239748633688
24 44 1.1768323308707236
24 45 1.2424551032947935
24 46 1.250755136515735
24 47 1.2721607982636505
24 48 1.1740734790404626
24 49 1.2950217829864408
24 50 1.458826864310558
24 51 0.9871963307366378
24 52 1.137971601761476
24 53 1.2890864611697763
24 54 1.3623384370798373
24 55 1.2667943573954699
24 56 1.259500982465741
24 57 1.3354604190803783
24 58 1.1900436097878244
24 59 1.2185725303013208
24 60 1.334175657248582
24 61 1.2294845245364812
24 62 1.288833041682304
24 63 1.2733903579599313
24 64 1.0739586234089915
24 65 1.212783462678237
24 66 1.2330016530775592
24 67 1.3495940682038063
24 68 1.4970005671083
24 69 1.1750063993908417
24 70 1.2872204892429095
24 71 1.2185489839457182
24 72 1.2576263037394728
24 73 1.446193415165993
24 74 1.4171479815330392
25 26 1.2819543436264034
25 27 1.4767547837547952
25 28 1.437090427922291
25 29 1.2029632721907346
25 30 1.183532479292688
25 31 1.449145904740641
25 32 1.3122281975435883
25 33 1.5347774155707143
25 34 0.6055324182834249
25 35 1.389073333274582
25 36 1.5458688952216337
25 37 1.3720158281219068
25 38 1.0690993635647246
25 39 1.4835428179206123
25 40 1.3227386333027444
25 41 1.437725230451291
25 42 1.1899826103866906
25 43 1.444759390182496
25 44 1.3057097935287176
25 45 1.3141878240982257
25 46 1.4339110137081053
25 47 1.4732624410430455
25 48 1.3996004253413612
25 49 1.4108245236628145
25 50 1.3808033284217602
25 51 1.3560053438760382
25 52 1.4159144252610945
25 53 1.4895728067931453
25 54 1.3972708831448817
25 55 1.2902140816958394
25 56 1.626913537921438
25 57 1.3070605610827262
25 58 1.362092291813427
25 59 1.3739222587209663
25 60 1.5083290476371234
25 61 1.539642890200057
25 62 1.430713123471732
25 63 1.3499653836106833
25 64 1.440131190197587
25 65 1.5836282408465645
25 66 1.32581761751382
25 67 1.290147202097232
25 68 1.0530815446566435
25 69 1.4820300402638797
25 70 1.3913984892155882
25 71 1.6190304545622574
25 72 1.4508539691966236
25 73 1.3929619095041632
25 74 1.3144857653998019
26 27 1.3558954041143032
26 28 1.4973212037476922
26 29 1.2340753717309652
26 30 1.2048329364360064
26 31 1.4303447057001433
26 32 1.2441267926886428
26 33 1.4019520674258843
26 34 1.3526325694338854
26 35 1.4322619645695553
26 36 1.3068113926464022
26 37 1.4251570506887645
26 38 1.29183084956109
26 39 1.4095711212569018
26 40 1.443093512717675
26 41 1.4184251641043948
26 42 1.2437651356894956
26 43 1.4013466807313997
26 44 1.2547265345008505
26 45 1.3041329995256463
26 46 1.4260370121873491
26 47 1.4494831759275824
26 48 1.4226657438700847
26 49 1.3882695850860594
26 50 1.4489041637161437
26 51 1.37795401898637
26 52 1.2923959602674184
26 53 1.26967924498468
26 54 1.3892990761002517
26 55 1.3635551656769997
26 56 1.3448607739741403
26 57 1.1496503203001764
26 58 1.3738016238314248
26 59 1.3506055859915276
26 60 1.429026337935089
26 61 1.3512310990726109
26 62 1.395890248618079
26 63 1.4335823808686903
26 64 1.4424725839373012
26 65 1.3465433693967004
26 66 1.5043443373828278
26 67 1.4627225270385673
26 68 1.4284533435988287
26 69 1.3713898057367164
26 70 1.3915193112911506
26 71 1.334502329397664
26 72 1.3152254370469196
26 73 1.3691744404636381
26 74 1.2990757270522417
27 28 1.2579246679609843
27 29 1.1448653616544548
27 30 1.3324428137334403
27 31 1.3202694832957826
27 32 1.206359055936876
27 33 1.2199106785668825
27 34 1.4878491710093864
27 35 1.2650485183929576
27 36 0.7169525480344112
27 37 1.2239618156132457
27 38 1.543924752869891
27 39 1.270686692964737
27 40 1.24723486912161
27 41 1.1607365047015996
27 42 1.2763756522143053
27 43 1.4816650983004502
27 44 1.0100815086298671
27 45 1.1932526624349677
27 46 1.358772500748487
27 47 1.0362500479252745
27 48 1.3138979207908301
27 49 1.0566326293280583
27 50 1.3022771948793843
27 51 1.342664312536155
27 52 1.0840027921578541
27 53 1.206572100866444
27 54 1.336604971100705
27 55 1.2898479972883043
27 56 0.7444295331599171
27 57 1.0315139867186356
27 58 1.0161167553780235
27 59 1.2598779892843042
27 60 1.3072350150887828
27 61 0.7521330367657447
27 62 1.1427993341526408
27 63 1.2855369683811515
27 64 1.3606819896383122
27 65 0.773823660325149
27 66 1.287800820057867
27 67 1.3430576654540345
27 68 1.5285317259567235
27 69 0.9255922928489464
27 70 1.2733338970914634
27 71 0.7485757810927959
27 72 1.2198224377353086
27 73 1.3737417870756892
27 74 1.1948029642748108
28 29 1.2884536008127714
28 30 1.3208741659918337
28 31 1.2819293941264593
28 32 1.4160492281184596
28 33 1.2895175194213508
28 34 1.3699719944353095
28 35 1.371428527956513
28 36 1.2314348271836588
28 37 1.1195445243449273
28 38 1.4576429562225923
28 39 1.2939756779747509
28 40 1.1423000325963562
28 41 1.3015489974301022
28 42 1.2734621862302784
28 43 1.1534037955346408
28 44 1.3001991916908417
28 45 1.252420525663939
28 46 1.3471063249509567
28 47 1.0682033471669468
28 48 1.3304205850215585
28 49 1.1700156636672245
28 50 1.0914486313007665
28 51 1.3801173721838134
28 52 1.2677275567011081
28 53 1.377318968194915
28 54 1.3033274177330736
28 55 1.3411875774344293
28 56 1.293778203414821
28 57 1.3243762693089607
28 58 1.2972082755539553
28 59 1.3791222949929365
28 60 1.2696431856022095
28 61 1.2458792382858108
28 62 1.149366548761751
28 63 1.3718380469812075
28 64 1.4009583492143767
28 65 1.3144789867897393
28 66 1.241718904655926
28 67 1.357268684666047
28 68 1.3206106945253129
28 69 1.115944478787719
28 70 1.1950574667203149
28 71 1.2931119237968292
28 72 1.4905550684978222
28 73 1.1220970244065265
28 74 1.4430374615959907
29 30 1.060403933525157
29 31 1.411290389679849
29 32 1.2406797394597537
29 33 1.2188741516786723
29 34 1.2164295970214123
29 35 1.32836903188444
29 36 1.098073108434107
29 37 1.2228583122937828
29 38 1.3663223114405285
29 39 1.285318508871259
29 40 1.1812422373156215
29 41 1.1302912772643692
29 42 1.2903129255856294
29 43 1.3814969928611207
29 44 1.0052088174146496
29 45 1.1736104103085487
29 46 1.266677981049869
29 47 1.2383175648451188
29 48 1.297910013420858
29 49 1.1017182846730897
29 50 1.2465255026736042
29 51 1.2222680442818719
29 52 1.1702461908145867
29 53 1.1879288667510088
29 54 1.334311543593799
29 55 1.2209771707803763
29 56 1.2213602641518164
29 57 1.0260807254880302
29 58 1.0463980413121847
29 59 1.2580816832490738
29 60 1.345372039393439
29 61 1.1475768701206783
29 62 1.2524711789459089
29 63 1.1853399872680266
29 64 1.350043747534327
29 65 1.1639652090984047
29 66 1.213785456319895
29 67 1.3472728324975523
29 68 1.2577884107511708
29 69 1.1330442702035934
29 70 1.3482929154383794
29 71 1.2064128626761799
29 72 1.257078996446573
29 73 1.2547662140952072
29 74 1.2867296034134834
30 31 1.3957869409398265
30 32 1.3498080713837795
30 33 1.442000117914268
30 34 1.2099495075382845
30 35 1.3901055444127313
30 36 1.3769538510799055
30 37 1.3562766310707586
30 38 1.2958428137979117
30 39 1.401492938409017
30 40 1.290274277460329
30 41 1.4049236999857586
30 42 1.2401845671178906
30 43 1.3671973327464535
30 44 1.2322791808921734
30 45 1.321737603397451
30 46 1.3818007911357977
30 47 1.3240019183004326
30 48 1.3912205577135124
30 49 1.348464988567324
30 50 1.419294657073895
30 51 1.2790728078804074
30 52 1.184809473236126
30 53 1.3558012463901519
30 54 1.3721848284183018
30 55 1.3843380074095744
30 56 1.4541800570143335
30 57 1.2277466114101718
30 58 1.3317553221521392
30 59 1.2180676488606517
30 60 1.393251590542733
30 61 1.3796336632168855
30 62 1.2661499434989074
30 63 1.4493563625963097
30 64 1.3436993657171155
30 65 1.3376735635531616
30 66 1.4091480921397557
30 67 1.414299363771535
30 68 1.269861633807962
30 69 1.257851548896938
30 70 1.3247289013952108
30 71 1.4383738563682988
30 72 1.2792457083410274
30 73 1.2614782637138997
30 74 1.3769650541628038
31 32 1.453081560343576
31 33 1.2915737501645697
31 34 1.390076894415311
31 35 1.439558856495482
31 36 1.359839717986222
31 37 1.3518714124039646
31 38 1.440490690512814
31 39 1.3251552948367404
31 40 1.415375523963111
31 41 1.3751933782420547
31 42 1.4006955726727102
31 43 1.3846019538246734
31 44 1.3839820360627049
31 45 1.469735020566204
31 46 1.238150153555818
31 47 1.4105774215886744
31 48 1.2766409296273282
31 49 1.4402485617215788
31 50 1.4593638224127474
31 51 1.3216844880554293
31 52 1.3629412182560892
31 53 1.447653871216634
31 54 1.268776156233854
31 55 1.3796666094902306
31 56 1.3239332946050557
31 57 1.334050718506338
31 58 1.3646557043366256
31 59 1.3872907183349428
31 60 1.284286091753988
31 61 1.369587893100488
31 62 1.407228581592699
31 63 1.3503444641935602
31 64 1.3458978406686704
31 65 1.33842452979443
31 66 1.3800796739463832
31 67 1.3011921707573477
31 68 1.4068958236483833
31 69 1.225451649223491
31 70 1.2364933148786788
31 71 1.3368949702866755
31 72 1.3436786882399938
31 73 1.3540282275636288
31 74 1.5165780161625069
32 33 1.3304548554889506
32 34 1.3655079902386371
32 35 0.8473406228490696
32 36 1.1495806097469825
32 37 1.391168001061831
32 38 1.3230967953973878
32 39 1.4464409065815744
32 40 1.4358848696335091
32 41 1.173177387934421
32 42 1.2571544149160563
32 43 1.4703227291174368
32 44 1.175059125483624
32 45 1.2983304516716365
32 46 1.4308370855730899
32 47 1.2395156262728466
32 48 1.4466013071229864
32 49 1.2549265342123668
32 50 1.2919487904997131
32 51 1.4271711689311755
32 52 1.2493660636977764
32 53 1.101387926393621
32 54 1.4439320014310026
32 55 1.3749917362999746
32 56 1.2035992453685085
32 57 1.2586580751657557
32 58 1.2642079848693573
32 59 1.4795934219572369
32 60 1.4164763984417124
32 61 1.1360751742750044
32 62 1.3493327895534526
32 63 1.3947766186659407
32 64 1.4524520770104392
32 65 1.163668040470949
32 66 1.3472762032774568
32 67 1.2673599301062692
32 68 1.3203151064744072
32 69 1.154412663005304
32 70 1.292639301094658
32 71 1.1699386283971713
32 72 1.2791202209304977
32 73 1.4120197740024274
32 74 0.8357346911632596
33 34 1.4851854741652175
33 35 1.3271052672569787
33 36 1.1198565771084386
33 37 1.1761549785316805
33 38 1.478823389520943
33 39 1.2023847020594802
33 40 1.40231223485288
33 41 1.2032596818326768
33 42 1.4302768142522029
33 43 1.3427612589628921
33 44 1.1622408983705654
33 45 1.2729532870040425
33 46 1.415296969715723
33 47 1.197435591784047
33 48 1.2871499244941949
33 49 1.2291419871123832
33 50 1.3534686299723582
33 51 1.2150476344127987
33 52 1.157569319720648
33 53 1.248466375045023
33 54 1.2927083422151933
33 55 1.3607204858264985
33 56 1.036332949659223
33 57 1.1635197945809426
33 58 1.213046976215999
33 59 1.2540877558162804
33 60 1.2462651443279995
33 61 1.0947437481089197
33 62 1.3950069423768916
33 63 1.2472893223167865
33 64 1.4594364180255335
33 65 1.1606921157590797
33 66 1.2448903831589495
33 67 1.3547387264683954
33 68 1.406572216649441
33 69 1.1219573034845338
33 70 1.313065271915833
33 71 1.0912991022717635
33 72 1.312912871039391
33 73 1.2696399750064966
33 74 1.3204454769472838
34 35 1.410739634447312
34 36 1.5398598825104084
34 37 1.3848924705463097
34 38 1.2023878847529044
34 39 1.4586065290165604
34 40 1.2805445647696327
34 41 1.4795202916869103
34 42 1.2442092133844544
34 43 1.3731170150788963
34 44 1.2898585391960982
34 45 1.3317613129176187
34 46 1.4281060267666315
34 47 1.4591637574516831
34 48 1.363784150174701
34 49 1.3882623793538165
34 50 1.4196914440728627
34 51 1.3694194024934085
34 52 1.4394175705818044
34 53 1.5048300016464156
34 54 1.4034204339957495
34 55 1.2944762386783122
34 56 1.6053737370677272
34 57 1.3334264755761267
34 58 1.3742846308827088
34 59 1.3842895857639068
34 60 1.5270336545443375
34 61 1.549423387230824
34 62 1.46262563758434
34 63 1.3545623779787554
34 64 1.39416819460876
34 65 1.5782415217563852
34 66 1.3877716262557536
34 67 1.3127732695053471
34 68 1.1180014614082843
34 69 1.449313814515045
34 70 1.4066098588539735
34 71 1.5849028636758153
34 72 1.4956461058967767
34 73 1.3398676360906518
34 74 1.3855687181455085
35 36 1.2098251044860158
35 37 1.3252307771987926
35 38 1.4208805868292973
35 39 1.423203567377092
35 40 1.4627590742146874
35 41 1.2364322061429434
35 42 1.3124555420067152
35 43 1.4036025180336151
35 44 1.3078341902929285
35 45 1.3941576149872394
35 46 1.3819970652985871
35 47 1.1940089408135455
35 48 1.4496334504355721
35 49 1.335936550753771
35 50 1.3618080361655807
35 51 1.3547883217857215
35 52 1.2932676496986724
35 53 1.142231859419515
35 54 1.3995739173592987
35 55 1.4723407677505176
35 56 1.2306717639184828
35 57 1.2913154884528455
35 58 1.2905693578875264
35 59 1.4289437151053326
35 60 1.3028072963066148
35 61 1.1973829831010614
35 62 1.3695619229581635
35 63 1.3334869362818693
35 64 1.3543203266527486
35 65 1.1908976069072392
35 66 1.3504143260878019
35 67 1.3364493162161277
35 68 1.253906333548081
35 69 1.238379994885238
35 70 1.3127755733164135
35 71 1.2273477821651915
35 72 1.2397799437122277
35 73 1.3773755803230767
35 74 0.9871737497533999
36 37 1.241070373079544
36 38 1.5870099477313457
36 39 1.2205748487474493
36 40 1.28000341126312
36 41 1.1120799742626943
36 42 1.309499171110283
36 43 1.428435283891629
36 44 0.9373626208054493
36 45 1.1420148978382483
36 46 1.3346282029562484
36 47 1.0274087772263998
36 48 1.2860549423464673
36 49 1.01795892679309
36 50 1.2976654609824405
36 51 1.3162267051553995
36 52 1.0185902650610328
36 53 1.0157525887532395
36 54 1.4178394844041662
36 55 1.3156469852733
36 56 0.631889909415987
36 57 0.899524804095171
36 58 1.007550934126924
36 59 1.223023670906283
36 60 1.2747053996214373
36 61 0.5954782988029744
36 62 1.1786305496932927
36 63 1.174363327434182
36 64 1.3431109459163735
36 65 0.6849130254250513
36 66 1.186584482041288
36 67 1.3669856937207212
36 68 1.4933072567311674
36 69 0.8826690825218849
36 70 1.2576601822372535
36 71 0.6024268475796432
36 72 1.2270180569722253
36 73 1.3813341759798923
36 74 1.1953238913988764
37 38 1.303775768808064
37 39 1.1895517674004832
37 40 1.3813002944720032
37 41 1.3388541141916133
37 42 1.3291127044102793
37 43 1.3278243916121422
37 44 1.240711558179416
37 45 1.205758681808427
37 46 1.4106655088945446
37 47 1.2411016350664206
37 48 1.3702979029852584
37 49 1.2200524389210543
37 50 1.2544159694926378
37 51 1.2454674782793855
37 52 1.2659312383759194
37 53 1.390245685861867
37 54 1.3055317696213782
37 55 1.2689154324148553
37 56 1.3002808219465647
37 57 1.2590911071997
37 58 1.2712031522124476
37 59 1.360350831655068
37 60 1.2146045175297806
37 61 1.299657091558263
37 62 1.3171385892577003
37 63 1.3291549767096937
37 64 1.3982269466220283
37 65 1.26531333460578
37 66 1.2187694655412171
37 67 1.3217641327583243
37 68 1.3078898034911879
37 69 1.172500337099812
37 70 1.2198020065951478
37 71 1.290476408964362
37 72 1.39331046191368
37 73 1.3024811562735639
37 74 1.3287070469851938
38 39 1.4825723716722385
38 40 1.4471855400707925
38 41 1.3983741148357245
38 42 1.3037981494732398
38 43 1.407236069762517
38 44 1.413112109884837
38 45 1.451824519996829
38 46 1.5448833195413767
38 47 1.5081211568471107
38 48 1.492189798322245
38 49 1.4753562525505013
38 50 1.4198141764700165
38 51 1.3698426565268653
38 52 1.4072212483303015
38 53 1.4417251528445907
38 54 1.3386125279177707
38 55 1.332284461883161
38 56 1.604469225695667
38 57 1.3752055597860904
38 58 1.4698605474089959
38 59 1.3987579669106862
38 60 1.392820128151051
38 61 1.5696488146646577
38 62 1.404702509117933
38 63 1.4171298257697569
38 64 1.3966579427576764
38 65 1.6122756054371181
38 66 1.3051248652815366
38 67 1.2161050790817176
38 68 0.9815352461182565
38 69 1.4636573754359183
38 70 1.3055095478161027
38 71 1.622492157724627
38 72 1.5007626306966844
38 73 1.4052288903974266
38 74 1.3293168205954786
39 40 1.324762676898337
39 41 1.2102328003736271
39 42 1.3080999245210063
39 43 1.4060324013842787
39 44 1.1375819106560734
39 45 1.2781784668451666
39 46 1.2289570773852072
39 47 1.2580884213039494
39 48 1.2200910353030496
39 49 1.2375102250685726
39 50 1.4210891978649194
39 51 0.9944093382345559
39 52 1.0695115950773884
39 53 1.2767612785900329
39 54 1.2569502637723837
39 55 1.2486025646122665
39 56 1.204979967897176
39 57 1.2539131972189939
39 58 1.1710607665115322
39 59 1.2445267297700013
39 60 1.3538973711801987
39 61 1.208283656107658
39 62 1.1866340026701947
39 63 1.2577801663470423
39 64 1.0891769105326794
39 65 1.196833707531683
39 66 1.167724689490215
39 67 1.394642454052158
39 68 1.5057325632391854
39 69 1.1460693769832646
39 70 1.2922898076034688
39 71 1.187606508085568
39 72 1.2778634316240938
39 73 1.3797381569828133
39 74 1.4208853010936044
40 41 1.177257595829388
40 42 1.3141516722247713
40 43 1.3368341045994057
40 44 1.2154050250563393
40 45 1.2637070330535496
40 46 1.3425696825425248
40 47 1.1715968627346969
40 48 1.410860926691012
40 49 1.231224543857213
40 50 1.1769385489745676
40 51 1.3270039001421265
40 52 1.2890576140520884
40 53 1.3763523367121961
40 54 1.477673162424659
40 55 1.2966939387760479
40 56 1.3472280426241388
40 57 1.2493259893284854
40 58 1.2239422940198637
40 59 1.344181641444782
40 60 1.410343430787341
40 61 1.3373506258581032
40 62 1.2406350254536573
40 63 1.3503587092947227
40 64 1.36305248479679
40 65 1.3614704932758193
40 66 1.1897158289900893
40 67 1.4422863885695059
40 68 1.349646552939202
40 69 1.283804561829137
40 70 1.414254926504754
40 71 1.3377276883618614
40 72 1.3497205696229977
40 73 1.2946156921281138
40 74 1.4748155892478891
41 42 1.3233219709547668
41 43 1.3267890079578877
41 44 1.102584095431658
41 45 1.2843751197512006
41 46 1.3017170203609503
41 47 1.1493620287002055
41 48 1.3032450515235436
41 49 1.1020916804378182
41 50 1.2432476169379094
41 51 1.2364735221518408
41 52 1.1202381949529923
41 53 1.2278788702810792
41 54 1.3569558825789874
41 55 1.2780292610304276
41 56 1.1269647120899229
41 57 1.1614311822490346
41 58 1.1395190933575565
41 59 1.3039429241522915
41 60 1.3118266051008869
41 61 1.1372047070634606
41 62 1.1899447391518276
41 63 1.2833562975990023
41 64 1.37308293925674
41 65 1.1896918755785755
41 66 1.1442046498273142
41 67 1.3309672678289353
41 68 1.382391398089254
41 69 1.1515217992590268
41 70 1.3118410274755115
41 71 1.1326909950025168
41 72 1.2598610808336992
41 73 1.2591009216922484
41 74 1.2972354222329172
42 43 1.4372230937877846
42 44 1.1776489011560987
42 45 1.3110935592357431
42 46 1.4331177699541455
42 47 1.2665345074647327
42 48 1.370109703736742
42 49 1.366262719262959
42 50 1.2523032379861156
42 51 1.3044504656389122
42 52 1.2687889915207142
42 53 1.2642745880179866
42 54 1.3789957717567551
42 55 1.287006602897462
42 56 1.3519387850808469
42 57 1.3032002671052507
42 58 1.2614907827901467
42 59 1.3945866723615277
42 60 1.3540728697106206
42 61 1.302268969159446
42 62 1.252244674138605
42 63 1.3771508921209081
42 64 1.3725322868295762
42 65 1.2805726849691392
42 66 1.312459104360942
42 67 1.3379017794915764
42 68 1.2951678570464886
42 69 1.1951674663425513
42 70 1.3069131764982536
42 71 1.3444285994287015
42 72 1.2961065246609484
42 73 1.4164395967390426
42 74 1.258193077051306
43 44 1.3893134247780232
43 45 1.4035268778270296
43 46 1.4189231828608588
43 47 1.3598789337064978
43 48 1.3821141031645188
43 49 1.358654573929297
43 50 1.2973942287812115
43 51 1.5086533701958682
43 52 1.4128474026012825
43 53 1.4048345826468644
43 54 1.4704173967926786
43 55 1.493815536474374
43 56 1.4916251372030505
43 57 1.3658024537765652
43 58 1.4851128777577194
43 59 1.4863809157593533
43 60 1.3102453008369914
43 61 1.4500426192221045
43 62 1.3225444186879463
43 63 1.4689595657677434
43 64 1.4675067181928185
43 65 1.5313549587176176
43 66 1.2818278115974242
43 67 1.4790572145748861
43 68 1.32338271900154
43 69 1.4169481112304636
43 70 1.3391250307129714
43 71 1.426939325282993
43 72 1.5209439810318837
43 73 0.9722904305059976
43 74 1.4260713523446789
44 45 1.0574103473010965
44 46 1.248808175190614
44 47 1.044567228573141
44 48 1.2188996754905963
44 49 1.1122292520386523
44 50 1.3113270764164495
44 51 1.0854826646533888
44 52 0.9369411111718203
44 53 1.0195358364234277
44 54 1.3948186426490166
44 55 1.1426369496294564
44 56 1.0326672570405024
44 57 0.8745498531212995
44 58 0.8006176773544764
44 59 1.0952900537210575
44 60 1.3653478888951116
44 61 0.9618211906948541
44 62 1.1250363907831993
44 63 1.097764432150126
44 64 1.291711510836874
44 65 1.049471024007391
44 66 1.0648868932863818
44 67 1.370973390136827
44 68 1.4088665985411608
44 69 1.0479418263632319
44 70 1.3570385475226656
44 71 0.976895356062365
44 72 1.3073771388711803
44 73 1.269811573253802
44 74 1.2163063211126366
45 46 1.4090772252876853
45 47 1.201543505764049
45 48 1.2150887892868787
45 49 1.2049543825608875
45 50 1.3418223530251674
45 51 1.1465724611718449
45 52 1.0794278832428748
45 53 1.2099112089944866
45 54 1.2486263902676036
45 55 1.1774150392821323
45 56 1.2255317723990222
45 57 1.1458618341562938
45 58 1.1077130188401554
45 59 1.183630487537252
45 60 1.35412287607169
45 61 1.1747169237518549
45 62 1.2505793268408179
45 63 1.2265074225771635
45 64 1.3769621494368909
45 65 1.254609172308333
45 66 1.2443512589713308
45 67 1.4177166843804918
45 68 1.3849074210633068
45 69 1.1693030558548752
45 70 1.4724238750669223
45 71 1.2202936394089363
45 72 1.3400731729639097
45 73 1.377821493726041
45 74 1.2996152225377346
46 47 1.3704847130273332
46 48 1.1626500133608677
46 49 1.3346459936593311
46 50 1.3979680677626332
46 51 1.257074310984597
46 52 1.2748746366922474
46 53 1.3510755867080704
46 54 1.3442501852618074
46 55 1.3076268093164343
46 56 1.3418263049462207
46 57 1.3418688337616549
46 58 1.2549588559949238
46 59 1.2784566134241782
46 60 1.4063229566682223
46 61 1.3575620449219923
46 62 1.416976180426717
46 63 1.3240364136874896
46 64 1.3124397317748695
46 65 1.3209168627104455
46 66 1.3427063832320687
46 67 1.4524308469171265
46 68 1.4645390897343122
46 69 1.3591579714690538
46 70 1.3318524476231453
46 71 1.3190171040877545
46 72 1.3130942556732144
46 73 1.3841607849096418
46 74 1.5227124850036617
47 48 1.3994975939222423
47 49 1.1668503308732163
47 50 1.148433616172126
47 51 1.2935423751064559
47 52 1.1159715297545187
47 53 1.22255189581745
47 54 1.3327690082027648
47 55 1.3351366061385705
47 56 1.0846160524567288
47 57 1.109643052061561
47 58 1.0085316569165976
47 59 1.3131541199695063
47 60 1.2580526267094703
47 61 1.007070276362412
47 62 1.102065550858993
47 63 1.2473626282677035
47 64 1.3683873054799776
47 65 1.1232487149551202
47 66 1.2162783944669606
47 67 1.3907244357826245
47 68 1.388067508735065
47 69 1.0722665867969936
47 70 1.2505429800048886
47 71 1.0710134044679875
47 72 1.3629968267474932
47 73 1.252508954427371
47 74 1.266778403998176
48 49 1.3476478408638413
48 50 1.4411121037819086
48 51 1.0686767051117727
48 52 1.2078496155973155
48 53 1.324970761449714
48 54 1.3322832026271758
48 55 1.2238662901094872
48 56 1.2639552471086524
48 57 1.3103375119299694
48 58 1.2841965737493135
48 59 1.1867463008733337
48 60 1.3676777474954251
48 61 1.26689973464896
48 62 1.3423203594387376
48 63 1.3444415427788914
48 64 1.2839208685874133
48 65 1.231621304304793
48 66 1.3053000086735536
48 67 1.2961441167094514
48 68 1.4945215071698985
48 69 1.2526943265818475
48 70 1.33063691182017
48 71 1.254660112790115
48 72 1.2819552745165874
48 73 1.3877181152524565
48 74 1.427196169438858
49 50 1.201501987101594
49 51 1.3537562449636262
49 52 1.1730152270166438
49 53 1.24501542474445
49 54 1.3894776383327883
49 55 1.280582698543758
49 56 1.0795056364389812
49 57 1.2747319552396514
49 58 1.1336547324978852
49 59 1.2792300913712127
49 60 1.3314268943575118
49 61 1.1022047794358092
49 62 1.1596056935655714
49 63 1.319934737723022
49 64 1.4659078116274895
49 65 1.1207021961260386
49 66 1.1587852982775073
49 67 1.3830533486513858
49 68 1.4148165237947752
49 69 1.064163419229035
49 70 1.2815195791721472
49 71 1.0684166238384925
49 72 1.295260122575846
49 73 1.2363356907227327
49 74 1.3945111834563342
50 51 1.5029844046677887
50 52 1.3217847028094862
50 53 1.3368073291564393
50 54 1.4455285302726866
50 55 1.3841228203982294
50 56 1.309208197070797
50 57 1.3575232204439043
50 58 1.321088385660951
50 59 1.5085826433470573
50 60 1.2871614406498746
50 61 1.3347728307656126
50 62 1.2405996752844013
50 63 1.4582039949676109
50 64 1.5792311025823567
50 65 1.3165770678122404
50 66 1.1956328038687658
50 67 1.3303503378885408
50 68 1.434928972899102
50 69 1.2203776649970455
50 70 1.3726625198017353
50 71 1.3343111981562905
50 72 1.4449125237702565
50 73 1.201407409842861
50 74 1.3881528241897145
51 52 1.0013081201909155
51 53 1.2724590955709623
51 54 1.077477934980387
51 55 1.1216766051802711
51 56 1.278365875028037
51 57 1.232460902280544
51 58 1.0600043821210956
51 59 1.053727605974286
51 60 1.3174413823143378
51 61 1.2703071024255141
51 62 1.1967670546500404
51 63 1.161010001243643
51 64 1.0360921643953798
51 65 1.2840223834822952
51 66 1.1518985094056118
51 67 1.3714928607376942
51 68 1.3806885827222712
51 69 1.2841633170880888
51 70 1.3076778558505402
51 71 1.272939313834313
51 72 1.178664870531511
51 73 1.403337151736969
51 74 1.4381193661723148
52 53 1.1323246872998471
52 54 1.243754361998777
52 55 1.2267259381356699
52 56 1.0296418258082027
52 57 1.0222991639852474
52 58 1.104336460038514
52 59 1.0349442955909904
52 60 1.1909046366827418
52 61 0.9912737954799147
52 62 1.1668960605979475
52 63 1.3615274110153026
52 64 1.2781409353562143
52 65 1.0308105812666386
52 66 1.1544987436601442
52 67 1.35450043470787
52 68 1.4283949145738504
52 69 1.0332658450080954
52 70 1.2558712644720182
52 71 0.963038084658705
52 72 1.2618019441374095
52 73 1.3628575513394403
52 74 1.2790242119809951
53 54 1.4777234020620984
53 55 1.3390744235163967
53 56 1.1288891086368023
53 57 1.089587848158939
53 58 1.0660544995014967
53 59 1.330064125253566
53 60 1.2485766324152783
53 61 1.0423427416974387
53 62 1.2783023524375605
53 63 1.2934550757450092
53 64 1.302653528916932
53 65 1.0611194080909652
53 66 1.1977864990459377
53 67 1.4149760459896974
53 68 1.3979828623626835
53 69 1.1114093129228662
53 70 1.3850556892130623
53 71 1.0905307913588302
53 72 1.2193500491879137
53 73 1.3638235518825432
53 74 1.2420641988511205
54 55 1.2390048758708643
54 56 1.3575825196593403
54 57 1.352941790912872
54 58 1.2946587136986636
54 59 1.2434240760660975
54 60 1.3369828987408012
54 61 1.3320627992293874
54 62 1.340683996444132
54 63 1.2732949353378835
54 64 1.375117095005788
54 65 1.3845199646656987
54 66 1.3285985078659777
54 67 1.2397264047698293
54 68 1.4145678232615526
54 69 1.3228612772152628
54 70 1.3307649516577422
54 71 1.3731206439093604
54 72 1.3487185417557799
54 73 1.315204787381286
54 74 1.4357677929635428
55 56 1.319129164316202
55 57 1.2517209188678362
55 58 1.1540333356454036
55 59 0.9488822968584696
55 60 1.3647057992780267
55 61 1.3078190056347234
55 62 1.2631555487072343
55 63 1.1138884172456425
55 64 1.3369866590648716
55 65 1.3447133754870106
55 66 1.2823657927001992
55 67 1.2327612082013122
55 68 1.3314899867752683
55 69 1.2803419162432619
55 70 1.365533086260184
55 71 1.3086548314956143
55 72 1.3094775794565707
55 73 1.4006465148528977
55 74 1.4025004559208634
56 57 1.0358544052236769
56 58 1.103254326880444
56 59 1.23968516098262
56 60 1.2704021431155945
56 61 0.5690810896577634
56 62 1.2083196579453297
56 63 1.2578464192434504
56 64 1.353945349196162
56 65 0.5931727741795132
56 66 1.2655219729877851
56 67 1.3519920525748685
56 68 1.5542759193671212
56 69 0.9716424143764338
56 70 1.3153460372346664
56 71 0.4498546705676212
56 72 1.1773406186311455
56 73 1.4017483208774733
56 74 1.248671765778359
57 58 1.0765182759988094
57 59 1.1721242659236248
57 60 1.2759747863870874
57 61 0.9237186801903077
57 62 1.204011667616965
57 63 1.185139817490559
57 64 1.2970706505077247
57 65 1.0828919338712788
57 66 1.1685926136143117
57 67 1.3354793019475217
57 68 1.2940401041952414
57 69 1.134951503662356
57 70 1.3679361367431244
57 71 1.0027600724960308
57 72 1.2823045768187435
57 73 1.273804023143962
57 74 1.25967971321307
58 59 1.147497416984753
58 60 1.3354460922641052
58 61 1.0440033624062455
58 62 1.1760846631071105
58 63 1.0121329345929393
58 64 1.2068174847562596
58 65 1.0884409389257004
58 66 1.149327962494538
58 67 1.4109688779456022
58 68 1.4471152989172396
58 69 1.080225273559361
58 70 1.3590263167233534
58 71 1.1080017326296987
58 72 1.2537051243136947
58 73 1.3590564223057624
58 74 1.292861897806491
59 60 1.384730658871775
59 61 1.2374507130038543
59 62 1.276859457586125
59 63 1.1444809484723872
59 64 1.320569037408057
59 65 1.2407247389566631
59 66 1.3060723708265114
59 67 1.3874140696478827
59 68 1.4056750936947466
59 69 1.2790244598617384
59 70 1.3543888846056158
59 71 1.2181529350050948
59 72 1.2716082914644478
59 73 1.397305451799071
59 74 1.480655777438042
60 61 1.3023739151011167
60 62 1.2752427267129476
60 63 1.3514896560105603
60 64 1.3770134800205818
60 65 1.2484581837522575
60 66 1.2448613310921937
60 67 1.406140425033297
60 68 1.27423814989927
60 69 1.2049100828724053
60 70 1.242834542012858
60 71 1.2678977514433831
60 72 1.3816243523121827
60 73 1.342743297449488
60 74 1.407565860187958
61 62 1.2056630715601795
61 63 1.2230081263575696
61 64 1.287468732173498
61 65 0.6762564390650574
61 66 1.2122332290072648
61 67 1.2520630445162317
61 68 1.5340474753632276
61 69 0.9441355859082337
61 70 1.2986150797015044
61 71 0.48845470020928505
61 72 1.253577563993601
61 73 1.3552682559547868
61 74 1.1589911923506535
62 63 1.3100348225525904
62 64 1.268665888239627
62 65 1.1963636640180677
62 66 1.2294474118375975
62 67 1.4567593945275772
62 68 1.3685481759181417
62 69 1.0803407444023023
62 70 1.2531323500393547
62 71 1.1734920740869355
62 72 1.4115616634202033
62 73 1.2502115107342398
62 74 1.4443057276972042
63 64 1.2247654630083655
63 65 1.2996055663208717
63 66 1.1487065445605653
63 67 1.3770904768861822
63 68 1.3008692000486735
63 69 1.3052322751178498
63 70 1.3997817974132025
63 71 1.2705069283859083
63 72 1.3801084818646803
63 73 1.3487461982015179
63 74 1.3567332645345187
64 65 1.275651968510378
64 66 1.2807211942320915
64 67 1.3656888734984587
64 68 1.4479981678414904
64 69 1.345306610730676
64 70 1.3316748462962056
64 71 1.3272109058195258
64 72 1.4279236416199912
64 73 1.484769901161571
64 74 1.4051639578651254
65 66 1.2377209188797806
65 67 1.3203831736538563
65 68 1.5531928130159907
65 69 0.8234234474162417
65 70 1.352878015963474
65 71 0.5793448182353322
65 72 1.1700099983263805
65 73 1.4323094397861948
65 74 1.23205444131932
66 67 1.3765125533323483
66 68 1.3188066525071944
66 69 1.13658815684388
66 70 1.335725505490337
66 71 1.2547757903976302
66 72 1.318456530070372
66 73 1.206958426437927
66 74 1.3427265521176732
67 68 1.3564033467846188
67 69 1.312467437519866
67 70 1.2662429353911926
67 71 1.2987351336020831
67 72 1.3695954807380544
67 73 1.4056121664787835
67 74 1.2548626568254462
68 69 1.422584556890282
68 70 1.33883954716363
68 71 1.5719394341581845
68 72 1.4567145494363984
68 73 1.3372743680888788
68 74 1.3385355256351497
69 70 1.1708025912747615
69 71 0.9283220596610585
69 72 1.2533159156032152
69 73 1.242228691729367
69 74 1.2548867833930772
70 71 1.312128487459573
70 72 1.4077074838454193
70 73 1.302588102248977
70 74 1.3634148915058906
71 72 1.2217630878356749
71 73 1.3611108147900863
71 74 1.2034826164353583
72 73 1.382397713594551
72 74 1.336001251027405
73 74 1.4545671406477068
