75 0
0 1 1.3379533885387027
0 2 1.3387251839353138
0 3 1.42860706766931
0 4 1.2398751601586444
0 5 1.3518055167639522
0 6 1.3196953442178365
0 7 1.2965262521900256
0 8 1.3415844688908176
0 9 1.4458246281103135
0 10 1.155529169645064
0 11 1.3326664400376216
0 12 1.3062343395674014
0 13 1.4496637707899682
0 14 1.3457235607650968
0 15 1.39288819610734
0 16 1.2689760720411998
0 17 1.376175817518697
0 18 1.3570171285260688
0 19 1.2676657464880283
0 20 1.326794387159406
0 21 1.2352241110758786
0 22 1.1609137306345592
0 23 1.276520013833335
0 24 1.3447408486412966
0 25 1.3897107763388346
0 26 1.377009764923125
0 27 1.3967498794222835
0 28 1.317192973547886
0 29 1.3416021955288175
0 30 1.2841497946231875
0 31 1.347437117384905
0 32 1.3462914916380972
0 33 1.2567022053608252
0 34 1.3717188213342875
0 35 1.3654021397635323
0 36 1.3896768945208628
0 37 1.2003264779897258
0 38 1.3162065620482675
0 39 1.341027307555862
0 40 1.371847163202955
0 41 1.0626633125260745
0 42 1.1862498696718664
0 43 1.1162983355786351
0 44 1.3109755604544127
0 45 1.2491731802475687
0 46 1.4132302321488999
0 47 1.4276181543939312
0 48 1.3681776288995144
0 49 1.364042906371214
0 50 1.2311673056787287
0 51 1.2046028489402871
0 52 1.1812021919723974
0 53 1.2449486333921473
0 54 1.269754238570785
0 55 1.246724482441352
0 56 1.4888778039634218
0 57 1.3547703554119883
0 58 1.3893969660684151
0 59 1.356070396400464
0 60 1.2750254459558157
0 61 1.2794175066614264
0 62 1.3691100379493144
0 63 1.2396068803818114
0 64 1.406461550947374
0 65 1.3279838859409487
0 66 1.3497535647859433
0 67 1.3728070658502487
0 68 1.3736617797153898
0 69 1.2553675037056138
0 70 1.3319935659771605
0 71 1.3387438058902954
0 72 1.270848586441106
0 73 1.3849545515101103
0 74 1.4590404625605544
1 2 1.300690013094688
1 3 1.3715476152369224
1 4 1.2392806622595853
1 5 1.2767750173972336
1 6 1.2644072756285496
1 7 1.2294265348024758
1 8 1.3839776696757904
1 9 1.2889338195325837
1 10 1.257920564712511
1 11 1.3263690854932602
1 12 1.208792015333568
1 13 1.3017547032225687
1 14 1.2726887676705247
1 15 1.3984119765271545
1 16 1.2503089810385288
1 17 1.3787632039117936
1 18 1.3217460282911837
1 19 1.2857464493533273
1 20 1.340116280207547
1 21 1.3417498552530671
1 22 1.2834787628278217
1 23 1.3191619905252574
1 24 1.286619295621211
1 25 1.3279621936712735
1 26 1.2526611430413206
1 27 1.3128353660828878
1 28 1.2185062638672217
1 29 1.380590121627959
1 30 1.1495829754006863
1 31 1.2735436360165862
1 32 1.3914380462398652
1 33 1.1941686087447023
1 34 1.3076945809512124
1 35 1.289357644587493
1 36 1.4977355393380032
1 37 1.2673313411528324
1 38 1.328492218245829
1 39 1.2630496508926319
1 40 1.32456120621841
1 41 1.32643534739908
1 42 1.2601123534184724
1 43 1.3224925618360257
1 44 1.4246796215234636
1 45 1.3843033345474693
1 46 1.2787935201375802
1 47 1.2929644246795413
1 48 1.3383596033466698
1 49 1.4481567614491087
1 50 1.3432358835350555
1 51 1.1896505173676264
1 52 1.4053128163475994
1 53 1.2494275261418681
1 54 1.2710688546211608
1 55 1.3263632686595885
1 56 1.3213134972894212
1 57 1.28694239829965
1 58 1.3249907378561319
1 59 1.481095500886767
1 60 1.1498525678979556
1 61 1.2193420226596512
1 62 1.3805090963603874
1 63 1.3793264255649165
1 64 1.3057194492761683
1 65 1.2074879375833585
1 66 1.3047498628789507
1 67 1.3306601381302732
1 68 1.2737595637702628
1 69 1.427210212356737
1 70 1.3264253417660608
1 71 1.3187171441053256
1 72 1.2648305341163681
1 73 1.3836476945480778
1 74 1.2903944455165224
2 3 1.2403182681547193
2 4 1.317983195205737
2 5 1.191508260959156
2 6 1.1908060818199089
2 7 1.3213097114883665
2 8 1.303681373260877
2 9 1.1514742027635654
2 10 1.3003807942402765
2 11 1.2841571693885607
2 12 1.3565217573546722
2 13 1.3772381009936692
2 14 1.1454439530454208
2 15 1.2434316979000404
2 16 1.2703147510969655
2 17 1.1702036209049076
2 18 1.2815194952698146
2 19 1.2626019671940107
2 20 1.3121533726569525
2 21 1.404267316416732
2 22 1.2614612826971592
2 23 1.2325383229937728
2 24 1.305788887368376
2 25 1.285326838420452
2 26 1.315888991849707
2 27 1.3497450409383545
2 28 1.1975980956112207
2 29 1.2316835444938623
2 30 1.246590199267761
2 31 1.1971940907338465
2 32 1.3187580935545162
2 33 1.2501743065218127
2 34 1.3193848519941433
2 35 1.3165076661917188
2 36 1.2176905620268899
2 37 1.2371401516518523
2 38 1.477412580683607
2 39 1.109766978313387
2 40 1.3405774377809105
2 41 1.3504757658164028
2 42 1.3496312926640301
2 43 1.3225610499194516
2 44 1.4034777278003854
2 45 1.3728075122702565
2 46 1.3228168177263497
2 47 1.3844938238980495
2 48 1.2916870400360807
2 49 1.212317469279361
2 50 1.2855868236527606
2 51 1.1466596966054399
2 52 1.396271481382673
2 53 1.4120590637461023
2 54 1.3557116037246453
2 55 1.401698407385382
2 56 1.1975980166010438
2 57 1.404161775133515
2 58 1.2350160263527314
2 59 1.3268022039474132
2 60 1.2796898470374733
2 61 1.226416526104446
2 62 1.2760075924124974
2 63 1.1202912169864963
2 64 1.204202217584131
2 65 1.369601529132624
2 66 1.389912413700946
2 67 1.2398410027061482
2 68 1.2463253886958074
2 69 1.3410576219038441
2 70 1.2711313005801579
2 71 1.3043297730118824
2 72 1.2302657645491113
2 73 1.1665388947711448
2 74 1.404308136623242
3 4 1.3229048253675049
3 5 0.6312115003460852
3 6 1.270761569406949
3 7 1.206678755922279
3 8 1.304533843971703
3 9 1.245126399458826
3 10 1.41437992233839
3 11 1.2174010131801598
3 12 1.4799772111448999
3 13 1.1606987439255227
3 14 0.6460083637436377
3 15 1.401006143948428
3 16 0.8108046653629486
3 17 1.311492997822548
3 18 1.2924674696398082
3 19 1.1943729838738122
3 20 1.3447277879202986
3 21 1.330000599240448
3 22 1.0988688893258804
3 23 1.2060957860251937
3 24 1.382515876925809
3 25 1.2930041994260442
3 26 1.4749448737270436
3 27 1.3689095166952128
3 28 0.8359319958390562
3 29 1.35456190760135
3 30 1.1322130298332354
3 31 1.1178266683441904
3 32 1.2841096932650768
3 33 1.5676852309485898
3 34 1.408070351582249
3 35 1.132964773893817
3 36 1.2567203982344932
3 37 1.193151989091545
3 38 1.6654548544726309
3 39 1.2135621578485667
3 40 1.318551851063596
3 41 1.2425628625917782
3 42 1.3286858590396295
3 43 1.502256033646851
3 44 1.6975351326545804
3 45 1.354620872505974
3 46 1.4559504223338078
3 47 1.503733616722197
3 48 1.2441652858699674
3 49 1.2062187038024808
3 50 1.2017787969626683
3 51 1.2196754876708373
3 52 1.1971099113960153
3 53 1.3377245705997136
3 54 1.278579163366064
3 55 1.2975668299857297
3 56 1.084917783433298
3 57 1.6650083257488149
3 58 0.919190643947685
3 59 1.4251345624131826
3 60 1.5528071995237285
3 61 1.2693521926882287
3 62 1.1629678382624908
3 63 1.3166529868568018
3 64 0.540156243316123
3 65 1.6011258936637842
3 66 1.3598618284761121
3 67 1.37896058504505
3 68 1.2318683815289915
3 69 1.5170577460044536
3 70 1.2162527799202807
3 71 1.3656108845777335
3 72 1.0449515884997749
3 73 0.5207348613113326
3 74 1.5082751802475234
4 5 1.2411677785901043
4 6 1.395574518207655
4 7 1.2800978670157543
4 8 1.512569629759765
4 9 1.4835728015854879
4 10 1.2622215765049514
4 11 1.275549120378666
4 12 1.2947905155771025
4 13 1.2575694204090384
4 14 1.223752222186536
4 15 1.35027240843262
4 16 1.313332587276481
4 17 1.4397033039736988
4 18 1.4003349670940832
4 19 1.264654726300123
4 20 1.3083138839301627
4 21 1.315745418296951
4 22 1.2911140113062292
4 23 1.278608337957287
4 24 1.3321329949164136
4 25 1.2912094240511174
4 26 1.0301759303000462
4 27 1.36805457357506
4 28 1.202984281897534
4 29 1.3253956230464108
4 30 1.3292540743878984
4 31 1.3982038128946672
4 32 1.3690136397376667
4 33 1.2421425888722561
4 34 1.3377617444026053
4 35 1.246401416407298
4 36 1.382530445913314
4 37 1.2690692770439997
4 38 1.1331584726048491
4 39 1.3290510258822672
4 40 1.4790832702309245
4 41 1.1683779252849966
4 42 1.2009135172548837
4 43 1.181142104065284
4 44 1.3428433717950627
4 45 1.3047151311187553
4 46 1.052017721870279
4 47 1.1332088265668192
4 48 1.2792212391299151
4 49 1.3449494810969014
4 50 1.2526390953948594
4 51 1.2762236963366573
4 52 1.2185582042917613
4 53 1.3321826413906508
4 54 0.7074392967810501
4 55 1.3000841770039515
4 56 1.3148803629594208
4 57 1.2888656512563605
4 58 1.2723291126755707
4 59 1.372079463398435
4 60 1.2468421309476143
4 61 1.1823492372228046
4 62 1.3041405130260872
4 63 1.3462310567606321
4 64 1.347348225343221
4 65 1.2838642170684573
4 66 1.3463811303929716
4 67 1.2884326019818715
4 68 1.3105581602739589
4 69 1.4055759810763304
4 70 1.3634851402715462
4 71 1.3035855144039652
4 72 1.282569375188528
4 73 1.3311745216336395
4 74 1.1503794570373262
5 6 1.1599444091295745
5 7 1.1089429318991026
5 8 1.2566371997644346
5 9 1.256048346416888
5 10 1.3136464774585865
5 11 1.1350292495870649
5 12 1.4472312863685328
5 13 1.1699034635377794
5 14 0.4426674070877117
5 15 1.3851180898884072
5 16 0.7560793351729932
5 17 1.2229061330558477
5 18 1.2385177541042185
5 19 1.0138679421883927
5 20 1.2679953605263532
5 21 1.26252682044062
5 22 1.0442963162305792
5 23 1.0861603252770797
5 24 1.2956067911081306
5 25 1.2336787724559264
5 26 1.3973751187748877
5 27 1.3624485644427675
5 28 0.6234721299844918
5 29 1.314645338382243
5 30 1.0297082430117532
5 31 1.0861301578844464
5 32 1.2370598566085
5 33 1.5108195283434451
5 34 1.2922385697484822
5 35 1.0187127510392278
5 36 1.1660132963473744
5 37 1.1111146209345766
5 38 1.5264635158487896
5 39 1.1622361779453045
5 40 1.257468144636857
5 41 1.2493095675797161
5 42 1.2387188897623873
5 43 1.4316229092216906
5 44 1.65061261283404
5 45 1.2964325724230357
5 46 1.393808185070239
5 47 1.4680800700251773
5 48 1.1551757842684325
5 49 1.1066263114023087
5 50 1.198546828587162
5 51 1.1714315448372363
5 52 1.1630839182485184
5 53 1.2315491930999605
5 54 1.1681041065459359
5 55 1.2252779314696811
5 56 1.03842965086697
5 57 1.5656298608778112
5 58 0.9268525885211636
5 59 1.3426735496106244
5 60 1.457796860662046
5 61 1.1429657956214516
5 62 1.0912651198952912
5 63 1.300727427411938
5 64 0.5831039301925183
5 65 1.5487257283941984
5 66 1.3573513080365176
5 67 1.3002119183618694
5 68 1.2369388535901698
5 69 1.4770190534562828
5 70 1.1865908889249646
5 71 1.3010833146888807
5 72 0.9122366524806065
5 73 0.6403972157995725
5 74 1.486774921528787
6 7 1.3081284003881948
6 8 1.0926671599867994
6 9 1.269099345572404
6 10 1.275076903450552
6 11 1.3653968898283957
6 12 1.3755760204353615
6 13 1.331345794664297
6 14 1.097041059866454
6 15 1.2388050645552457
6 16 1.2244951953896306
6 17 1.2678695371017072
6 18 1.357944749066848
6 19 1.2507799000207251
6 20 1.1543046044038032
6 21 1.3458573026037843
6 22 1.2550179094017424
6 23 1.2917077157965826
6 24 1.3441970392548803
6 25 1.3653503272010838
6 26 1.481948070043767
6 27 1.3263316594426493
6 28 1.1397351772666233
6 29 1.2832217127425591
6 30 1.2881305734367228
6 31 1.2485619344377936
6 32 1.3126013547047468
6 33 1.406396494256672
6 34 1.3663125460505388
6 35 1.2917744106244835
6 36 1.2692541346275976
6 37 1.3200022320926965
6 38 1.4201745574544797
6 39 1.2463872493268982
6 40 1.1763314906541664
6 41 1.3877237163725382
6 42 1.5299890107353757
6 43 1.3550205549946748
6 44 1.475649755087534
6 45 1.3039615124507191
6 46 1.417945293242648
6 47 1.4519783108622417
6 48 1.1954046904086564
6 49 1.2923128534352737
6 50 1.2850532179479952
6 51 1.1484710489708077
6 52 1.3206977330906915
6 53 1.2504945200272146
6 54 1.3719718790555941
6 55 1.4266981644965404
6 56 1.332087807705545
6 57 1.4874387678628986
6 58 1.1804785838881353
6 59 1.3794506428131
6 60 1.3696866203987614
6 61 1.2792013222384018
6 62 1.3094394627227777
6 63 1.3134616143148525
6 64 1.1700992684445184
6 65 1.4510100408476334
6 66 1.3452088638173982
6 67 1.3355822017865508
6 68 1.366094571334429
6 69 1.5280280452518051
6 70 1.2621260525537863
6 71 1.3754436284257268
6 72 1.2584903309935025
6 73 1.2354016881010006
6 74 1.4406575629986877
7 8 1.3803053018431386
7 9 1.3236632020629548
7 10 1.2187914392400787
7 11 1.2698634342053572
7 12 1.3178836964769884
7 13 1.0470321820503075
7 14 1.1738317452733324
7 15 1.3689761234511992
7 16 1.1034803158004998
7 17 1.308394051681445
7 18 1.3755793914747427
7 19 1.185011220960308
7 20 1.3095234580835216
7 21 1.293168083746802
7 22 1.2083036090301797
7 23 1.2397781095198823
7 24 1.3032563471113103
7 25 1.1986127277732077
7 26 1.323688431803564
7 27 1.3170242875274356
7 28 1.1303377217441477
7 29 1.380174362972668
7 30 1.203007302565791
7 31 1.1020219617203633
7 32 1.3503113986132278
7 33 1.3781429711521123
7 34 1.290308929911772
7 35 1.112620278727477
7 36 1.3737703774023917
7 37 1.2126932467091363
7 38 1.3269161095377153
7 39 1.2698458300193611
7 40 1.305674993339504
7 41 1.2651846693934459
7 42 1.261253418933226
7 43 1.4216327222902683
7 44 1.4900480073121365
7 45 1.3489221867551668
7 46 1.3769392758418317
7 47 1.3739138671302715
7 48 1.2260535498479097
7 49 1.1971432287546726
7 50 1.3168783814771592
7 51 1.2032267999848358
7 52 1.2693322712473534
7 53 1.2079577830977928
7 54 1.1981139790434054
7 55 1.2101027824137305
7 56 1.3768598326063526
7 57 1.4187232545904984
7 58 1.2338913364974076
7 59 1.3650418874362553
7 60 1.3505832901234438
7 61 1.1537056725439343
7 62 1.1432357861151932
7 63 1.3550089873966569
7 64 1.1379680285828542
7 65 1.3897239300958042
7 66 1.3346616840236256
7 67 1.419688596174049
7 68 1.3106465238319644
7 69 1.4096652409933284
7 70 1.231127009505021
7 71 1.2347264554449677
7 72 1.1414739231875934
7 73 1.2438219931697148
7 74 1.3727271620954673
8 9 1.239299841129015
8 10 1.4141404471603918
8 11 1.2780757689613822
8 12 1.4479239748633688
8 13 1.361042098118898
8 14 1.2110646849037077
8 15 1.3177200201109969
8 16 1.2102101912649879
8 17 1.2536585088075856
8 18 1.2425863507429906
8 19 1.2367391835846622
8 20 1.36510258539577
8 21 1.3768123463048105
8 22 1.137971601761476
8 23 1.257114304980575
8 24 1.1561838138199885
8 25 1.5156586202928017
8 26 1.4306994075936188
8 27 1.3162429634321
8 28 1.2188271709689988
8 29 1.3772426238989288
8 30 1.2950217829864408
8 31 1.1053889284472234
8 32 1.1276121971992414
8 33 1.472718142534516
8 34 1.2474231262076056
8 35 1.3002155965711097
8 36 1.214131383491189
8 37 1.3338717245317264
8 38 1.4409686737118157
8 39 1.225661880574688
8 40 0.8170354896427633
8 41 1.4252923197405447
8 42 1.4933433257719588
8 43 1.3770815072410454
8 44 1.4296076468592696
8 45 1.2308222237108115
8 46 1.3943155996435315
8 47 1.4274830913870507
8 48 1.2250531322112925
8 49 1.1857336488108916
8 50 1.3214786530254694
8 51 1.312756401097706
8 52 1.3655322688186207
8 53 1.3088676835401691
8 54 1.4967660536365477
8 55 1.334175657248582
8 56 1.3778323755010635
8 57 1.4981964748617922
8 58 1.3437539542572543
8 59 1.2620747188944113
8 60 1.4312824742881323
8 61 1.3447691901119159
8 62 1.2231061549477051
8 63 1.3382318576845356
8 64 1.2147793506321731
8 65 1.5233970546442068
8 66 1.2563727440390169
8 67 1.3265399817286632
8 68 1.4763203818553396
8 69 1.3229568117776247
8 70 1.3254874463273307
8 71 1.4043139067403452
8 72 1.2170077911461958
8 73 1.2981495380286767
8 74 1.509164507980043
9 10 1.365658558614052
9 11 1.3420424081619542
9 12 1.325789236440395
9 13 1.3482293949901276
9 14 1.1654028518736237
9 15 1.334357014781304
9 16 1.2470280024364064
9 17 1.2237441790804644
9 18 1.082756522774739
9 19 1.2593931996016388
9 20 1.4108567670108312
9 21 1.431137657858382
9 22 1.192210682640755
9 23 1.3157111769657108
9 24 1.2401883454788056
9 25 1.1887716123182193
9 26 1.4800813166436206
9 27 1.289997764476777
9 28 1.2496708858028671
9 29 1.241939652810575
9 30 1.2641083235913708
9 31 1.0912698947899915
9 32 1.1608708489639008
9 33 1.409201251461245
9 34 1.2521008016251058
9 35 1.2509436327698538
9 36 1.1846499825905452
9 37 1.2619549852995902
9 38 1.5631241260320452
9 39 1.1922576703353893
9 40 1.1117556615865793
9 41 1.4483627331539788
9 42 1.3766334639023652
9 43 1.4318906361111439
9 44 1.4712488134567885
9 45 1.337204639839087
9 46 1.4904000636619221
9 47 1.462343470469801
9 48 1.3048671764589135
9 49 1.2960013982995173
9 50 1.2265746967212292
9 51 1.1903314904212756
9 52 1.4331014462730376
9 53 1.3010647105156274
9 54 1.4310216472002517
9 55 1.3583055663107253
9 56 1.27020399159578
9 57 1.4959852226948034
9 58 1.3078587006485054
9 59 1.3490745576843985
9 60 1.4797591725704555
9 61 1.2939960494093525
9 62 1.2439109637285428
9 63 1.1754656230035179
9 64 1.185164412296847
9 65 1.4992384947939985
9 66 1.3163630374900368
9 67 1.3218102447856541
9 68 1.2932037145802102
9 69 1.3051607802157543
9 70 1.3315151881653466
9 71 1.3231761322878877
9 72 1.1980181208996226
9 73 1.21781595359679
9 74 1.4511978596449058
10 11 1.2998821572998525
10 12 1.2581574613895283
10 13 1.2718006876577217
10 14 1.30531245769328
10 15 1.287176940292934
10 16 1.2593893687715783
10 17 1.334460555108796
10 18 1.349029865190477
10 19 1.3265493490807585
10 20 1.3874280004422805
10 21 1.312483679666803
10 22 1.3686446298376898
10 23 1.2345986180833957
10 24 1.3771081840841104
10 25 1.2346546476951055
10 26 1.3562309951546467
10 27 1.2529226156000306
10 28 1.3398241070838017
10 29 1.3518570422237852
10 30 1.2567518392321666
10 31 1.32340415534777
10 32 1.4185967270434965
10 33 1.2492422938374055
10 34 1.4393819740034342
10 35 1.2674751895205782
10 36 1.3784812214412046
10 37 1.1863033746268747
10 38 1.2998179760130604
10 39 1.2402929513029297
10 40 1.3687985707388735
10 41 1.1522437950751323
10 42 1.226706580475097
10 43 1.294697342549448
10 44 1.3396725221477765
10 45 1.4613466778417425
10 46 1.4042507235823514
10 47 1.321639637251836
10 48 1.4011633298494586
10 49 1.367715542003753
10 50 1.2190119013975116
10 51 1.1614019302634753
10 52 1.3360670010235918
10 53 1.354796426353579
10 54 1.182465972803073
10 55 1.2480373391571176
10 56 1.418469758273301
10 57 1.3325449642788882
10 58 1.3534908166413357
10 59 1.3918110315691683
10 60 1.2183500095357747
10 61 1.2611024088576908
10 62 1.3989284766211298
10 63 1.3524837216820738
10 64 1.397895908654389
10 65 1.3057628565431678
10 66 1.3452821005760094
10 67 1.2620482225486995
10 68 1.1967518146037077
10 69 1.2941305854977363
10 70 1.326750411453941
10 71 1.1936318783697502
10 72 1.267947122313441
10 73 1.3550515379320869
10 74 1.257577193950586
11 12 1.4064077555512753
11 13 1.246502753275519
11 14 1.1502552589951334
11 15 1.4325065439757676
11 16 1.2250932101173186
11 17 1.3301593443292228
11 18 1.2844799798015996
11 19 1.1613771812782414
11 20 1.4036288693749799
11 21 1.4009473265251002
11 22 1.2036414506011588
11 23 1.2300704066937445
11 24 1.255788665734727
11 25 1.3077828783564416
11 26 1.2991354891902869
11 27 1.18115737095144
11 28 1.173672272253512
11 29 1.39276879540977
11 30 1.1755257201075346
11 31 1.1813680704717202
11 32 1.240904921347913
11 33 1.3545882397505964
11 34 1.3390793423273668
11 35 1.1650844962996478
11 36 1.3942288486229129
11 37 1.2339536875749526
11 38 1.4689834131291313
11 39 1.258962770335166
11 40 1.2684721825838814
11 41 1.2619348753533919
11 42 1.2208289845551812
11 43 1.3041995509432232
11 44 1.3622348295440494
11 45 1.3473616384417844
11 46 1.317053600581046
11 47 1.2840030031671594
11 48 1.1447659078459818
11 49 1.0708986397793179
11 50 1.3306501617172761
11 51 1.276764767807076
11 52 1.350434192511055
11 53 1.3280626255145598
11 54 1.2453570793155437
11 55 1.4108190730863543
11 56 1.2746286618360592
11 57 1.434135750829316
11 58 1.287868504219279
11 59 1.2978631022391913
11 60 1.344284001440201
11 61 1.1294381455487346
11 62 1.1960634646115365
11 63 1.4000032476222382
11 64 1.1845260578115564
11 65 1.4197138524299326
11 66 1.3199024329541613
11 67 1.38430278013078
11 68 1.3144447624049374
11 69 1.4332168140937582
11 70 1.2725258773356136
11 71 1.2596616487912526
11 72 1.137478747289624
11 73 1.195320026498608
11 74 1.3227318737886242
12 13 1.3138139524041053
12 14 1.3819853131934958
12 15 1.4778040369506658
12 16 1.435206912836411
12 17 1.3577935442578133
12 18 1.4429649227529833
12 19 1.3898704770904968
12 20 1.4298991810669754
12 21 1.258205472533878
12 22 1.4128474026012825
12 23 1.2946934976387527
12 24 1.3694515523694373
12 25 1.3756866274917365
12 26 1.3221060318564397
12 27 1.3586802354644663
12 28 1.4335219970964177
12 29 1.357578423532414
12 30 1.358654573929297
12 31 1.3878280572156059
12 32 1.4060324013842787
12 33 1.3897110204683956
12 34 1.460738201725125
12 35 1.3512678032674923
12 36 1.5719582529216853
12 37 1.2728530124165212
12 38 1.3763237807058533
12 39 1.3634614929204423
12 40 1.4029335665342282
12 41 1.402968520613283
12 42 1.2978476420683152
12 43 1.472339077400444
12 44 1.4552175617994647
12 45 1.4587528692521692
12 46 1.3767138795058687
12 47 1.435881050243139
12 48 1.488287252900676
12 49 1.5536762771777182
12 50 1.30530633505338
12 51 1.365750195077307
12 52 1.407592700018638
12 53 1.3312584084701553
12 54 1.338207892821161
12 55 1.3102453008369914
12 56 1.4034230282198241
12 57 1.3914175099424286
12 58 1.4794434186456502
12 59 1.4384597732395874
12 60 1.3865251857262684
12 61 1.3722128958927688
12 62 1.441653499469069
12 63 1.3902398805467673
12 64 1.4701230116362303
12 65 1.4147105054861089
12 66 1.3925276402763342
12 67 1.480881158092785
12 68 1.2325076415484453
12 69 1.3999839453596843
12 70 1.3646406341459527
12 71 1.2229030027496643
12 72 1.3111937612253228
12 73 1.4956273308056551
12 74 1.4489821258260314
13 14 1.197961902653488
13 15 1.3037530891810807
13 16 1.1650244973962738
13 17 1.3233358263721342
13 18 1.3691845004827388
13 19 1.2380623873912
13 20 1.3537524663606586
13 21 1.2786371625098594
13 22 1.3213528974655562
13 23 1.260178443924244
13 24 1.3653712005215977
13 25 1.3381722800630893
13 26 1.3377672902195847
13 27 1.396638001275338
13 28 1.2342802281483762
13 29 1.3941658552734586
13 30 1.2971429557496519
13 31 1.1793628555453959
13 32 1.3624298170666516
13 33 1.4553164516336523
13 34 1.4223646121272517
13 35 1.12645406538558
13 36 1.374296293990304
13 37 1.2193619550185872
13 38 1.4713027990809708
13 39 1.2141084906515325
13 40 1.3170266167589495
13 41 1.2633337222172527
13 42 1.3820627381307542
13 43 1.4613311247643574
13 44 1.434861593400335
13 45 1.4320508141025035
13 46 1.3366446783230503
13 47 1.384511182249246
13 48 1.3355822964700907
13 49 1.231313068127434
13 50 1.2214217933279319
13 51 1.3418907720753752
13 52 1.2326417409483847
13 53 1.3510314402259656
13 54 1.1532034488728826
13 55 1.3112476865821867
13 56 1.3435113002744918
13 57 1.472173229637006
13 58 1.3754278851810837
13 59 1.4235471429593785
13 60 1.3502578453403358
13 61 1.216355444432126
13 62 1.1639309889850689
13 63 1.383217850265119
13 64 1.1857655616160567
13 65 1.4014467563174697
13 66 1.360742409663179
13 67 1.366241114004694
13 68 1.325258402628425
13 69 1.4760692250174066
13 70 1.2669732025286764
13 71 1.2776419683172249
13 72 1.1111022405768882
13 73 1.2547061089168285
13 74 1.389897031873751
14 15 1.3650527290620589
14 16 0.8313177208901614
14 17 1.2175117365002428
14 18 1.2012822412199315
14 19 1.0627300947632958
14 20 1.2871810825660734
14 21 1.3120408676697517
14 22 1.0107487638160115
14 23 1.0847523817362599
14 24 1.2895810079183394
14 25 1.2409875357504077
14 26 1.4552138859491799
14 27 1.3010702451401908
14 28 0.6526527874149822
14 29 1.2977277906768918
14 30 1.0452521415509028
14 31 1.0504797385887752
14 32 1.2118984455971835
14 33 1.5155680958714606
14 34 1.2980598219183828
14 35 1.0044061256892616
14 36 1.1768014610157234
14 37 1.0809590485187437
14 38 1.574480152749856
14 39 1.1419630981500375
14 40 1.2530939996661077
14 41 1.2611647922210543
14 42 1.288715607825281
14 43 1.4288614903311672
14 44 1.6648592486346119
14 45 1.2584572649006678
14 46 1.446635608575279
14 47 1.5348917102835387
14 48 1.1498151612098608
14 49 1.1550310700549171
14 50 1.1576932356609733
14 51 1.109057188537461
14 52 1.2100000098685957
14 53 1.2281013157470524
14 54 1.1967986761893132
14 55 1.2471290421317907
14 56 1.0482986224826476
14 57 1.620215932680405
14 58 0.9172502512231231
14 59 1.318586861360951
14 60 1.4988154702490313
14 61 1.1908287615999062
14 62 1.0855459878153881
14 63 1.2908840978322444
14 64 0.5967978469744086
14 65 1.6022671196530887
14 66 1.3470343961580475
14 67 1.2953925724183377
14 68 1.215744287273944
14 69 1.471024106726204
14 70 1.2199626746977585
14 71 1.3072753533336288
14 72 0.9365324739476805
14 73 0.6304831649852716
14 74 1.5346052919174786
15 16 1.3904641153260677
15 17 1.271732456723536
15 18 1.4032421041396637
15 19 1.342535301709817
15 20 1.3424210623112047
15 21 1.4300657072289433
15 22 1.3409355726403904
15 23 1.3468312323384721
15 24 1.3056845639525607
15 25 1.4798981844277261
15 26 1.4038539601580724
15 27 1.427712391949659
15 28 1.441630500589228
15 29 1.3090484538595928
15 30 1.4827802759493094
15 31 1.3543729983055093
15 32 1.3777752030144401
15 33 1.2873210990666528
15 34 1.2670819755125726
15 35 1.3730324806673626
15 36 1.3209365927823802
15 37 1.3005313370009792
15 38 1.3113507954097736
15 39 1.2058140540589657
15 40 1.3057151423754612
15 41 1.3837698333578612
15 42 1.3419639228880833
15 43 1.4335607740628147
15 44 1.2979461592648303
15 45 1.3105736871558817
15 46 1.3284801100109913
15 47 1.4854769161777999
15 48 1.3312847799742586
15 49 1.22747435252144
15 50 1.3574853571447034
15 51 1.2576371708562695
15 52 1.3462658803116196
15 53 1.3916652670547631
15 54 1.393357958706904
15 55 1.3749785692928422
15 56 1.2890986658215668
15 57 1.3645111791452877
15 58 1.2936678465112532
15 59 1.3286758312979583
15 60 1.3578125117768916
15 61 1.3098965707672698
15 62 1.2936159006996764
15 63 1.2002817763392857
15 64 1.3551922899503317
15 65 1.3645478541330276
15 66 1.2737432143063603
15 67 1.2950927862950932
15 68 1.4218201800842367
15 69 1.412757439827319
15 70 1.4109118356125947
15 71 1.4069934901268324
15 72 1.3203027964892526
15 73 1.4019275501107251
15 74 1.4334664804424038
16 17 1.2581117950686793
16 18 1.2469312307546105
16 19 1.0861990874633007
16 20 1.231766643238504
16 21 1.150605983860239
16 22 0.9868623544937022
16 23 1.0848625191019117
16 24 1.3235710365628388
16 25 1.2737376362355486
16 26 1.4731440120890147
16 27 1.3676125442639357
16 28 0.8765301771183662
16 29 1.3730059417506382
16 30 1.058924401359301
16 31 1.1565970141516366
16 32 1.208346797248778
16 33 1.4486266230093416
16 34 1.323742795885343
16 35 1.1868872425565804
16 36 1.2460525992134583
16 37 1.1194840468587486
16 38 1.5174975496412642
16 39 1.2378583021197036
16 40 1.2369397965819808
16 41 1.1793161646143098
16 42 1.258401114983023
16 43 1.4581776076846074
16 44 1.5549391275279028
16 45 1.3642677001674006
16 46 1.4559845178519415
16 47 1.4615525835222112
16 48 1.2981727949633748
16 49 1.2220829749851019
16 50 1.2101436944099735
16 51 1.177911483515707
16 52 1.1278566252392466
16 53 1.2552486563419363
16 54 1.249302855244763
16 55 1.1620184512591516
16 56 1.2169766011136576
16 57 1.5397875881108487
16 58 1.0069302828261455
16 59 1.3951268812664566
16 60 1.3947290863211392
16 61 1.2324458112637193
16 62 1.1355065715380819
16 63 1.335036765074057
16 64 0.7758814313649102
16 65 1.4630045314141225
16 66 1.3288163797755987
16 67 1.3511581604328455
16 68 1.298854343890414
16 69 1.4174194016835384
16 70 1.1225178544136072
16 71 1.2922217857149236
16 72 0.982213722850041
16 73 0.8045824800135036
16 74 1.5004512629901878
17 18 1.2015019588179539
17 19 1.2483386733276727
17 20 1.2658253109657025
17 21 1.3854368873285932
17 22 1.1735515915419448
17 23 1.2981929075903207
17 24 1.2220461644428837
17 25 1.2849916095113818
17 26 1.3420786730436225
17 27 1.2841194673374965
17 28 1.155156958967528
17 29 1.3757288810192123
17 30 1.2971931637876915
17 31 1.0957177368738347
17 32 1.2081699995893118
17 33 1.396243345323076
17 34 1.275402857575281
17 35 1.2286309739606192
17 36 1.2995104148298604
17 37 1.136231613761676
17 38 1.5198650452101217
17 39 1.1115882898678255
17 40 1.260183130610406
17 41 1.3940219234833473
17 42 1.2524990863582395
17 43 1.4094805707467075
17 44 1.3937901485875743
17 45 1.3305146991937067
17 46 1.4035629729909682
17 47 1.4857866586605963
17 48 1.217011947586155
17 49 1.1737954150564678
17 50 1.2623022064261946
17 51 1.237775663930563
17 52 1.4335727658504196
17 53 1.2314955864631625
17 54 1.3533101938405285
17 55 1.3082589790322838
17 56 1.3074680296121013
17 57 1.435520077143783
17 58 1.1951934209928077
17 59 1.37749325859168
17 60 1.3951780556998459
17 61 1.262077112782735
17 62 1.2259076001942129
17 63 1.2134713105173172
17 64 1.290389444939328
17 65 1.4484033817247313
17 66 1.330436405580729
17 67 1.275122318469603
17 68 1.305024606276955
17 69 1.3617782309682158
17 70 1.2166938663956464
17 71 1.202925065976639
17 72 1.2324800732110444
17 73 1.31142919541713
17 74 1.5399454474335557
18 19 1.276483963585651
18 20 1.2886901271656601
18 21 1.3516552937832274
18 22 1.0928544165848053
18 23 1.3233206624788796
18 24 1.149240388486379
18 25 1.2417834447136937
18 26 1.3457653154215379
18 27 1.3284056069743546
18 28 1.2097727807513194
18 29 1.3649551621848752
18 30 1.2227162706391117
18 31 1.2758977398626452
18 32 1.1296037325159283
18 33 1.3282839084336695
18 34 1.3353025766423383
18 35 1.2643627557487287
18 36 1.2641109609576004
18 37 1.2762915102743446
18 38 1.4224080094161808
18 39 1.2280035556005002
18 40 1.167945511119775
18 41 1.3116050532108
18 42 1.2166988615383323
18 43 1.2981256133283259
18 44 1.4058973284321674
18 45 1.2247505770039646
18 46 1.3542176197863467
18 47 1.4304960377348532
18 48 1.2114976734579455
18 49 1.2673823935990702
18 50 1.3950433214930182
18 51 1.3148869005935273
18 52 1.3169016840476264
18 53 1.2142711810840716
18 54 1.3493465836737528
18 55 1.3881505246636088
18 56 1.2994217409401982
18 57 1.448351458001356
18 58 1.2605256456141705
18 59 1.272466763170022
18 60 1.3417313325157665
18 61 1.2555748676911835
18 62 1.1995120830447352
18 63 1.1863467329927804
18 64 1.2302333004886015
18 65 1.4544241073159618
18 66 1.3311160875808743
18 67 1.2511478842468187
18 68 1.3354682666710433
18 69 1.288109463765057
18 70 1.2344620760295901
18 71 1.3047941563546226
18 72 1.266687413481533
18 73 1.2713628970848718
18 74 1.4504288166215076
19 20 1.276171679426079
19 21 1.1320198423998022
19 22 1.104661031683179
19 23 1.0970704888824367
19 24 1.2113333748151016
19 25 1.3085543579739531
19 26 1.3140054843483737
19 27 1.3955299391762395
19 28 1.118712827722121
19 29 1.341887698475561
19 30 1.2208814411852091
19 31 1.1944941661820592
19 32 1.3045257382556976
19 33 1.3360999394682724
19 34 1.1066943025302898
19 35 0.9641728488597615
19 36 1.3160067570912906
19 37 1.1582510591330006
19 38 1.3424533996577084
19 39 1.1080509434756516
19 40 1.2883210521125454
19 41 1.20680271037273
19 42 1.2398685379605154
19 43 1.290704372369401
19 44 1.3806598973701472
19 45 1.2642509703511715
19 46 1.2493389441767682
19 47 1.4039768233387229
19 48 1.092299281846839
19 49 1.049148344525101
19 50 1.3427966705563252
19 51 1.2114487801859255
19 52 1.1246687601874084
19 53 1.1459970994323818
19 54 1.233772518331816
19 55 1.313818581472519
19 56 1.3464246095918508
19 57 1.357145671614273
19 58 1.2353341275579324
19 59 1.267622280501232
19 60 1.2581799057270087
19 61 0.975937698391384
19 62 1.0382945394840057
19 63 1.290198501103552
19 64 1.0998713070331436
19 65 1.3330255985195565
19 66 1.3013064131071939
19 67 1.312398435332287
19 68 1.4316741195769493
19 69 1.3876390320301895
19 70 1.1844002487937288
19 71 1.2949206170212855
19 72 0.9255209810482136
19 73 1.2014049812744279
19 74 1.4387265889546772
20 21 1.2485866733261417
20 22 1.288231329918858
20 23 1.411346155307614
20 24 1.3108690733257042
20 25 1.4060850623010837
20 26 1.3124295102119314
20 27 1.396376395297193
20 28 1.339408107253849
20 29 1.419259695312611
20 30 1.3610828428971338
20 31 1.3975308361568197
20 32 1.2866697484546472
20 33 1.27576047834208
20 34 1.2545967103076232
20 35 1.4183530842320378
20 36 1.356730344769307
20 37 1.3844034430316017
20 38 1.3142527670347417
20 39 1.4124050716515517
20 40 1.3047659455067309
20 41 1.2953439992293732
20 42 1.379203919930147
20 43 1.2946616110633686
20 44 1.2847150614115521
20 45 1.3315427905201243
20 46 1.2490701581575485
20 47 1.2949459800139806
20 48 1.3378641877310022
20 49 1.2961221120433528
20 50 1.4908621652476672
20 51 1.3480446984328913
20 52 1.338504413274767
20 53 1.2403138531347968
20 54 1.2932035529915693
20 55 1.4703927860707389
20 56 1.3689116773084136
20 57 1.3747102428318616
20 58 1.2939117516142848
20 59 1.3098925589964092
20 60 1.3118798442649149
20 61 1.3254573736528328
20 62 1.3277660689365967
20 63 1.3328276581938259
20 64 1.234160037380814
20 65 1.2759432657697984
20 66 1.4685909355754294
20 67 1.2638422455066403
20 68 1.3744984431201046
20 69 1.3726350893180228
20 70 1.2539768558503381
20 71 1.3659493058436032
20 72 1.3326809323321243
20 73 1.3698487129417034
20 74 1.38603224790158
21 22 1.272427971478427
21 23 1.2632106588531873
21 24 1.3952605720134106
21 25 1.3742439230684396
21 26 1.3796535526735956
21 27 1.5488358571675087
21 28 1.302340345796561
21 29 1.4394012016346907
21 30 1.406569499503748
21 31 1.417968806101791
21 32 1.4636934314212466
21 33 1.3476502084911808
21 34 1.3791764952150456
21 35 1.2494022972385421
21 36 1.5018057361875317
21 37 1.2688732103678948
21 38 1.348189886162177
21 39 1.4129576787385312
21 40 1.4399238097041371
21 41 1.0106549222214132
21 42 1.3223701555450107
21 43 1.4078281668184962
21 44 1.4794176755270492
21 45 1.4554018515608789
21 46 1.3319067098194148
21 47 1.3630941955420761
21 48 1.3851727879869387
21 49 1.3449159102404213
21 50 1.3840934658458763
21 51 1.433628736229705
21 52 0.8491134585403703
21 53 1.1711034995887548
21 54 1.2600706526361414
21 55 1.3191255011762486
21 56 1.4024027858704973
21 57 1.3844295627175265
21 58 1.3923272997177698
21 59 1.3710386587091166
21 60 1.2704170809527071
21 61 1.2895482456284193
21 62 1.2450261782701542
21 63 1.3466099877797773
21 64 1.3000258507123474
21 65 1.3538377123874905
21 66 1.356333006496688
21 67 1.3357145228707472
21 68 1.3340877626987908
21 69 1.4221869634717288
21 70 1.2705100589258036
21 71 1.362646967242766
21 72 1.1480118816784073
21 73 1.3258324049297583
21 74 1.391764742606447
22 23 1.0932012100226058
22 24 1.0858857568428548
22 25 1.3235461106305553
22 26 1.3700355426185438
22 27 1.257643442793671
22 28 1.0113439170774685
22 29 1.3194238043494413
22 30 1.1730152270166438
22 31 1.1032771105737262
22 32 1.0695115950773884
22 33 1.3403132814090866
22 34 1.1431007465243048
22 35 1.1025371237918522
22 36 1.261041466849088
22 37 1.047968263233601
22 38 1.4283520815241524
22 39 1.1020157066912295
22 40 1.110039157328838
22 41 1.2428181719428673
22 42 1.0921009644785087
22 43 1.2653583218159634
22 44 1.4233917632818676
22 45 1.1735640729378407
22 46 1.3553262360010538
22 47 1.5023196952896172
22 48 1.1773254994275315
22 49 1.138703721678321
22 50 1.2228129694344922
22 51 1.114925603406539
22 52 1.2120124077121053
22 53 1.2694410388518615
22 54 1.3195146893995418
22 55 1.1909046366827418
22 56 1.2379839381274658
22 57 1.4982109123075469
22 58 1.0968163494995704
22 59 1.2634121470646456
22 60 1.3396106787468232
22 61 1.1228556205842821
22 62 0.9711263452091581
22 63 1.2131399743422453
22 64 1.0100728313364427
22 65 1.4078643975847964
22 66 1.3420267216234554
22 67 1.302133203395324
22 68 1.3422021996952669
22 69 1.3774466210094574
22 70 0.9813918781320867
22 71 1.3030796295262792
22 72 0.9945263533292922
22 73 1.123755375452274
22 74 1.5290888706412873
23 24 1.207011252765062
23 25 1.3383145574829338
23 26 1.3759741974300816
23 27 1.2985827713727318
23 28 1.0978922307523071
23 29 1.380186649117523
23 30 1.3245607105085504
23 31 1.2066352518520387
23 32 1.2597014180872026
23 33 1.3213905356265168
23 34 1.329104228291793
23 35 1.073635218990501
23 36 1.2549043815403427
23 37 1.1135881786998418
23 38 1.3725886459111027
23 39 1.2356690988982495
23 40 1.2385513753848485
23 41 1.341756077619701
23 42 1.200756346684088
23 43 1.3064748178700534
23 44 1.4449063532974469
23 45 1.3587998467460543
23 46 1.3675148096725245
23 47 1.4247498318977367
23 48 1.2332508229225614
23 49 1.274323282262295
23 50 1.207263497453559
23 51 1.2327703314419522
23 52 1.2366271801038162
23 53 1.3081033071374002
23 54 1.290612587162453
23 55 1.2815818365220488
23 56 1.2713892801975901
23 57 1.4121479622507938
23 58 1.2450114063749296
23 59 1.2561654662879662
23 60 1.2656115223128421
23 61 1.245222492770654
23 62 1.160661438146637
23 63 1.3136895289848247
23 64 1.175048659104794
23 65 1.373591887194678
23 66 1.3791371790531899
23 67 1.335416946092068
23 68 1.2880494413601726
23 69 1.3748537900853026
23 70 1.281591982477364
23 71 1.3053624334253875
23 72 1.0231557260371074
23 73 1.2104174385136417
23 74 1.4572681429900947
24 25 1.3483591689067782
24 26 1.25296795891415
24 27 1.3202651420477467
24 28 1.2595616577580648
24 29 1.331972363717762
24 30 1.2061657400356809
24 31 1.1240486881196556
24 32 1.0816582586961865
24 33 1.3192680346960093
24 34 1.2401704963264932
24 35 1.3475113850257512
24 36 1.3363763822690733
24 37 1.2247756924327176
24 38 1.3148935391322878
24 39 1.1360496145749162
24 40 1.04594791491263
24 41 1.483217328544475
24 42 1.2153591626731253
24 43 1.3120433627034866
24 44 1.3692310068921325
24 45 1.201991750351969
24 46 1.2885465346167015
24 47 1.4911110387010469
24 48 1.150439051772924
24 49 1.2432166434599863
24 50 1.3285496204854679
24 51 1.2952285176780867
24 52 1.382331458095556
24 53 1.2833235501388565
24 54 1.3413413558771174
24 55 1.3905353555387965
24 56 1.3546249579963923
24 57 1.3947524770999633
24 58 1.312955587117452
24 59 1.1980627535738413
24 60 1.3423087363320203
24 61 1.1842048633616575
24 62 1.1587110001305483
24 63 1.261005396374107
24 64 1.2939251720312652
24 65 1.3664083697627618
24 66 1.3127335542533358
24 67 1.350554688934226
24 68 1.343661128146209
24 69 1.363205234492118
24 70 1.2229644559185764
24 71 1.2449953846409687
24 72 1.2785187005376704
24 73 1.3923057348336596
24 74 1.550119212164387
25 26 1.3582115142035174
25 27 1.265439825348594
25 28 1.199555446562113
25 29 1.379846701134744
25 30 1.0585745426309572
25 31 1.2466492701690224
25 32 1.4272325002944344
25 33 1.424570769987437
25 34 1.3516945348061444
25 35 1.2490969278251611
25 36 1.3831200683204505
25 37 1.2561627872092722
25 38 1.5174245674808173
25 39 1.279525039320467
25 40 1.49255903486257
25 41 1.3919854892004344
25 42 1.314153819645354
25 43 1.3870484530786742
25 44 1.4350930094470482
25 45 1.3888952818957
25 46 1.4359243317528527
25 47 1.4344945163264442
25 48 1.3556949934338511
25 49 1.399885807461332
25 50 1.3168528211185393
25 51 1.2409203299330245
25 52 1.4026573792832826
25 53 1.3619926555657946
25 54 1.2697155087833585
25 55 1.3464871074242906
25 56 1.3625672210346833
25 57 1.4992882483812133
25 58 1.2307620233282552
25 59 1.4266422835013188
25 60 1.362930432951944
25 61 1.338493014506586
25 62 1.3630172112187027
25 63 1.4224841796786383
25 64 1.3016201601158424
25 65 1.4768036538956417
25 66 1.4073686822457983
25 67 1.3990183365171716
25 68 1.2517891643059933
25 69 1.3634385320384486
25 70 1.2974633862240514
25 71 1.1127542472537686
25 72 1.3057918989246138
25 73 1.271298516745433
25 74 1.3983706839697143
26 27 1.4320642699213424
26 28 1.3272414737020344
26 29 1.4398009076193066
26 30 1.360584151681529
26 31 1.3977993988508373
26 32 1.316201797549337
26 33 1.1062619904142421
26 34 1.2066189337331754
26 35 1.3359649497936221
26 36 1.4274706334871932
26 37 1.3353621870294432
26 38 1.1052177427490228
26 39 1.309011753337951
26 40 1.378824517147472
26 41 1.2828810498650223
26 42 1.2530807668355806
26 43 1.1469317455425312
26 44 1.233608253800238
26 45 1.472455769223672
26 46 0.6126487544171367
26 47 1.135024070735918
26 48 1.371442377084443
26 49 1.3214886814719755
26 50 1.4526058466394935
26 51 1.3983522550283904
26 52 1.3282624906444465
26 53 1.3854096151956727
26 54 1.031209859554612
26 55 1.4179652550200141
26 56 1.3907614432972815
26 57 1.1267589412146921
26 58 1.4164366806627953
26 59 1.31207677688796
26 60 1.0903139034220628
26 61 1.2646446954611505
26 62 1.3850717432649151
26 63 1.267524446095107
26 64 1.472667991644724
26 65 1.1290131562710728
26 66 1.3143569506320487
26 67 1.3303841696786178
26 68 1.3391491144633427
26 69 1.4103154952049752
26 70 1.4288941261260137
26 71 1.331036165994041
26 72 1.3672152151110983
26 73 1.529868489129937
26 74 1.1306467738444779
27 28 1.340346219840256
27 29 1.3625603706964464
27 30 1.247600585255069
27 31 1.2147530556919592
27 32 1.2867968221681498
27 33 1.3548723808294907
27 34 1.3880110748556256
27 35 1.3929855394738095
27 36 1.4192780078299685
27 37 1.2669862645799363
27 38 1.4597155609486694
27 39 1.2115895245482788
27 40 1.2887694350467478
27 41 1.4818209590949558
27 42 1.3466895025265508
27 43 1.3322005161371022
27 44 1.3714363273774486
27 45 1.3467419763201756
27 46 1.4401524433946757
27 47 1.4764418186468249
27 48 1.3235043844794177
27 49 1.4047064860410106
27 50 1.2670668538447036
27 51 1.100856599864007
27 52 1.5784913018759337
27 53 1.3206754338025652
27 54 1.3764933841318026
27 55 1.3306958518584033
27 56 1.3855439588613014
27 57 1.4209660489408429
27 58 1.354621236041311
27 59 1.3126120223446491
27 60 1.374312773101153
27 61 1.3210973265309611
27 62 1.3252846987414342
27 63 1.3857558462496755
27 64 1.3608950627101484
27 65 1.4346790789675
27 66 1.4200679608124607
27 67 1.3354682207640296
27 68 1.3677126685472187
27 69 1.4061636818359096
27 70 1.345052825466144
27 71 1.1005676480520434
27 72 1.341400107438102
27 73 1.3575327756106714
27 74 1.4632730370893943
28 29 1.291805406854912
28 30 0.9957265557072648
28 31 1.0620050956837725
28 32 1.204960647435061
28 33 1.4945831280555082
28 34 1.330914377564971
28 35 1.038647631196635
28 36 1.1332881375779202
28 37 1.0920656032788076
28 38 1.454380440070273
28 39 1.117341530308103
28 40 1.2521938501057606
28 41 1.2597269180194386
28 42 1.214198727482395
28 43 1.3152305253101293
28 44 1.6221218494522092
28 45 1.2343557744351703
28 46 1.3777600049841214
28 47 1.4727307740695466
28 48 1.0900755131504247
28 49 1.214176599902551
28 50 1.1503641052799924
28 51 1.1438414601769804
28 52 1.2339068960557584
28 53 1.2144903290909055
28 54 1.1708969800147726
28 55 1.1994856897801538
28 56 1.0653094583291707
28 57 1.5345521627898444
28 58 0.9068613160066927
28 59 1.2929169657024504
28 60 1.4216559862361617
28 61 1.187557601689991
28 62 1.0975035199965208
28 63 1.3180569945188314
28 64 0.7703357172482689
28 65 1.5273488202368237
28 66 1.3233580041936692
28 67 1.2961974656293695
28 68 1.2551489636107678
28 69 1.4348923908784965
28 70 1.2013817450467532
28 71 1.2925393642632352
28 72 0.9607589329283487
28 73 0.8087906399736784
28 74 1.4749440126754567
29 30 1.2758586149350655
29 31 1.3420770675224165
29 32 1.3258748108852925
29 33 1.4398911393735905
29 34 1.3784807617212194
29 35 1.3524727043341196
29 36 1.1927612046884681
29 37 1.3411700531442436
29 38 1.361043226713068
29 39 1.2073967900282527
29 40 1.4067816590778774
29 41 1.4917188944415796
29 42 1.3493984101341765
29 43 1.3859275399032798
29 44 1.4955499877258795
29 45 1.296568231823805
29 46 1.4843221041927774
29 47 1.4938012640597609
29 48 1.3234726035344975
29 49 1.3633951130275779
29 50 1.3040572333460927
29 51 1.2612566791716726
29 52 1.5231668014195465
29 53 1.4035993373819247
29 54 1.3892110438553391
29 55 1.4323058705687828
29 56 1.069154952372932
29 57 1.5047002815709756
29 58 1.3566896794165313
29 59 1.4903147334171516
29 60 1.5121537667063953
29 61 1.2556739068419942
29 62 1.286924258261442
29 63 1.2757083767715902
29 64 1.3426674693712692
29 65 1.4738642331582408
29 66 1.4686760041850564
29 67 1.3703831739543764
29 68 1.3958966043379835
29 69 1.468555189748162
29 70 1.4036466878947005
29 71 1.4511701270214439
29 72 1.307808920438412
29 73 1.3167450587117935
29 74 1.4603256069337711
30 31 1.1111403808779503
30 32 1.2375102250685726
30 33 1.378369637877507
30 34 1.360070182020128
30 35 1.2204960279998762
30 36 1.369607137682944
30 37 1.1570531784144082
30 38 1.493964900630009
30 39 1.160697663388359
30 40 1.317624238061599
30 41 1.3034213771882996
30 42 1.2728063278767352
30 43 1.3452903361777941
30 44 1.5086505436411748
30 45 1.2979394805395028
30 46 1.3848135746007455
30 47 1.4446206694902832
30 48 1.322392273311414
30 49 1.4102684952788778
30 50 1.2949277144220224
30 51 1.209843292218825
30 52 1.3583330517732226
30 53 1.2839797044562264
30 54 1.257833098263047
30 55 1.3314268943575118
30 56 1.231922347375083
30 57 1.4545063934928113
30 58 1.0769585966185868
30 59 1.3610287505950296
30 60 1.33891078831324
30 61 1.1593017734994118
30 62 1.2738349024520044
30 63 1.3404397859811308
30 64 1.1103827794379326
30 65 1.4440928912422024
30 66 1.447294068856888
30 67 1.4164508657547572
30 68 1.2064544450911374
30 69 1.3708859374101647
30 70 1.175560198830875
30 71 1.1703288494908266
30 72 1.0983750344157637
30 73 1.088872163245922
30 74 1.508641033378599
31 32 1.152792725036745
31 33 1.421880843613963
31 34 1.2925287810352677
31 35 1.154928880375586
31 36 1.1882990868748236
31 37 1.2345433045598746
31 38 1.511736587895955
31 39 1.0585041550842278
31 40 1.1823588324936045
31 41 1.3677967766513137
31 42 1.277063618062239
31 43 1.3917427940382285
31 44 1.4975041309248025
31 45 1.2625120148805773
31 46 1.4520883619895038
31 47 1.4249903910474102
31 48 1.2308245041714803
31 49 1.1328553250771336
31 50 1.1295262091302187
31 51 1.2400541666176947
31 52 1.2941665943254106
31 53 1.2053919654015952
31 54 1.3118409767995736
31 55 1.2918154925778478
31 56 1.2725361417614942
31 57 1.509877180139328
31 58 1.2055684911517484
31 59 1.3221148188862477
31 60 1.407871734829964
31 61 1.176142599146195
31 62 1.1280163711067812
31 63 1.2357898866797445
31 64 1.0407272812557047
31 65 1.5042860094053343
31 66 1.3334622146900827
31 67 1.3381643087268467
31 68 1.2561089544362938
31 69 1.325314106596296
31 70 1.2342315802205701
31 71 1.2562968211178915
31 72 1.1113606726150576
31 73 1.1232973445478682
31 74 1.4807602414023737
32 33 1.4806151440270714
32 34 1.218671653817824
32 35 1.2706721826302163
32 36 1.2459708931683424
32 37 1.2464936626297025
32 38 1.4264395784645878
32 39 1.1788767204883608
32 40 0.9330801221864136
32 41 1.360392486899922
32 42 1.2308505320714225
32 43 1.3290721627609805
32 44 1.4245492886346085
32 45 1.1055780457933242
32 46 1.3703148246428065
32 47 1.4049378629223597
32 48 1.2373181650571485
32 49 1.1966927433234409
32 50 1.321411252774645
32 51 1.1990007589048384
32 52 1.3833468756952747
32 53 1.4023065936485106
32 54 1.3510461314014481
32 55 1.3538973711801987
32 56 1.2785477801306835
32 57 1.490581770829951
32 58 1.2372838627330887
32 59 1.2137633196574846
32 60 1.4819039593515062
32 61 1.1441198934043526
32 62 1.1609548227714845
32 63 1.256773748220342
32 64 1.198873390539966
32 65 1.509627408578483
32 66 1.292653774959395
32 67 1.3841204250266186
32 68 1.3780921195106801
32 69 1.3390636086437875
32 70 1.1982618406524685
32 71 1.3711437990775623
32 72 1.18456594975558
32 73 1.2446030539937236
32 74 1.5047842008572332
33 34 1.2705958751155726
33 35 1.4317522228770039
33 36 1.4531895929870917
33 37 1.3620600284979196
33 38 1.082179858433948
33 39 1.2664522209372218
33 40 1.474308372744466
33 41 1.2788741445002354
33 42 1.1724801468550818
33 43 1.0512566912095613
33 44 0.9205338586636608
33 45 1.441328600055331
33 46 1.0717053445607443
33 47 1.2395500371661625
33 48 1.3328523435338788
33 49 1.3832425224789293
33 50 1.4599456476973618
33 51 1.2682033693054666
33 52 1.305240326523124
33 53 1.2982949451991255
33 54 1.333944177043483
33 55 1.4587396514568967
33 56 1.4290850274151237
33 57 0.8083770613327662
33 58 1.477697750469012
33 59 1.2232346648887462
33 60 0.7166611932600936
33 61 1.244632416527084
33 62 1.370704083353363
33 63 1.1437043374632807
33 64 1.536731856888948
33 65 0.6809513426731344
33 66 1.3485054829272691
33 67 1.1943730694362866
33 68 1.3566818201437365
33 69 1.3538334551527782
33 70 1.303046460601688
33 71 1.3342335256424753
33 72 1.3969807762712416
33 73 1.5664836868233984
33 74 1.2518821423564674
34 35 1.2485513726991009
34 36 1.3127180272887053
34 37 1.2829567556718966
34 38 1.3234929323290734
34 39 1.279320346844524
34 40 1.2942112073764225
34 41 1.384708551993529
34 42 1.349597726844023
34 43 1.365726119088717
34 44 1.3048538706737782
34 45 1.303134625344125
34 46 1.1386700362023612
34 47 1.3776477028652798
34 48 1.2896240910139913
34 49 1.214223883782161
34 50 1.4121157627746717
34 51 1.2653475012039486
34 52 1.3519193041014805
34 53 1.3311455269001617
34 54 1.3276418226373112
34 55 1.4414674602815014
34 56 1.3504416176628515
34 57 1.3362676576301444
34 58 1.374921250206843
34 59 1.253796569440746
34 60 1.3342676537999336
34 61 1.2973126537351192
34 62 1.2960689945515067
34 63 1.251237259390518
34 64 1.3261083513196044
34 65 1.3468976289098624
34 66 1.2791026274814254
34 67 1.383040537404879
34 68 1.4588588264078988
34 69 1.296868313451368
34 70 1.3203635303406378
34 71 1.4418342020833879
34 72 1.2129228743344245
34 73 1.489306035636146
34 74 1.4067457897214057
35 36 1.3387577324475608
35 37 1.124057876286012
35 38 1.4574364999963374
35 39 1.090563786205541
35 40 1.2991106441309503
35 41 1.1817125926920697
35 42 1.2443363023114877
35 43 1.3157726829513803
35 44 1.510081862762755
35 45 1.3522840424868847
35 46 1.356756584685006
35 47 1.3808358500185856
35 48 1.0747698697053312
35 49 1.0814582093796388
35 50 1.3065157412705453
35 51 1.249660755916341
35 52 1.1575820100456973
35 53 1.2564220729216813
35 54 1.2384203982039317
35 55 1.2423151085937232
35 56 1.236565712084277
35 57 1.4798052589102415
35 58 1.1134667364273596
35 59 1.2161595034113044
35 60 1.3613956722169196
35 61 1.0996973581133116
35 62 1.0621085161501003
35 63 1.3640236570219288
35 64 1.1433213764766745
35 65 1.4889244064769607
35 66 1.3103293408345715
35 67 1.3034725207419382
35 68 1.2359788926355573
35 69 1.4378467984776246
35 70 1.2009220752590606
35 71 1.2924320953299633
35 72 0.8678070317726563
35 73 1.1540684658276696
35 74 1.376330527967802
36 37 1.370212357623332
36 38 1.4395927265043906
36 39 1.1582151744954
36 40 1.2406392100678112
36 41 1.4253265340629548
36 42 1.4075177113160207
36 43 1.366961605961158
36 44 1.4369768332338348
36 45 1.2977152956310933
36 46 1.3859690940599083
36 47 1.402835085629776
36 48 1.335355412232502
36 49 1.2539015798446957
36 50 1.2583388040536851
36 51 1.2287994005026603
36 52 1.3666234876507446
36 53 1.4086274910453613
36 54 1.3623130180893441
36 55 1.3626638298943865
36 56 1.277355348897973
36 57 1.5194300194321468
36 58 1.3170298265625335
36 59 1.3546202017797355
36 60 1.45138421593146
36 61 1.4330378816817073
36 62 1.200844440464406
36 63 1.2180341102477017
36 64 1.1546443870454632
36 65 1.4889307396897604
36 66 1.3755600565278507
36 67 1.3445807084698735
36 68 1.4250921348309786
36 69 1.3229497748885257
36 70 1.3708674585356442
36 71 1.411339013315999
36 72 1.2880986997639143
36 73 1.1774301552959643
36 74 1.476124994206819
37 38 1.418524605341479
37 39 1.0796868480929236
37 40 1.3096497071736681
37 41 1.2735925880115482
37 42 1.2178297163146325
37 43 1.3358091139603887
37 44 1.4632467729952756
37 45 1.3075417835716232
37 46 1.3567810958362447
37 47 1.5217314746950068
37 48 1.2350860357091393
37 49 1.2431304250679747
37 50 1.2427019591687507
37 51 1.1189912240747186
37 52 1.3051421632387774
37 53 1.341997691696387
37 54 1.1852581233458417
37 55 1.1565143696123426
37 56 1.3123084394869262
37 57 1.4586171610032137
37 58 1.179123586210347
37 59 1.2547434688401817
37 60 1.3656764642560328
37 61 1.1867263963211951
37 62 1.1423529181617003
37 63 1.3038342975755464
37 64 1.1628596229247374
37 65 1.4294528777164373
37 66 1.2571771856627878
37 67 1.2374528422939532
37 68 1.2093225608678961
37 69 1.3966164405453758
37 70 1.2237418644293452
37 71 1.1755486111932156
37 72 1.1415881466476856
37 73 1.1397322147227047
37 74 1.4841154949433688
38 39 1.4347438350525301
38 40 1.4090400849983276
38 41 1.3537701373943285
38 42 1.2789591532427542
38 43 1.1343235152222164
38 44 1.1557748696620722
38 45 1.3490584623486506
38 46 1.1197204017076863
38 47 1.1422803381460669
38 48 1.3288632555774207
38 49 1.4029905386473749
38 50 1.5208861361855501
38 51 1.362337532776488
38 52 1.3624853718532
38 53 1.3186707339070785
38 54 1.2132441828419736
38 55 1.3921045296679555
38 56 1.5024262065116805
38 57 1.0030011447527694
38 58 1.4660143376217696
38 59 1.2780273050726443
38 60 1.1503539797863842
38 61 1.276386950050168
38 62 1.414610737087342
38 63 1.3974043707527612
38 64 1.602145447910848
38 65 1.0122794401391095
38 66 1.3966071317015807
38 67 1.3144754445804139
38 68 1.4575504126563537
38 69 1.395149400247431
38 70 1.392660798857273
38 71 1.4638549814876818
38 72 1.4581227112416744
38 73 1.632291073906137
38 74 1.1075102836646082
39 40 1.2828344505621951
39 41 1.3834950272697857
39 42 1.2144959182977189
39 43 1.309945399609934
39 44 1.3357255222878084
39 45 1.1721752293915826
39 46 1.3356479066286817
39 47 1.4302790637644018
39 48 1.1435676262387418
39 49 1.1792209730548129
39 50 1.1928081524526495
39 51 1.011353792182379
39 52 1.3504504066186305
39 53 1.3960029812088919
39 54 1.3459699280377853
39 55 1.3136161720277157
39 56 1.2521673736686856
39 57 1.3921062968153461
39 58 1.2285143328438768
39 59 1.159811283643085
39 60 1.3066444741258298
39 61 1.1063965225053585
39 62 1.0595086127763635
39 63 1.0855732812145018
39 64 1.1620070274197651
39 65 1.3548168434948398
39 66 1.2779844800147704
39 67 1.1351372991131419
39 68 1.3457247648250132
39 69 1.3500596439690982
39 70 1.1598470640564653
39 71 1.1154476634091974
39 72 1.0670718845403862
39 73 1.19213710534106
39 74 1.4809680694886818
40 41 1.4048430165921395
40 42 1.3690379655977412
40 43 1.3932053867280443
40 44 1.4354494257969814
40 45 1.2128955524614793
40 46 1.368759452026803
40 47 1.449743568744992
40 48 1.2649487837226963
40 49 1.168548256123591
40 50 1.3456534556632056
40 51 1.307083125373223
40 52 1.4100578939683128
40 53 1.2740428754280677
40 54 1.4389198206740426
40 55 1.2934519628020986
40 56 1.3756616753521032
40 57 1.4783926018069826
40 58 1.332553681232075
40 59 1.30153363007139
40 60 1.4420612186557384
40 61 1.2215714451449984
40 62 1.176634576958293
40 63 1.2968745763726601
40 64 1.1978585665177466
40 65 1.501277097546747
40 66 1.1993687287905517
40 67 1.4272092579963889
40 68 1.4549622086845362
40 69 1.4059329946059669
40 70 1.3079746036310904
40 71 1.3724278243279855
40 72 1.1701367221632168
40 73 1.2930900953538422
40 74 1.4772344942209452
41 42 1.1278085580990287
41 43 1.2882377161653005
41 44 1.4285858154809006
41 45 1.3909899765408928
41 46 1.2770329633043507
41 47 1.267280338730027
41 48 1.4244118994888286
41 49 1.3247105280093183
41 50 1.34960878989145
41 51 1.3617143106477276
41 52 0.8653576275270889
41 53 1.1935658835631076
41 54 1.129801956123289
41 55 1.1872018125699957
41 56 1.4057939310472305
41 57 1.4181833158785828
41 58 1.283108767919499
41 59 1.3410467536799326
41 60 1.2586308970778968
41 61 1.242658926237986
41 62 1.3014837196935498
41 63 1.2971532899534046
41 64 1.266799052931041
41 65 1.3538981714130442
41 66 1.274582239182639
41 67 1.2981223234207846
41 68 1.2641926650866986
41 69 1.3736396896182688
41 70 1.2828785836057544
41 71 1.4359439135357586
41 72 1.1469322304799048
41 73 1.2309468722825647
41 74 1.3021431654797777
42 43 1.208865874380832
42 44 1.3048414990008343
42 45 1.226782076625432
42 46 1.3095095937897847
42 47 1.3404000266341647
42 48 1.2684160007885608
42 49 1.2417060819472219
42 50 1.3456785895342547
42 51 1.301460934105601
42 52 1.3093718161424879
42 53 1.2236584634592151
42 54 1.2483462930117757
42 55 1.165048990722994
42 56 1.195340195283683
42 57 1.260738390677674
42 58 1.2335747617985047
42 59 1.3467624567262784
42 60 1.198984445978904
42 61 1.0447999224955782
42 62 1.1796254369194397
42 63 1.2934712657821938
42 64 1.31683791438823
42 65 1.2180592888654795
42 66 1.276000151743691
42 67 1.349657285939928
42 68 1.378903287948642
42 69 1.3530080838330414
42 70 1.171536910967631
42 71 1.3618457718804013
42 72 1.1867936368313017
42 73 1.3230337583169944
42 74 1.3591631278662293
43 44 1.0962893057211913
43 45 1.3196296321576588
43 46 1.2171711017709819
43 47 1.1904614175679205
43 48 1.2457970611250249
43 49 1.3735623633083391
43 50 1.4063358123416396
43 51 1.2568908339168274
43 52 1.3577012588646078
43 53 1.4133436033407523
43 54 1.255492473160643
43 55 1.4610973502869855
43 56 1.3610713837693267
43 57 1.0368845090732561
43 58 1.3925153708005626
43 59 1.1334858033757953
43 60 1.0365343971331613
43 61 1.161411376269269
43 62 1.3189251711850454
43 63 1.264865258634972
43 64 1.4696130506335907
43 65 1.0165625568242767
43 66 1.342556920352505
43 67 1.152079326148761
43 68 1.3825743833897286
43 69 1.2564886864840485
43 70 1.3769627566687836
43 71 1.3999223144525679
43 72 1.3695682714551725
43 73 1.4967951602609828
43 74 1.208305523836788
44 45 1.4117156506923458
44 46 1.2065910515343277
44 47 1.229410978446004
44 48 1.390713388418253
44 49 1.3354833281740053
44 50 1.5277012574927478
44 51 1.421622793918205
44 52 1.4556477563367631
44 53 1.4433038837946333
44 54 1.4296075377840558
44 55 1.575452677065709
44 56 1.6032283363403612
44 57 0.8844612039309495
44 58 1.5919375281738675
44 59 1.2222730174909113
44 60 0.9296016832534455
44 61 1.3410365419903079
44 62 1.419947248998213
44 63 1.3283790009716852
44 64 1.6484027080300845
44 65 0.79403565748693
44 66 1.387528063119113
44 67 1.2803275582424543
44 68 1.5175957813396823
44 69 1.307286179596077
44 70 1.381816147473538
44 71 1.3313135709035515
44 72 1.4915725984751693
44 73 1.690565372916875
44 74 1.2778864343767784
45 46 1.427745633457886
45 47 1.3843035048116314
45 48 1.1255662280003853
45 49 1.2861593171187133
45 50 1.2455360109848082
45 51 1.2465739794203832
45 52 1.349743067241594
45 53 1.3635796107174125
45 54 1.4321401039065402
45 55 1.383073082258776
45 56 1.3189205440893856
45 57 1.449550304829216
45 58 1.2868391896990519
45 59 1.257645768439798
45 60 1.4548438797010241
45 61 1.2699490187977267
45 62 1.1611396314070317
45 63 1.352275961959874
45 64 1.2564553331712192
45 65 1.4927330533058794
45 66 1.209761330151999
45 67 1.3308062856375362
45 68 1.547228295449758
45 69 1.316376718102372
45 70 1.2670714209379597
45 71 1.3091944459058273
45 72 1.328112187616421
45 73 1.3075120946807233
45 74 1.432934642944586
46 47 1.1135909080626416
46 48 1.329963380525371
46 49 1.297998393669693
46 50 1.5135958446119946
46 51 1.3600823743392891
46 52 1.2898061199377269
46 53 1.354045349290675
46 54 1.053994314074057
46 55 1.4301330109525383
46 56 1.408670357971039
46 57 1.1481920918662658
46 58 1.375230951863522
46 59 1.325051348656136
46 60 1.0671839616753023
46 61 1.3345093745847632
46 62 1.3624137568205126
46 63 1.2685600133515946
46 64 1.4231161723011767
46 65 1.1260983129914652
46 66 1.313280087651073
46 67 1.3771868352183758
46 68 1.3704154976945755
46 69 1.3966630047429578
46 70 1.3896593347639656
46 71 1.3657590177430659
46 72 1.3881904968909122
46 73 1.5135229881898544
46 74 1.0986562324382505
47 48 1.2918344085814302
47 49 1.3045869438755822
47 50 1.4969165838947842
47 51 1.4346146536184639
47 52 1.3536539420997802
47 53 1.3805753160189527
47 54 1.1689272784050122
47 55 1.454768590649929
47 56 1.4132327376438678
47 57 1.2331796532347763
47 58 1.4547473603273042
47 59 1.3845974901733322
47 60 1.2133271214519408
47 61 1.2689958160258517
47 62 1.3567209933036863
47 63 1.3719030641086774
47 64 1.5004528356387195
47 65 1.219363221111464
47 66 1.3861741010694504
47 67 1.3800635326373614
47 68 1.4285950784282075
47 69 1.2605248652819863
47 70 1.3367963251472659
47 71 1.4494100396592633
47 72 1.4116369100224528
47 73 1.510493160803334
47 74 0.614230044159505
48 49 0.818147102424473
48 50 1.3878602631801291
48 51 1.2715903461338522
48 52 1.3768636006530404
48 53 1.2344219703690624
48 54 1.3518129597014845
48 55 1.3731952496184296
48 56 1.2857000649767534
48 57 1.4133168007325507
48 58 1.088576700776918
48 59 1.270902165181831
48 60 1.346371204016843
48 61 1.036140703348677
48 62 1.0353209113433803
48 63 1.298872778867782
48 64 1.1636512259574787
48 65 1.4287685868312212
48 66 1.2522642925963037
48 67 1.33042252311122
48 68 1.3807531456288542
48 69 1.4057416967884115
48 70 1.1496547423290029
48 71 1.199193154832928
48 72 1.2222747102240423
48 73 1.2382384856091815
48 74 1.3402591770074443
49 50 1.4598130725616052
49 51 1.295899353047388
49 52 1.2920628497736024
49 53 1.2527922257276276
49 54 1.3083838420139333
49 55 1.3324396266111789
49 56 1.2947288340758527
49 57 1.417951929788767
49 58 1.1695572980228623
49 59 1.3147263450928819
49 60 1.3747512681416516
49 61 1.0194082231170913
49 62 1.0107753668969193
49 63 1.253685333949827
49 64 1.094973960938123
49 65 1.394385561098817
49 66 1.2745912774816615
49 67 1.3319270603047333
49 68 1.419868416378753
49 69 1.3771746865458492
49 70 1.2049473371993351
49 71 1.2708385078875089
49 72 1.1625522070105156
49 73 1.1709310984891113
49 74 1.3654510854027275
50 51 1.2439914139327803
50 52 1.3628528853042765
50 53 1.452640166131942
50 54 1.2481255092211612
50 55 1.2460570326506646
50 56 1.298209701021542
50 57 1.5354752346626492
50 58 1.356703000770666
50 59 1.3612450726716534
50 60 1.455322784276068
50 61 1.3909093203230292
50 62 1.3133183060948976
50 63 1.2814457723834465
50 64 1.2383233073090527
50 65 1.5190510721051047
50 66 1.3905774395074015
50 67 1.3641948189581474
50 68 1.3516146347951188
50 69 1.4011691119994198
50 70 1.3762431729582123
50 71 1.250009473362953
50 72 1.301419673438679
50 73 1.2135024623208386
50 74 1.549463608968051
51 52 1.4214895809135946
51 53 1.3222310996329456
51 54 1.2260801442741227
51 55 1.3028228184514463
51 56 1.2919439996154005
51 57 1.3694349935048848
51 58 1.215864632838077
51 59 1.3024989058524017
51 60 1.3156704592328843
51 61 1.2303953238201164
51 62 1.1738712104203097
51 63 1.1527067863986586
51 64 1.1877721706741717
51 65 1.33598904107056
51 66 1.258826312365435
51 67 1.2369881332344312
51 68 1.344983150323821
51 69 1.3817175538689348
51 70 1.2389865728295653
51 71 1.3440386535136495
51 72 1.1811969616150155
51 73 1.1890698243683047
51 74 1.4175155858380577
52 53 1.1751643249181245
52 54 1.1825825832970622
52 55 1.315805548152357
52 56 1.3621208291372275
52 57 1.3947333733598686
52 58 1.285513832316104
52 59 1.2324974538075508
52 60 1.2809442711220924
52 61 1.2874169804013647
52 62 1.2156456111270222
52 63 1.3310529062420273
52 64 1.1931925221737154
52 65 1.4046226626427025
52 66 1.3538901234405503
52 67 1.2901430249046226
52 68 1.3224344803392603
52 69 1.3725892454879747
52 70 1.2432202171008995
52 71 1.395990939497342
52 72 1.1186864585516687
52 73 1.213171509500054
52 74 1.3791193539394107
53 54 1.2469359698255842
53 55 1.2951830125046235
53 56 1.3545169015289302
53 57 1.4155197053468205
53 58 1.3073495482551276
53 59 1.3552636625517434
53 60 1.3370288835167303
53 61 1.2584272993727128
53 62 1.1957044982084346
53 63 1.3112824492109056
53 64 1.2817721202967909
53 65 1.40663891199419
53 66 1.3934817123452365
53 67 1.3977271989708633
53 68 1.4008570192992433
53 69 1.382609388384165
53 70 1.2361946370922812
53 71 1.4108672479151219
53 72 1.131933430129913
53 73 1.3275549475374795
53 74 1.3816101122569935
54 55 1.2809947834448225
54 56 1.330004033681705
54 57 1.3101677988998444
54 58 1.2832009753150238
54 59 1.3656123652027758
54 60 1.265635574533728
54 61 1.1974171122282193
54 62 1.2690281046742784
54 63 1.297479087345022
54 64 1.259032248670288
54 65 1.3379824344550992
54 66 1.3479230939450582
54 67 1.3326512213752078
54 68 1.2646203372579645
54 69 1.3599843557895404
54 70 1.390481034761933
54 71 1.3757837129151353
54 72 1.2746370734076944
54 73 1.2760072144637287
54 74 1.1705988433730021
55 56 1.3161543123071415
55 57 1.513936806239985
55 58 1.2418067634892171
55 59 1.3889244032784416
55 60 1.4566865552996549
55 61 1.32182230392387
55 62 1.287935514813867
55 63 1.3838729081685273
55 64 1.2901952287603762
55 65 1.5312279579527253
55 66 1.3836574666450712
55 67 1.3406016012021962
55 68 1.448844319689587
55 69 1.398668919836169
55 70 1.2940116190019384
55 71 1.3011720890621015
55 72 1.279780911361014
55 73 1.2577618496396268
55 74 1.42187728321123
56 57 1.526081302946539
56 58 1.1463138607799956
56 59 1.3246114292508915
56 60 1.4751023994663586
56 61 1.257922793832798
56 62 1.1870140041126653
56 63 1.273952288517306
56 64 1.0552350185212187
56 65 1.5301607929181882
56 66 1.4198914231747664
56 67 1.2992134524858852
56 68 1.3371504023730199
56 69 1.3618724208795183
56 70 1.3005104582657199
56 71 1.4335085877210543
56 72 1.218637137487629
56 73 1.0696131259215644
56 74 1.380849674325895
57 58 1.5318397605730927
57 59 1.2012239505585514
57 60 0.841379233925011
57 61 1.2916237180453094
57 62 1.45670584757385
57 63 1.297377124227321
57 64 1.6245375949753598
57 65 0.5898624513953207
57 66 1.3569788957806512
57 67 1.1932520708329408
57 68 1.4709222420826704
57 69 1.3865174906888236
57 70 1.4454519591650967
57 71 1.3749009943684372
57 72 1.4739330566877311
57 73 1.6635334241859092
57 74 1.2525554509390602
58 59 1.3399367163558453
58 60 1.42851699534734
58 61 1.2164970369997146
58 62 1.1763143234431164
58 63 1.4283559328381998
58 64 0.8733373632243099
58 65 1.5216613772537624
58 66 1.4413771542628284
58 67 1.3821337431471115
58 68 1.246110842780537
58 69 1.439296915113803
58 70 1.1313288320440926
58 71 1.2538514832973275
58 72 1.18937358707865
58 73 0.8943398735072224
58 74 1.445024249952329
59 60 1.2625688299551492
59 61 1.2868200897202235
59 62 1.2180166698984511
59 63 1.2519096968207013
59 64 1.3159041495660824
59 65 1.3168600597722464
59 66 1.3804158139734486
59 67 0.9936938123906233
59 68 1.4398353208039458
59 69 1.2109011315421234
59 70 1.3822983570314684
59 71 1.311697103055897
59 72 1.2932557688441138
59 73 1.3758630389430744
59 74 1.4244523536337428
60 61 1.2179582254111492
60 62 1.3755129830964434
60 63 1.3121089076087984
60 64 1.4996686064895985
60 65 0.7438947497356037
60 66 1.3374106412266848
60 67 1.2517264719809622
60 68 1.363759694893861
60 69 1.3785893351901954
60 70 1.313364325786721
60 71 1.2666044276866941
60 72 1.3300214431529647
60 73 1.5442027718785114
60 74 1.2515314244660414
61 62 1.0383840753487839
61 63 1.183816043314716
61 64 1.2120036717110318
61 65 1.2717869861000655
61 66 1.3491795021052413
61 67 1.2999573944623233
61 68 1.3393455989822944
61 69 1.4013606987731337
61 70 1.1280707038046398
61 71 1.2680238049346968
61 72 1.0351401492261838
61 73 1.2290073492360247
61 74 1.3301430238528968
62 63 1.2812652096491917
62 64 1.0682594928769775
62 65 1.438718717855141
62 66 1.2690396397191204
62 67 1.3371332341301567
62 68 1.3350920514820175
62 69 1.3440450006707838
62 70 1.0691160442282883
62 71 1.296453023620052
62 72 0.9929613709223436
62 73 1.1218223132972673
62 74 1.392801109999353
63 64 1.2733771613465317
63 65 1.261028212801567
63 66 1.2785595148105184
63 67 1.214448641325612
63 68 1.382366747364816
63 69 1.3583324433235902
63 70 1.3347622142252913
63 71 1.4170199721968018
63 72 1.2623969058199604
63 73 1.3406091639156819
63 74 1.4244898553821923
64 65 1.5787696407719871
64 66 1.361860331501042
64 67 1.3171483761902933
64 68 1.2461337552443588
64 69 1.4251511984259195
64 70 1.1818361369582338
64 71 1.3308042091829466
64 72 1.0259058475001657
64 73 0.5268786829570854
64 74 1.50332871617258
65 66 1.3603717453109287
65 67 1.2373311122073172
65 68 1.4291112683685696
65 69 1.4585601634804741
65 70 1.3596473922801304
65 71 1.3914481891979695
65 72 1.445358572342303
65 73 1.62828475207922
65 74 1.2694805544681425
66 67 1.386748921063693
66 68 1.4202659254767984
66 69 1.5071599882671047
66 70 1.4704641901490811
66 71 1.4099866540622834
66 72 1.3007986322642544
66 73 1.4053174656314682
66 74 1.3589629847841753
67 68 1.3504572268799737
67 69 1.3428878953568746
67 70 1.370379864080085
67 71 1.2955801219689846
67 72 1.367470478251382
67 73 1.3171909081912123
67 74 1.38323491155309
68 69 1.4290483619630943
68 70 1.3529763666433419
68 71 1.2263993016731147
68 72 1.3174606295031568
68 73 1.2287699615351086
68 74 1.4281212469647289
69 70 1.3938989743616594
69 71 1.3394030072898075
69 72 1.4079542958355347
69 73 1.4575082514928577
69 74 1.2946222712768554
70 71 1.1928758247836317
70 72 1.1400143313618776
70 73 1.2182439600587505
70 74 1.4123118025337977
71 72 1.3064017630860179
71 73 1.3481221598923752
71 74 1.4734351397886203
72 73 1.0520347463393058
72 74 1.4362600647185062
73 74 1.492743186582013
