75 0
0 1 1.2808442371293167
0 2 1.4403095012667966
0 3 1.344799707427618
0 4 1.505415933798337
0 5 1.3600097017093944
0 6 1.2689903313237032
0 7 1.3975504954461557
0 8 1.4042075679058466
0 9 1.170235117099321
0 10 1.302089541048204
0 11 1.2879598506314405
0 12 1.2546587351571286
0 13 1.5071361021240033
0 14 1.277613247165405
0 15 1.4843118879896404
0 16 1.3704252509260761
0 17 1.3527084007121493
0 18 1.2575783787772636
0 19 1.2643683321496508
0 20 1.27925608975957
0 21 1.477975490596855
0 22 1.4194000769381927
0 23 1.3425315184427136
0 24 1.1987859901684998
0 25 1.3582302600607754
0 26 1.305397967920258
0 27 1.3740436701818899
0 28 1.2476616487859082
0 29 1.3616329507438092
0 30 1.2430709185307312
0 31 1.3376129613559964
0 32 1.1893457557754212
0 33 1.24532266950185
0 34 1.1676555023469488
0 35 1.261911343736709
0 36 1.46278310442254
0 37 1.2208824806401573
0 38 1.271533051940412
0 39 1.1680224021720937
0 40 1.2635949573736862
0 41 1.3534535700930637
0 42 1.0780535579323869
0 43 1.3335838475227029
0 44 1.3942228254789477
0 45 1.192127937222208
0 46 1.2324802488000364
0 47 1.3718893257610132
0 48 1.261772431275506
0 49 1.2308530544042113
0 50 1.347851331432387
0 51 1.4262152049307781
0 52 1.4986399320610155
0 53 1.3387024088068142
0 54 1.2562887074476239
0 55 1.4042885681608146
0 56 1.3897098254864653
0 57 1.2901426619821252
0 58 1.2635321537580502
0 59 1.3955306402693144
0 60 1.3301763909383226
0 61 1.383338233528943
0 62 1.380163124161555
0 63 1.400324434605223
0 64 1.3596352268752359
0 65 1.2686761766787433
0 66 1.3563788671455903
0 67 1.4288987639328083
0 68 1.1783830150290961
0 69 1.3534957859061427
0 70 1.282483469618943
0 71 1.281024318286732
0 72 1.2722034270727935
0 73 1.2933052340654096
0 74 1.4426725083369487
1 2 1.3898997471426773
1 3 1.3375849007797247
1 4 1.367647578898474
1 5 1.383770209679169
1 6 1.3472765422063788
1 7 1.3285828315396335
1 8 1.297495304799974
1 9 1.3856012879286366
1 10 1.134290392910503
1 11 1.2820958549925954
1 12 1.3538923611717304
1 13 1.395139651144541
1 14 1.268154885783591
1 15 1.3406619385819627
1 16 1.280637026284
1 17 1.2724090653795528
1 18 1.3180644253933103
1 19 1.1514439179436642
1 20 1.1456952920185661
1 21 1.4383409570126013
1 22 1.321138029889152
1 23 1.2768156816668588
1 24 1.2654557232627317
1 25 1.3175444073887397
1 26 0.98990410039431
1 27 1.3591019720968431
1 28 1.246553570753729
1 29 1.2655169753983826
1 30 1.279128140075378
1 31 1.3108811066304398
1 32 1.2576467249743113
1 33 1.2762062934105265
1 34 1.2938972159660391
1 35 1.35451002521721
1 36 1.4229082319128619
1 37 1.3043830939770704
1 38 1.2890357525328473
1 39 1.2871879951998675
1 40 1.3119260258802732
1 41 1.2715666024145915
1 42 1.4251370570336983
1 43 1.1804598053579072
1 44 1.2654331529730334
1 45 1.3103174817054084
1 46 1.262399270545268
1 47 1.3879236702927362
1 48 1.1634645122018024
1 49 1.314453142584398
1 50 1.1534079740156509
1 51 1.4409703896696453
1 52 1.3634407008468685
1 53 1.349064258279529
1 54 1.1960940632907575
1 55 1.2733702602088082
1 56 1.3451967096595117
1 57 1.1815271424455245
1 58 1.2248646674193213
1 59 1.2852259905750025
1 60 1.232248632134733
1 61 1.3250086457971662
1 62 1.2954340415657744
1 63 1.2377636538345334
1 64 1.302621620199571
1 65 1.2727460592947262
1 66 1.3224655600331472
1 67 1.330828059912998
1 68 1.311860735224131
1 69 1.3272348585790983
1 70 1.3515022153925984
1 71 1.2967198233220012
1 72 1.2090010584473638
1 73 1.2494335519973079
1 74 1.3090685875505628
2 3 0.9244084788156208
2 4 1.1983687312573321
2 5 1.3975253823098264
2 6 1.5206572782476104
2 7 1.2994528047851803
2 8 1.3260095566537937
2 9 1.4655155371393072
2 10 1.2758805369882424
2 11 1.2702283031461044
2 12 1.2975277958850724
2 13 1.2880143797304813
2 14 1.2080218003755046
2 15 1.301750865787855
2 16 1.3395086336103517
2 17 1.1753687171178777
2 18 1.1451100355272492
2 19 1.4342000690984988
2 20 1.3678966274531734
2 21 1.3341299637795887
2 22 1.358128499200275
2 23 1.262685193035844
2 24 1.4100706420434144
2 25 1.3185220625933485
2 26 1.2343080592549962
2 27 1.324682651113446
2 28 1.2955580763261816
2 29 1.1522135159385711
2 30 1.345352655136809
2 31 1.3423309843865174
2 32 1.354641970531251
2 33 1.3037650173428141
2 34 1.4799536103287088
2 35 1.1929069103027994
2 36 1.3603281023006646
2 37 1.1258960239170142
2 38 1.3682866337503643
2 39 1.2435450034762148
2 40 1.281754380657986
2 41 1.4436075593076345
2 42 1.2720071003825404
2 43 1.1368156731773509
2 44 1.317912450033174
2 45 1.212996802660535
2 46 1.2619423637821305
2 47 1.2157609304687522
2 48 1.3845565538207014
2 49 1.3361390121027403
2 50 1.524656017496232
2 51 1.1254057667528352
2 52 1.2505407217341786
2 53 1.352437021882877
2 54 1.3227840845015304
2 55 1.3003228361831038
2 56 1.3067208168497895
2 57 1.26231468681549
2 58 1.2758676883919846
2 59 1.2776451396054997
2 60 1.2214254442761467
2 61 1.2050155086986458
2 62 1.2629159039588473
2 63 1.1984320807064477
2 64 1.3337484054704813
2 65 1.3060427478103933
2 66 1.313787441766155
2 67 1.3622316756216288
2 68 1.379581396805701
2 69 1.3890046038952935
2 70 1.2580068803745155
2 71 1.1719685101497055
2 72 1.2151042242279386
2 73 1.3743569459764275
2 74 0.8293484777715433
3 4 1.2978817830693143
3 5 1.3686967237545635
3 6 1.4548079227774113
3 7 1.3642696896680668
3 8 1.2945625561281524
3 9 1.4234565993474655
3 10 1.0771573923463944
3 11 1.1692502453357996
3 12 1.3116646521433057
3 13 1.3911660094233036
3 14 1.1596584248478081
3 15 1.371341978620661
3 16 1.324510211073622
3 17 1.0805517555461137
3 18 1.0363232901567823
3 19 1.4052502051023892
3 20 1.232881124020911
3 21 1.2870792199418415
3 22 1.3763151157350806
3 23 1.252530918147506
3 24 1.2860264255674043
3 25 1.1842701291619975
3 26 1.1871626859964872
3 27 1.2827489105437984
3 28 1.2338836755433835
3 29 0.9744674705291307
3 30 1.3713435090816393
3 31 1.334181855429488
3 32 1.3421456784096464
3 33 1.1938046022025985
3 34 1.550111221590147
3 35 1.2355898319072218
3 36 1.393126481853601
3 37 1.165038062601768
3 38 1.2091369674936554
3 39 1.1216732037811707
3 40 1.1335025650752935
3 41 1.3954675942205075
3 42 1.317646574039619
3 43 1.0110994648973723
3 44 1.3066998496970492
3 45 1.1262415856285832
3 46 1.1868267257156868
3 47 1.27762575342317
3 48 1.1933168718399099
3 49 1.3299902950283844
3 50 1.4341275488915235
3 51 1.0640917109422066
3 52 1.3049825932412917
3 53 1.3199143376921343
3 54 1.178620130090259
3 55 1.2499103652836203
3 56 1.3639589263927092
3 57 1.2246043169310359
3 58 1.2996574385355881
3 59 1.245955713045037
3 60 1.1550701619040087
3 61 1.195051012989158
3 62 1.3233434043228243
3 63 1.1506985130233147
3 64 1.3361004661197382
3 65 1.1849330817756276
3 66 1.1770999735543977
3 67 1.3071140833502923
3 68 1.347528180995167
3 69 1.2567736412726218
3 70 1.2610426228473668
3 71 1.0550329243992491
3 72 1.1364346748025262
3 73 1.3823055024556417
3 74 0.9940338249239726
4 5 1.2321261956493974
4 6 1.475526471469827
4 7 0.978562025681129
4 8 1.3270015504686998
4 9 1.3699284147781108
4 10 1.2525083192703854
4 11 1.3252277156205399
4 12 1.35154276884165
4 13 0.9398910461495776
4 14 1.3802851596706673
4 15 1.0539846983047043
4 16 1.3389851657505727
4 17 1.239333022005178
4 18 1.3069005592858336
4 19 1.3870646948528926
4 20 1.2943430446453505
4 21 1.4444628275373048
4 22 1.3182708898589777
4 23 1.2613726095533793
4 24 1.5034149413510265
4 25 1.4540144177431558
4 26 1.3168575069532809
4 27 1.2596198709902053
4 28 1.4605327834872586
4 29 1.2450191910976345
4 30 1.3033673576749343
4 31 1.3718147836363275
4 32 1.4613002746346648
4 33 1.393159027379316
4 34 1.4733547503887123
4 35 1.415123917369027
4 36 1.0525743467328674
4 37 1.227223153525093
4 38 1.5516428032957312
4 39 1.3757923379786556
4 40 1.427880602999537
4 41 1.3489142107432666
4 42 1.4205764262784681
4 43 1.3011257024249845
4 44 1.2851145314286208
4 45 1.4272129915681346
4 46 1.463677158960291
4 47 1.2925304419998587
4 48 1.35693430097977
4 49 1.2784681699882046
4 50 1.3673625593107643
4 51 1.2314178111792045
4 52 0.9983111730718722
4 53 1.3217899198487213
4 54 1.3462853186839374
4 55 1.3312241152241857
4 56 1.3510849032476364
4 57 1.4203696413531968
4 58 1.3998023432940958
4 59 1.362074801026732
4 60 1.2762538314269214
4 61 1.350600701393728
4 62 1.3562873279947312
4 63 1.4028018385065681
4 64 1.3262433662183846
4 65 1.4852787548292463
4 66 1.3728124081386242
4 67 1.3082413651990168
4 68 1.3462084059206354
4 69 1.3299419588072805
4 70 1.2892066615417965
4 71 1.2735119949899167
4 72 1.3454357186148507
4 73 1.3780872883632465
4 74 1.2603795759894587
5 6 1.3975557088188661
5 7 1.2814926111136344
5 8 1.4464183750213322
5 9 1.4263565613048022
5 10 1.272329780519489
5 11 1.323032044602404
5 12 1.3574655156638813
5 13 1.3902431906252333
5 14 1.3543612448144307
5 15 1.3919817161297539
5 16 1.3518938456716567
5 17 1.3613259622398621
5 18 1.3677330654242466
5 19 1.3493323099609495
5 20 1.3725355839588869
5 21 1.3756933294109546
5 22 1.4549512604940722
5 23 1.3633965347451067
5 24 1.351843461718379
5 25 1.4317622820043836
5 26 1.3935773051665516
5 27 1.3632334961041728
5 28 1.3461145732589335
5 29 1.3587075617030508
5 30 1.3687719036995956
5 31 1.4415725319281774
5 32 1.3647647832553946
5 33 1.354383216013305
5 34 1.397331752279394
5 35 1.4292878485605442
5 36 1.207124619471013
5 37 1.3595305466308907
5 38 1.4141891964296924
5 39 1.3463980768618793
5 40 1.2995238653137706
5 41 1.4172535069068013
5 42 1.441637184605651
5 43 1.3569629665123493
5 44 1.3157354247516178
5 45 1.3358303083607905
5 46 1.3867290793804419
5 47 1.2714782077082807
5 48 1.284600980592473
5 49 1.321589202631326
5 50 1.3199745486995589
5 51 1.417674017791005
5 52 1.3320757438120512
5 53 1.2344840760037705
5 54 1.3378553450895458
5 55 1.3370882985217314
5 56 1.2649128601192694
5 57 1.3218372770489515
5 58 1.2269427356941416
5 59 1.3459747599041216
5 60 1.3158097207488286
5 61 1.3161035399303052
5 62 1.364229698631408
5 63 1.3878179923731404
5 64 1.3329983239885057
5 65 1.349611905084677
5 66 1.3773057153019101
5 67 1.3957968114808985
5 68 1.337745967718355
5 69 1.3334412308867216
5 70 1.3185733093090943
5 71 1.3166072269408686
5 72 1.2916853648163578
5 73 1.3831684233832404
5 74 1.3652544116361998
6 7 1.4321117279815967
6 8 1.3981729881695983
6 9 1.272427909872077
6 10 1.3910007695182147
6 11 1.397283606297111
6 12 1.4292231279011023
6 13 1.4861830775538274
6 14 1.422630887814965
6 15 1.4766863670553376
6 16 1.518177333450042
6 17 1.4321907977417097
6 18 1.3890765047322018
6 19 1.2377535969642048
6 20 1.2679906518699522
6 21 1.4368251431428547
6 22 1.4917766428777586
6 23 1.368094983165441
6 24 1.4150699622183827
6 25 1.4300630759587163
6 26 1.40344317244933
6 27 1.4090829298736391
6 28 1.431961471566493
6 29 1.3653151853489134
6 30 1.428936147606363
6 31 1.4288350624311634
6 32 1.3247286836694547
6 33 1.405023342289247
6 34 1.3409200383614035
6 35 1.3984766411074707
6 36 1.5121320441315276
6 37 1.468413925953057
6 38 1.374320994002307
6 39 1.418416954510079
6 40 1.4602875926179886
6 41 1.2704019205497192
6 42 1.2807935959808452
6 43 1.4332597211933455
6 44 1.4161728404910576
6 45 1.4145978828750694
6 46 1.4663173126325715
6 47 1.393829697798852
6 48 1.332027292954243
6 49 1.4578512562004016
6 50 1.343194881824463
6 51 1.462795705913774
6 52 1.5185052314242886
6 53 1.4442536580680811
6 54 1.3827666763504383
6 55 1.4128108680671252
6 56 1.4071804504136398
6 57 1.4048565879337116
6 58 1.3861982459944646
6 59 1.4223006229609816
6 60 1.3812364806199817
6 61 1.459232365109847
6 62 1.4240129787396125
6 63 1.4327155971240855
6 64 1.4718017238617338
6 65 1.4204174732097827
6 66 1.3398216932320162
6 67 1.4017141023757747
6 68 1.2670818694805879
6 69 1.454511202782934
6 70 1.4057820959463871
6 71 1.479499156099954
6 72 1.4782463114286222
6 73 1.4227524703910572
6 74 1.4891731505589971
7 8 1.2912762495265682
7 9 1.3477730224387654
7 10 1.2517161688532439
7 11 1.4005978437878257
7 12 1.3675030856669903
7 13 0.9294724831511519
7 14 1.5266485523293445
7 15 0.7668776527071739
7 16 1.3908444266102802
7 17 1.3475339543849503
7 18 1.3910887925731832
7 19 1.4136703841870704
7 20 1.160587255442421
7 21 1.5340139055178086
7 22 1.2978346670187273
7 23 1.2666349013210039
7 24 1.5247945402455956
7 25 1.4293734952273929
7 26 1.3829090373481827
7 27 1.398483285514656
7 28 1.5884873311791239
7 29 1.3743942123832864
7 30 1.2999559090464015
7 31 1.4229786062996534
7 32 1.4497829879725201
7 33 1.3283201067336452
7 34 1.4575543462322644
7 35 1.4012043202543782
7 36 0.863565120760246
7 37 1.2198104385989896
7 38 1.6261467393901752
7 39 1.4026368674469958
7 40 1.5214916914080636
7 41 1.382032129603997
7 42 1.3017452210296383
7 43 1.3554292814574311
7 44 1.3807270200869088
7 45 1.569924399446923
7 46 1.5034774685067032
7 47 1.1103277654809824
7 48 1.3026049804961284
7 49 1.1422186686974565
7 50 1.3913951347171212
7 51 1.355189635119054
7 52 0.7273403265956615
7 53 1.2479261647622037
7 54 1.2765376249313198
7 55 1.3677000998651978
7 56 1.335240943138538
7 57 1.4616868750879504
7 58 1.380879743601669
7 59 1.478095027990191
7 60 1.3316914570302458
7 61 1.3798116877785707
7 62 1.3718789724672644
7 63 1.4417678518040602
7 64 1.326136277431675
7 65 1.5891294770556676
7 66 1.4498828873424776
7 67 1.2812776788367104
7 68 1.2918902102312497
7 69 1.3722878226500794
7 70 1.36095282620316
7 71 1.297380603251551
7 72 1.4126845759075628
7 73 1.2672591779911404
7 74 1.3546144272872291
8 9 1.4298240655057666
8 10 1.1864764699795936
8 11 1.2820718200908052
8 12 1.269280933437035
8 13 1.341941204960751
8 14 1.2973079726318788
8 15 1.2916099855046654
8 16 1.2703492644394538
8 17 1.2295889229449077
8 18 1.243921950703993
8 19 1.2725661150968377
8 20 1.2927792009615156
8 21 1.2663811876450102
8 22 1.228936122037995
8 23 1.2332266276306387
8 24 1.3439779847634474
8 25 1.247524074568673
8 26 1.1707566295104137
8 27 1.2779968900862742
8 28 1.2581411158579046
8 29 1.2282372426726333
8 30 1.3125308508825209
8 31 1.3913123551368818
8 32 1.2285837212348585
8 33 1.3480799026675252
8 34 1.3633730117478204
8 35 1.30237678471682
8 36 1.3896484126491822
8 37 1.3583792791700844
8 38 1.3349938042550589
8 39 1.2777601631797038
8 40 1.3177816941525957
8 41 1.358147329628663
8 42 1.3468202863071288
8 43 1.1179040399450506
8 44 1.2283646030757431
8 45 1.3095666845254885
8 46 1.3547915213208739
8 47 1.1928142369398549
8 48 1.0349177693980258
8 49 1.3998298126586364
8 50 1.2504529378151172
8 51 1.3096618859490945
8 52 1.2769924969414015
8 53 1.3896330696657253
8 54 1.3193429862403063
8 55 1.310088690916133
8 56 1.2640905947666785
8 57 1.2837810855720935
8 58 1.424129371133166
8 59 1.2697083628892623
8 60 0.9734843483384608
8 61 1.2202529153545432
8 62 1.2855123874851166
8 63 1.3432392411609761
8 64 1.3074196970154057
8 65 1.2977183592075412
8 66 1.251123314883857
8 67 1.195230607004579
8 68 1.2965546038652294
8 69 1.344699114973141
8 70 1.4004206352153155
8 71 1.2550996125748255
8 72 1.2433269906973106
8 73 1.223077691517685
8 74 1.3179958520645587
9 10 1.3856740850517322
9 11 1.3416117896020932
9 12 1.4134427028205498
9 13 1.3506773856699215
9 14 1.4244413365687232
9 15 1.4089772422658768
9 16 1.4386210307691742
9 17 1.3757304939809043
9 18 1.438710911485486
9 19 1.3305330058029123
9 20 1.2989969666118313
9 21 1.3605970906415759
9 22 1.4887522092402308
9 23 1.380303842502061
9 24 1.4227077688895908
9 25 1.4587766652204301
9 26 1.3475749532931283
9 27 1.3057535097791286
9 28 1.3920197792971802
9 29 1.4346593709489532
9 30 1.303167265937085
9 31 1.3393654628316312
9 32 1.4940048175589584
9 33 1.4055502126191493
9 34 1.237935612253436
9 35 1.4574487548365571
9 36 1.3972359462377366
9 37 1.3247233386676898
9 38 1.4571328539996504
9 39 1.4132023471852062
9 40 1.4020096532459343
9 41 1.298050219140954
9 42 1.1470283216778185
9 43 1.4456646057980125
9 44 1.1779100113830399
9 45 1.3876438481721511
9 46 1.3642448592962637
9 47 1.2873350518641131
9 48 1.4133901195683296
9 49 1.3523452833254888
9 50 1.3679021424828468
9 51 1.4132096513735104
9 52 1.4284557050709985
9 53 1.3928693123675804
9 54 1.3258671615658761
9 55 1.3998362185795055
9 56 1.393844670941479
9 57 1.3175806647614972
9 58 1.3856791427459378
9 59 1.4083857804145825
9 60 1.4350107529278509
9 61 1.3857333135319696
9 62 1.3098842360222887
9 63 1.438286660897251
9 64 1.2244581106228072
9 65 1.4009646769228516
9 66 1.3973905125900283
9 67 1.4340671275260617
9 68 1.2639265200767489
9 69 1.5321994376430774
9 70 1.34288577616603
9 71 1.4337800489382597
9 72 1.3261028229504142
9 73 1.3935962396476353
9 74 1.5081593877924648
10 11 1.0338467371402815
10 12 1.2573522208431962
10 13 1.3024526180218132
10 14 1.0755764026369006
10 15 1.2833012949220792
10 16 1.1146381752427843
10 17 0.8631816102132921
10 18 1.0376085518738287
10 19 1.2730590082523598
10 20 0.9995075231942839
10 21 1.247535869033688
10 22 1.2174721458753277
10 23 1.0842970818852882
10 24 1.0567851978488327
10 25 1.0881860480103116
10 26 1.1336242957335712
10 27 1.0931955172779435
10 28 1.0326672570405024
10 29 0.8854845361289106
10 30 1.1322017346275064
10 31 1.3893134247780232
10 32 1.2251479432912342
10 33 1.3353089535927938
10 34 1.361413923125398
10 35 1.3295254864057713
10 36 1.3002918185900587
10 37 1.0329395543120912
10 38 1.1152144542895572
10 39 0.8971437768469969
10 40 0.9155319611802701
10 41 1.2843572456951524
10 42 1.32391630079822
10 43 0.8826718723986674
10 44 1.2180147392973553
10 45 1.0009320669638007
10 46 1.0441067682654424
10 47 1.3306672923875267
10 48 0.9649481972521761
10 49 1.153755307751112
10 50 1.1617631771123063
10 51 1.3294761408430666
10 52 1.2124296008816764
10 53 1.1100661855125071
10 54 0.8745498531212995
10 55 0.9786471735050338
10 56 1.287717357058833
10 57 1.1035251723295667
10 58 1.1726082314293744
10 59 1.0443242504660657
10 60 0.9994203525361636
10 61 1.2595532603550874
10 62 1.2865484323242091
10 63 1.0099933263084762
10 64 1.2169046583313454
10 65 1.0303291047114425
10 66 1.0669174755963966
10 67 1.1849193349858198
10 68 1.1515598921316965
10 69 1.1952626308814527
10 70 1.3050439132595113
10 71 0.9048746760097574
10 72 1.0479418263632319
10 73 1.098136018757074
10 74 1.3078341902929285
11 12 1.251047264472978
11 13 1.38836105288793
11 14 1.1051327212843098
11 15 1.4371713738398642
11 16 1.166438303198372
11 17 1.1550833732187709
11 18 1.0064581057816027
11 19 1.1961675876063782
11 20 1.059553716380608
11 21 1.2784617076458802
11 22 1.2357797731556328
11 23 1.1619763451236842
11 24 1.3311079049657428
11 25 1.2711425251715993
11 26 1.2451602260603407
11 27 1.3023221304320385
11 28 1.1309417233858206
11 29 1.0865782610324966
11 30 1.273891040337999
11 31 1.3690961254358742
11 32 1.356521860503396
11 33 1.3200503014496738
11 34 1.2393542985676274
11 35 1.3727406609429187
11 36 1.379136815820376
11 37 1.048420592829545
11 38 1.2385083171888982
11 39 1.1331445879573327
11 40 1.035680281959944
11 41 1.2943427524379827
11 42 1.318546279404832
11 43 1.027393093476764
11 44 1.262306947509379
11 45 1.1136724809480796
11 46 1.145669006186917
11 47 1.2431161615723691
11 48 1.1569834778155952
11 49 1.2855987202344488
11 50 1.30759215774501
11 51 1.2870285804723798
11 52 1.3685596336161114
11 53 1.2553439948863296
11 54 1.0996937542497196
11 55 1.2163363240240463
11 56 1.2656462082207638
11 57 1.1400373222360527
11 58 1.2307567344641304
11 59 1.1998226074132692
11 60 1.1174785725817964
11 61 1.2941189354053633
11 62 1.36485688230585
11 63 1.2125694162418061
11 64 1.3045368191460969
11 65 1.1039684177984557
11 66 1.1233764077081252
11 67 1.2947596785884703
11 68 1.1660020216902456
11 69 1.2287398495231696
11 70 1.252310184186705
11 71 1.0898861192991667
11 72 1.067186397540157
11 73 1.1369970995060537
11 74 1.317883023263724
12 13 1.3902531762633612
12 14 1.280625365399572
12 15 1.4290075523131616
12 16 1.3263518280409994
12 17 1.2079188227392084
12 18 1.116044172169436
12 19 1.2949905104141461
12 20 1.2596684641101488
12 21 1.3287032170445532
12 22 1.3091867472971284
12 23 1.0935804461984218
12 24 1.2333020729331052
12 25 1.22843601841669
12 26 1.1957429056170903
12 27 1.221336841084096
12 28 1.2520785560922014
12 29 1.1959671507550176
12 30 1.2302287243586492
12 31 1.2528037567697674
12 32 1.165904262947202
12 33 1.3026846420465588
12 34 1.294106420614813
12 35 1.2268190418153029
12 36 1.443156392968598
12 37 1.1416557350076029
12 38 1.2478263940573104
12 39 1.1793421596762728
12 40 1.2077839546063769
12 41 1.3155162991751543
12 42 1.2455488042525469
12 43 1.1554450494843194
12 44 1.4696892234003134
12 45 1.2345688862212971
12 46 1.3144338955071708
12 47 1.4095974554748107
12 48 1.2944403950250227
12 49 1.3701752555541367
12 50 1.4062721564272382
12 51 1.4046127901642342
12 52 1.3336296942916497
12 53 1.4211937942004267
12 54 1.2009673135209418
12 55 1.187412756026136
12 56 1.0757969120881283
12 57 1.2488351129215545
12 58 1.2620619670892497
12 59 1.2130189421083777
12 60 1.2651909007150792
12 61 1.3381571335517968
12 62 1.2678353450584603
12 63 1.2904028036552868
12 64 1.4462812087865413
12 65 1.2692272185120979
12 66 1.2484113241732666
12 67 1.4783631512808524
12 68 1.2349892297738816
12 69 1.258652120978214
12 70 1.3294815039322239
12 71 1.234887260895014
12 72 1.2278519704860937
12 73 1.2657258084270477
12 74 1.2922800228334543
13 14 1.4599414686584111
13 15 0.9678269927235263
13 16 1.2811633343869602
13 17 1.3719525288080665
13 18 1.4195547766601222
13 19 1.4793858602412016
13 20 1.3439278809780688
13 21 1.4602849433929845
13 22 1.3202897594609704
13 23 1.288949989618366
13 24 1.547967323450662
13 25 1.4377223348764538
13 26 1.3516205324538988
13 27 1.260998856038719
13 28 1.510096518177971
13 29 1.3678375696362879
13 30 1.3062932204618627
13 31 1.4159255881371966
13 32 1.4681962845391088
13 33 1.4123955283011926
13 34 1.3891384610319364
13 35 1.4570786473825554
13 36 1.0798088701107975
13 37 1.267892955805948
13 38 1.5550535286224425
13 39 1.438716159362992
13 40 1.4499334455386326
13 41 1.4301153153621922
13 42 1.3280039396481929
13 43 1.3357625244749438
13 44 1.4010706444586887
13 45 1.492499130126109
13 46 1.4455922812920121
13 47 1.2479953119827552
13 48 1.4389783636449125
13 49 1.2356537337468818
13 50 1.4447788480865875
13 51 1.2502720879386469
13 52 0.9412211737834066
13 53 1.255457401083967
13 54 1.2818597155651146
13 55 1.241881520035748
13 56 1.3289603363535623
13 57 1.380415106100402
13 58 1.4770451053447877
13 59 1.436081930318665
13 60 1.3669352015310288
13 61 1.3288140536501492
13 62 1.2782832905769312
13 63 1.4260122396616608
13 64 1.354311608363053
13 65 1.5455103626095934
13 66 1.3933571121654797
13 67 1.2496679248445446
13 68 1.3274623338746192
13 69 1.2917923299351481
13 70 1.3353606856391456
13 71 1.3140017451127328
13 72 1.4298832527226195
13 73 1.337907580608146
13 74 1.3885141987920344
14 15 1.5184162018218321
14 16 1.0570567315703752
14 17 1.0863994385343785
14 18 1.0785094609191719
14 19 1.260867186430745
14 20 1.2509040008624068
14 21 1.2362299262333982
14 22 1.3509242432818134
14 23 1.2415147900524826
14 24 1.0608742242361904
14 25 1.2450864786393547
14 26 1.1841565846071525
14 27 1.2548352762689332
14 28 0.6812202242271962
14 29 1.1012935306099596
14 30 1.269862700608061
14 31 1.5335346881677734
14 32 1.1589095145686459
14 33 1.3741695337931907
14 34 1.325590115915873
14 35 1.324756557585855
14 36 1.4646499602082295
14 37 1.0812089680413013
14 38 0.9809301806638491
14 39 0.8298524347366764
14 40 0.7338013180543046
14 41 1.248991071335948
14 42 1.2881298240596486
14 43 0.9771522237742775
14 44 1.1875751520791515
14 45 0.5731492126015049
14 46 0.7690476998278516
14 47 1.4060447605153628
14 48 1.1322817383202284
14 49 1.2551122083244406
14 50 1.2244807852695951
14 51 1.2764934628590998
14 52 1.4924796186061549
14 53 1.103131493983349
14 54 1.1075305957935997
14 55 1.131540618180397
14 56 1.2666231950682612
14 57 1.1677154636159233
14 58 1.1082042434570902
14 59 0.9514369667986764
14 60 1.1025390993633604
14 61 1.2629057945967281
14 62 1.2232076840625778
14 63 1.1211860128281916
14 64 1.3246327937613989
14 65 0.7696741604982381
14 66 1.166089634027723
14 67 1.3294247648442248
14 68 1.2316472515267909
14 69 1.1501900733729773
14 70 1.309416055874822
14 71 0.962149963285038
14 72 0.8836082822975154
14 73 1.2037147138709507
14 74 1.1930494416931479
15 16 1.4562774135983005
15 17 1.3869056018856971
15 18 1.4929899447504973
15 19 1.4638267300916046
15 20 1.2607819562609908
15 21 1.48660152337687
15 22 1.2083651729223606
15 23 1.2744427034230699
15 24 1.5252162106873983
15 25 1.3983619132829441
15 26 1.4049180786869024
15 27 1.3769315775085313
15 28 1.5782339252217166
15 29 1.397779268330725
15 30 1.3518084626767846
15 31 1.33015023786304
15 32 1.4950757568686965
15 33 1.3766847781946867
15 34 1.5012503972056217
15 35 1.3642400097329332
15 36 0.9859820160191134
15 37 1.2733983732241219
15 38 1.5791467860510413
15 39 1.4047299261321622
15 40 1.532951604874643
15 41 1.4779999096318988
15 42 1.4146863115386512
15 43 1.4106679445942651
15 44 1.447756209546484
15 45 1.5700740825332875
15 46 1.5270273476639522
15 47 1.1927717934123376
15 48 1.3618087185190006
15 49 1.192305933950429
15 50 1.3982117192949977
15 51 1.3590464660703985
15 52 0.7952573419219366
15 53 1.3501691962884932
15 54 1.3080670714297185
15 55 1.4020104161191616
15 56 1.3358646516743673
15 57 1.4123214745687331
15 58 1.4909545921780354
15 59 1.4958386626539506
15 60 1.3719906526513186
15 61 1.362762864767482
15 62 1.3608320915297596
15 63 1.4411803910456689
15 64 1.364484116585005
15 65 1.5957793325499903
15 66 1.4729505901587756
15 67 1.327446431868919
15 68 1.323394297027463
15 69 1.3912478997097784
15 70 1.3201988531887654
15 71 1.301340700729943
15 72 1.486957640257058
15 73 1.2384264245388816
15 74 1.3789393942427528
16 17 1.1277512241576702
16 18 1.2433066810404674
16 19 1.4023688172532782
16 20 1.2982646168376968
16 21 1.3994779921341445
16 22 1.2896498933100224
16 23 1.4921563600781291
16 24 1.0882954563234333
16 25 1.2518430469850357
16 26 1.2057108023510432
16 27 1.16387222638887
16 28 0.9737425896293807
16 29 1.1461842674627802
16 30 1.1908817679853598
16 31 1.49045178778764
16 32 1.2530384540500261
16 33 1.3737339051247364
16 34 1.2096535724719346
16 35 1.4189469573510565
16 36 1.4465034567809165
16 37 1.1084189122464194
16 38 1.11892390320945
16 39 1.0265749280357064
16 40 0.9562015317773273
16 41 1.3440220930989162
16 42 1.3342085361424114
16 43 1.165734886936142
16 44 1.3379697880476005
16 45 1.0467301861019878
16 46 1.0847653621776578
16 47 1.424294168306944
16 48 1.2686351071896271
16 49 1.185845186125612
16 50 1.2901780748320624
16 51 1.2677669018041147
16 52 1.4170985180710263
16 53 0.9277588521015666
16 54 1.1079187434903996
16 55 1.2265348814822963
16 56 1.3694581694042873
16 57 1.292177889622678
16 58 1.296414088895797
16 59 1.168241687081962
16 60 1.1234806183346
16 61 1.3557835403582146
16 62 1.2896337770726893
16 63 1.1991252716011067
16 64 1.344789045167738
16 65 1.0360219727493247
16 66 1.2595729114811678
16 67 1.123006995094351
16 68 1.1904749701266346
16 69 1.1945535862002947
16 70 1.3769974856199863
16 71 1.0233714680589718
16 72 1.1532566668245752
16 73 1.1586434712958456
16 74 1.3045810787108436
17 18 1.081591364549469
17 19 1.3591996990054105
17 20 1.1500432446002213
17 21 1.360397861471629
17 22 1.3142985918021919
17 23 1.2177019052493636
17 24 1.1006909288010485
17 25 1.0613667356327976
17 26 1.153068238883822
17 27 1.0726026958188544
17 28 1.098655193892389
17 29 0.7552340364770527
17 30 1.212157718769693
17 31 1.3695078279257873
17 32 1.2019279133193044
17 33 1.3380996389492434
17 34 1.3885300098149949
17 35 1.275049510735356
17 36 1.3384916242280904
17 37 1.0810027084109992
17 38 1.1962060924965854
17 39 0.971729003486971
17 40 0.9330067444990917
17 41 1.2323306612107274
17 42 1.2869932197058522
17 43 0.9636633425880006
17 44 1.2831121613610819
17 45 0.9958365713736556
17 46 1.0635553219149583
17 47 1.3490481169867647
17 48 1.1735044951473927
17 49 1.2389143969600633
17 50 1.3185175291733466
17 51 1.232805123946303
17 52 1.314866922931827
17 53 1.1503872562139403
17 54 1.0221497486061248
17 55 1.0737245504798094
17 56 1.2460761900064488
17 57 1.2700875624729253
17 58 1.224102803945647
17 59 1.0884038641096236
17 60 1.0387406673714545
17 61 1.2778983261166172
17 62 1.4173935946761465
17 63 0.8344286254551959
17 64 1.304615613278211
17 65 1.0320453735494395
17 66 1.0975583710797605
17 67 1.2028537986287604
17 68 1.240256208390212
17 69 1.1737313049128628
17 70 1.2761863283282524
17 71 0.9953044208922076
17 72 1.1023968576776049
17 73 1.1825130024864998
17 74 1.138357797266872
18 19 1.2114040533352313
18 20 1.154016616435096
18 21 1.2447716617244873
18 22 1.2847214825972386
18 23 1.1235360793575535
18 24 1.171014798929774
18 25 1.1688222431716289
18 26 1.1200770007678713
18 27 1.2461626308204299
18 28 1.0934686819086628
18 29 0.9489996147653781
18 30 1.3182529043141338
18 31 1.3164321362532385
18 32 1.2527259345768398
18 33 1.2868182261226515
18 34 1.3458248647901816
18 35 1.2433707020128248
18 36 1.4032243182329809
18 37 1.1647816304123408
18 38 1.1184542227732246
18 39 0.9976411466456536
18 40 1.009208809203917
18 41 1.317359943067559
18 42 1.2971518465238734
18 43 0.8193581773397102
18 44 1.3397059037202652
18 45 0.9933044921267653
18 46 1.0413044348929765
18 47 1.3853177608074028
18 48 1.1559098624640585
18 49 1.3759206431952822
18 50 1.3239062452549837
18 51 1.1975750297891454
18 52 1.3483871011196946
18 53 1.3202747676176925
18 54 1.0788523596141035
18 55 1.1475691391520915
18 56 1.112663965363092
18 57 1.1540733401179932
18 58 1.143106700350654
18 59 1.1301321384753744
18 60 1.0650580880387441
18 61 1.1966342260743907
18 62 1.3242561396545307
18 63 1.0892765912755358
18 64 1.2486596908806193
18 65 1.0613627020989647
18 66 1.0987107652299153
18 67 1.293335888342843
18 68 1.239102709562227
18 69 1.1566034309995916
18 70 1.2993044276150891
18 71 1.027956475673772
18 72 1.0241515884842107
18 73 1.2546323585989898
18 74 1.046255290074826
19 20 1.08206661279895
19 21 1.3573774135663124
19 22 1.3631431636230154
19 23 1.225166286807577
19 24 1.301864945314965
19 25 1.3259048089986323
19 26 1.2642608347205244
19 27 1.3549723113985717
19 28 1.2582188740577138
19 29 1.2888169639080875
19 30 1.307967915022824
19 31 1.358026056823363
19 32 1.2341923462293352
19 33 1.281255823614232
19 34 1.2045485085474257
19 35 1.3714697626578276
19 36 1.4811429550946464
19 37 1.3595698498061533
19 38 1.2862128506091286
19 39 1.2892111927142298
19 40 1.324165274234275
19 41 1.2669948379375107
19 42 1.3263494620007032
19 43 1.2618403696677947
19 44 1.2396229943940076
19 45 1.2657006413255114
19 46 1.2585998358809292
19 47 1.3021034448918025
19 48 1.0951999327253836
19 49 1.4192078552137934
19 50 1.1897493396611298
19 51 1.3983736596634064
19 52 1.4161853127878403
19 53 1.3701022330823027
19 54 1.2872030360406221
19 55 1.2739478962120507
19 56 1.2770005750149072
19 57 1.1308678537967254
19 58 1.2580605257474313
19 59 1.2860270734043093
19 60 1.315378167765639
19 61 1.3122642582668818
19 62 1.3713369581654422
19 63 1.3927866350830198
19 64 1.268872190088354
19 65 1.2509936874608139
19 66 1.268316830846798
19 67 1.2745513821778605
19 68 1.2271354059557695
19 69 1.297588537662304
19 70 1.2985938389383638
19 71 1.4011905767862103
19 72 1.12482338053069
19 73 1.2885697936623792
19 74 1.3980083305654687
20 21 1.3951613835240482
20 22 1.2283364840343332
20 23 1.1178388586625252
20 24 1.2756056547128578
20 25 1.290369440598623
20 26 1.22724149928387
20 27 1.3127608905695205
20 28 1.3003134607658684
20 29 1.1961859065024671
20 30 1.1803669967587944
20 31 1.3930588398643018
20 32 1.254692721244306
20 33 1.3378577033664951
20 34 1.3134727594997848
20 35 1.41071686830172
20 36 1.3538207071696104
20 37 1.1140508881212794
20 38 1.3312228553650083
20 39 1.2195678200357194
20 40 1.203415138416373
20 41 1.298211449486166
20 42 1.3199701314490822
20 43 1.151979658216962
20 44 1.2482179812067742
20 45 1.2903257510666244
20 46 1.26997195111279
20 47 1.2492999510246905
20 48 1.0293833294190646
20 49 1.2132433352999863
20 50 1.2382399109455722
20 51 1.3716793160567808
20 52 1.2174697518431576
20 53 1.1420052384441313
20 54 1.0081206610839177
20 55 1.1831859544710916
20 56 1.2918112626114175
20 57 1.2601736674880586
20 58 1.3251740540264978
20 59 1.1895639575711123
20 60 1.2687211401765466
20 61 1.3328353672123807
20 62 1.3766738089800952
20 63 1.265149987885056
20 64 1.323765176517245
20 65 1.2577638424816011
20 66 1.1925944462137335
20 67 1.2298650902866717
20 68 1.1474451310513416
20 69 1.288173464264857
20 70 1.3243097521805884
20 71 1.1888614923806498
20 72 1.1998627158290578
20 73 1.1397554745303227
20 74 1.4095847771360743
21 22 1.414245758490216
21 23 1.326019954171785
21 24 1.3925283754118951
21 25 1.3480576879786967
21 26 1.2894996067701248
21 27 1.2369431197476701
21 28 1.3179830091644151
21 29 1.3531555738066237
21 30 1.4496410239060347
21 31 1.2676433014965534
21 32 1.3711122855072684
21 33 1.4342041404461559
21 34 1.427122468648186
21 35 1.3403034210858666
21 36 1.4879561378847335
21 37 1.3636675780682
21 38 1.2545978024268847
21 39 1.3162490612219913
21 40 1.297087802855172
21 41 1.3929405188695088
21 42 1.4367656692759427
21 43 1.3048992623954063
21 44 1.4004208187560776
21 45 1.2301762610332427
21 46 1.2728916579178056
21 47 1.3994742594974576
21 48 1.158451539849911
21 49 1.4135064923965308
21 50 1.3062478684184908
21 51 1.434007073087096
21 52 1.5219683676862257
21 53 1.364225748446063
21 54 1.3100417655468024
21 55 1.2007776532350027
21 56 1.3290371632124984
21 57 1.2685958201560965
21 58 1.3979206974466458
21 59 1.3408956873330395
21 60 1.308834601682107
21 61 1.2423163459571949
21 62 1.2935704032817574
21 63 1.3306834313729878
21 64 1.3390140776606534
21 65 1.290641416740616
21 66 1.2218597951569161
21 67 1.3875700950195164
21 68 1.389511884939082
21 69 1.326971749991049
21 70 1.4080480164181703
21 71 1.40536828102086
21 72 1.1974296996354108
21 73 1.3568663223028465
21 74 1.3757426918444944
22 23 1.2781565583741674
22 24 1.2390439961477573
22 25 1.2897570197682608
22 26 1.3347569011068323
22 27 1.2944627397310682
22 28 1.34807991313579
22 29 1.2739573299166351
22 30 1.300690013094688
22 31 1.208792015333568
22 32 1.3517266053821941
22 33 1.3414433241969526
22 34 1.380590121627959
22 35 1.3292513898895637
22 36 1.3768938844262966
22 37 1.263137307581363
22 38 1.4086153992760397
22 39 1.2762043364672968
22 40 1.2767750173972336
22 41 1.3417403545045927
22 42 1.4360971739242943
22 43 1.1874037862614197
22 44 1.3677352558866835
22 45 1.411716232344667
22 46 1.3563148363248043
22 47 1.2397809367177746
22 48 1.359703324391946
22 49 1.30048401418011
22 50 1.3769036024961532
22 51 1.3693891257754554
22 52 1.1498525678979556
22 53 1.3257642414964086
22 54 1.2034455534098338
22 55 1.3493242195775832
22 56 1.2473676813110082
22 57 1.2610669669018544
22 58 1.3906078837082192
22 59 1.3249907378561319
22 60 1.185018804674214
22 61 1.2534918323270348
22 62 1.3457325001199743
22 63 1.335703236381424
22 64 1.3226268834489876
22 65 1.3923391970612806
22 66 1.3017110629477173
22 67 1.3142440267045334
22 68 1.1896505173676264
22 69 1.3634542616248038
22 70 1.4231243863886507
22 71 1.2696451737136318
22 72 1.293218187524448
22 73 1.2756668110444906
22 74 1.3887569993215312
23 24 1.2830690922662478
23 25 1.3129663077102491
23 26 1.204454450005409
23 27 1.2971164471920256
23 28 1.2493344381256783
23 29 1.1932566187770652
23 30 1.2937721583967485
23 31 1.3274010841006705
23 32 1.2846293128971982
23 33 1.3696357417651313
23 34 1.3137624017682978
23 35 1.292752229248208
23 36 1.3411996031121824
23 37 1.184539484004468
23 38 1.3276190460472876
23 39 1.2058316488448508
23 40 1.1875610186068557
23 41 1.2887056811009086
23 42 1.3215231892034465
23 43 1.0504072139368872
23 44 1.2682134063969
23 45 1.2365658319162562
23 46 1.2434230694818555
23 47 1.1962259358637366
23 48 1.120221941841339
23 49 1.270318169105391
23 50 1.3146490681478502
23 51 1.3828107892364763
23 52 1.272780442794743
23 53 1.458594614209424
23 54 1.084459516790628
23 55 1.171724856307745
23 56 1.1450651049901963
23 57 1.2183591150973785
23 58 1.277483284628173
23 59 1.1988204311803974
23 60 1.1823605170067588
23 61 1.2968825463782916
23 62 1.3522362040987739
23 63 1.2462120171242592
23 64 1.2968928925187615
23 65 1.230188064576085
23 66 1.251558936913455
23 67 1.4022199223316367
23 68 1.2387083306302713
23 69 1.3307833831474583
23 70 1.3659943126596794
23 71 1.1958943058789167
23 72 1.2654361321774708
23 73 1.1140361596309116
23 74 1.2752568925300776
24 25 1.2019205575907643
24 26 1.1992738054194108
24 27 1.172517602975627
24 28 0.909164469743884
24 29 1.1176296452388301
24 30 1.178611577669374
24 31 1.3131688414695426
24 32 1.1144211274149645
24 33 1.358443153026827
24 34 1.2634122034247273
24 35 1.3021648871163372
24 36 1.4998698790878249
24 37 1.1563915689753417
24 38 0.9597583245228661
24 39 0.8158886170280826
24 40 0.9046316097006969
24 41 1.2970795675058784
24 42 1.2730883550879173
24 43 1.1165280766442178
24 44 1.315618533530847
24 45 0.9640366628351709
24 46 1.067586852734659
24 47 1.4734354057929753
24 48 1.2078530470176139
24 49 1.2027195040346788
24 50 1.3784809658874846
24 51 1.3171574181614785
24 52 1.489885128613843
24 53 1.130869047907972
24 54 0.991111242273226
24 55 1.1464304822249844
24 56 1.3043063673014905
24 57 1.2596682244632929
24 58 1.2738985148424442
24 59 1.0729214392190192
24 60 1.1517291608318565
24 61 1.3509308987954607
24 62 1.3371659214931182
24 63 1.0921265006696947
24 64 1.3307876938100176
24 65 0.8772853015526194
24 66 1.2918368652981178
24 67 1.2420033825827403
24 68 1.2381676002648956
24 69 1.2339223195285272
24 70 1.332548530969722
24 71 1.0544622247517588
24 72 1.1954245676378694
24 73 1.145240214448737
24 74 1.2815807506755625
25 26 1.2388943063594975
25 27 1.1508634554881019
25 28 1.213193361152009
25 29 1.10507038002943
25 30 1.3077991785671044
25 31 1.3624081474084264
25 32 1.2649896199622912
25 33 1.2981215645941209
25 34 1.3642530968538207
25 35 1.2818744074329091
25 36 1.4144969011461626
25 37 1.2464409779602847
25 38 1.188600026857962
25 39 1.1849811606560974
25 40 1.0666324335671933
25 41 1.324092206282824
25 42 1.3437699108547554
25 43 1.1102922500151153
25 44 1.3591942505364243
25 45 1.234227636551863
25 46 1.2648711245219089
25 47 1.3346396069751216
25 48 1.256455202755807
25 49 1.2603184903635267
25 50 1.3715999524062021
25 51 1.3584984354186507
25 52 1.3885619343761961
25 53 1.2217624230514486
25 54 1.1686493708530117
25 55 1.150764041229725
25 56 1.256829150646561
25 57 1.2931890252153762
25 58 1.265618676680968
25 59 1.2619087953224934
25 60 1.1933045913039135
25 61 1.2654636377460309
25 62 1.3288325767405857
25 63 1.145541744547725
25 64 1.299983039374171
25 65 1.1545529679061517
25 66 1.1941111657767904
25 67 1.326262208620709
25 68 1.3394987575219857
25 69 1.3778598025716606
25 70 1.3954836634627055
25 71 1.1156911222256298
25 72 1.2060212821935723
25 73 1.247693911623251
25 74 1.2830301457112676
26 27 1.1887618909920836
26 28 1.1520419856131912
26 29 1.1597390696694414
26 30 1.2723834924520045
26 31 1.2276717084687578
26 32 1.2738399669189828
26 33 1.2557546271201876
26 34 1.3232221218459617
26 35 1.2726834190876368
26 36 1.4228332320508628
26 37 1.2040309514875631
26 38 1.1294837883676307
26 39 1.1750844391557682
26 40 1.1637179301521456
26 41 1.3086495935593079
26 42 1.3275117355983508
26 43 1.0751451854801772
26 44 1.2813453374487371
26 45 1.181386554222289
26 46 1.1483439403162845
26 47 1.3766035869897362
26 48 1.188992108465756
26 49 1.3386234476233032
26 50 1.2038559206152193
26 51 1.3525198851783438
26 52 1.3805679781670337
26 53 1.2974717441068742
26 54 1.1426403432486203
26 55 1.122921669843914
26 56 1.1718775017551335
26 57 1.1247369314012632
26 58 1.281773155274925
26 59 1.1824223173013155
26 60 1.179358194715515
26 61 1.2062813716446241
26 62 1.2168957985801383
26 63 1.131758849605225
26 64 1.3420038170728599
26 65 1.1940680574741327
26 66 1.2405013130400393
26 67 1.3368372832533277
26 68 1.2715153721242813
26 69 1.2439512171764247
26 70 1.4354807000555427
26 71 1.1433829677986374
26 72 1.094022984337363
26 73 1.228297812444208
26 74 1.1768230331524736
27 28 1.184029650279885
27 29 1.0807679359787812
27 30 1.2106812761300532
27 31 1.3046046719768067
27 32 1.2312502544762096
27 33 1.3297542274720604
27 34 1.3393939606069616
27 35 1.3361889776949814
27 36 1.3652448389671463
27 37 1.1518477039804131
27 38 1.215840317884671
27 39 1.0963309131127357
27 40 1.118686536821785
27 41 1.4396813026699642
27 42 1.3014166611111688
27 43 1.1863950743411662
27 44 1.3261146193842828
27 45 1.1979307791902327
27 46 1.1774854943278614
27 47 1.2599925049501173
27 48 1.3582217280959543
27 49 1.2838799556455123
27 50 1.465765898897656
27 51 1.2803053014331263
27 52 1.3268941976703803
27 53 1.193555168927262
27 54 1.1716477102538805
27 55 1.0023283974483974
27 56 1.2377744546940654
27 57 1.2269552753073254
27 58 1.3077941010258463
27 59 1.1902356671255092
27 60 1.2289322722946814
27 61 1.2506026469794647
27 62 1.274461630080338
27 63 1.22401799706875
27 64 1.3406615246434073
27 65 1.1395291085108499
27 66 1.2856836243569978
27 67 1.229778176967125
27 68 1.2793219535058276
27 69 1.2516381444892797
27 70 1.3123815516317248
27 71 1.1528119098129088
27 72 1.2115285733494292
27 73 1.2489456722615835
27 74 1.3005115944696892
28 29 1.1218989248174585
28 30 1.2144895892605498
28 31 1.4916251372030505
28 32 1.115271109448075
28 33 1.3597089543844953
28 34 1.2980099255298028
28 35 1.297648995249966
28 36 1.552813032802003
28 37 1.046165820290739
28 38 0.818491677297765
28 39 0.7949943436233247
28 40 0.636358990394002
28 41 1.3050861496320747
28 42 1.2555251126472733
28 43 0.9594003565131363
28 44 1.2045222092520238
28 45 0.5646782665255775
28 46 0.821921015564673
28 47 1.4401694757948498
28 48 1.1759204664073046
28 49 1.2832534974833656
28 50 1.287572696760422
28 51 1.3165897580276125
28 52 1.542900866848727
28 53 1.1103940097644698
28 54 1.0358544052236769
28 55 1.1110009701524153
28 56 1.3015241685660093
28 57 1.1300339680285745
28 58 1.1622570954571696
28 59 0.7843457138615492
28 60 1.1078539682881297
28 61 1.2178097239635834
28 62 1.2829764094417628
28 63 1.1109481931332945
28 64 1.2977031452251642
28 65 0.46877181620475483
28 66 1.2298451151306136
28 67 1.368995110429856
28 68 1.186147302069033
28 69 1.2103640654779484
28 70 1.2896360963298348
28 71 0.9125690209764495
28 72 0.9716424143764338
28 73 1.204377603332725
28 74 1.2306717639184828
29 30 1.2423759281299902
29 31 1.3403333610117647
29 32 1.1841747526736042
29 33 1.2166974898289011
29 34 1.3439183410680569
29 35 1.3163681854447769
29 36 1.3665134245675576
29 37 1.106192107460058
29 38 1.1015206242975952
29 39 0.943747758973432
29 40 0.9642391860660776
29 41 1.2181750028787446
29 42 1.298073423286968
29 43 0.8472358839797035
29 44 1.250406459254836
29 45 1.0106692560614734
29 46 1.1198536393551646
29 47 1.3432051659713455
29 48 1.1474141670701237
29 49 1.2885890728815657
29 50 1.291918156131745
29 51 1.1893522476547498
29 52 1.3215771990078093
29 53 1.2571578037624633
29 54 1.0767252755769348
29 55 1.1068475770035002
29 56 1.2141859519928244
29 57 1.1950625113243107
29 58 1.1023441844024868
29 59 1.1181221607092664
29 60 1.018551088412476
29 61 1.3038180071973287
29 62 1.3688993202384603
29 63 0.8616839705196172
29 64 1.2890241596080403
29 65 1.0413072312891836
29 66 1.1174546361384476
29 67 1.2274835202332581
29 68 1.2336707400477105
29 69 1.151857210132917
29 70 1.2919911205116743
29 71 0.945938508468389
29 72 1.0568661391529053
29 73 1.2519947557476259
29 74 1.068866532711152
30 31 1.3565217573546722
30 32 1.1194414745026533
30 33 1.315282597127301
30 34 1.2316835444938623
30 35 1.403000773853923
30 36 1.406165272855716
30 37 1.1869752883851716
30 38 1.250309145294181
30 39 1.167872292526638
30 40 1.191508260959156
30 41 1.2805861155427931
30 42 1.1345243485078653
30 43 1.2125958505556451
30 44 1.3155765829061048
30 45 1.2133683085204554
30 46 1.1760567729849525
30 47 1.4295561548883366
30 48 1.2742829859685807
30 49 1.2614818245222073
30 50 1.3209624813378644
30 51 1.435533544717212
30 52 1.2796898470374733
30 53 1.255145764958522
30 54 1.2304001559260984
30 55 1.2579883147542452
30 56 1.273248045166559
30 57 1.2316271645344532
30 58 1.2460563985478519
30 59 1.2350160263527314
30 60 1.1994950186400986
30 61 1.2945795368113593
30 62 1.3073467376861716
30 63 1.4008237579797616
30 64 1.3776213144847622
30 65 1.181608535189089
30 66 1.2553042739060558
30 67 1.2365631195280626
30 68 1.1466596966054399
30 69 1.2962227778410078
30 70 1.2957081234117944
30 71 1.2144367612882783
30 72 1.2007951759861206
30 73 1.1767588736656887
30 74 1.420238373038238
31 32 1.3381118393759939
31 33 1.2036451103843169
31 34 1.357578423532414
31 35 1.2183239576998788
31 36 1.4425079640248686
31 37 1.4054741732200744
31 38 1.4028072909585925
31 39 1.387796871457846
31 40 1.4472312863685328
31 41 1.415198640600346
31 42 1.4000330874306108
31 43 1.2831002346721696
31 44 1.48968372509555
31 45 1.5110044142217678
31 46 1.379770698141008
31 47 1.3751956585861238
31 48 1.471217378866128
31 49 1.42113636912197
31 50 1.4797192417879217
31 51 1.4115399207070498
31 52 1.3865251857262684
31 53 1.488343476331143
31 54 1.3658024537765652
31 55 1.4581533080128757
31 56 1.3134043012268564
31 57 1.2585143056698664
31 58 1.4155661892381532
31 59 1.4794434186456502
31 60 1.344453301941021
31 61 1.1532875203865611
31 62 1.3105326908175952
31 63 1.3787770884975354
31 64 1.3054450322835571
31 65 1.4492933882965415
31 66 1.3130596328517705
31 67 1.4487799190808144
31 68 1.365750195077307
31 69 1.4118599235788551
31 70 1.2965847059297777
31 71 1.411579635855928
31 72 1.4169481112304636
31 73 1.3632532370906165
31 74 1.4036025180336151
32 33 1.2237744124120347
32 34 1.2883746672819263
32 35 1.3287264278538296
32 36 1.4316280053620793
32 37 1.2688391699898676
32 38 1.1376235331685554
32 39 1.1206946085871115
32 40 1.1187186036008392
32 41 1.2998800422440588
32 42 1.2198063098703362
32 43 1.126907925579836
32 44 1.3388698325085169
32 45 1.1189607173617886
32 46 1.1589597905284281
32 47 1.4092277346880504
32 48 1.1558633945748127
32 49 1.2692884602917052
32 50 1.347567905940261
32 51 1.3737560675788985
32 52 1.4296552013454686
32 53 1.219195557623005
32 54 1.2602580249233002
32 55 1.2654921554997367
32 56 1.2363394789889486
32 57 1.302341540887066
32 58 1.2819216536893212
32 59 1.240527602292522
32 60 1.134819628329701
32 61 1.2681525065568753
32 62 1.387274308788567
32 63 1.2090634493072525
32 64 1.4980435899889541
32 65 1.1296655793730235
32 66 1.2077029533579378
32 67 1.3360664666591466
32 68 1.2427637692777689
32 69 1.2602736402669645
32 70 1.3467381921752841
32 71 1.1945154562967748
32 72 1.1917370317474723
32 73 1.2725858859956134
32 74 1.3240801264126387
33 34 1.3566557836928934
33 35 1.0291214174678542
33 36 1.4106468674650778
33 37 1.3509940913956904
33 38 1.3137633368043746
33 39 1.3478770246929066
33 40 1.358557222388167
33 41 1.3810501197633052
33 42 1.401435264342585
33 43 1.2912222099436472
33 44 1.3689454053946364
33 45 1.3826972513481064
33 46 1.3212966249008402
33 47 1.3227983164702464
33 48 1.3047128233174958
33 49 1.4464312347223598
33 50 1.4075769570345664
33 51 1.4122346598604798
33 52 1.3581260293397972
33 53 1.4192262695653766
33 54 1.432844266171587
33 55 1.5552314747940512
33 56 1.4112047047937046
33 57 1.3436566777273553
33 58 1.3051832744473004
33 59 1.3112386706425463
33 60 1.3133192401410632
33 61 1.1156128637968223
33 62 1.3998830114604572
33 63 1.3759785199552559
33 64 1.2440240849054793
33 65 1.3835714666578718
33 66 1.2994205580443272
33 67 1.3683305231906713
33 68 1.356755795071283
33 69 1.3513567544520304
33 70 1.2834454679560272
33 71 1.3665308776571525
33 72 1.2683026375307114
33 73 1.3836212298256783
33 74 1.334749269693648
34 35 1.45481679558033
34 36 1.4409222173126153
34 37 1.307954071564697
34 38 1.3317223989691531
34 39 1.3422108514936946
34 40 1.314645338382243
34 41 1.3159114815781714
34 42 1.1376925111697014
34 43 1.355932697076535
34 44 1.3546498477149915
34 45 1.2994203487392435
34 46 1.3201296498392538
34 47 1.3896367254448836
34 48 1.296217273858602
34 49 1.3761345126722984
34 50 1.3159080339447387
34 51 1.395800703856424
34 52 1.5121537667063953
34 53 1.3924882550237812
34 54 1.3858984491199908
34 55 1.3798299275288615
34 56 1.3123877832379227
34 57 1.280545759647144
34 58 1.3201016630576405
34 59 1.3566896794165313
34 60 1.328932813579973
34 61 1.395098003157642
34 62 1.3665836969916532
34 63 1.3614906174668397
34 64 1.2921603145861467
34 65 1.31490575407877
34 66 1.2767493505459993
34 67 1.375186391568449
34 68 1.2612566791716726
34 69 1.3136487329950304
34 70 1.3957249468963455
34 71 1.3790589147475691
34 72 1.2991405411490353
34 73 1.319749897770188
34 74 1.5237247587825502
35 36 1.4620019967255287
35 37 1.3385610325447073
35 38 1.3392207503969802
35 39 1.3249567067270696
35 40 1.3729403474529893
35 41 1.4281724656513899
35 42 1.4346007661801838
35 43 1.2875086634656285
35 44 1.5253244607677632
35 45 1.328848784088218
35 46 1.3226741959026458
35 47 1.3216904501453073
35 48 1.3740416471408006
35 49 1.4124287489876564
35 50 1.4771679371863735
35 51 1.3919024979140948
35 52 1.3756114814295175
35 53 1.4195574694797204
35 54 1.359755563069518
35 55 1.4922612971385656
35 56 1.3279377985622043
35 57 1.3234861141611423
35 58 1.435050822741624
35 59 1.2539568662065355
35 60 1.3113363504480915
35 61 1.1265850655837448
35 62 1.3273892948432582
35 63 1.3487195832990264
35 64 1.2950951297898954
35 65 1.3835799186443831
35 66 1.3285154788690035
35 67 1.3787546293313953
35 68 1.359888457951864
35 69 1.4467124578757447
35 70 1.3604793646155406
35 71 1.3483039954143134
35 72 1.2964040623673243
35 73 1.3834870749801846
35 74 1.2685354597109604
36 37 1.3378973110815697
36 38 1.6029529958314497
36 39 1.4473909167971786
36 40 1.4451699403553653
36 41 1.4162332257052737
36 42 1.3105634389322027
36 43 1.3616525516091793
36 44 1.3569923018895826
36 45 1.501129843271542
36 46 1.4571542171291239
36 47 1.155138500990262
36 48 1.4056597018762675
36 49 1.2489879531845045
36 50 1.4122406648909414
36 51 1.360145314611136
36 52 0.9329118393719043
36 53 1.3186893152244628
36 54 1.3699991149777788
36 55 1.3650847242350708
36 56 1.2691598860876554
36 57 1.4766045208676049
36 58 1.3255886448631662
36 59 1.4517969891996023
36 60 1.4216548881243236
36 61 1.4646719956454357
36 62 1.4321873482757996
36 63 1.4152274946167862
36 64 1.3202405416890206
36 65 1.559498140806646
36 66 1.43877509631814
36 67 1.4399851778138293
36 68 1.3826303867671694
36 69 1.417989212543079
36 70 1.4144423341246182
36 71 1.318076979393292
36 72 1.3793346575089562
36 73 1.3247206314509834
36 74 1.3880512116813672
37 38 1.2017856828095492
37 39 0.9257762616921525
37 40 0.9472916813414163
37 41 1.3015689321656692
37 42 1.1746831328886436
37 43 1.0689253638207086
37 44 1.332627353486302
37 45 1.0311992450831482
37 46 1.114622966177925
37 47 1.2752563847214387
37 48 1.2642483227246952
37 49 0.9068410782064031
37 50 1.367994657460175
37 51 1.3237246072050413
37 52 1.2299523547578546
37 53 0.9793754440430483
37 54 0.9531522002833306
37 55 1.0302314808966102
37 56 1.3204202825445168
37 57 1.2174389877136993
37 58 1.2964706928636678
37 59 1.1075826579836487
37 60 1.1275740947064603
37 61 1.3397803292763222
37 62 1.3044148865949423
37 63 1.1343032788649696
37 64 1.2796660422601989
37 65 1.0666292909143578
37 66 1.2634149259190255
37 67 1.2920599142831495
37 68 1.1420710155401599
37 69 1.1672830114597033
37 70 1.2385490009566147
37 71 0.8994220709838112
37 72 1.0959696642768
37 73 1.1490397205834402
37 74 1.254721768915521
38 39 0.969676343236828
38 40 0.9221141720663341
38 41 1.2892595872656223
38 42 1.2792789275533214
38 43 1.0707436603346143
38 44 1.2730355500056254
38 45 0.8725484968313869
38 46 0.9451002343241571
38 47 1.5172278999592799
38 48 1.1770878972265906
38 49 1.3633312251949483
38 50 1.3818880302358933
38 51 1.363549017997606
38 52 1.6011595724488294
38 53 1.3073408309925953
38 54 1.1205286242852022
38 55 1.1364843569282574
38 56 1.3264054309709972
38 57 1.1813418654449608
38 58 1.1765690866853422
38 59 1.0333498283722704
38 60 1.2942541232455775
38 61 1.3459798310212143
38 62 1.1695029050585084
38 63 1.0838370573534637
38 64 1.303681491800942
38 65 0.7690751399864391
38 66 1.2650885560627734
38 67 1.3809875899148185
38 68 1.2643417524643017
38 69 1.2237293126183093
38 70 1.371634939552097
38 71 1.0816697281344008
38 72 1.0711625715696749
38 73 1.2716579847061165
38 74 1.2486897917927777
39 40 0.7558531708418189
39 41 1.2924133248670242
39 42 1.210444543035294
39 43 0.9206757037512593
39 44 1.2858732521017753
39 45 0.7082079692782768
39 46 0.8888714680396975
39 47 1.407332294318075
39 48 1.073687907357755
39 49 1.070639931730101
39 50 1.2688918800615938
39 51 1.2308792161523197
39 52 1.3659167586547827
39 53 1.029730090468515
39 54 0.9013749832700246
39 55 1.0485589048767887
39 56 1.2654080839723734
39 57 1.1392501352985145
39 58 1.1354701393560012
39 59 1.052438627452203
39 60 0.9952704364542192
39 61 1.309609314212847
39 62 1.2989853962344908
39 63 1.0128038234488883
39 64 1.2633525682052917
39 65 0.7636328175067267
39 66 1.1631556672193706
39 67 1.2041346238747916
39 68 1.121726837760361
39 69 1.075477807958298
39 70 1.2395105918587805
39 71 0.7713072729715608
39 72 1.0033779100806897
39 73 1.106237156779358
39 74 1.137806437724192
40 41 1.2672077442135923
40 42 1.2047434500169
40 43 0.8308751895513163
40 44 1.2020142904974842
40 45 0.6644051951208435
40 46 0.7813145343482535
40 47 1.3687318565360116
40 48 1.1544303652176733
40 49 1.175699962475651
40 50 1.2703077003261942
40 51 1.26349757094526
40 52 1.457796860662046
40 53 1.01297647871249
40 54 0.8571661022410212
40 55 1.0123799700829792
40 56 1.2225814307060068
40 57 1.1544472097989722
40 58 1.1500105795263276
40 59 0.9268525885211636
40 60 1.0319311011729853
40 61 1.2333740609964956
40 62 1.2678092043715539
40 63 0.9831941861818749
40 64 1.27880017444615
40 65 0.6037091855763326
40 66 1.131984286127436
40 67 1.3342821472223483
40 68 1.1714315448372363
40 69 1.0941335117482267
40 70 1.2785756933372594
40 71 0.7434195095845426
40 72 0.9221020549437975
40 73 1.118754574029515
40 74 1.2112163058051253
41 42 1.3401528292864429
41 43 1.290058127296231
41 44 1.304190454652789
41 45 1.2880731043518912
41 46 1.2965870422209578
41 47 1.3786894188296426
41 48 1.2070972054167513
41 49 1.2725566288962216
41 50 1.270539021092304
41 51 1.3002589655236583
41 52 1.3885194737488005
41 53 1.3519398725311271
41 54 1.2127243558150629
41 55 1.281231467357934
41 56 1.3704141267964836
41 57 1.2836592901072914
41 58 1.1925683850245838
41 59 1.3203646825218542
41 60 1.2320378381223243
41 61 1.4389468605484217
41 62 1.3228779068662067
41 63 1.1246920039439254
41 64 1.2092193275326117
41 65 1.2635672931625905
41 66 1.266658241731001
41 67 1.3007769896831345
41 68 1.2098100981792927
41 69 1.4522677892851128
41 70 1.3432407416003929
41 71 1.2848964633577167
41 72 1.2572942295332141
41 73 1.2657155123804111
41 74 1.4109181308046832
42 43 1.2799509343798476
42 44 1.3958080422186105
42 45 1.1968246760774552
42 46 1.215802244611958
42 47 1.3055688331007946
42 48 1.3329740198308389
42 49 1.2172717665280646
42 50 1.4531434007524469
42 51 1.331532124365089
42 52 1.375909681847348
42 53 1.299132301831919
42 54 1.2420740477986714
42 55 1.2823001013561885
42 56 1.3051347641268907
42 57 1.2652084924038642
42 58 1.2589784091700023
42 59 1.2976336480913537
42 60 1.322925514053455
42 61 1.3790187805100895
42 62 1.3155935655348259
42 63 1.3581837065420657
42 64 1.3439027828741503
42 65 1.2139652464266941
42 66 1.3283200528656132
42 67 1.4052953326022375
42 68 1.2064514411877485
42 69 1.3167135807299715
42 70 1.3364711952767534
42 71 1.260620985421888
42 72 1.207575539245405
42 73 1.305395242024642
42 74 1.2805800509215184
43 44 1.2104998099294222
43 45 0.9172951539788304
43 46 0.9752871611921575
43 47 1.3136425040411088
43 48 1.1081678813131066
43 49 1.3143813807857831
43 50 1.227321631950276
43 51 1.224818197853107
43 52 1.3019027631760385
43 53 1.2362636631599864
43 54 1.012497176196773
43 55 1.1205743521053
43 56 1.118887975507595
43 57 1.125884627772135
43 58 1.1479404390839059
43 59 0.9465507505541261
43 60 0.8844069271705548
43 61 1.168426086771444
43 62 1.2552136438739245
43 63 1.0445268052895818
43 64 1.2721404741290756
43 65 0.9309764311244708
43 66 1.0981807610080245
43 67 1.2905511884511658
43 68 1.2090866984354047
43 69 1.1612943281666892
43 70 1.2615045716730344
43 71 0.8388409964365967
43 72 0.9946864268027417
43 73 1.163447404478371
43 74 1.103297370093831
44 45 1.2291929261146928
44 46 1.2227227524640476
44 47 1.3157904429640197
44 48 1.2226822458294697
44 49 1.3259681646798558
44 50 1.2426884432817993
44 51 1.3260354818568407
44 52 1.431402423340321
44 53 1.2946864980800765
44 54 1.2462629350026688
44 55 1.249513891700878
44 56 1.2480877418532945
44 57 1.3149868279400376
44 58 1.27503866698575
44 59 1.2374727568605313
44 60 1.2307519470188426
44 61 1.3814771410689515
44 62 1.2924873128317889
44 63 1.2907496955440172
44 64 1.3334061481064317
44 65 1.2043783258724732
44 66 1.3162133714209738
44 67 1.430326862468214
44 68 1.3002570772578368
44 69 1.4284484598157385
44 70 1.4174212550337333
44 71 1.2520876195899033
44 72 1.2380412175614584
44 73 1.303416514268512
44 74 1.3602176204685859
45 46 0.733735753129686
45 47 1.474638349051617
45 48 1.1501518333224463
45 49 1.2291839357077297
45 50 1.234229849799321
45 51 1.2559741123964394
45 52 1.532310410963159
45 53 1.1332928447224648
45 54 1.028166399115237
45 55 1.0754323170940516
45 56 1.2281428397569816
45 57 1.1437485383194947
45 58 1.1250017957075402
45 59 0.9165111391004542
45 60 1.107951871759912
45 61 1.3093259926220708
45 62 1.2802153176773126
45 63 1.0528630238102616
45 64 1.3456758425192943
45 65 0.5902974703590083
45 66 1.1684445225504616
45 67 1.3165676277638383
45 68 1.2058219341076186
45 69 1.1340811064901513
45 70 1.2597325033640963
45 71 0.9049489597284714
45 72 0.9218342935383455
45 73 1.1998242544308233
45 74 1.1627396851870668
46 47 1.4463973772337553
46 48 1.1725863698887908
46 49 1.2571619943048178
46 50 1.2770239634590226
46 51 1.2743532881012205
46 52 1.504139042798882
46 53 1.160818883692341
46 54 1.0682037654134342
46 55 1.1144297709081645
46 56 1.2534370013982925
46 57 1.104430375217633
46 58 1.095570342531847
46 59 1.0018606529456284
46 60 1.169150870207151
46 61 1.2026959381821947
46 62 1.187268846560754
46 63 1.1308062484150172
46 64 1.257411052664963
46 65 0.7975385896893464
46 66 1.1978718547758331
46 67 1.2962048421569978
46 68 1.1901348798367253
46 69 1.1921761306619973
46 70 1.2898717014463166
46 71 0.9936031114994841
46 72 0.8986952816956454
46 73 1.2163812373271887
46 74 1.2658699460689231
47 48 1.3030269008869513
47 49 1.3011946226589506
47 50 1.520099662217617
47 51 1.2841727736937287
47 52 1.1643519073899278
47 53 1.3311327453596768
47 54 1.2894046221649167
47 55 1.3584691227831978
47 56 1.3517167162711785
47 57 1.309083079606028
47 58 1.3760435184833524
47 59 1.336608210573047
47 60 1.2277804133455192
47 61 1.2521474551753724
47 62 1.3849712230142461
47 63 1.4204240977152613
47 64 1.195464321236261
47 65 1.4312136204164336
47 66 1.3415144797921608
47 67 1.335907125868346
47 68 1.2851625349682942
47 69 1.3810796090662756
47 70 1.342918631937416
47 71 1.3028080955578027
47 72 1.2713725664987456
47 73 1.294032150479684
47 74 1.2809940410142273
48 49 1.2998748884930593
48 50 1.0491704871534913
48 51 1.328468433111217
48 52 1.316070839583066
48 53 1.2748293312428123
48 54 1.1276490766607037
48 55 1.2189196988795858
48 56 1.3268120818203462
48 57 1.2935360584960445
48 58 1.2123388365952246
48 59 1.214392724880571
48 60 1.041653639914741
48 61 1.3554771407165607
48 62 1.3486815051941807
48 63 1.1883335696155628
48 64 1.246658296293086
48 65 1.1565590776626107
48 66 1.1420765086753033
48 67 1.1956449525889388
48 68 1.2212036985371715
48 69 1.1798442982298887
48 70 1.3203984814875678
48 71 1.202745164243948
48 72 1.0880425868080106
48 73 1.1045492088164723
48 74 1.3158767771012192
49 50 1.4104872957617032
49 51 1.4137281596989197
49 52 1.2545616868550922
49 53 0.9413072906353245
49 54 1.0044900644534338
49 55 1.1155500151554498
49 56 1.3576535127670333
49 57 1.3286282051307203
49 58 1.3505386204775887
49 59 1.3837118585812465
49 60 1.1778374781139915
49 61 1.4040826025799378
49 62 1.3931020196757455
49 63 1.2513024678431355
49 64 1.3548659262439708
49 65 1.2421636210260907
49 66 1.343543497452997
49 67 1.1995080190100966
49 68 1.2043726532313068
49 69 1.2789076039778142
49 70 1.3237739531034336
49 71 1.0140810448188236
49 72 1.2726085317629756
49 73 1.1612288555082888
49 74 1.333332643265868
50 51 1.485658094878486
50 52 1.4052651410023673
50 53 1.3009669006533762
50 54 1.2898977146904393
50 55 1.3373383254939002
50 56 1.321287977758129
50 57 1.2448448660563676
50 58 1.3130428498781161
50 59 1.3271554848212146
50 60 1.2588795374186283
50 61 1.4352730626268648
50 62 1.358916598971436
50 63 1.3710686031830646
50 64 1.38958207121563
50 65 1.2819701157816108
50 66 1.3052383650267847
50 67 1.419076682830146
50 68 1.2081346785808729
50 69 1.294969082815344
50 70 1.5253364256517674
50 71 1.3431462682768227
50 72 1.2404455922656383
50 73 1.1882709733900068
50 74 1.5160333070066587
51 52 1.317425623918495
51 53 1.3998286202001053
51 54 1.3184890764696073
51 55 1.3647525782925853
51 56 1.3128611757583042
51 57 1.3468061051802092
51 58 1.4397079972867126
51 59 1.3824159229705917
51 60 1.2394398671863531
51 61 1.304710848794672
51 62 1.4296475452112658
51 63 1.23720147159901
51 64 1.4036384393839527
51 65 1.2441370431242398
51 66 1.3874724792480624
51 67 1.259993719777321
51 68 1.3462050038908446
51 69 1.2972525982215874
51 70 1.2739045570698706
51 71 1.2359021806984163
51 72 1.2757753935068934
51 73 1.430357470218138
51 74 1.0379778073085377
52 53 1.3054234875669688
52 54 1.2356848354159056
52 55 1.2946204621440673
52 56 1.3047927186988109
52 57 1.4025130782226443
52 58 1.4226585522223847
52 59 1.42851699534734
52 60 1.2943009782890884
52 61 1.358401646603288
52 62 1.3719114473860494
52 63 1.347299282112772
52 64 1.3117857380738591
52 65 1.5581047112931552
52 66 1.4605013944946836
52 67 1.2510924536977326
52 68 1.3156704592328843
52 69 1.294373235344339
52 70 1.313035101188528
52 71 1.2682862358688025
52 72 1.3979229608202564
52 73 1.259329467409936
52 74 1.2791864469543042
53 54 0.9857859404304147
53 55 1.1051473220431596
53 56 1.4098471145167655
53 57 1.3158980683332189
53 58 1.303063229442938
53 59 1.227140310447612
53 60 1.1571733565011124
53 61 1.3338560643162154
53 62 1.3778018008893116
53 63 1.217847760870567
53 64 1.3756512071305365
53 65 1.1441863192342274
53 66 1.3003950297769773
53 67 1.0834788034327416
53 68 1.1899226563657144
53 69 1.1948582836018848
53 70 1.2693716591553141
53 71 0.9635650336390238
53 72 1.215653223128578
53 73 1.088528209425321
53 74 1.379258198614379
54 55 0.9015487113927698
54 56 1.2628695149331723
54 57 1.163876200126038
54 58 1.2910701049415223
54 59 1.0998397976840057
54 60 1.177510181006434
54 61 1.3702133427171799
54 62 1.301463036162806
54 63 0.9816294420741613
54 64 1.3274496131053655
54 65 1.0207475009087459
54 66 1.1838876317281435
54 67 1.18843715152619
54 68 1.087008581771414
54 69 1.1647530680876808
54 70 1.2900287788100628
54 71 0.8884731144777719
54 72 1.134951503662356
54 73 0.9622722965706774
54 74 1.2913154884528455
55 56 1.1961194843428364
55 57 1.0887468671391947
55 58 1.3386583884537815
55 59 1.1540347755766507
55 60 1.173282259025593
55 61 1.2982427969011132
55 62 1.1609577490897247
55 63 1.0910228158649573
55 64 1.3632998866968966
55 65 1.0839913808461632
55 66 1.1954687604125294
55 67 1.259755805282365
55 68 1.2523673120218077
55 69 1.2182545245808614
55 70 1.3342281957347562
55 71 1.0230716923019272
55 72 1.1354557009583224
55 73 1.1606846823624595
55 74 1.3050737976411453
56 57 1.233783687081297
56 58 1.2333540818321187
56 59 1.3024982663536104
56 60 1.2559805594607414
56 61 1.2357642954381771
56 62 1.3003699917921245
56 63 1.311680849182538
56 64 1.4269207553207945
56 65 1.3062144931572437
56 66 1.2228794678682717
56 67 1.4146704635173284
56 68 1.183402178959952
56 69 1.3527958454979423
56 70 1.4237305790357002
56 71 1.2474558548930064
56 72 1.1716603248794872
56 73 1.2681898306697597
56 74 1.319873222126934
57 58 1.2520949899654397
57 59 1.1480870459973
57 60 1.248402618345018
57 61 1.1707301595943231
57 62 1.0824133213742038
57 63 1.270861230527722
57 64 1.1661759587581646
57 65 1.1256322751475896
57 66 1.195149552720419
57 67 1.328448580455803
57 68 1.1629981895053123
57 69 1.3560990220611597
57 70 1.2194940071718872
57 71 1.1724617574456548
57 72 1.0360445483401814
57 73 1.251367198924485
57 74 1.3423182120949715
58 59 1.2054697348683379
58 60 1.2652310137739793
58 61 1.3338041048327502
58 62 1.3280252354149893
58 63 1.1663081755705431
58 64 1.1599681482711692
58 65 1.135531670699934
58 66 1.214474155159388
58 67 1.4269682211637698
58 68 1.1515010264170367
58 69 1.356719799401901
58 70 1.3515169740387463
58 71 1.2203856514283586
58 72 1.0532158086907277
58 73 1.310825529953285
58 74 1.2583409988836218
59 60 1.1926293884948842
59 61 1.1956780548619035
59 62 1.2432548299533872
59 63 1.1168353074161559
59 64 1.2233924447225621
59 65 0.8688728052652712
59 66 1.214034809153235
59 67 1.3943246337225432
59 68 1.215864632838077
59 69 1.290641162888637
59 70 1.3341027339766187
59 71 1.0206021080958447
59 72 1.0437687343567268
59 73 1.3091444628311335
59 74 1.2905564331512573
60 61 1.1204663025184405
60 62 1.3194165571191268
60 63 1.1324812392027301
60 64 1.2887737502133212
60 65 1.10080453406099
60 66 1.0223565640506704
60 67 1.0637058429991473
60 68 1.207800574219714
60 69 1.1868638245609135
60 70 1.231440876733702
60 71 0.9853479236390298
60 72 1.1593250754643332
60 73 1.1049154222503652
60 74 1.1669696778222618
61 62 1.2389704380205724
61 63 1.3544865865037814
61 64 1.1977907883828394
61 65 1.2738678818162852
61 66 1.2357010123228391
61 67 1.3147709339966034
61 68 1.287852577791834
61 69 1.3928110602080002
61 70 1.295222993611395
61 71 1.2495262243773835
61 72 1.1540435470879833
61 73 1.378493081620271
61 74 1.2842751487023425
62 63 1.3194904374706764
62 64 1.2190465161720667
62 65 1.3232726215317192
62 66 1.2451463682387527
62 67 1.4085783637465796
62 68 1.3372418768761094
62 69 1.4000815410428111
62 70 1.4057123386768557
62 71 1.2948825176916134
62 72 1.2378536223249843
62 73 1.2693819495859686
62 74 1.402376542252222
63 64 1.2400112215321217
63 65 1.0530767243687738
63 66 1.1825584349455638
63 67 1.2532700588130778
63 68 1.3061742773353358
63 69 1.192001699482345
63 70 1.2685197985298822
63 71 0.9958865121272087
63 72 1.1688026059374867
63 73 1.2298898259339754
63 74 1.05618660925889
64 65 1.2975537882444097
64 66 1.2913343958735384
64 67 1.3020906249118809
64 68 1.2810797235588278
64 69 1.4003799289954693
64 70 1.3675213655619094
64 71 1.2684910816693182
64 72 1.1379850069318376
64 73 1.3592384513003588
64 74 1.3920504029796095
65 66 1.2296775645023463
65 67 1.341808499305991
65 68 1.2155190414147061
65 69 1.1631691702744342
65 70 1.255999639770445
65 71 0.8927969173278768
65 72 0.9728093962428264
65 73 1.1834142945149322
65 74 1.1868374183382435
66 67 1.2829011828534793
66 68 1.1354177100154852
66 69 1.252767543143524
66 70 1.3196972901040287
66 71 1.1814335991562963
66 72 1.1380552156765458
66 73 1.2471445950635207
66 74 1.4293076456363163
67 68 1.34425936563106
67 69 1.225391448907818
67 70 1.180040788081917
67 71 1.2669349702743424
67 72 1.302554663112847
67 73 1.1719686440234598
67 74 1.3241872933513232
68 69 1.3243492726309145
68 70 1.3576341951481183
68 71 1.1819096217322815
68 72 1.0933643428066084
68 73 1.1579079234221668
68 74 1.4448355438215081
69 70 1.2824453180261042
69 71 1.130496638692743
69 72 1.1525781130065897
69 73 1.2722948890835044
69 74 1.30392200422432
70 71 1.2103855652979616
70 72 1.3422258657358934
70 73 1.2713707004897437
70 74 1.2162074760402475
71 72 1.0675533799974328
71 73 1.1286976777669822
71 74 1.1619306243204224
72 73 1.2926235097708871
72 74 1.238379994885238
73 74 1.387744408262241
