50 0
0 1 1.4404783682652902
0 2 1.4315202537042027
0 3 1.334897790635575
0 4 1.4777234020620984
0 5 1.38899136662828
0 6 1.3362881163673277
0 7 1.43295048022925
0 8 1.271490933288456
0 9 1.3009772815044789
0 10 1.439474214671151
0 11 1.3212602317707014
0 12 1.332706313725656
0 13 1.2397264047698293
0 14 1.3050890566261082
0 15 1.3322832026271758
0 16 1.302800490953153
0 17 1.402047430081317
0 18 1.4070035167094663
0 19 1.355334643968668
0 20 1.3521766286289174
0 21 1.3096738274127602
0 22 1.4567864477189734
0 23 1.354181738196885
0 24 1.2840250890313913
0 25 1.3361379616556839
0 26 1.401752876390299
0 27 1.4144473935578357
0 28 1.3751828743988368
0 29 1.3401434492395916
0 30 1.354574604072864
0 31 1.2738367515333557
0 32 1.2602290765602233
0 33 1.1987495373958237
0 34 1.3566209487631697
0 35 1.3854130143201482
0 36 1.3682543079788734
0 37 1.395918213430011
0 38 1.426108943842972
0 39 1.3405510874693471
0 40 1.4238157609443902
0 41 1.3721848284183018
0 42 1.3109954673907158
0 43 1.332042825933504
0 44 1.4192715377171887
0 45 1.455821904529715
0 46 1.282736459203532
0 47 1.4178037016045564
0 48 1.2478539342459884
0 49 1.2493036958056956
1 2 1.3518341448355735
1 3 1.3694848818485048
1 4 1.3511987661473694
1 5 1.3496788438286897
1 6 1.2379294114394184
1 7 1.2463171634304362
1 8 1.3507730387279064
1 9 1.4787860492452523
1 10 1.2824482510747979
1 11 1.3343907714178342
1 12 1.483763913030655
1 13 1.3900246254176338
1 14 1.2864141938055205
1 15 1.4107911574013703
1 16 1.4200040947157102
1 17 1.3749395524796204
1 18 1.3171805389322315
1 19 1.3466301816578774
1 20 1.251789891935424
1 21 1.2729525908945052
1 22 1.2846449045320696
1 23 1.305559769162898
1 24 1.3246769857443534
1 25 1.453945208624179
1 26 1.3059429886206155
1 27 1.3321404199823503
1 28 1.3728570978010182
1 29 1.4121164213945887
1 30 1.2846435073833733
1 31 1.303544287397585
1 32 1.3526727201396944
1 33 1.448004654061346
1 34 1.2681647728543897
1 35 1.2906238897555447
1 36 1.2477332206696967
1 37 1.3831414212838353
1 38 1.2402918276515835
1 39 1.2255966257021056
1 40 1.3061183974878838
1 41 1.2781309430046803
1 42 1.2973402555112736
1 43 1.3512850736995752
1 44 1.2252852616485792
1 45 1.3123537247274628
1 46 1.1868496539821334
1 47 1.2284591303954007
1 48 1.3223834294785546
1 49 1.3626893434305705
2 3 1.320836925889369
2 4 1.2163156182535324
2 5 1.3704300585997187
2 6 1.1512988376419973
2 7 1.0987132939462971
2 8 1.4288418931956166
2 9 1.2711121161908763
2 10 1.3433880120060606
2 11 1.2027065412411013
2 12 1.446692535405291
2 13 1.3820494858063086
2 14 1.156217804923217
2 15 1.335586774146747
2 16 1.24096009508775
2 17 1.3913051124196552
2 18 1.430897273470048
2 19 1.34512723035868
2 20 1.326746703718385
2 21 1.3952913121680397
2 22 1.2484513113462181
2 23 1.2771422506915635
2 24 1.098344832709282
2 25 1.2471178995192402
2 26 1.3378762203966574
2 27 1.2558267346250696
2 28 1.1502796424387256
2 29 1.2206787038584048
2 30 0.9963050165028572
2 31 1.3097564042439194
2 32 1.2251861575004084
2 33 1.3318284416775816
2 34 1.3402393711016483
2 35 1.45740667774764
2 36 1.1254026388154943
2 37 1.0750091779449322
2 38 1.3137021777972504
2 39 1.382466880340201
2 40 1.315302149089351
2 41 1.3726585438802463
2 42 1.3346096684276767
2 43 1.2930004605403356
2 44 1.2423454496376023
2 45 1.1555416590392906
2 46 1.3867545907430592
2 47 1.3596192746884737
2 48 1.2222262535314032
2 49 1.2642985382972585
3 4 1.2574431364046128
3 5 1.3676346469302763
3 6 1.2690006284396291
3 7 1.226744476843156
3 8 1.3626209968570937
3 9 1.2533043152231005
3 10 1.4802737961278807
3 11 1.3274574189173098
3 12 1.3935813567574753
3 13 1.2536259608275429
3 14 1.2527220930780036
3 15 1.2520885912785964
3 16 1.2976620866515458
3 17 1.4922175535041453
3 18 1.467542806965571
3 19 1.3686831448226087
3 20 1.3005608783822156
3 21 1.361700300195232
3 22 1.4028607325239777
3 23 1.3504064129435736
3 24 1.2988747580978963
3 25 1.30934150398582
3 26 1.2986079300100035
3 27 1.209325329295908
3 28 1.3044638603422254
3 29 1.2709654702252955
3 30 1.2030998754144953
3 31 1.2259837501120923
3 32 1.3497996640225167
3 33 1.3378164054447506
3 34 1.3671389376461622
3 35 1.25984521846147
3 36 1.1157439016734405
3 37 1.4327454813911658
3 38 1.4324254640202443
3 39 1.2865731088077783
3 40 1.235764663199017
3 41 1.3926225070973128
3 42 1.390078955317297
3 43 1.2445837839569212
3 44 1.307637839889592
3 45 1.1633640139559513
3 46 1.3459813284424595
3 47 1.450236077070566
3 48 1.2005943112379514
3 49 1.2834102088333275
4 5 1.3620367361733339
4 6 1.212057374446602
4 7 0.9690683093219438
4 8 1.2944397379835575
4 9 1.1845064400803582
4 10 1.4080561704149834
4 11 1.2043844069758491
4 12 1.4257109087434887
4 13 1.4149760459896974
4 14 1.1048980362860987
4 15 1.324970761449714
4 16 1.274400325900447
4 17 1.4918666995226555
4 18 1.4021751125808521
4 19 1.2581990665986011
4 20 1.1772506333706603
4 21 1.3775554211703256
4 22 1.2577008461543193
4 23 1.317086167472455
4 24 1.1286674269013668
4 25 1.2444671378849248
4 26 1.2012035700803132
4 27 1.167608955953715
4 28 1.2078072733626268
4 29 1.283941770661846
4 30 1.089177782351491
4 31 1.245739357706453
4 32 1.2911066621505332
4 33 1.5069630341869393
4 34 1.3698998635342092
4 35 1.3051521844032272
4 36 1.1357732842533452
4 37 1.2971088960612964
4 38 1.2508928165559376
4 39 1.3033747735187973
4 40 1.3237894184790722
4 41 1.3558012463901519
4 42 1.4273638442527354
4 43 1.2151612975749102
4 44 1.367729073924094
4 45 0.8403248148652626
4 46 1.3049062452216516
4 47 1.4532321711119
4 48 1.2201657587511199
4 49 1.2847283661020181
5 6 1.2342088078458797
5 7 1.2768556452283673
5 8 1.3577595989824003
5 9 1.4417289380427192
5 10 1.4476284036301215
5 11 1.4288676063400663
5 12 1.4355250911228419
5 13 1.39849350768428
5 14 1.2757156625084127
5 15 1.432942861373573
5 16 1.3266149839516024
5 17 1.4792998668766366
5 18 1.4413387834458893
5 19 1.3402636667932055
5 20 1.440829137535587
5 21 1.314702709912177
5 22 1.5278594796445337
5 23 1.1917912671237725
5 24 1.3317081441118752
5 25 1.415694721468328
5 26 1.4545257036061048
5 27 1.2344677303379592
5 28 1.3571418345482853
5 29 1.4295584099555763
5 30 1.3562440592627076
5 31 1.4223381206456103
5 32 1.3518810960981054
5 33 1.3782755812814746
5 34 0.8439122800469976
5 35 1.3277368508361234
5 36 1.3621874531938536
5 37 1.3998394264819947
5 38 1.483622461843665
5 39 1.3695962529021002
5 40 1.2726426869779153
5 41 1.3816299662654392
5 42 1.4152047011836757
5 43 1.3641879219776634
5 44 1.2229041657006174
5 45 1.3817938683709385
5 46 1.3629375723671864
5 47 1.4324207518175653
5 48 1.4415340722208756
5 49 1.422522641474547
6 7 1.0113834017993706
6 8 1.284322095906127
6 9 1.1679545174623847
6 10 1.485504612052736
6 11 1.2723355655269617
6 12 1.3906606649974698
6 13 1.4122936557811752
6 14 1.0265148278139156
6 15 1.2949977423397205
6 16 1.137326232168054
6 17 1.358197500128199
6 18 1.4527048846864186
6 19 1.3002152636478892
6 20 1.3324078727694688
6 21 1.3892164791765167
6 22 1.2788758392101633
6 23 1.2512631681016169
6 24 1.1319346599642863
6 25 1.284700793643544
6 26 1.1625235771394191
6 27 1.2300081801947294
6 28 1.1731829225664618
6 29 1.3055341983458166
6 30 1.0882489916739235
6 31 1.1309742228511734
6 32 1.220648692321923
6 33 1.4301823206108144
6 34 1.2441016293411549
6 35 1.2663111801801734
6 36 1.0824325159984303
6 37 1.2539461315583613
6 38 1.3817210810722067
6 39 1.3196092496753917
6 40 1.273792663037971
6 41 1.3573365237941817
6 42 1.364612818966766
6 43 1.157678345046986
6 44 1.1367754577925695
6 45 1.0465718069377754
6 46 1.1765948546155047
6 47 1.4505490323218395
6 48 1.1548943297608627
6 49 1.1986368419131712
7 8 1.3474014584786904
7 9 1.2006257627330525
7 10 1.3926872397581862
7 11 1.319685982096694
7 12 1.506269023742823
7 13 1.454585617499782
7 14 1.0906996463057501
7 15 1.323026944686489
7 16 1.1512428317976051
7 17 1.5330718557219702
7 18 1.435647121600927
7 19 1.3044748593063844
7 20 1.2536452276919272
7 21 1.4049455124970898
7 22 1.3164318579741239
7 23 1.3400538544445053
7 24 1.0379892777713697
7 25 1.2094315828491142
7 26 1.2324851463222983
7 27 1.088530388551393
7 28 1.2353469677243782
7 29 1.3515923664914928
7 30 1.0217960815285716
7 31 1.215151131820216
7 32 1.2552566717296012
7 33 1.4173960421953515
7 34 1.2738729385813201
7 35 1.328662651828088
7 36 1.0540377437614914
7 37 1.3502924296784717
7 38 1.4102875450751529
7 39 1.3403997839701485
7 40 1.3304907048158436
7 41 1.3536639381596696
7 42 1.4155888070744158
7 43 1.2435343195885302
7 44 1.233824048328458
7 45 0.9379746400188848
7 46 1.2838905280666322
7 47 1.4321380195695115
7 48 1.220533311944314
7 49 1.3175068310641385
8 9 1.2617572837307296
8 10 1.378605625801357
8 11 1.2664673152487347
8 12 1.3431860481590192
8 13 1.3532799875391568
8 14 1.1814822230917137
8 15 1.1863489659948507
8 16 1.2063000365943137
8 17 1.3577065070047785
8 18 1.1302477573083334
8 19 1.2129983528510702
8 20 1.2992146079480107
8 21 1.1928142369398549
8 22 1.3077500334053513
8 23 1.3458013741852857
8 24 1.2800123149016305
8 25 1.341334782605021
8 26 1.3663836422555005
8 27 1.3795166709353606
8 28 1.2862424611231036
8 29 1.3465378060268192
8 30 1.296831453264564
8 31 1.0945625928490867
8 32 1.3547747900613902
8 33 1.5224501132043782
8 34 1.2222750704286782
8 35 1.3446503138233574
8 36 1.2973079726318788
8 37 1.3998298126586364
8 38 1.3270015504686998
8 39 1.3523776366735472
8 40 1.339350799423507
8 41 1.2868002315705616
8 42 1.3493137558781032
8 43 1.2447346170313576
8 44 1.3584668944608562
8 45 1.1555745332156229
8 46 1.2349506829778425
8 47 1.308075780304244
8 48 1.0349177693980258
8 49 1.2097602050047664
9 10 1.4586962566785517
9 11 1.2435577767608035
9 12 1.373954305040908
9 13 1.35952534002931
9 14 1.105963751601877
9 15 1.103387167310836
9 16 1.1415074008688775
9 17 1.4368452935720488
9 18 1.4693617542568684
9 19 1.2988932779547757
9 20 1.3862825692809975
9 21 1.354964629625801
9 22 1.3659256524596195
9 23 1.3851015511679425
9 24 1.1669005195259146
9 25 1.1313240374956226
9 26 1.1844096625123557
9 27 1.3378948667178823
9 28 1.2493827649080878
9 29 1.1352705364313607
9 30 1.0900855033036565
9 31 1.1753355215996453
9 32 1.3646720024328935
9 33 1.2644482460507418
9 34 1.3737499045132027
9 35 1.3246760539409401
9 36 1.2170731966800146
9 37 1.4055062177887252
9 38 1.5121745113881082
9 39 1.27795180508167
9 40 1.403817617175482
9 41 1.4286160225438944
9 42 1.355579104300806
9 43 1.2591411549854992
9 44 1.3461496347768322
9 45 1.122364045426746
9 46 1.3417611265632385
9 47 1.4842637766294637
9 48 1.0892248004281704
9 49 1.2503597460336229
10 11 1.3555325166026742
10 12 1.4366786885270715
10 13 1.4022358895030096
10 14 1.3535817521379403
10 15 1.462275133889853
10 16 1.4134092618665874
10 17 1.2318400393903857
10 18 1.2230243070270612
10 19 1.5506064231262253
10 20 1.2769365614640604
10 21 1.243699053760092
10 22 1.178407981540808
10 23 1.4298696065306946
10 24 1.3436867304133484
10 25 1.56715399856601
10 26 1.3966816659503567
10 27 1.3720509092712365
10 28 1.3897193883975207
10 29 1.529294282879946
10 30 1.4789555022341951
10 31 1.4332742011837498
10 32 1.32735915685093
10 33 1.4850331648553659
10 34 1.3930999456826463
10 35 1.4494342249985281
10 36 1.46684477961676
10 37 1.385067832345758
10 38 1.2716847684985875
10 39 1.4397434435234917
10 40 1.3178508560476965
10 41 1.3641649462403997
10 42 1.3987926210622565
10 43 1.3892769488643772
10 44 1.437883483357469
10 45 1.4096186397198491
10 46 1.2915897575274116
10 47 0.8098021318413753
10 48 1.3909864109901677
10 49 1.3771582712587127
11 12 1.371650108882411
11 13 1.3295909184292247
11 14 1.08746252376616
11 15 1.276556778725205
11 16 1.2517014153151098
11 17 1.2276560101855376
11 18 1.371615829851077
11 19 1.2862005878635308
11 20 1.435492113807734
11 21 1.3186333835055493
11 22 1.167049241763113
11 23 1.2699310502963028
11 24 1.2838180991641384
11 25 1.2474513066663864
11 26 1.2089003966252374
11 27 1.3321891636011944
11 28 1.0693518175316583
11 29 1.310763655212255
11 30 1.194938615151282
11 31 1.139927757873568
11 32 1.3114431899144232
11 33 1.3526992209273445
11 34 1.4294867459777982
11 35 1.3625580689856618
11 36 1.2436311236186555
11 37 1.0058257805606035
11 38 1.3133518382235547
11 39 1.2762775404547047
11 40 1.3289135636980072
11 41 1.3560990083721987
11 42 1.2097797612589742
11 43 1.1164224084010745
11 44 1.4287713509081073
11 45 1.0714452854821044
11 46 1.265317857415971
11 47 1.3673865784336408
11 48 1.0139237878596232
11 49 1.1123337991696232
12 13 1.454456759162428
12 14 1.4192682841095432
12 15 1.4889926507673532
12 16 1.3559180434900686
12 17 1.1985163335439053
12 18 1.1642269137427537
12 19 1.380804786433207
12 20 1.3954826689362465
12 21 1.235035130185522
12 22 1.2811460488507915
12 23 1.4624368129707717
12 24 1.3925804300688667
12 25 1.384086351941489
12 26 1.3900542830083304
12 27 1.3497643519525453
12 28 1.4907413030114098
12 29 1.4504840873971632
12 30 1.45457572195541
12 31 1.31242821393107
12 32 1.1689272784050122
12 33 1.472467675932278
12 34 1.472666988474477
12 35 1.4624477222218002
12 36 1.5070682113038594
12 37 1.3194074031098977
12 38 1.3843975020996049
12 39 1.4272161889760737
12 40 1.309204172539788
12 41 1.195601714442813
12 42 1.4348683718932773
12 43 1.2840030031671594
12 44 1.4969165838947842
12 45 1.4116369100224528
12 46 1.3455196551064668
12 47 1.3507209821277046
12 48 1.365166587542626
12 49 1.2877061380468668
13 14 1.4234398822747794
13 15 1.2961441167094514
13 16 1.3642968411079457
13 17 1.3273974470830947
13 18 1.4386799080981874
13 19 1.3608671543582647
13 20 1.227895886743993
13 21 1.336736263485346
13 22 1.3015633408052507
13 23 1.4142318035513577
13 24 1.3615210175491814
13 25 1.4972548433827646
13 26 1.417791433036222
13 27 1.33573481921241
13 28 1.302695216232733
13 29 1.3415366293858473
13 30 1.2814313600289586
13 31 1.421587242709741
13 32 1.292380054970787
13 33 1.3064187740015598
13 34 1.3714473653348487
13 35 1.4310122584504572
13 36 1.263620038862304
13 37 1.267216292197818
13 38 1.327266549180098
13 39 1.3339055128348016
13 40 1.4296432810558752
13 41 1.414299363771535
13 42 1.453268242711776
13 43 1.4135362167767456
13 44 1.352588997860348
13 45 1.3756774643650735
13 46 1.4055336435649322
13 47 1.4766089830454385
13 48 1.3063593226042818
13 49 1.3859011344259657
14 15 1.2076749237828839
14 16 1.1379923573788913
14 17 1.3178378252530105
14 18 1.3901864725307207
14 19 1.2063742538543314
14 20 1.3556998061178855
14 21 1.2548158844501336
14 22 1.2659970278756487
14 23 1.1504001216231752
14 24 1.1446517592457452
14 25 1.210581719286819
14 26 1.2364027768345451
14 27 1.308170989423378
14 28 1.1748569208897122
14 29 1.2589175839047477
14 30 1.0541244718837959
14 31 1.0205300446482948
14 32 1.2800991644818358
14 33 1.3581880797642336
14 34 1.272289231252211
14 35 1.2424645644883296
14 36 1.0618541213003336
14 37 1.2667099721840647
14 38 1.401112874836155
14 39 1.1904475574204623
14 40 1.3166156490670677
14 41 1.2701977908618067
14 42 1.254407369060843
14 43 1.1602301868823413
14 44 1.3348072907560107
14 45 0.9916881422764827
14 46 1.2437815282301727
14 47 1.308164428455047
14 48 1.031539394664068
14 49 1.1608105534402955
15 16 1.3765597867480845
15 17 1.3934218881637177
15 18 1.4901148735429663
15 19 1.2804151837493578
15 20 1.4555656457792319
15 21 1.4888700318827073
15 22 1.369649538274689
15 23 1.31137851137688
15 24 1.3190164498453472
15 25 1.2338513055269575
15 26 1.2473799174270057
15 27 1.341201576136558
15 28 1.3356961800271654
15 29 1.2543764777289501
15 30 1.2696515319945216
15 31 1.1848675206176913
15 32 1.5473574511359303
15 33 1.2062968783240562
15 34 1.3529205816381806
15 35 1.2596045898901578
15 36 1.2886562449530266
15 37 1.3587492350370596
15 38 1.345588884203484
15 39 1.2644173383159079
15 40 1.4509819106692379
15 41 1.3912205577135124
15 42 1.206537519191096
15 43 1.349782360420927
15 44 1.3241656087042477
15 45 1.138832474413315
15 46 1.4408904794113173
15 47 1.4289748199084047
15 48 1.1476841210210973
15 49 1.358469375804283
16 17 1.4174405702297486
16 18 1.336893933728322
16 19 1.3196011057893033
16 20 1.370030582210958
16 21 1.348845568013215
16 22 1.40405919359231
16 23 1.4110788857566172
16 24 1.2155254556170318
16 25 1.3592497594984678
16 26 1.2808313919702867
16 27 1.3279035834515873
16 28 1.2100006674399066
16 29 1.351228218084251
16 30 1.0331674673985534
16 31 1.180221800146167
16 32 1.266982291829094
16 33 1.4539156932575992
16 34 1.300423883003089
16 35 1.3747021836208748
16 36 1.07082934963215
16 37 1.2868985161196742
16 38 1.4814541052282284
16 39 1.3570525554518438
16 40 1.3503164137659924
16 41 1.3825229938148038
16 42 1.6343456609043188
16 43 1.2636146698369821
16 44 1.3713210627054875
16 45 1.210304103138192
16 46 1.1596640418255144
16 47 1.4067637586921586
16 48 1.1437509577009652
16 49 1.2199812875463292
17 18 1.1874998612397412
17 19 1.3890342341014588
17 20 1.335133528058187
17 21 1.1237470695837342
17 22 0.8286135480413244
17 23 1.321431241578779
17 24 1.4903446424128033
17 25 1.4731782768272825
17 26 1.280594554787148
17 27 1.4255122037074386
17 28 1.3898543904038863
17 29 1.3063114192496819
17 30 1.5376381354788489
17 31 1.3594601577860077
17 32 1.2205042397794268
17 33 1.4896199866737654
17 34 1.3993971619124415
17 35 1.3923981995406365
17 36 1.5030054843581178
17 37 1.1673192155022234
17 38 1.029731394698973
17 39 1.290695369944202
17 40 1.4046696937782326
17 41 1.1452159406370754
17 42 1.4355298318758165
17 43 1.357153696816733
17 44 1.4954888471862093
17 45 1.4156254519997538
17 46 1.272932963145329
17 47 1.1721821229177987
17 48 1.3206100247927741
17 49 1.2343452103827177
18 19 1.4007528004427976
18 20 1.388499401600077
18 21 1.1331193148635545
18 22 1.1924745682131543
18 23 1.4707973290440188
18 24 1.4706147904242417
18 25 1.587071083565499
18 26 1.3817793864995795
18 27 1.4090386146558047
18 28 1.4523897755968491
18 29 1.4887514661507877
18 30 1.491946852474952
18 31 1.3646311553933146
18 32 1.3141087823921531
18 33 1.5829834059012549
18 34 1.3720423773668289
18 35 1.4047995710560741
18 36 1.4805845283301298
18 37 1.2770052728421597
18 38 1.2884773335967845
18 39 1.3824454821028347
18 40 1.3546242644430555
18 41 0.8783368633187569
18 42 1.4466004241930024
18 43 1.4110112788409417
18 44 1.4919097873142402
18 45 1.3771186666999065
18 46 1.3353478386298276
18 47 1.137853553374696
18 48 1.3400829549693696
18 49 1.3405708847376343
19 20 1.4387183350762112
19 21 1.328998737069819
19 22 1.4182111869817144
19 23 1.3181209493962356
19 24 1.2660686768359368
19 25 1.2730977056972401
19 26 1.3319468655873241
19 27 1.5106267477165916
19 28 1.4648201680532758
19 29 1.2782847837856828
19 30 1.363479344423058
19 31 1.2343537949444878
19 32 1.389899986174217
19 33 1.3644918929360448
19 34 1.36267125068619
19 35 1.2553402042226027
19 36 1.3325450093423101
19 37 1.412212476015593
19 38 1.3417498651993203
19 39 1.3197231393467659
19 40 1.4494415771926294
19 41 1.3086944945302075
19 42 1.3956412141637227
19 43 1.3623919068622534
19 44 1.3781761980757579
19 45 1.251782192459478
19 46 1.405041014734577
19 47 1.5220897512476739
19 48 1.1848600682539194
19 49 1.3141258073722288
20 21 1.240134131713461
20 22 1.1149832962930757
20 23 1.4144855971679569
20 24 1.2886957303058366
20 25 1.3768767147192231
20 26 1.337396741284853
20 27 1.055118331512691
20 28 1.4192215881175003
20 29 1.408420510604991
20 30 1.2708202045954708
20 31 1.3363550905512462
20 32 1.2058769426587583
20 33 1.5599165186547859
20 34 1.3525200259335464
20 35 1.3788813741405075
20 36 1.2554958558777796
20 37 1.359172388963711
20 38 1.231770518190684
20 39 1.2923507632125413
20 40 1.3075103771537897
20 41 1.3835053851994192
20 42 1.5364102253011493
20 43 1.3335434331591498
20 44 1.3046334491183507
20 45 1.234912642686528
20 46 1.2223843439992348
20 47 1.296777274055137
20 48 1.3569693481946614
20 49 1.3619904675204701
21 22 1.191114192077368
21 23 1.346225618116851
21 24 1.4123783934138243
21 25 1.5088808383645633
21 26 1.4248076385396997
21 27 1.3664806982116287
21 28 1.5063787483353013
21 29 1.4082007784045165
21 30 1.4446614806233677
21 31 1.371956950612541
21 32 1.1335607134296448
21 33 1.4781218315900297
21 34 1.2699167149630677
21 35 1.273815495600857
21 36 1.4060447605153628
21 37 1.3011946226589506
21 38 1.2925304419998587
21 39 1.2952361537220023
21 40 1.2642467693417905
21 41 1.3063113937643955
21 42 1.4127222831913462
21 43 1.3426320444066033
21 44 1.4294192524514315
21 45 1.3694540848541206
21 46 1.293900333464626
21 47 1.1637955979635908
21 48 1.3030269008869513
21 49 1.2730682409936096
22 23 1.335189651163454
22 24 1.3981364188858398
22 25 1.355040883730826
22 26 1.2834188962166624
22 27 1.281458977020966
22 28 1.266892428219101
22 29 1.3255034295388697
22 30 1.3815427846174508
22 31 1.282642031350343
22 32 1.2572015386463065
22 33 1.5663332963011067
22 34 1.3673830745796007
22 35 1.3986123149974683
22 36 1.3803442705805344
22 37 1.1033299938998808
22 38 0.941576732325127
22 39 1.3231204959032798
22 40 1.3235437919200428
22 41 1.1646046979842861
22 42 1.4223655176894197
22 43 1.3164733546655678
22 44 1.4616490613755087
22 45 1.1843015288904304
22 46 1.243400801923395
22 47 1.1410079646191889
22 48 1.2575578542085104
22 49 1.1447463535917344
23 24 1.3193038019789418
23 25 1.262546093115566
23 26 1.3617910752470426
23 27 1.3405264846334697
23 28 1.270256610707481
23 29 1.2636692615649259
23 30 1.2379760496867727
23 31 1.264073806196203
23 32 1.338439163288267
23 33 1.290297900955274
23 34 1.132812607907584
23 35 1.2855863461228494
23 36 1.1964024383477079
23 37 1.2940484435232629
23 38 1.264630536022654
23 39 1.2612592264341538
23 40 1.3232428034215196
23 41 1.28565768620479
23 42 1.3229041209911525
23 43 1.2846153123806077
23 44 1.254460451095453
23 45 1.2810206958912593
23 46 1.3016815635041088
23 47 1.4507455115295174
23 48 1.3356250741351159
23 49 1.2951170436809338
24 25 1.1994679160527444
24 26 1.339703747063881
24 27 1.2742995444720573
24 28 1.0951935621655562
24 29 1.3237352105917795
24 30 1.0801596679378658
24 31 1.1865313842508902
24 32 1.1656435930168645
24 33 1.2242458292562988
24 34 1.251147820690176
24 35 1.389420688405884
24 36 1.0968026604136567
24 37 1.3695076922145994
24 38 1.453168060880905
24 39 1.3406454530272278
24 40 1.3434947699282713
24 41 1.4081970755087319
24 42 1.2780294034635966
24 43 1.219649638078724
24 44 1.2874132660419815
24 45 1.155344456501949
24 46 1.24142383044737
24 47 1.4176935172449026
24 48 1.0585667754184858
24 49 1.242196355153604
25 26 1.4055262046297796
25 27 1.3150650459483642
25 28 1.2793363693533177
25 29 1.2054507358915703
25 30 1.2523923544307463
25 31 1.1563956029573066
25 32 1.4020321952985382
25 33 1.3079391030260836
25 34 1.3475663293300666
25 35 1.3196868111689126
25 36 1.3590726709461782
25 37 1.3508320153227331
25 38 1.4337879891099496
25 39 1.3023558752489888
25 40 1.379863292204519
25 41 1.4573266595696142
25 42 1.3169534874822608
25 43 1.2419229871156436
25 44 1.3926310417992913
25 45 1.2429090357361625
25 46 1.4328458156289068
25 47 1.4546275619825095
25 48 1.1126889984529502
25 49 1.2403047517630408
26 27 1.3400085925914627
26 28 1.223651323950872
26 29 1.2497496982281995
26 30 1.2413624928800253
26 31 1.1873581312240333
26 32 1.2393485551239942
26 33 1.35114099260223
26 34 1.4196917889714893
26 35 1.4143883783046656
26 36 1.251303923079158
26 37 1.3330047011707153
26 38 1.3288580459018815
26 39 1.2812270303311732
26 40 1.405299621873044
26 41 1.2096565811384044
26 42 1.3155808534654074
26 43 1.2362650037031622
26 44 1.2677630265334179
26 45 1.0530126866164233
26 46 1.3849294746214773
26 47 1.3516227789399684
26 48 1.2037356551782856
26 49 1.3240188383105582
27 28 1.335018470160365
27 29 1.390749764804922
27 30 1.2440536247416127
27 31 1.281745340705424
27 32 1.3129840139594677
27 33 1.3461951928750604
27 34 1.300605287674623
27 35 1.3927489859638815
27 36 1.226369500400815
27 37 1.3698484857997864
27 38 1.3067867199177916
27 39 1.316031007355652
27 40 1.3214667952586454
27 41 1.3885067373430773
27 42 1.408016126272769
27 43 1.3510999607127134
27 44 1.2574241765933472
27 45 1.134054748136127
27 46 1.3418284193912118
27 47 1.4391637019806858
27 48 1.36454905342736
27 49 1.4268697759178897
28 29 1.2715716231217598
28 30 1.0900787779283119
28 31 1.2205055482323586
28 32 1.2833505739790774
28 33 1.3900667070696175
28 34 1.2623808848449525
28 35 1.4248462419066914
28 36 1.0954080480664077
28 37 1.2861664162677329
28 38 1.338947622367005
28 39 1.3640119217073172
28 40 1.3030387769157104
28 41 1.3759567225383127
28 42 1.2379667885759285
28 43 1.2526523362723723
28 44 1.3755505291532113
28 45 1.116253610277307
28 46 1.3038845142450848
28 47 1.3664506488954096
28 48 1.1228872547179982
28 49 1.2580665304800867
29 30 1.245482682577908
29 31 1.2096137836429408
29 32 1.4007903378888935
29 33 1.2331650391131583
29 34 1.3589917846932236
29 35 1.3325474297936097
29 36 1.219721823224055
29 37 1.2972557054855116
29 38 1.325780311477487
29 39 1.2304893527821952
29 40 1.3336241249968166
29 41 1.2997229576042
29 42 1.2900389129000476
29 43 1.2917389489323565
29 44 1.388257227116243
29 45 1.2674041875630162
29 46 1.3845857630172196
29 47 1.5240477416734841
29 48 1.154300276839081
29 49 1.2869045514421042
30 31 1.1513513110957598
30 32 1.2313515858133726
30 33 1.3408102579398997
30 34 1.3035433870056055
30 35 1.4291033808957017
30 36 0.7535381950924821
30 37 1.157722395624429
30 38 1.4361457564824298
30 39 1.2122312840704006
30 40 1.3340666108306742
30 41 1.4004091663344058
30 42 1.389572568323512
30 43 1.1822883082279974
30 44 1.2343219607895635
30 45 0.9918878300799067
30 46 1.3598490279645594
30 47 1.5369412246126208
30 48 1.1262196939506843
30 49 1.2330022837681494
31 32 1.3606729734460064
31 33 1.3624897736035066
31 34 1.3670463104421906
31 35 1.2635089375481499
31 36 1.068448449400297
31 37 1.372739599140104
31 38 1.3116444606117932
31 39 1.1927760714670776
31 40 1.3485865294901458
31 41 1.3203915467660055
31 42 1.2329651635630658
31 43 1.1879061097240278
31 44 1.2980942970397906
31 45 1.1546595939561415
31 46 1.3105794890319737
31 47 1.3423333165507223
31 48 0.6815970240014646
31 49 1.2436300845226205
32 33 1.420483794579108
32 34 1.3364269340544512
32 35 1.3463926251114222
32 36 1.2425080139258369
32 37 1.211506098603423
32 38 1.325602458973622
32 39 1.3819903377559106
32 40 1.3677508137473815
32 41 1.3006188425677374
32 42 1.459468979074954
32 43 1.2453570793155437
32 44 1.2481255092211612
32 45 1.2746370734076944
32 46 1.161516737747745
32 47 1.3101107523075683
32 48 1.316478610806268
32 49 1.2595310425670447
33 34 1.3555895864495116
33 35 1.450320057966467
33 36 1.3404944460674568
33 37 1.4452616471899438
33 38 1.5641003849455333
33 39 1.3492914969978906
33 40 1.4951799150507512
33 41 1.4600928323838294
33 42 1.0870229304673746
33 43 1.4362413095762083
33 44 1.3064300689373036
33 45 1.4515794724960784
33 46 1.5209529190856745
33 47 1.5570320172421763
33 48 1.319423896745356
33 49 1.5053271646550554
34 35 1.2561528738126562
34 36 1.337364793232717
34 37 1.3631566357443714
34 38 1.3983717232096604
34 39 1.2926050533717488
34 40 1.171644060464277
34 41 1.3150207870570128
34 42 1.3442558817375172
34 43 1.3180793120587753
34 44 1.0950602417721422
34 45 1.3286124005023912
34 46 1.2162005900575223
34 47 1.365901319310816
34 48 1.3271544944080689
34 49 1.3409218586519982
35 36 1.359328784540989
35 37 1.4239944749900224
35 38 1.3571400184701248
35 39 1.2703156745916642
35 40 1.2918990447459913
35 41 1.3463474834377094
35 42 1.348565130447071
35 43 1.3637007215836217
35 44 1.3110909804895
35 45 1.2890173030728111
35 46 1.2303154011307185
35 47 1.3580812798983177
35 48 1.2631514454378343
35 49 1.3089431598005414
36 37 1.2551122083244406
36 38 1.3802851596706673
36 39 1.275457140914529
36 40 1.3875959041100614
36 41 1.363624349670234
36 42 1.3809445264428506
36 43 1.246608037054551
36 44 1.2294108302923072
36 45 1.0507729031575384
36 46 1.3457687019878184
36 47 1.49672111974474
36 48 1.1322817383202284
36 49 1.3279865433871767
37 38 1.2784681699882046
37 39 1.4080085977275227
37 40 1.3737956172261474
37 41 1.2762410117226808
37 42 1.4417376068803085
37 43 1.2379441785991647
37 44 1.4116737823043475
37 45 1.1967526776432085
37 46 1.3170267792287005
37 47 1.3970556600124346
37 48 1.2998748884930593
37 49 1.1604636192749151
38 39 1.323969138535858
38 40 1.3609701153176632
38 41 1.2047596281893438
38 42 1.4499524429271158
38 43 1.4471913255638438
38 44 1.465014336385258
38 45 1.3368287945358792
38 46 1.2699842681461426
38 47 1.21454741863539
38 48 1.35693430097977
38 49 1.29080521900942
39 40 1.3105407811581107
39 41 1.322673314731012
39 42 1.3677473618777651
39 43 1.41908862836648
39 44 1.3683902276083606
39 45 1.323676675971915
39 46 1.287178622342401
39 47 1.4069594177200768
39 48 1.1741907103588813
39 49 1.2480459356342584
40 41 1.3580262765146074
40 42 1.3562917793716134
40 43 1.2240512487049908
40 44 1.3152622190615373
40 45 1.2825832021626036
40 46 1.2710308373054517
40 47 1.3548909673171812
40 48 1.354506807297234
40 49 1.2699616203424493
41 42 1.3657422436450537
41 43 1.4264050477084549
41 44 1.440100126290047
41 45 1.3345014425901909
41 46 1.3098944843796763
41 47 1.2724335784394587
41 48 1.3264739245824189
41 49 1.332878503516916
42 43 1.2921846566687518
42 44 1.3127070907312897
42 45 1.305175535904318
42 46 1.4318828918110493
42 47 1.3676537638264021
42 48 1.2045969704443171
42 49 1.3838671349970602
43 44 1.3306501617172761
43 45 1.137478747289624
43 46 1.2220728683834192
43 47 1.3781046806678308
43 48 1.1319445090151534
43 49 1.1465611966349756
44 45 1.301419673438679
44 46 1.374338922185358
44 47 1.3811001595666086
44 48 1.2933775724213281
44 49 1.3712258825727244
45 46 1.314832788729383
45 47 1.4603516311319584
45 48 1.0978137539280837
45 49 1.1848093512703652
46 47 1.2610557910328362
46 48 1.2785743873447266
46 49 1.1884184782849165
47 48 1.2922760549730976
47 49 1.3260630599715442
48 49 1.10310032940247
