90 0
0 1 1.2063125259627827
0 2 1.3416897604786526
0 3 1.5944116857880064
0 4 1.3275549475374795
0 5 1.6635334241859092
0 6 1.4186473575743062
0 7 1.2476219844741636
0 8 1.2382118008602272
0 9 1.249888006943698
0 10 1.5135229881898544
0 11 0.8087906399736784
0 12 1.163482427617501
0 13 1.3555876986609823
0 14 1.152440319153092
0 15 1.4019275501107251
0 16 1.5645716539437737
0 17 1.137084236073038
0 18 1.27313109670154
0 19 0.7041680261970285
0 20 1.427077084518852
0 21 0.585079360573679
0 22 1.2547061089168285
0 23 1.4711580733562286
0 24 1.3545170616689501
0 25 1.4053174656314682
0 26 1.2696195562595012
0 27 1.514231894571473
0 28 1.0678070744319281
0 29 1.2435810972378214
0 30 1.2577618496396268
0 31 1.490467241234723
0 32 1.2364854802717686
0 33 1.3311745216336395
0 34 1.1809616017159124
0 35 1.3171909081912123
0 36 1.2383886642435127
0 37 1.529868489129937
0 38 1.251950242406617
0 39 1.2981495380286767
0 40 1.407536646766265
0 41 1.3698487129417034
0 42 1.161852847016437
0 43 1.1852543458054512
0 44 1.218755956076454
0 45 1.271298516745433
0 46 1.3152969586772012
0 47 1.1930107916459347
0 48 1.4628201301360462
0 49 1.195320026498608
0 50 1.563651985766355
0 51 1.3560911892842231
0 52 0.7927226697303337
0 53 0.8045824800135036
0 54 1.088872163245922
0 55 1.2840801906430446
0 56 0.5299855328029566
0 57 1.0853876717344324
0 58 1.1709310984891113
0 59 1.048422961742482
0 60 1.5773518643994446
0 61 1.182519676486668
0 62 1.3344669587933826
0 63 1.6235922496112078
0 64 1.2043052313652627
0 65 1.3198696114970436
0 66 0.8138901124808707
0 67 1.2555870029109908
0 68 1.2955492281754863
0 69 1.6398068461957853
0 70 1.3285092034801527
0 71 1.243165729681779
0 72 1.5764876446236606
0 73 1.367902416590732
0 74 0.5370025963327937
0 75 1.0559502790104238
0 76 1.123755375452274
0 77 1.1756272950211828
0 78 1.3567963261775686
0 79 1.191090254311802
0 80 0.6547954133345885
0 81 1.2536054355641193
0 82 1.2477809859748614
0 83 0.6784925281928822
0 84 1.3013962031384332
0 85 1.376527748615351
0 86 1.3502129538494356
0 87 1.3585289408929537
0 88 1.6003516066545496
0 89 1.28950366519925
1 2 1.2004394216864493
1 3 1.3925632513645771
1 4 1.0561883234614602
1 5 1.4559394957005196
1 6 1.4632489158215676
1 7 1.3767908122656782
1 8 1.2557886093037478
1 9 1.4022034317969507
1 10 1.4105646229212376
1 11 1.1271919613813504
1 12 1.1897544567689007
1 13 1.2869157164888083
1 14 1.246061821405747
1 15 1.3804813509712721
1 16 1.3975633185291345
1 17 1.2377462014130514
1 18 1.179611361690906
1 19 1.1193671053922352
1 20 1.4412222521284053
1 21 1.1331368820639454
1 22 1.1362237172767324
1 23 1.383088320005106
1 24 1.3689062383491
1 25 1.3555031184992232
1 26 1.2819509393386832
1 27 1.4575440685532057
1 28 1.1863642684449396
1 29 1.2869370239483773
1 30 1.3201553266980546
1 31 1.4468192465666982
1 32 1.113407849968191
1 33 1.310950538037017
1 34 1.273379060995624
1 35 1.36237120358764
1 36 1.2286654398362837
1 37 1.4187750913083617
1 38 1.2864098002973074
1 39 1.219528767931334
1 40 1.339543816399961
1 41 1.2649306141790535
1 42 1.1265949450061161
1 43 1.0776916206506248
1 44 1.2154805440804421
1 45 1.3300682455170374
1 46 1.2715481936992175
1 47 1.2858154421799837
1 48 1.3250335967261304
1 49 1.2029631465575148
1 50 1.3983758573417897
1 51 1.341576249056798
1 52 1.1674886484605738
1 53 1.1178933405008118
1 54 1.1286583447675078
1 55 1.2594026306227784
1 56 1.2007576582218482
1 57 1.0933892913179237
1 58 1.1873051498975016
1 59 1.0201205368726751
1 60 1.3906637360669032
1 61 1.2355191923337525
1 62 1.1157842432844125
1 63 1.417447455962861
1 64 1.1327333551677472
1 65 1.3855584103919059
1 66 1.1415827179880766
1 67 1.2727406396440681
1 68 1.3580908362862636
1 69 1.4093036232927216
1 70 1.2403679705709423
1 71 1.121798662803637
1 72 1.3791147854289156
1 73 1.2939021149172212
1 74 1.1637283359559423
1 75 1.1219112957757023
1 76 1.13005260649672
1 77 1.3317904962443539
1 78 1.3101741409605439
1 79 1.1654035658547552
1 80 1.1988871093151297
1 81 1.3241505536820561
1 82 1.267978369043778
1 83 1.0589319715913956
1 84 1.4352708133130216
1 85 1.31602317076306
1 86 1.2774373433622364
1 87 1.3490914217182797
1 88 1.3624987864526834
1 89 1.2156538894316402
2 3 1.3015055760381198
2 4 1.1339239624842248
2 5 1.3220449905420653
2 6 1.5082850870754512
2 7 1.3876773439853165
2 8 1.4054006543036146
2 9 1.4108480656622684
2 10 1.2909333500175417
2 11 1.297104849757273
2 12 1.2316161630315334
2 13 1.4032929274460502
2 14 1.453465925246322
2 15 1.333123498947157
2 16 1.458079869871069
2 17 1.3414566325622836
2 18 1.3110819524465216
2 19 1.3472558054883583
2 20 1.2873678010034035
2 21 1.3198917858798493
2 22 1.387709092495346
2 23 1.3943820969541671
2 24 1.6408150843221991
2 25 1.2825917784837797
2 26 1.2867092903337352
2 27 1.3033905658154203
2 28 1.3376690175769752
2 29 1.2926902315198663
2 30 1.3881388854955101
2 31 1.323233042344166
2 32 1.161124231411125
2 33 1.3892232521439136
2 34 1.3482012193430801
2 35 1.2871225609059658
2 36 1.2938004415178457
2 37 1.3525697818467097
2 38 1.353727171771379
2 39 1.2919071337274832
2 40 1.4312235976885685
2 41 1.2753677623015833
2 42 1.2559624508626404
2 43 1.3326041656624703
2 44 1.314857942426044
2 45 1.3890874183903086
2 46 1.3530566260570804
2 47 1.2758917347792087
2 48 1.3454269451497578
2 49 1.3179996354118804
2 50 1.2371390078112312
2 51 1.321554107414269
2 52 1.2813831737491275
2 53 1.236485173580996
2 54 1.2997930279647496
2 55 1.4179002041181963
2 56 1.322288023635
2 57 1.2257313703309805
2 58 1.2149906475173464
2 59 1.1750270757898216
2 60 1.353797560453311
2 61 1.3496407078253867
2 62 1.307181568605272
2 63 1.3380119660534495
2 64 1.2100333498484814
2 65 1.4129798040947419
2 66 1.2853877920575523
2 67 1.4092140124258057
2 68 1.346431520813225
2 69 1.2962161977584497
2 70 1.311453858221711
2 71 1.318418950929467
2 72 1.2804493391117941
2 73 1.4072615474986836
2 74 1.2847716532701468
2 75 1.2810086304537351
2 76 1.285654302954874
2 77 1.3246685606166742
2 78 1.3637819251830703
2 79 1.2006817432485788
2 80 1.2438007389472883
2 81 1.321805104659284
2 82 1.293523669123132
2 83 1.2646799664372033
2 84 1.4730242026866172
2 85 1.3956578120606278
2 86 1.365109728692277
2 87 1.4722548783258718
2 88 1.2664844438068543
2 89 1.292259825020854
3 4 1.4003401555521442
3 5 0.6844826550646151
3 6 1.4007359432340862
3 7 1.1522208236774338
3 8 1.5198086566283533
3 9 1.3762625498231817
3 10 1.0934002990641805
3 11 1.5210536397074843
3 12 1.2048876967613331
3 13 1.3252338234888739
3 14 1.4192033607711043
3 15 1.396970448326293
3 16 1.0727874040654437
3 17 1.289687832485617
3 18 1.2874938188705627
3 19 1.5888945945902713
3 20 1.3521278750132726
3 21 1.6156780159777755
3 22 1.4026500015944818
3 23 1.4288968317559168
3 24 1.487868090166928
3 25 1.4010019232159932
3 26 1.341408035783145
3 27 0.9492532660782204
3 28 1.3919025368263152
3 29 1.3234077110800864
3 30 1.5288341135629269
3 31 1.2290042546605249
3 32 1.4840832533245918
3 33 1.2363230422547553
3 34 1.4402607104147056
3 35 1.241026401136147
3 36 1.3464369573204216
3 37 1.0941468303975441
3 38 1.3643041529523243
3 39 1.549429324055076
3 40 1.2985144821597372
3 41 1.3049104165207674
3 42 1.4598639656014336
3 43 1.4157734964788828
3 44 1.3516918575109096
3 45 1.431025829807487
3 46 1.252098674234611
3 47 1.3963206853588739
3 48 1.302987681724623
3 49 1.3608208853728447
3 50 1.1756502852456396
3 51 1.4271591505151249
3 52 1.530097143520821
3 53 1.4709366961082457
3 54 1.4053803489416892
3 55 1.4472789183213268
3 56 1.5811452103424295
3 57 1.3400920211179963
3 58 1.3558511207269177
3 59 1.2994726185737984
3 60 0.657903226199371
3 61 1.4272712534591843
3 62 1.4554119361793287
3 63 1.2496083470109163
3 64 1.38819803101579
3 65 1.3730673899378458
3 66 1.506689473797294
3 67 1.4733048485031146
3 68 1.2358229725015342
3 69 0.5848865844138724
3 70 1.4254577059479014
3 71 1.4104935851164506
3 72 0.5740361964529129
3 73 1.4355225945531633
3 74 1.6092140162061233
3 75 1.3554990618929463
3 76 1.415287315820519
3 77 1.3954926152612566
3 78 1.1989155507579978
3 79 1.374593093901337
3 80 1.574896216738582
3 81 1.3272519111908565
3 82 1.3164412977563646
3 83 1.5878646561114993
3 84 1.3832924040640777
3 85 1.243527473645435
3 86 1.519142621571237
3 87 1.4836454241182673
3 88 0.6434665613809926
3 89 1.4102470727564709
4 5 1.4155197053468205
4 6 1.4963621496879198
4 7 1.3752046406145626
4 8 1.3512811446854738
4 9 1.3646877822503773
4 10 1.354045349290675
4 11 1.2144903290909055
4 12 1.2577475680348302
4 13 1.446172398834502
4 14 1.3179220015612982
4 15 1.3916652670547631
4 16 1.280210414142033
4 17 1.4329770546245917
4 18 1.348508101008217
4 19 1.2854232892844821
4 20 1.204509392482868
4 21 1.2914087785072594
4 22 1.3510314402259656
4 23 1.3398408517129259
4 24 1.3488609682609378
4 25 1.3934817123452365
4 26 1.3055380495045341
4 27 1.387413062475563
4 28 1.279740893984484
4 29 1.3741660790285484
4 30 1.2951830125046235
4 31 1.380111741813786
4 32 1.1681062297081335
4 33 1.3321826413906508
4 34 1.314075057661055
4 35 1.3977271989708633
4 36 1.2295859695122828
4 37 1.3854096151956727
4 38 1.3616247848433645
4 39 1.3088676835401691
4 40 1.400390719796045
4 41 1.2403138531347968
4 42 1.2239823943807355
4 43 1.2753922685896248
4 44 1.2247607984876359
4 45 1.3619926555657946
4 46 1.4486410224998296
4 47 1.1955056702330542
4 48 1.2966657862212416
4 49 1.3280626255145598
4 50 1.2980806053616212
4 51 1.3725371459428584
4 52 1.296734649167971
4 53 1.2552486563419363
4 54 1.2839797044562264
4 55 1.2630108913645801
4 56 1.3354205903422507
4 57 1.2654672828887688
4 58 1.2527922257276276
4 59 1.1709493112264118
4 60 1.3254433273355581
4 61 1.274279962474158
4 62 1.2502534092398263
4 63 1.3425254868251206
4 64 1.2692402557546594
4 65 1.3586223551115897
4 66 1.3126946302616345
4 67 1.348834558247866
4 68 1.4068806954813164
4 69 1.3695705158196954
4 70 1.3319727583285927
4 71 1.3240510127181406
4 72 1.3881466845044164
4 73 1.3205658698678295
4 74 1.2959218847464402
4 75 1.1941070019568305
4 76 1.2694410388518615
4 77 1.3185559999071206
4 78 1.3119821789635444
4 79 1.256381106081292
4 80 1.3243730885880776
4 81 1.4041105058350885
4 82 1.1724105486598315
4 83 1.2072008162763137
4 84 1.4487865814161383
4 85 1.1936888849052578
4 86 1.3798239138839339
4 87 1.4052959203945479
4 88 1.3601488720913488
4 89 1.3158850678229013
5 6 1.4205430804676251
5 7 1.2596370267048924
5 8 1.5839872140455833
5 9 1.3992627565134625
5 10 1.1481920918662658
5 11 1.5345521627898444
5 12 1.3217042921495945
5 13 1.356182308858708
5 14 1.4040688493234108
5 15 1.3645111791452877
5 16 1.0691466972580481
5 17 1.2893633209274191
5 18 1.3472670660234
5 19 1.6695843172815066
5 20 1.3308817253187357
5 21 1.6670086000191489
5 22 1.472173229637006
5 23 1.4536092530863938
5 24 1.5212370911000068
5 25 1.3569788957806512
5 26 1.4214866814168607
5 27 0.9241495401807831
5 28 1.4688647724396735
5 29 1.331021365842588
5 30 1.513936806239985
5 31 1.2608598873706094
5 32 1.56971813112914
5 33 1.2888656512563605
5 34 1.4913553069338406
5 35 1.1932520708329408
5 36 1.3929585776497246
5 37 1.1267589412146921
5 38 1.38295727059101
5 39 1.4981964748617922
5 40 1.265045946469241
5 41 1.3747102428318616
5 42 1.4932028491407752
5 43 1.471300210441623
5 44 1.3832306672238728
5 45 1.4992882483812133
5 46 1.3098964898003709
5 47 1.4689133277074529
5 48 1.2593865792039218
5 49 1.434135750829316
5 50 1.1985108986753321
5 51 1.4558168584651279
5 52 1.574029518106868
5 53 1.5397875881108487
5 54 1.4545063934928113
5 55 1.4152164986048537
5 56 1.6349171945705825
5 57 1.4066662129065166
5 58 1.417951929788767
5 59 1.3316014642711764
5 60 0.7096848960891539
5 61 1.4471007546650179
5 62 1.485819644630371
5 63 1.2266333635987083
5 64 1.3762249151445023
5 65 1.4064898393805878
5 66 1.57710283679654
5 67 1.5267835485514387
5 68 1.2225963279837007
5 69 0.6335893323590305
5 70 1.429246871547215
5 71 1.4315565296865402
5 72 0.7001400966055756
5 73 1.4582903855531175
5 74 1.6562582473377032
5 75 1.453257499913434
5 76 1.4982109123075469
5 77 1.4399795825621977
5 78 1.0806333864413713
5 79 1.4381938821269007
5 80 1.6411441665073687
5 81 1.368038272055611
5 82 1.3626094618724056
5 83 1.6395750288357196
5 84 1.39229678315183
5 85 1.2507871730128735
5 86 1.5494271979115193
5 87 1.4649658045132212
5 88 0.7364917303985599
5 89 1.4324066998111673
6 7 1.3523452833254888
6 8 1.3557082891853849
6 9 1.1470283216778185
6 10 1.4371064370972684
6 11 1.3099220566110104
6 12 1.4032760904661834
6 13 1.3449491728225589
6 14 1.3057535097791286
6 15 1.2818046824349372
6 16 1.395448221599786
6 17 1.3928693123675804
6 18 1.3961874345799818
6 19 1.394165929945566
6 20 1.4278392162130908
6 21 1.4255432386147708
6 22 1.503928959175144
6 23 1.235145664946835
6 24 1.1371605620864769
6 25 1.2903543232575039
6 26 1.4454392704021994
6 27 1.3506773856699215
6 28 1.2951147748796432
6 29 1.3258891391722962
6 30 1.414838559440027
6 31 1.5200480646680823
6 32 1.5549831383426966
6 33 1.3715265211467118
6 34 1.3175806647614972
6 35 1.4453534167600317
6 36 1.4419243805942237
6 37 1.4283237336720431
6 38 1.323823504723427
6 39 1.353830857155815
6 40 1.4047211359535243
6 41 1.4137157170416352
6 42 1.438286660897251
6 43 1.4587766652204301
6 44 1.4178155799759093
6 45 1.4061144011489985
6 46 1.3981039769956463
6 47 1.5081593877924648
6 48 1.3114689053101563
6 49 1.4737463753998394
6 50 1.3730494338492552
6 51 1.3990306692976202
6 52 1.4244413365687232
6 53 1.445978802730179
6 54 1.4542818758492335
6 55 1.4134427028205498
6 56 1.3831116580940412
6 57 1.3103036559083394
6 58 1.3924989402035133
6 59 1.3856740850517322
6 60 1.397157085639706
6 61 1.3676583334659718
6 62 1.4508574091048771
6 63 1.3371209650386238
6 64 1.4589941121124341
6 65 1.3364697568450175
6 66 1.4547527668735356
6 67 1.170235117099321
6 68 1.3652681529391224
6 69 1.4209374667598307
6 70 1.3299604375850922
6 71 1.350911788887209
6 72 1.4067111674931316
6 73 1.3396491150593854
6 74 1.4520228826842674
6 75 1.4021866952684916
6 76 1.3804788224252957
6 77 1.4705834277090681
6 78 1.4832768294103156
6 79 1.4016701593742338
6 80 1.3876438481721511
6 81 1.5438119930703424
6 82 1.380303842502061
6 83 1.4325261290335363
6 84 1.1586752126922633
6 85 1.3328044232798384
6 86 1.3568773806114225
6 87 1.1589301923401834
6 88 1.3477730224387654
6 89 1.4138492915887257
7 8 1.4458700444557733
7 9 1.2172717665280646
7 10 1.3214941402021663
7 11 1.23581891971409
7 12 1.1041111281635299
7 13 1.3183227430907665
7 14 1.2838799556455123
7 15 1.3840856790714609
7 16 1.3621926447207695
7 17 0.9413072906353245
7 18 1.303599928754121
7 19 1.260783491620493
7 20 1.3288141753821545
7 21 1.239572023004423
7 22 1.2373269528736797
7 23 1.4872747170022753
7 24 1.3216161985325292
7 25 1.2936488928636152
7 26 1.3318510741967189
7 27 1.2356537337468818
7 28 1.2111710034750627
7 29 1.323381093658154
7 30 1.4003255861944266
7 31 1.2548319923636373
7 32 1.50163845101358
7 33 1.2964419215643497
7 34 1.3286282051307203
7 35 1.324278695953317
7 36 1.2568968084754872
7 37 1.26326922507328
7 38 0.9920514208061164
7 39 1.4872255633565339
7 40 1.25652486713532
7 41 1.2567372910340047
7 42 1.2513024678431355
7 43 1.2603184903635267
7 44 1.2063008706455538
7 45 1.2482399143421563
7 46 1.3772235996527513
7 47 1.333332643265868
7 48 1.4069257215892366
7 49 1.2379441785991647
7 50 1.3970556600124346
7 51 1.3790127523809539
7 52 1.2551122083244406
7 53 1.2160383471376073
7 54 1.3216975381843423
7 55 1.3701752555541367
7 56 1.1746176414146532
7 57 1.1619188985287707
7 58 1.2200672597936875
7 59 1.153755307751112
7 60 1.2202352175166562
7 61 1.340101787726372
7 62 1.428534824418637
7 63 1.4931882666304748
7 64 1.2861664162677329
7 65 1.333596822359898
7 66 1.2603127108010348
7 67 1.2308530544042113
7 68 1.2237342262240363
7 69 1.2335809920374925
7 70 1.3587492350370596
7 71 1.3014425484307852
7 72 1.2062330737365967
7 73 1.4251877948473215
7 74 1.233776766115872
7 75 1.2398903872904385
7 76 1.3246681735460955
7 77 1.1969693233757164
7 78 1.2527657408943438
7 79 1.372739599140104
7 80 1.2291839357077297
7 81 1.175443232956138
7 82 1.270318169105391
7 83 1.3048925143577355
7 84 1.3424786436623954
7 85 1.2928191321606952
7 86 1.4364591959407198
7 87 1.3964677198998066
7 88 1.1422186686974565
7 89 1.343567374250586
8 9 1.40864676032344
8 10 1.4749388426239343
8 11 1.1976756930717145
8 12 1.307640996198
8 13 1.2019520957003635
8 14 1.3813026983445977
8 15 1.4043888417364534
8 16 1.4477110699221374
8 17 1.3788578778591793
8 18 1.4063915315285325
8 19 1.1869006126312862
8 20 1.273150540411454
8 21 1.238964622571341
8 22 1.3479084628902553
8 23 1.28066263526169
8 24 1.25805745211665
8 25 1.3798503063891805
8 26 1.2183817527456766
8 27 1.5066952615831497
8 28 1.2215324815808586
8 29 1.3697689896721343
8 30 1.2552857686513053
8 31 1.398621498625653
8 32 1.281452386149381
8 33 1.3596296498730125
8 34 1.2063470815802884
8 35 1.3712676199411677
8 36 1.2473359483156645
8 37 1.421972548543283
8 38 1.411010238980606
8 39 1.3650585109544724
8 40 1.3845827162276856
8 41 1.382169528842459
8 42 1.3174753238129315
8 43 1.3081691590655815
8 44 1.2399368505073236
8 45 1.204049450362038
8 46 1.1947426609931466
8 47 1.3139108925505671
8 48 1.3969252577731384
8 49 1.3702944759196893
8 50 1.499313030391501
8 51 1.347686016977806
8 52 1.2672720058484628
8 53 1.2644708494055061
8 54 1.2249558524442317
8 55 1.267791794224522
8 56 1.2185769266891455
8 57 1.2817369558605067
8 58 1.393628163503428
8 59 1.3134435998825573
8 60 1.5289657454975742
8 61 1.2703648028183074
8 62 1.3689100323760304
8 63 1.4771156350472623
8 64 1.3058521616067305
8 65 1.1753315375588498
8 66 1.2802514194415118
8 67 1.3899741125564977
8 68 1.3680309187205948
8 69 1.529756485958664
8 70 1.4380469770093605
8 71 1.2985608962235662
8 72 1.5534353789132274
8 73 1.3041394298848588
8 74 1.2134899184806502
8 75 1.352048309710858
8 76 1.2195878145724155
8 77 1.291526980120153
8 78 1.3963301714526857
8 79 1.2250193439181938
8 80 1.2895399243757812
8 81 1.3809974327069277
8 82 1.2880000137345304
8 83 1.178260004800358
8 84 1.4012939138657425
8 85 1.414650120070286
8 86 1.3681950422322215
8 87 1.368098709413591
8 88 1.529766995554547
8 89 1.3539257817783492
9 10 1.3564167548509356
9 11 1.201759456924353
9 12 1.2276772805636438
9 13 1.256817296083957
9 14 1.3014166611111688
9 15 1.2672963652003775
9 16 1.3377102389435567
9 17 1.299132301831919
9 18 1.3617583272613194
9 19 1.2217876728468196
9 20 1.2888369253586418
9 21 1.2732573853337004
9 22 1.376702609989199
9 23 1.395946880647797
9 24 1.0812043170519081
9 25 1.3664130604206794
9 26 1.4245742571426119
9 27 1.3280039396481929
9 28 1.2588078563248963
9 29 1.2787146894891137
9 30 1.3796274423114956
9 31 1.2302119884232119
9 32 1.4475769428839105
9 33 1.2884824170142415
9 34 1.2652084924038642
9 35 1.4401974546960605
9 36 1.3502754341363146
9 37 1.3696185098968248
9 38 1.3237839397659361
9 39 1.3927741078059366
9 40 1.4078697478730848
9 41 1.4100621101697215
9 42 1.3581837065420657
9 43 1.3437699108547554
9 44 1.328945733308747
9 45 1.3919380560103563
9 46 1.3683296636686182
9 47 1.2805800509215184
9 48 1.4020676513907353
9 49 1.3309459631923939
9 50 1.442582282067777
9 51 1.3990102187393036
9 52 1.2881298240596486
9 53 1.3093680629493105
9 54 1.345715484343115
9 55 1.2455488042525469
9 56 1.2846198151545893
9 57 1.271413262633089
9 58 1.2773247995042911
9 59 1.32391630079822
9 60 1.3378579695306956
9 61 1.238915419135339
9 62 1.4785771929134597
9 63 1.341689751756111
9 64 1.3011886755763098
9 65 1.2768450869643888
9 66 1.3317628405615065
9 67 1.0780535579323869
9 68 1.3979339031471907
9 69 1.357032221787915
9 70 1.4190019263563767
9 71 1.3356455326264314
9 72 1.3605183375301446
9 73 1.3266074100783192
9 74 1.2842863333639618
9 75 1.29905553555628
9 76 1.361556938088016
9 77 1.3982387830725609
9 78 1.3969864290610987
9 79 1.3639450708048855
9 80 1.1968246760774552
9 81 1.317455347386871
9 82 1.3215231892034465
9 83 1.2534265328728367
9 84 1.0233440832931735
9 85 1.3221423666848695
9 86 1.4485518786245255
9 87 1.0474345657153799
9 88 1.3017452210296383
9 89 1.4464390851994138
10 11 1.3777600049841214
10 12 1.2306965095012397
10 13 1.3767009877027998
10 14 1.4062251170478324
10 15 1.3284801100109913
10 16 1.172425042617027
10 17 1.361187086285845
10 18 1.3110354018372234
10 19 1.4747754917235396
10 20 1.3876390347671916
10 21 1.4609550819284494
10 22 1.3366446783230503
10 23 1.3438548354932787
10 24 1.390053456655834
10 25 1.313280087651073
10 26 1.4460154029855143
10 27 1.2732251998630266
10 28 1.3792125772008919
10 29 1.3582664715790522
10 30 1.4301330109525383
10 31 1.2655190477661915
10 32 1.3417473714112662
10 33 1.052017721870279
10 34 1.3555239369580558
10 35 1.3771868352183758
10 36 1.295539527002677
10 37 0.6126487544171367
10 38 1.30490891233662
10 39 1.3943155996435315
10 40 1.2738380656568429
10 41 1.2490701581575485
10 42 1.29395806664719
10 43 1.2482048552755063
10 44 1.3351692800687471
10 45 1.4359243317528527
10 46 1.3791358725740526
10 47 1.3355350487147541
10 48 1.3545036365778715
10 49 1.317053600581046
10 50 1.3163053993244322
10 51 1.4428811148608855
10 52 1.4242144904777965
10 53 1.4559845178519415
10 54 1.3848135746007455
10 55 1.3676267003306848
10 56 1.4507835610401925
10 57 1.3701967262545243
10 58 1.297998393669693
10 59 1.3141938397184636
10 60 1.11877108447303
10 61 1.410920853332287
10 62 1.3461004586948284
10 63 1.3505326234801074
10 64 1.3848488066937592
10 65 1.3367108116691142
10 66 1.4456159029369644
10 67 1.4562718214752308
10 68 1.2646483439133642
10 69 1.1168563069207826
10 70 1.491619944068832
10 71 1.4110553731010262
10 72 1.1174611215701455
10 73 1.4330105038661094
10 74 1.4319854330143005
10 75 1.3326221440749915
10 76 1.3553262360010538
10 77 1.3799811189873599
10 78 1.470135507571681
10 79 1.410745391964666
10 80 1.4787119429974986
10 81 1.3423403358095705
10 82 1.274469433468129
10 83 1.4798658776275193
10 84 1.4404454161260745
10 85 1.0795185660058408
10 86 1.489013451029305
10 87 1.352621240659652
10 88 1.1131544219395815
10 89 1.3159061129939011
11 12 1.0255289851543905
11 13 1.3069140150861045
11 14 1.0911239145682325
11 15 1.441630500589228
11 16 1.4256820208551109
11 17 1.0476240266597436
11 18 1.178364545565725
11 19 0.8900294411842142
11 20 1.3920257036534314
11 21 0.7551686028911876
11 22 1.2342802281483762
11 23 1.367666562055342
11 24 1.3385317668309846
11 25 1.3233580041936692
11 26 1.2603138304297563
11 27 1.4364637209051692
11 28 1.0760586465508155
11 29 1.2997616970786388
11 30 1.1994856897801538
11 31 1.3247207037318944
11 32 1.2607250128107519
11 33 1.202984281897534
11 34 1.116492899723904
11 35 1.2961974656293695
11 36 0.9981278732453407
11 37 1.3272414737020344
11 38 1.1750052403655746
11 39 1.2188271709689988
11 40 1.343885208867784
11 41 1.339408107253849
11 42 1.137474709907633
11 43 1.1365956536103883
11 44 1.0405395415362937
11 45 1.199555446562113
11 46 1.246446451939495
11 47 1.2689751618141525
11 48 1.3781254208658495
11 49 1.173672272253512
11 50 1.457763177417668
11 51 1.4167976839796457
11 52 0.7949361635672898
11 53 0.8765301771183662
11 54 0.9957265557072648
11 55 1.2261507106628935
11 56 0.7380859257153511
11 57 1.0452924648036845
11 58 1.214176599902551
11 59 0.9562465422494029
11 60 1.5019532219955047
11 61 1.1066242363187744
11 62 1.2527495044281651
11 63 1.5380708578132185
11 64 1.215507404806953
11 65 1.2099164753370306
11 66 0.8450710138397827
11 67 1.2617272047705002
11 68 1.2357469951789324
11 69 1.5445564745805163
11 70 1.3033510163042683
11 71 1.1862496952280202
11 72 1.518759123995976
11 73 1.2771654578168736
11 74 0.7081231804397912
11 75 1.1703103803403614
11 76 1.0113439170774685
11 77 1.1390731364375826
11 78 1.3205372429892817
11 79 1.1468981967093599
11 80 0.7827539961246861
11 81 1.2494702449432509
11 82 1.1890792815731097
11 83 0.7414490821041627
11 84 1.2950508212907608
11 85 1.221206125049473
11 86 1.3392485587040148
11 87 1.3255293097125693
11 88 1.4790327067049491
11 89 1.2338235908630961
12 13 1.1515845389123756
12 14 1.230231190468694
12 15 1.3964790105966853
12 16 1.2193471109798326
12 17 1.13522698225883
12 18 1.1934242459169782
12 19 1.144088903635708
12 20 1.3406486854747544
12 21 1.1654316153224904
12 22 1.282260501781379
12 23 1.342919647899875
12 24 1.387405981293513
12 25 1.3645426530765203
12 26 1.3004715725195188
12 27 1.277602852073757
12 28 1.2069999617836449
12 29 1.2694368903239366
12 30 1.2705357665437442
12 31 1.2702431730228714
12 32 1.3523195675133888
12 33 1.1206482556124577
12 34 1.3235385227848824
12 35 1.3399800333268872
12 36 1.117239050366293
12 37 1.1917743444499915
12 38 1.2146301325494842
12 39 1.5596033737059758
12 40 1.344166556651156
12 41 1.2920888554854775
12 42 1.1484256756111466
12 43 1.2190342251855248
12 44 1.1788700109261587
12 45 1.147547383075694
12 46 1.2297678727511305
12 47 1.21032115841657
12 48 1.3741566808433696
12 49 1.181585357451204
12 50 1.2843717578310492
12 51 1.2731633383146457
12 52 1.1569071351998685
12 53 1.1307462278437037
12 54 1.1847341359225405
12 55 1.259242585961363
12 56 1.0631763470652544
12 57 1.122986313117131
12 58 1.217320514527839
12 59 1.0723737216439626
12 60 1.3065928944488316
12 61 1.2182456740142749
12 62 1.4392881627322853
12 63 1.4885542752182424
12 64 1.161053690165654
12 65 1.2670582665474939
12 66 1.1538222978579444
12 67 1.3335882365403362
12 68 1.254987743709769
12 69 1.292382091215748
12 70 1.37215959722736
12 71 1.3826140524628303
12 72 1.2496929121427378
12 73 1.4126957598803773
12 74 1.1087334977038998
12 75 1.2175648844114566
12 76 1.1928843450288538
12 77 1.277316666126669
12 78 1.3381776357515227
12 79 1.2158698381379065
12 80 1.1162183848699925
12 81 1.0948856939340836
12 82 1.188609727482022
12 83 1.0925334283467703
12 84 1.3937411204239392
12 85 1.1857483131783317
12 86 1.3205509008051812
12 87 1.5103008247411844
12 88 1.2067356661498119
12 89 1.38896620141985
13 14 1.308396639106355
13 15 1.4011114990799034
13 16 1.2333421411647008
13 17 1.3068699584128867
13 18 1.3425423927601787
13 19 1.3552827665660683
13 20 1.3281382516994555
13 21 1.3800178620601298
13 22 1.3374415481288076
13 23 1.3330304839105358
13 24 1.2818839690644328
13 25 1.3408160503019244
13 26 1.3203479717109794
13 27 1.2855221541259125
13 28 1.107935284396432
13 29 1.2808412309961261
13 30 1.3876709218335683
13 31 1.381976173525215
13 32 1.4187696425045415
13 33 1.2935148778257886
13 34 1.247706254318052
13 35 1.338130350341081
13 36 1.2705816118217599
13 37 1.3408869883720127
13 38 1.3410850386986677
13 39 1.457490250229414
13 40 1.2706181174137474
13 41 1.383832068930639
13 42 1.378851044685911
13 43 1.3162365328328227
13 44 1.2388741887782957
13 45 1.0952135552878248
13 46 1.1213976550557028
13 47 1.302926685547326
13 48 1.4058710228533013
13 49 1.2654011898045172
13 50 1.3583460986415403
13 51 1.2926392881989555
13 52 1.3948870696779168
13 53 1.2921697428098162
13 54 1.1770333738859797
13 55 1.2114700157179477
13 56 1.3235744042465616
13 57 1.2750248301313043
13 58 1.4374253076493744
13 59 1.2897750359432787
13 60 1.3018358594390511
13 61 1.165150449687301
13 62 1.4649115369707577
13 63 1.4402752123825613
13 64 1.3725573828857314
13 65 1.1770150165986408
13 66 1.299982279202136
13 67 1.3181947847389586
13 68 1.2555675101391937
13 69 1.323714364874198
13 70 1.384951701010638
13 71 1.303337483020308
13 72 1.3023302526238139
13 73 1.3772715938273528
13 74 1.355163240768137
13 75 1.3968733003206246
13 76 1.3684046101224698
13 77 1.354626049047922
13 78 1.2991512451757732
13 79 1.3122358638398819
13 80 1.3745946533090605
13 81 1.2808304213539132
13 82 1.3323082417356102
13 83 1.37106353319062
13 84 1.3466118706254062
13 85 1.3052438125389214
13 86 1.351376222323785
13 87 1.4118104237247309
13 88 1.2991360231517164
13 89 1.446136416203252
14 15 1.3030048197989152
14 16 1.3828068279339947
14 17 1.193555168927262
14 18 1.1559126854712254
14 19 1.1436567643453863
14 20 1.359823895089067
14 21 1.1627459367367017
14 22 1.2519833814718588
14 23 1.3675771086000146
14 24 1.3329707930960377
14 25 1.408873610999566
14 26 1.32514171616702
14 27 1.260998856038719
14 28 1.2197105164922346
14 29 1.3446877105275077
14 30 1.309847948646082
14 31 1.3546562850673194
14 32 1.3766530457910064
14 33 1.2531661843411783
14 34 1.2269552753073254
14 35 1.298294334772213
14 36 1.2886878621412727
14 37 1.4018833443085825
14 38 1.3700681849106766
14 39 1.398430615975915
14 40 1.3556536337562353
14 41 1.3644581635092357
14 42 1.22401799706875
14 43 1.1508634554881019
14 44 1.2400713715243998
14 45 1.3280949181616901
14 46 1.287113263524002
14 47 1.3005115944696892
14 48 1.4007736249436131
14 49 1.3936718794800589
14 50 1.469084323815505
14 51 1.4642988358651439
14 52 1.2548352762689332
14 53 1.188465208358414
14 54 1.2409347160135547
14 55 1.221336841084096
14 56 1.1546571644051287
14 57 1.268992131496617
14 58 1.2956684124171827
14 59 1.0931955172779435
14 60 1.3452244529931825
14 61 1.199950424475933
14 62 1.3694909132906643
14 63 1.5009297409176188
14 64 1.3080731163577557
14 65 1.3143764859457576
14 66 1.1769145635524112
14 67 1.3740436701818899
14 68 1.2375620576495732
14 69 1.441505363941854
14 70 1.369281193300125
14 71 1.3462744782274227
14 72 1.3970640344737368
14 73 1.3457014498723705
14 74 1.1759018499273401
14 75 1.177718697318016
14 76 1.2291393383770444
14 77 1.3062623710676857
14 78 1.3305515653491027
14 79 1.352449775578328
14 80 1.1979307791902327
14 81 1.1919179852397679
14 82 1.2971164471920256
14 83 1.1397516925806828
14 84 1.4012024870701763
14 85 1.2249805251190047
14 86 1.2589248321353306
14 87 1.3756767035320923
14 88 1.398483285514656
14 89 1.3989200185575688
15 16 1.3931556043929363
15 17 1.4764666552566945
15 18 1.322148647533389
15 19 1.3684334776002067
15 20 1.343493231606698
15 21 1.3584246758949612
15 22 1.3037530891810807
15 23 1.3585422957797195
15 24 1.3489467179045156
15 25 1.2737432143063603
15 26 1.3771872566825543
15 27 1.3720639269031762
15 28 1.3301795690677518
15 29 1.2318844285953894
15 30 1.3749785692928422
15 31 1.458856435802603
15 32 1.3580000208470713
15 33 1.35027240843262
15 34 1.3123460117490091
15 35 1.2950927862950932
15 36 1.4108183125893783
15 37 1.4038539601580724
15 38 1.4512834499721068
15 39 1.3177200201109969
15 40 1.4140143118362785
15 41 1.3424210623112047
15 42 1.3533974535121458
15 43 1.3409394380607593
15 44 1.44601061032777
15 45 1.4798981844277261
15 46 1.4991202576490046
15 47 1.3966020357717548
15 48 1.284361109871525
15 49 1.4325065439757676
15 50 1.360933087738236
15 51 1.3349050719232154
15 52 1.3851022713398746
15 53 1.3904641153260677
15 54 1.4827802759493094
15 55 1.1312683795199272
15 56 1.390586851567106
15 57 1.321553812293327
15 58 1.22747435252144
15 59 1.3614759996174548
15 60 1.3405837994682257
15 61 1.2995063812306133
15 62 1.3983914705416702
15 63 1.359582370774659
15 64 1.2607211026831735
15 65 1.3883291776474973
15 66 1.4369895816176956
15 67 1.2820156607310742
15 68 1.3304991137573468
15 69 1.3178917111816577
15 70 1.2324248161027909
15 71 1.3211864685606398
15 72 1.3497427715044346
15 73 1.2980034449426794
15 74 1.4156169980389868
15 75 1.2893096715463812
15 76 1.3409355726403904
15 77 1.3066842014455233
15 78 1.3594272882392797
15 79 1.2764094811303504
15 80 1.4077436764676838
15 81 1.4098386239835514
15 82 1.3153182190160426
15 83 1.3970341206167658
15 84 1.322337417915257
15 85 1.420234249944404
15 86 1.4470511528329093
15 87 1.2408321084676357
15 88 1.3475854181751499
15 89 1.3419201706683803
16 17 1.4237211488718124
16 18 1.3092701007914729
16 19 1.5299459875607524
16 20 1.2384638355595694
16 21 1.5869449540840987
16 22 1.4037042965640043
16 23 1.3328371348475379
16 24 1.3150303170191526
16 25 1.3891405857401948
16 26 1.3425848361100263
16 27 1.1617305383354144
16 28 1.248490889538987
16 29 1.3630222506554106
16 30 1.27423814989927
16 31 1.3042964540267363
16 32 1.458382706599595
16 33 1.0748361267992457
16 34 1.4256596235277803
16 35 1.2963740636607373
16 36 1.3190528177630094
16 37 1.125149475355007
16 38 1.3857088300262603
16 39 1.4970005671083
16 40 1.3032690558955793
16 41 1.3431399177585857
16 42 1.4093099576551762
16 43 1.4281855813694302
16 44 1.2827106834125257
16 45 1.3596092171318712
16 46 1.39384166338639
16 47 1.253906333548081
16 48 1.3047372499348104
16 49 1.3966740477866932
16 50 1.1486312715403604
16 51 1.3692352613395582
16 52 1.4869543387643949
16 53 1.454639858628642
16 54 1.4148165237947752
16 55 1.2934709139165566
16 56 1.533840404388019
16 57 1.4471152989172396
16 58 1.4156250343840875
16 59 1.4088665985411608
16 60 1.0814266353405573
16 61 1.4085281131295158
16 62 1.4180751736715793
16 63 1.225157004633614
16 64 1.3771834447989606
16 65 1.3078898034911879
16 66 1.4910389409330178
16 67 1.5202099030535279
16 68 1.3873516025500405
16 69 1.0243055436132176
16 70 1.4945215071698985
16 71 1.467481122351324
16 72 1.080841200987275
16 73 1.3610859258046328
16 74 1.5719394341581845
16 75 1.4186955224323017
16 76 1.4283949145738504
16 77 1.4475046209968618
16 78 1.2609187058548244
16 79 1.3384972619269861
16 80 1.5671126765723409
16 81 1.3385355256351497
16 82 1.20161576845759
16 83 1.502444547815891
16 84 1.423186668580699
16 85 1.0092907041639632
16 86 1.400885922524903
16 87 1.4068958236483833
16 88 1.0239197016644608
16 89 1.4853061709658681
17 18 1.2478125411013847
17 19 1.2176121060035374
17 20 1.4326412055774909
17 21 1.124165882162059
17 22 1.173819573294038
17 23 1.4431772800557583
17 24 1.4103651605655512
17 25 1.3438247637524374
17 26 1.369136875104688
17 27 1.255457401083967
17 28 1.2583961256177676
17 29 1.362630742711181
17 30 1.4877793748574362
17 31 1.2628830233734158
17 32 1.4484688694399035
17 33 1.3378745986171476
17 34 1.3158980683332189
17 35 1.2042282202846555
17 36 1.2304367664624567
17 37 1.2996419294146744
17 38 0.971086434367676
17 39 1.42706423393305
17 40 1.1833010816279224
17 41 1.2735508915678069
17 42 1.217847760870567
17 43 1.2217624230514486
17 44 1.210227649577812
17 45 1.2686791520993899
17 46 1.3049627172839662
17 47 1.379258198614379
17 48 1.355145689314019
17 49 1.2927604160484893
17 50 1.4497598946980714
17 51 1.3818336912395541
17 52 1.103131493983349
17 53 1.1167145188286303
17 54 1.2632945816145156
17 55 1.4211937942004267
17 56 1.0313350914367105
17 57 1.2102270690282255
17 58 1.231933861943608
17 59 1.1100661855125071
17 60 1.3082322231913877
17 61 1.2514354563305274
17 62 1.358381443207662
17 63 1.5116414959596507
17 64 1.2808234992017742
17 65 1.47798465801976
17 66 1.135113481314998
17 67 1.3387024088068142
17 68 1.2312660961263961
17 69 1.3227929975239148
17 70 1.3652234143133735
17 71 1.2827818811100435
17 72 1.261613208707815
17 73 1.5527394682188536
17 74 1.0831510132430608
17 75 1.2707106542613995
17 76 1.282671102840467
17 77 1.288136988057849
17 78 1.2107424604841437
17 79 1.3129878373607784
17 80 1.1332928447224648
17 81 1.210277753985473
17 82 1.458594614209424
17 83 1.1374015338489927
17 84 1.3604549927448664
17 85 1.3445543273128657
17 86 1.3897931018719347
17 87 1.3689338083945595
17 88 1.2479261647622037
17 89 1.331160340396395
18 19 1.2247267718969848
18 20 1.3437621456070152
18 21 1.2397733966063107
18 22 1.240948536777365
18 23 1.439600672653453
18 24 1.4882140343272108
18 25 1.3818067211762353
18 26 1.3675574727382596
18 27 1.2587029663429252
18 28 1.2276858612900234
18 29 1.3774227016177119
18 30 1.3583788983055152
18 31 1.1396479527392909
18 32 1.2392626174887122
18 33 1.1050792606780535
18 34 1.252522053959942
18 35 1.3054873789978836
18 36 1.1222593902215832
18 37 1.3087692249120895
18 38 1.2736396229323976
18 39 1.380553225225758
18 40 1.4449402996944893
18 41 1.290642081469755
18 42 1.1648000282107938
18 43 1.205739372846784
18 44 1.2167331430498975
18 45 1.3779114905116203
18 46 1.2603597792697716
18 47 1.305028188848047
18 48 1.279195731191246
18 49 1.2120690495644448
18 50 1.3305396614916285
18 51 1.4994867866552617
18 52 1.2216787801902567
18 53 1.1933869131893355
18 54 1.3546051074795085
18 55 1.2337305781799985
18 56 1.2107540354975004
18 57 1.1655786499249479
18 58 1.1685257224966694
18 59 1.0555681128928769
18 60 1.3504780169058455
18 61 1.2691982411080949
18 62 1.2812846942547598
18 63 1.4625042707707059
18 64 1.2092044974640177
18 65 1.356888015537841
18 66 1.0718061289975231
18 67 1.4307002921200715
18 68 1.2666043047405178
18 69 1.310581287686158
18 70 1.3959891601014576
18 71 1.3392877580812028
18 72 1.2717109776823292
18 73 1.3807128767799117
18 74 1.233543044214789
18 75 1.1460988370485803
18 76 1.192853194250625
18 77 1.374401336057513
18 78 1.3670406186292279
18 79 1.278118810386011
18 80 1.2057946094527685
18 81 1.2339808104729129
18 82 1.2497189940480227
18 83 1.1899374562933338
18 84 1.347764777262053
18 85 1.3387414069249202
18 86 1.3587838791882236
18 87 1.3890399264243434
18 88 1.295398555890461
18 89 1.3499143605265616
19 20 1.383199240555285
19 21 0.6886882290664836
19 22 1.2209360143908157
19 23 1.4056726531617627
19 24 1.249161485712304
19 25 1.3127967083678824
19 26 1.2467055968003626
19 27 1.5515747973345084
19 28 1.13532684835496
19 29 1.210436317661905
19 30 1.2296295186856931
19 31 1.394412304425984
19 32 1.2180707139304656
19 33 1.306134165200833
19 34 1.094916262088212
19 35 1.4046793361717256
19 36 1.1410985231703663
19 37 1.537569037173701
19 38 1.279781220024295
19 39 1.2580501096858194
19 40 1.3976366992880465
19 41 1.3384210004737793
19 42 1.0771008996131317
19 43 1.1445876172493188
19 44 1.155945662354426
19 45 1.3073774604222284
19 46 1.2970629195479784
19 47 1.1788984354955268
19 48 1.4335297143568047
19 49 1.1733047756945914
19 50 1.5307906732127623
19 51 1.3657966836379454
19 52 0.8150583802699589
19 53 0.9105602120328553
19 54 1.1221308235392198
19 55 1.2194718467717909
19 56 0.6997696998040147
19 57 1.0740654689218085
19 58 1.1340135768934838
19 59 1.079332853824709
19 60 1.621599186080363
19 61 1.1037980214205787
19 62 1.3097176033782614
19 63 1.6413792492237245
19 64 1.1482161672546496
19 65 1.2578951156669038
19 66 0.8205084323898602
19 67 1.2008818571636177
19 68 1.3231507644558798
19 69 1.6586399412072876
19 70 1.3595370281064696
19 71 1.1475619012455562
19 72 1.6337514640426813
19 73 1.342902459949366
19 74 0.6752547394053373
19 75 1.0905103994914644
19 76 1.091057453969483
19 77 1.188722625375095
19 78 1.4116100523128354
19 79 1.1610960647674102
19 80 0.7196291362575852
19 81 1.230289773632349
19 82 1.2689933312071506
19 83 0.6002828258197036
19 84 1.3484619205190262
19 85 1.3579476491875406
19 86 1.2549985851606464
19 87 1.3179838735154235
19 88 1.5968324576139323
19 89 1.2657239600930876
20 21 1.472841419293376
20 22 1.3399393177759154
20 23 1.287745463035827
20 24 1.3454110617781565
20 25 1.4137611959139391
20 26 1.165178616605333
20 27 1.2240125429682849
20 28 1.3170435960786382
20 29 1.3595368905234848
20 30 1.1844867411580213
20 31 1.1955510088779646
20 32 1.2468892849891424
20 33 1.2544930941964954
20 34 1.3624275218671598
20 35 1.2002260726792093
20 36 1.3320065237554757
20 37 1.371153387225268
20 38 1.446809982213404
20 39 1.430564398400532
20 40 1.4235610558101999
20 41 1.3176087377824501
20 42 1.3539160607632927
20 43 1.3955040632704032
20 44 1.2896563605507931
20 45 1.3858936644199833
20 46 1.3830298502000926
20 47 1.1662313158928137
20 48 1.292920525281772
20 49 1.4525460287716856
20 50 1.3900313390795913
20 51 1.3335893996528296
20 52 1.3850471314133737
20 53 1.37449173328014
20 54 1.3849024754448274
20 55 1.194757079116229
20 56 1.457113104483104
20 57 1.325061871997355
20 58 1.4062692976429845
20 59 1.3253474700409966
20 60 1.2825852790370325
20 61 1.3077207928400525
20 62 1.4212801450614192
20 63 1.210902657270789
20 64 1.403614213914595
20 65 1.3077726767767939
20 66 1.456889057006271
20 67 1.3635929201491614
20 68 1.384781147114451
20 69 1.3225039151133906
20 70 1.4414250508281263
20 71 1.3967340541312214
20 72 1.330677973452434
20 73 1.2406853329943328
20 74 1.43664368679392
20 75 1.3741711113017174
20 76 1.3735753656201601
20 77 1.3909313972655852
20 78 1.214155349362671
20 79 1.3444296032083194
20 80 1.38503767715553
20 81 1.2981731962749519
20 82 1.2031813145928976
20 83 1.396276959433324
20 84 1.3361452332888273
20 85 1.280769258713372
20 86 1.3879125712624207
20 87 1.3778970960008219
20 88 1.2932798163030057
20 89 1.4119004604891905
21 22 1.2445673988648798
21 23 1.4458298325277712
21 24 1.3516555309788785
21 25 1.3566596928189028
21 26 1.3022019924398767
21 27 1.5691223292599317
21 28 1.1243510147270683
21 29 1.2368298116003318
21 30 1.2719189808052458
21 31 1.4042289201457507
21 32 1.1859861977670063
21 33 1.3214914569916525
21 34 1.1300631386849314
21 35 1.329062362981645
21 36 1.1604038334980127
21 37 1.477359539625619
21 38 1.2116142428450771
21 39 1.1966687189631469
21 40 1.3445295143454827
21 41 1.3280954257128144
21 42 0.9988278878976323
21 43 1.1502488948370533
21 44 1.1978772783521665
21 45 1.3313166480033307
21 46 1.3771230442917861
21 47 1.2195381655446162
21 48 1.4055981320601487
21 49 1.1498627284368965
21 50 1.5576986117031584
21 51 1.3728003736058545
21 52 0.7583911087357792
21 53 0.7755214978096061
21 54 1.104501286564135
21 55 1.2547059488880212
21 56 0.541986845001142
21 57 1.0840940817890088
21 58 1.1689010765201961
21 59 1.021669122680777
21 60 1.6036928881862886
21 61 1.1074875722977935
21 62 1.249792549308086
21 63 1.6126210670678953
21 64 1.1465964193612082
21 65 1.346349799339051
21 66 0.7957626552072652
21 67 1.2134470461133349
21 68 1.255371809688735
21 69 1.6736817612101904
21 70 1.28044836330094
21 71 1.170457421095242
21 72 1.6262040842392933
21 73 1.2852389740514523
21 74 0.4454284111635796
21 75 1.070481125235647
21 76 0.9829782690325383
21 77 1.1895511006120951
21 78 1.4094871026536633
21 79 1.1819497558966856
21 80 0.5950985820253836
21 81 1.2330758129357022
21 82 1.2624518875053055
21 83 0.6334893837237461
21 84 1.3310746778407325
21 85 1.3886370305333036
21 86 1.3327392699642078
21 87 1.3436826799651025
21 88 1.5965613434868555
21 89 1.19854207645733
22 23 1.423072932779594
22 24 1.3413229014065138
22 25 1.360742409663179
22 26 1.3008616715459294
22 27 1.3868746774347307
22 28 1.3076635680442905
22 29 1.4212507275580186
22 30 1.3112476865821867
22 31 1.3858121406852133
22 32 1.232513654704376
22 33 1.2575694204090384
22 34 1.3326451684146683
22 35 1.366241114004694
22 36 1.2811732776982792
22 37 1.3377672902195847
22 38 1.308956554034699
22 39 1.361042098118898
22 40 1.4869593302507433
22 41 1.3537524663606586
22 42 1.1965271197343512
22 43 0.9197743354975032
22 44 1.2491825630943452
22 45 1.3381722800630893
22 46 1.3956683973668431
22 47 1.212209324167599
22 48 1.4183710340880802
22 49 1.246502753275519
22 50 1.4832655052228947
22 51 1.380320960988617
22 52 1.1367008194945138
22 53 1.1650244973962738
22 54 1.2971429557496519
22 55 1.1838649438305766
22 56 1.2214647354161523
22 57 1.2479124714034555
22 58 1.231313068127434
22 59 1.2649263641238706
22 60 1.3865275938931185
22 61 1.2609908573058786
22 62 1.3156047459648001
22 63 1.4110835307813068
22 64 1.2663290273258463
22 65 1.413812299908384
22 66 1.281655730277109
22 67 1.345874642761578
22 68 1.435001111706752
22 69 1.4237359819803097
22 70 1.36874546649761
22 71 1.2751305501838124
22 72 1.4288737991827816
22 73 1.4024031230388163
22 74 1.2093535752118032
22 75 1.2414030513226986
22 76 1.3213528974655562
22 77 1.286750739129308
22 78 1.442860901371665
22 79 1.3435367976514714
22 80 1.241900644297483
22 81 1.2677912620555265
22 82 1.390022989780566
22 83 1.2192528857997236
22 84 1.4129432387744452
22 85 1.2931475594253068
22 86 1.3340832075555153
22 87 1.3687988254105619
22 88 1.432809284178844
22 89 1.4071271175451427
23 24 1.3551631269176854
23 25 1.3291949657805644
23 26 1.4402184207216944
23 27 1.3685674577958837
23 28 1.3917684441250204
23 29 1.4441538792682758
23 30 1.3615020842246488
23 31 1.2812932004640745
23 32 1.3115861133321232
23 33 1.346378362170453
23 34 1.2817785229839451
23 35 1.4121573789624968
23 36 1.3469493942760002
23 37 1.3935334746891368
23 38 1.4476729094709564
23 39 1.403131723618602
23 40 1.3632476804727967
23 41 1.3670641092982352
23 42 1.3211943957200707
23 43 1.393565972398963
23 44 1.3203033856775988
23 45 1.4134255342413053
23 46 1.3560183891845718
23 47 1.368986314558059
23 48 1.3061727462038355
23 49 1.546687713928872
23 50 1.4006394906777266
23 51 1.3290807885783384
23 52 1.4575317004790835
23 53 1.4144653589295049
23 54 1.5201177333411564
23 55 1.4614696375752279
23 56 1.407616913606667
23 57 1.5117444358736258
23 58 1.4572082656909662
23 59 1.3841223201071764
23 60 1.450150186181021
23 61 1.3501127513301039
23 62 1.4223387294174856
23 63 1.2615457221650257
23 64 1.6641924589686388
23 65 1.2203683718050833
23 66 1.4896021016585619
23 67 1.3631320610112772
23 68 1.3970207308322813
23 69 1.4062144814162674
23 70 1.3280313718195256
23 71 1.469516667925716
23 72 1.4326465719323798
23 73 1.3598362286418963
23 74 1.4268134233119485
23 75 1.4187049507846967
23 76 1.3359546945666583
23 77 1.512305942231361
23 78 1.439396127111695
23 79 1.253852055430639
23 80 1.438283186426549
23 81 1.403050379479774
23 82 1.381506540801683
23 83 1.4296886104843884
23 84 1.420674379001463
23 85 1.3178922416886611
23 86 1.3400907682624221
23 87 1.3368088568621128
23 88 1.3778955353840647
23 89 1.3661401461122662
24 25 1.383339620567826
24 26 1.3569759221558804
24 27 1.487642083245162
24 28 1.2523757182360877
24 29 1.376303698267298
24 30 1.3648750993080345
24 31 1.4429809981729809
24 32 1.4207305637330367
24 33 1.363693503330874
24 34 1.3187786564721993
24 35 1.464632674823845
24 36 1.3288306476535487
24 37 1.3622792300654885
24 38 1.2948584639237315
24 39 1.3745818956742983
24 40 1.293123760170252
24 41 1.4449191307881948
24 42 1.36584314258838
24 43 1.3806934675688771
24 44 1.2459284876949948
24 45 1.3025756681821883
24 46 1.4575646168799352
24 47 1.4158206099029371
24 48 1.3878590274733922
24 49 1.2796627524899011
24 50 1.4517110408030338
24 51 1.3742232070487692
24 52 1.3954531623753896
24 53 1.4086736356816634
24 54 1.3693743443155004
24 55 1.2470121156226395
24 56 1.356745408126199
24 57 1.2763681150947244
24 58 1.2845861358914368
24 59 1.387099464684721
24 60 1.4523625277470409
24 61 1.2158801173987912
24 62 1.390337465622866
24 63 1.3924529859471764
24 64 1.3757082343329414
24 65 1.2643084750376794
24 66 1.4418513550699703
24 67 1.0047858191924612
24 68 1.3597324559849853
24 69 1.4600511019924212
24 70 1.3894928315767499
24 71 1.2994701677326832
24 72 1.460842842684534
24 73 1.2312813908878135
24 74 1.3806553202294785
24 75 1.2899960841294242
24 76 1.3504354699921797
24 77 1.3187282403999592
24 78 1.426114704902873
24 79 1.3514706022802758
24 80 1.3786886197012669
24 81 1.4245999249429864
24 82 1.2823434058748509
24 83 1.3420382957679393
24 84 1.2108466008347951
24 85 1.3268624198729488
24 86 1.3537768235346912
24 87 1.118967644919854
24 88 1.4376957302403188
24 89 1.4153871834476983
25 26 1.4298008029000913
25 27 1.5131725378316576
25 28 1.4030997603293767
25 29 1.135709102270797
25 30 1.3836574666450712
25 31 1.480295135925154
25 32 1.423043006038612
25 33 1.3463811303929716
25 34 1.4155637870424427
25 35 1.386748921063693
25 36 1.3469489875935259
25 37 1.3143569506320487
25 38 1.326063878760779
25 39 1.2563727440390169
25 40 1.3725192283048162
25 41 1.4685909355754294
25 42 1.340976846271772
25 43 1.3165624855445965
25 44 1.3285718327150273
25 45 1.4073686822457983
25 46 1.4028938110718612
25 47 1.3130243216873427
25 48 1.3860774514438676
25 49 1.3199024329541613
25 50 1.3262585938473357
25 51 1.4177909201600347
25 52 1.3268173331885547
25 53 1.3288163797755987
25 54 1.447294068856888
25 55 1.3918394566251553
25 56 1.354102789969901
25 57 1.3151054739924442
25 58 1.2745912774816615
25 59 1.361875731053981
25 60 1.4234540769152537
25 61 1.340155930829732
25 62 1.3843503158319328
25 63 1.393410647815273
25 64 1.3272342032672897
25 65 1.2557986401993653
25 66 1.3827699066685681
25 67 1.438223360988926
25 68 1.3498585771219054
25 69 1.4162195754329727
25 70 1.3288036017418892
25 71 1.244173398429107
25 72 1.3926272728372868
25 73 1.3522935329385382
25 74 1.3652592251003244
25 75 1.3111284756274928
25 76 1.3420267216234554
25 77 1.3467721440476417
25 78 1.4313156620701255
25 79 1.2745384633650907
25 80 1.340547582375388
25 81 1.3993628145082995
25 82 1.3565962703520411
25 83 1.356922287858071
25 84 1.3696277446392495
25 85 1.2694253929950958
25 86 1.3942877264237052
25 87 1.2928510360923984
25 88 1.3796954031253887
25 89 1.2183592051079526
26 27 1.4118435057865286
26 28 1.1869074062462803
26 29 1.2925633653308624
26 30 1.2434692191662093
26 31 1.336446169754198
26 32 1.311150420166621
26 33 1.322394396936015
26 34 1.1847196148563266
26 35 1.2760694070059857
26 36 1.3050505396957368
26 37 1.3812260039590938
26 38 1.3508785254764066
26 39 1.3459206354627744
26 40 1.31328460232951
26 41 1.4100959088810254
26 42 1.412758475436679
26 43 1.3380161842880653
26 44 1.2885250893694582
26 45 1.3560547128320286
26 46 1.2496152391874655
26 47 1.3669871320048068
26 48 1.338822361348247
26 49 1.2868273039721947
26 50 1.4319282365438122
26 51 1.2864536882375726
26 52 1.3052668221682258
26 53 1.2828168397465258
26 54 1.1987749862875314
26 55 1.2913615337903017
26 56 1.2814550655142642
26 57 1.221412208129995
26 58 1.2462153994973375
26 59 1.2035072614395539
26 60 1.409969840578736
26 61 1.2734333985488087
26 62 1.19283662461236
26 63 1.3611849135541825
26 64 1.2644533682412995
26 65 1.3677793263013993
26 66 1.2368710829917915
26 67 1.3352151835579036
26 68 1.3020950015864696
26 69 1.374471807449682
26 70 1.3666008097121325
26 71 1.19169384140802
26 72 1.4333984452013584
26 73 1.3565952648495687
26 74 1.2785558549660576
26 75 1.327496561669499
26 76 1.2152970295082999
26 77 1.2814237303804317
26 78 1.2360035962010414
26 79 1.2814361779656889
26 80 1.273155198196632
26 81 1.3957094303238016
26 82 1.2462373177769617
26 83 1.2179689442095916
26 84 1.4550027786369055
26 85 1.4128932986859573
26 86 1.370510078844665
26 87 1.4535854134595922
26 88 1.4018879384708136
26 89 1.3489874865604423
27 28 1.2950886344990626
27 29 1.4465692209539198
27 30 1.4269332939735488
27 31 1.2664393941915342
27 32 1.4468759330114171
27 33 1.2794671469855001
27 34 1.380415106100402
27 35 1.2102733903058094
27 36 1.3695975081718292
27 37 1.309214745727691
27 38 1.3518082897573755
27 39 1.5185694838158563
27 40 1.3250956516126853
27 41 1.3597403983815122
27 42 1.4260122396616608
27 43 1.4377223348764538
27 44 1.3411608304530365
27 45 1.3659083356179114
27 46 1.2319721961670178
27 47 1.3885141987920344
27 48 1.2601422004029017
27 49 1.4585659785023013
27 50 1.186513367423445
27 51 1.4014177307540954
27 52 1.4599414686584111
27 53 1.4130923145386354
27 54 1.3934480791015167
27 55 1.3902531762633612
27 56 1.5052204620854484
27 57 1.4193870249998193
27 58 1.4222641936915568
27 59 1.3024526180218132
27 60 0.89821283638848
27 61 1.3919770166309213
27 62 1.5443461667616676
27 63 1.2681195085170693
27 64 1.4077502980643513
27 65 1.3956742986355768
27 66 1.4928762754697575
27 67 1.5071361021240033
27 68 1.2786403204834806
27 69 0.8884581497160338
27 70 1.4787017985394049
27 71 1.5511061956760654
27 72 0.9222844315442543
27 73 1.4815970117055726
27 74 1.53985886309917
27 75 1.3916898255944348
27 76 1.4441756095946114
27 77 1.4188079424249722
27 78 1.2118488311169355
27 79 1.4330269428663744
27 80 1.492499130126109
27 81 1.340428431273813
27 82 1.288949989618366
27 83 1.5384284380438833
27 84 1.3771048880359333
27 85 1.2315074434828672
27 86 1.47054254884395
27 87 1.4453032099838596
27 88 0.9294724831511519
27 89 1.5352461394943349
28 29 1.2937709426178077
28 30 1.265734689012728
28 31 1.4058958293647568
28 32 1.2252783908590974
28 33 1.2270510078854158
28 34 1.0090798156930563
28 35 1.327874757441287
28 36 1.1699998576172983
28 37 1.350102880922421
28 38 1.1896332965582679
28 39 1.3399595386483052
28 40 1.3044386627447293
28 41 1.3098861538995512
28 42 1.254989507959172
28 43 1.302310861652215
28 44 1.1618291433153836
28 45 1.1277135072090332
28 46 1.315643105118079
28 47 1.2797593163696168
28 48 1.251237479879571
28 49 1.2927368905068368
28 50 1.3055736163243803
28 51 1.346708204085788
28 52 1.0898198937573083
28 53 1.0827124056392958
28 54 1.0384234313773841
28 55 1.270261686179056
28 56 1.1141777181521326
28 57 1.136980342911178
28 58 1.217184453236171
28 59 1.1222284744203825
28 60 1.3954632847359572
28 61 1.1529772820427397
28 62 1.3452150534466956
28 63 1.511449856568119
28 64 1.1981480748874804
28 65 1.3047765372658113
28 66 1.1229598758107198
28 67 1.2882197908693205
28 68 1.2524338690301724
28 69 1.4017349748558756
28 70 1.3313162401996073
28 71 1.1975984583503296
28 72 1.3730106058675
28 73 1.3497455989950045
28 74 1.1178080515190731
28 75 1.1431162786106823
28 76 1.139453570997958
28 77 1.2728076571691707
28 78 1.3102949468841292
28 79 1.2369040909685594
28 80 1.1409510120015969
28 81 1.3006010239852155
28 82 1.1575185110102297
28 83 1.1479633175660238
28 84 1.3665160224927286
28 85 1.209250670043987
28 86 1.3103656575428255
28 87 1.2661696626818675
28 88 1.3772620699983464
28 89 1.320796665212205
29 30 1.3714012345823177
29 31 1.382109010150406
29 32 1.3662570086798451
29 33 1.356519143046032
29 34 1.3299703840106536
29 35 1.20564331328788
29 36 1.3438335001067916
29 37 1.392145128649956
29 38 1.416643365221888
29 39 1.2732103644612005
29 40 1.4414981356679653
29 41 1.307332406582519
29 42 1.3337556252744462
29 43 1.4296966760064425
29 44 1.3810231337929957
29 45 1.3932553491437971
29 46 1.4641041533859913
29 47 1.3286040903959404
29 48 1.3662139787947942
29 49 1.3263620845626294
29 50 1.3661331939769439
29 51 1.3854742286348283
29 52 1.2181993314007944
29 53 1.2571885180025377
29 54 1.375450686005843
29 55 1.2416996666853792
29 56 1.2636316287554297
29 57 1.247787157325576
29 58 1.2730283486640255
29 59 1.1793607052111073
29 60 1.2519530119522728
29 61 1.2222875114181468
29 62 1.3701235599958623
29 63 1.4264559475128396
29 64 1.2236273058528528
29 65 1.3607202098804256
29 66 1.2463444314404963
29 67 1.2340112219247465
29 68 1.2847639123676116
29 69 1.3434747860291867
29 70 1.2713028337584504
29 71 1.181912029533041
29 72 1.326847843178875
29 73 1.2987528920860698
29 74 1.2316827018147993
29 75 1.22664663376034
29 76 1.208869303152047
29 77 1.2824313363918538
29 78 1.2604683596207045
29 79 1.2200256908802067
29 80 1.1767897610979163
29 81 1.288035974595074
29 82 1.2745291062517679
29 83 1.280535995768292
29 84 1.3521709079951596
29 85 1.3529075221835938
29 86 1.379165679518306
29 87 1.324921595010134
29 88 1.2859906927412912
29 89 1.2555697781898123
30 31 1.3397564169756493
30 32 1.3843787669081666
30 33 1.3000841770039515
30 34 1.3145968230634344
30 35 1.3406016012021962
30 36 1.3273082955506863
30 37 1.4179652550200141
30 38 1.3822194944764197
30 39 1.334175657248582
30 40 1.3800217863468511
30 41 1.4703927860707389
30 42 1.312397225806016
30 43 1.3048753783595632
30 44 1.3168765319673887
30 45 1.3464871074242906
30 46 1.3303939051727378
30 47 1.3028072963066148
30 48 1.4357243216667581
30 49 1.4108190730863543
30 50 1.3507962803779197
30 51 1.3984645328100993
30 52 1.3098940971733504
30 53 1.1620184512591516
30 54 1.3314268943575118
30 55 1.002469303819158
30 56 1.2640659527049487
30 57 1.3354460922641052
30 58 1.3324396266111789
30 59 1.3653478888951116
30 60 1.5127160726132507
30 61 1.299231179912201
30 62 1.360228155683874
30 63 1.3866042036134154
30 64 1.2836155150861548
30 65 1.2146045175297806
30 66 1.2151519715862373
30 67 1.4298302215511072
30 68 1.3896720316969362
30 69 1.505885364672179
30 70 1.3676777474954251
30 71 1.2611233182274313
30 72 1.5357222460533857
30 73 1.1919856092137637
30 74 1.2678977514433831
30 75 1.3776419886918845
30 76 1.1909046366827418
30 77 1.3434820300358101
30 78 1.3852384690725577
30 79 1.3150896491546562
30 80 1.264965946725088
30 81 1.407565860187958
30 82 1.1578563589619066
30 83 1.2021772105336535
30 84 1.4724860677610971
30 85 1.3811203375638785
30 86 1.3124395897546346
30 87 1.284286091753988
30 88 1.4666553330960717
30 89 1.433603702981625
31 32 1.3818846944412513
31 33 1.2824131241104457
31 34 1.3021702148497452
31 35 1.1916075667355586
31 36 1.1375945863526211
31 37 1.2780433244015803
31 38 1.3118034201096769
31 39 1.3711953864637905
31 40 1.362221987175641
31 41 1.3206658408761538
31 42 1.2736245767739
31 43 1.3745461782295996
31 44 1.1978090938469885
31 45 1.4173459170969847
31 46 1.3103407212853049
31 47 1.3711637431493509
31 48 1.3040635574645778
31 49 1.314806964579243
31 50 1.297373449555549
31 51 1.4410494538536958
31 52 1.45330135669637
31 53 1.4057201300730517
31 54 1.381120063214297
31 55 1.3657429773175631
31 56 1.4376862793353589
31 57 1.3449667446769198
31 58 1.3378682302187914
31 59 1.2521956239059397
31 60 1.2469225801162898
31 61 1.3476904963580545
31 62 1.335409166616256
31 63 1.2968225113564844
31 64 1.4039935335595262
31 65 1.3577642193361674
31 66 1.297398676605417
31 67 1.341519652921906
31 68 1.3381317956276138
31 69 1.2257434355607153
31 70 1.4733837467771158
31 71 1.4555047156548908
31 72 1.25932846170572
31 73 1.4007145280862205
31 74 1.424544206012918
31 75 1.34118143928934
31 76 1.265926712628334
31 77 1.4022801376411125
31 78 1.2243098032357813
31 79 1.3112023324429083
31 80 1.3996287931013784
31 81 1.2441962054284357
31 82 1.402818569845114
31 83 1.4184782455178226
31 84 1.3268000468743861
31 85 1.346337847369351
31 86 1.500136798728124
31 87 1.3713645655464235
31 88 1.22274293420641
31 89 1.3587344238235899
32 33 1.2894341033980676
32 34 1.279752515428177
32 35 1.3855131189202683
32 36 1.3255650951893503
32 37 1.4358248186392117
32 38 1.3474455881498368
32 39 1.273507127769214
32 40 1.4927527646625627
32 41 1.2458960385451072
32 42 1.0719894250499
32 43 1.2402913979261967
32 44 1.2990706029180794
32 45 1.3878526849761492
32 46 1.3997583964606872
32 47 1.1844335241144133
32 48 1.3724215788826628
32 49 1.2866485552743783
32 50 1.394707815778434
32 51 1.4112165437285171
32 52 1.1671202310901092
32 53 1.1827389200109892
32 54 1.3441893332764479
32 55 1.2969164742567427
32 56 1.262579772511272
32 57 1.2658981921943013
32 58 1.2239561391208709
32 59 1.168519784330707
32 60 1.4664234544380386
32 61 1.3216226278596532
32 62 1.3248650020700705
32 63 1.4369256498613612
32 64 1.2821863970052958
32 65 1.361891095307567
32 66 1.2571888520503058
32 67 1.381594969531739
32 68 1.3411988185415318
32 69 1.5019459193218956
32 70 1.376254559143514
32 71 1.309967655374907
32 72 1.4503885979786173
32 73 1.3141612515460968
32 74 1.1987441274622372
32 75 1.1421137139494035
32 76 1.17593411758959
32 77 1.3692280862283497
32 78 1.491902517301573
32 79 1.344411502938851
32 80 1.1754146653175424
32 81 1.2910046563346078
32 82 1.1724934763564918
32 83 1.1907917333192983
32 84 1.3874038022282076
32 85 1.3107509044228485
32 86 1.3323372474796729
32 87 1.336508822147813
32 88 1.478949445376325
32 89 1.3192147286570703
33 34 1.3220758044139747
33 35 1.2884326019818715
33 36 1.2390650505958618
33 37 1.0301759303000462
33 38 1.417316207087639
33 39 1.512569629759765
33 40 1.3251965296225707
33 41 1.3083138839301627
33 42 1.2639171824341628
33 43 1.2276802553023303
33 44 1.257079017751548
33 45 1.2912094240511174
33 46 1.3563536167334995
33 47 1.2246062266508848
33 48 1.3499485803521405
33 49 1.275549120378666
33 50 1.3074518008925373
33 51 1.392456909779954
33 52 1.3090583267089677
33 53 1.313332587276481
33 54 1.3292540743878984
33 55 1.2194898498722213
33 56 1.2910890660683063
33 57 1.3416798789965896
33 58 1.3449494810969014
33 59 1.2737050537764059
33 60 1.272093755793597
33 61 1.2904562128015378
33 62 1.4627935347975363
33 63 1.3343118985490374
33 64 1.3240745530034959
33 65 1.2790899022046702
33 66 1.237627663394216
33 67 1.4232879453761367
33 68 1.274683248522517
33 69 1.2931165129591087
33 70 1.5593028674766691
33 71 1.4117011563638977
33 72 1.2570755815453627
33 73 1.3245084422212858
33 74 1.3080862507754312
33 75 1.2373251256926954
33 76 1.2911140113062292
33 77 1.3513658262174169
33 78 1.3684879722631116
33 79 1.3393713762968502
33 80 1.3234216792793192
33 81 1.3001889924397037
33 82 1.1570504932312158
33 83 1.2770564728491658
33 84 1.399531618847725
33 85 1.0308350476956034
33 86 1.3336214198026377
33 87 1.4565445214573873
33 88 1.237240487427165
33 89 1.4247745739625657
34 35 1.2305021094301731
34 36 1.1920088682529335
34 37 1.3907338947163004
34 38 1.3005629103450103
34 39 1.234456265283665
34 40 1.1635292736576734
34 41 1.3209814793015198
34 42 1.270861230527722
34 43 1.2931890252153762
34 44 1.227059253089437
34 45 1.3148986130467495
34 46 1.2370346418778433
34 47 1.3423182120949715
34 48 1.2976597834466415
34 49 1.3442795020898588
34 50 1.4599568306428894
34 51 1.3351463192500368
34 52 1.1677154636159233
34 53 1.1720092961973845
34 54 1.1767611645558118
34 55 1.2488351129215545
34 56 1.1469143143508587
34 57 1.2339565245106008
34 58 1.3163750047172167
34 59 1.1035251723295667
34 60 1.4388715606884706
34 61 0.9770355595593918
34 62 1.272114384041062
34 63 1.4871964874023869
34 64 1.2835023793883749
34 65 1.2345512608400162
34 66 1.158931147285208
34 67 1.2901426619821252
34 68 1.2650739890473386
34 69 1.465532611768018
34 70 1.2919297649263135
34 71 1.187504483826697
34 72 1.5212614267031481
34 73 1.3718778524119213
34 74 1.1073075604889115
34 75 1.1812552567050612
34 76 1.1008228428768947
34 77 1.2229199502862538
34 78 1.2978665894802504
34 79 1.3138376909487026
34 80 1.1437485383194947
34 81 1.3776911509198477
34 82 1.2183591150973785
34 83 1.1443953347213462
34 84 1.3818731418287882
34 85 1.2592270243344714
34 86 1.2819137783908565
34 87 1.2585924837268745
34 88 1.4616868750879504
34 89 1.2462038771840163
35 36 1.263072555464681
35 37 1.3303841696786178
35 38 1.395129274760263
35 39 1.3265399817286632
35 40 1.162682565821515
35 41 1.2638422455066403
35 42 1.388587103588427
35 43 1.432065889728379
35 44 1.338810933494811
35 45 1.3990183365171716
35 46 1.3218899764157266
35 47 1.3766134243640311
35 48 1.3189369211296207
35 49 1.38430278013078
35 50 1.2659285893254781
35 51 1.3167088661964175
35 52 1.317744767463966
35 53 1.3511581604328455
35 54 1.4164508657547572
35 55 1.3153022804743635
35 56 1.3316010212127614
35 57 1.351688562145551
35 58 1.3319270603047333
35 59 1.2792000498636447
35 60 1.1906950173654824
35 61 1.2087934819730366
35 62 1.3243701556253444
35 63 1.3171785705475245
35 64 1.3441589931056963
35 65 1.4353085349847647
35 66 1.3146686054404948
35 67 1.3876471941355548
35 68 1.2106141107798698
35 69 1.2249373911743906
35 70 1.3214428808626275
35 71 1.365776129292963
35 72 1.2262699088865607
35 73 1.2807273504419623
35 74 1.3509394657800495
35 75 1.3064339500255966
35 76 1.302133203395324
35 77 1.37151822944239
35 78 1.0049187480203483
35 79 1.2705334603810956
35 80 1.3194977175567122
35 81 1.3418832740817233
35 82 1.2986182031710454
35 83 1.342221426095591
35 84 1.4173517949310144
35 85 1.2868511905071474
35 86 1.493092420572368
35 87 1.437201934960878
35 88 1.212395267626406
35 89 1.2485667494776627
36 37 1.2843333920969562
36 38 1.2366280477070846
36 39 1.2523643820577381
36 40 1.3121086102212047
36 41 1.32180233424795
36 42 1.215546401806529
36 43 1.2912267360590883
36 44 0.7801106541420071
36 45 1.294672944542708
36 46 1.2548264738576642
36 47 1.4033222452417589
36 48 1.2045827599623173
36 49 1.2103851304539208
36 50 1.3583949040686754
36 51 1.3841390203533146
36 52 1.0992559683694723
36 53 1.177919248495333
36 54 1.177988586289632
36 55 1.283647247507251
36 56 1.1262515986418737
36 57 1.1691522667009149
36 58 1.2458873744158063
36 59 1.0742432992718147
36 60 1.3670422833073173
36 61 1.2293458321577735
36 62 1.2354971047752534
36 63 1.5584700063011416
36 64 1.1622607826571543
36 65 1.2054352595111026
36 66 1.059738991358177
36 67 1.3630084284149766
36 68 1.2422753257706285
36 69 1.3555671435740868
36 70 1.3157322834826333
36 71 1.1992121295646292
36 72 1.3661316724836328
36 73 1.2899581236943916
36 74 1.1082456518684973
36 75 1.166197301573548
36 76 1.1369944162142402
36 77 1.2822573444425454
36 78 1.3162014911045272
36 79 0.9963734783286955
36 80 1.1887764943483448
36 81 1.321779629786092
36 82 1.2474802652670631
36 83 1.0430902788273644
36 84 1.4385238943699017
36 85 1.2275919021156032
36 86 1.310170080859237
36 87 1.437265372952775
36 88 1.3671914205316114
36 89 1.1780618284708646
37 38 1.3126201889680547
37 39 1.4306994075936188
37 40 1.2183035786622345
37 41 1.3124295102119314
37 42 1.3554882690553975
37 43 1.253385553702335
37 44 1.3123559003829517
37 45 1.3582115142035174
37 46 1.3492735891047634
37 47 1.3620676511370393
37 48 1.3391795545923304
37 49 1.2991354891902869
37 50 1.3028528596422744
37 51 1.3728079625922445
37 52 1.426117654900366
37 53 1.4731440120890147
37 54 1.360584151681529
37 55 1.3621738898874192
37 56 1.4600645884931347
37 57 1.3319147445009303
37 58 1.3214886814719755
37 59 1.3239035784725959
37 60 1.1363680808430665
37 61 1.4123087893461317
37 62 1.3391414496530236
37 63 1.3621082557064217
37 64 1.3397718486304664
37 65 1.2909353079011936
37 66 1.4364241937289748
37 67 1.4643821203799348
37 68 1.2329005714250683
37 69 1.121964374643033
37 70 1.4828039101283708
37 71 1.3937404622160878
37 72 1.1051386099020704
37 73 1.3462257578086816
37 74 1.4607237037090988
37 75 1.3545176467423554
37 76 1.3700355426185438
37 77 1.3590555846065613
37 78 1.3719361273698825
37 79 1.375572645287673
37 80 1.4849253980665276
37 81 1.3644746220649369
37 82 1.2178289287342374
37 83 1.4725696014613623
37 84 1.4098741057641624
37 85 1.1162635431453205
37 86 1.4636328117821942
37 87 1.4077175348267414
37 88 1.1152544838341876
37 89 1.2889953332689206
38 39 1.3596754632933654
38 40 1.2785519101950904
38 41 1.3297376644912133
38 42 1.2263684541404647
38 43 1.333023936319089
38 44 1.149254822735847
38 45 1.2800083399276387
38 46 1.3741375655867236
38 47 1.43542904866389
38 48 1.2735359446806147
38 49 1.2256751431278627
38 50 1.3163481417402332
38 51 1.4273490109480658
38 52 1.2178411690362982
38 53 1.190592567791159
38 54 1.225039611467037
38 55 1.3957176619144824
38 56 1.1705732205906318
38 57 1.2290877239246165
38 58 1.2209820854404914
38 59 1.1702557939121458
38 60 1.3215568943178484
38 61 1.3436715693908265
38 62 1.329969450624482
38 63 1.5183252979777182
38 64 1.256854208842627
38 65 1.3614677678949691
38 66 1.2125933743869524
38 67 1.2864915180399727
38 68 1.3313792243388527
38 69 1.3570579847302888
38 70 1.3100152239957763
38 71 1.3049587536465779
38 72 1.2578452837635692
38 73 1.4583146144028496
38 74 1.1639961798650094
38 75 1.2889982724580809
38 76 1.1600529173495082
38 77 1.2571600728988213
38 78 1.423424841968894
38 79 1.3725357746337228
38 80 1.2318580666972445
38 81 1.3481983890337
38 82 1.3053329993100642
38 83 1.2539430829313685
38 84 1.3877085059858991
38 85 1.3471925087390164
38 86 1.4296415354703074
38 87 1.3018875053461985
38 88 1.2538282225539092
38 89 1.364344042084777
39 40 1.3516012953489251
39 41 1.36510258539577
39 42 1.2729047906109772
39 43 1.315478803984752
39 44 1.3229373876118233
39 45 1.5156586202928017
39 46 1.435792521918877
39 47 1.352361697662693
39 48 1.309526467545997
39 49 1.2780757689613822
39 50 1.440663559961905
39 51 1.3670774693168335
39 52 1.1920307466498834
39 53 1.2102101912649879
39 54 1.2950217829864408
39 55 1.322635156772575
39 56 1.2619433083463598
39 57 1.1900436097878244
39 58 1.1857336488108916
39 59 1.1768323308707236
39 60 1.4689401445639296
39 61 1.3203524826962545
39 62 0.9384337755899474
39 63 1.4152856955300397
39 64 1.1979879759708163
39 65 1.340065475089433
39 66 1.228556627763606
39 67 1.22977408611541
39 68 1.3947710699788403
39 69 1.4824529671738742
39 70 1.1740734790404626
39 71 1.1116320363889158
39 72 1.519850663984146
39 73 1.3331274249170815
39 74 1.2185489839457182
39 75 1.3162402125297525
39 76 1.137971601761476
39 77 1.283814162720235
39 78 1.3723357838811874
39 79 1.1292653678671334
39 80 1.200781867063591
39 81 1.4171479815330392
39 82 1.33356459398913
39 83 1.2252779050199538
39 84 1.3784635905142586
39 85 1.3995161609858444
39 86 1.372837087384046
39 87 1.2110187149572265
39 88 1.4650315557627318
39 89 0.968416992155789
40 41 1.349533378447384
40 42 1.4253602287287745
40 43 1.4511530218101534
40 44 1.2871320497150065
40 45 1.3492579174732904
40 46 1.2253829305160042
40 47 1.4731275700444386
40 48 1.356224674736129
40 49 1.2880998428958712
40 50 1.4292857820468188
40 51 1.0933866758166308
40 52 1.3541236042255589
40 53 1.412837492414291
40 54 1.3358819080737816
40 55 1.3789909689384414
40 56 1.34301127651551
40 57 1.2780917953098194
40 58 1.3380336048843124
40 59 1.3193800197625187
40 60 1.3061029311671093
40 61 1.1939571986645197
40 62 1.370653928124481
40 63 1.3600474528588415
40 64 1.345509944957763
40 65 1.3771701971228616
40 66 1.3765492668897064
40 67 1.3317968587859779
40 68 1.1035096365412207
40 69 1.2825749000871365
40 70 1.4130507952179598
40 71 1.3150489550966025
40 72 1.3487194336981085
40 73 1.4157607770283551
40 74 1.3546397178808878
40 75 1.3464212554367945
40 76 1.3297808013051902
40 77 1.3991919211878936
40 78 1.1474816571167192
40 79 1.3395752422017517
40 80 1.393444234018277
40 81 1.4348109647018101
40 82 1.310054650870283
40 83 1.313903586503026
40 84 1.4216713354723851
40 85 1.3080093029491273
40 86 1.3630459868606961
40 87 1.3762744766132564
40 88 1.254559447156655
40 89 1.3012824665833813
41 42 1.3282872563032002
41 43 1.336819763495722
41 44 1.3210426539027929
41 45 1.4060850623010837
41 46 1.3792215201645952
41 47 1.345712030328167
41 48 1.4011419040609423
41 49 1.4036288693749799
41 50 1.384581860938861
41 51 1.3782120802528486
41 52 1.3170978935193423
41 53 1.231766643238504
41 54 1.3610828428971338
41 55 1.34306036558709
41 56 1.292908507657686
41 57 1.380056354502593
41 58 1.2961221120433528
41 59 1.2299691066003928
41 60 1.2993754068391752
41 61 1.4143628888644142
41 62 1.3520213612446015
41 63 1.331703501223625
41 64 1.3021646435376284
41 65 1.362708309962447
41 66 1.3207313948999102
41 67 1.3617889243002714
41 68 1.3138503221252986
41 69 1.3106867385642251
41 70 1.2914628630506972
41 71 1.337270023104045
41 72 1.2888989523392187
41 73 1.4011317974208573
41 74 1.2856462059715015
41 75 1.3436171478838017
41 76 1.288231329918858
41 77 1.3799493698183896
41 78 1.3235720325217695
41 79 1.3002687201464203
41 80 1.310077166225676
41 81 1.3476878989851804
41 82 1.271476251544087
41 83 1.2921971553596885
41 84 1.413657787190076
41 85 1.2413038954210593
41 86 1.4582640529963427
41 87 1.381641361024918
41 88 1.2732640935539974
41 89 1.273404769525517
42 43 1.145541744547725
42 44 1.1760511056714837
42 45 1.409861183096436
42 46 1.3706604525938875
42 47 1.05618660925889
42 48 1.3970718951885546
42 49 1.1625519843394458
42 50 1.4776389830731596
42 51 1.4515129581982518
42 52 1.1211860128281916
42 53 1.081761444734271
42 54 1.3020289886275536
42 55 1.2904028036552868
42 56 1.106628214940429
42 57 1.107203978717712
42 58 1.0788017837045492
42 59 1.0099933263084762
42 60 1.4691076965287486
42 61 1.269592081939593
42 62 1.2409853270574192
42 63 1.4978136888825038
42 64 1.2479276494670253
42 65 1.3702788525869567
42 66 1.0865183298779735
42 67 1.400324434605223
42 68 1.3422080791600086
42 69 1.4772184605430823
42 70 1.332280447310315
42 71 1.2839333039588572
42 72 1.4780161858493437
42 73 1.3195894598891327
42 74 1.0520799250770472
42 75 1.0645259016561839
42 76 1.0538086447351607
42 77 1.2627777343141484
42 78 1.4755696894944859
42 79 1.2779647627364352
42 80 1.0528630238102616
42 81 1.1522916414707352
42 82 1.2462120171242592
42 83 1.0864111493595765
42 84 1.463519395436352
42 85 1.3217326947107098
42 86 1.330266461741197
42 87 1.4198557229217148
42 88 1.4417678518040602
42 89 1.2677677020114673
43 44 1.2392465386341756
43 45 1.2997100536833046
43 46 1.2428715523146245
43 47 1.2830301457112676
43 48 1.3953959324386644
43 49 1.1655545283714357
43 50 1.4786393322736788
43 51 1.4273625785999144
43 52 1.2450864786393547
43 53 1.1417449440620833
43 54 1.1581247794795768
43 55 1.22843601841669
43 56 1.1928274635999232
43 57 1.133943537674496
43 58 1.1619920978370966
43 59 1.0881860480103116
43 60 1.435719879638002
43 61 1.2845954156959452
43 62 1.2093237705731033
43 63 1.475727687332055
43 64 1.2716617074942707
43 65 1.305077164565338
43 66 1.2155844238944797
43 67 1.3582302600607754
43 68 1.3608936225009147
43 69 1.4343930994852938
43 70 1.3124360903137455
43 71 1.2819948970440014
43 72 1.4276142482138905
43 73 1.3633835766317437
43 74 1.1673426369529865
43 75 1.186921461546981
43 76 1.2237680605121055
43 77 1.2691988988129976
43 78 1.4311479896412882
43 79 1.3158845181370662
43 80 1.234227636551863
43 81 1.3755258221894435
43 82 1.3129663077102491
43 83 1.1677058122188064
43 84 1.3702434101653962
43 85 1.323163594076891
43 86 1.3495961783285557
43 87 1.346650767695165
43 88 1.4293734952273929
43 89 1.363789011939821
44 45 1.2665672252719633
44 46 1.2727391217664177
44 47 1.3763151401824365
44 48 1.2878617845627902
44 49 1.158777546824226
44 50 1.3765006465226437
44 51 1.4035875615136533
44 52 1.1568987997437081
44 53 1.1833977265104156
44 54 1.2119522614449025
44 55 1.3066486533745763
44 56 1.1414183332262204
44 57 1.1154635596471874
44 58 1.1919253506434124
44 59 1.0505692562532323
44 60 1.31745744408503
44 61 1.240820703837371
44 62 1.3061061797504052
44 63 1.440451869151447
44 64 1.2110254403067255
44 65 1.221037327227116
44 66 1.1579907707629606
44 67 1.3415393597569
44 68 1.3217037719830675
44 69 1.3357023512286652
44 70 1.3613280017987526
44 71 1.2410314952249202
44 72 1.336058013175025
44 73 1.3000926680091138
44 74 1.1508216228172192
44 75 1.2515692460337213
44 76 1.173712055271849
44 77 1.2956039780065098
44 78 1.2985907444473068
44 79 1.0278360245357543
44 80 1.2160540982611818
44 81 1.3262818877207991
44 82 1.2453672826998616
44 83 1.1188163746631656
44 84 1.325545800459457
44 85 1.2283687688305742
44 86 1.3240738819692628
44 87 1.38792690759294
44 88 1.3351048758173691
44 89 1.2250946853939595
45 46 1.2581677857533866
45 47 1.4309071550784067
45 48 1.37914245011313
45 49 1.3077828783564416
45 50 1.2762138972600778
45 51 1.3878339098929788
45 52 1.2997098251356949
45 53 1.2737376362355486
45 54 1.0585745426309572
45 55 1.427707094807321
45 56 1.2429311501366804
45 57 1.3529511698006127
45 58 1.399885807461332
45 59 1.286207108541441
45 60 1.4277081212540725
45 61 1.2524501663331478
45 62 1.4105142609060075
45 63 1.607527297727128
45 64 1.3164346953778228
45 65 1.2299024618226553
45 66 1.2022979802465474
45 67 1.4149034919489987
45 68 1.3698962980317326
45 69 1.4459750992663052
45 70 1.4150154448598917
45 71 1.2921549956525666
45 72 1.3871587775386212
45 73 1.4465734163217188
45 74 1.2298978836225638
45 75 1.3068581918300601
45 76 1.3235461106305553
45 77 1.0514018840041937
45 78 1.373049247364592
45 79 1.3208157536403253
45 80 1.3151625701109684
45 81 1.3771242224920255
45 82 1.2878258128379387
45 83 1.3233847753273216
45 84 1.4508958930395075
45 85 1.2941321001804686
45 86 1.3395316968827515
45 87 1.4517512991479535
45 88 1.427090272727713
45 89 1.4626641287227184
46 47 1.375702542704954
46 48 1.4682700613952215
46 49 1.2267463883418819
46 50 1.3753161131367935
46 51 1.3385781791575075
46 52 1.3381826261383807
46 53 1.320028206145842
46 54 1.181324986704902
46 55 1.3421864431584567
46 56 1.3137156607921718
46 57 1.2444030750809443
46 58 1.3291963928040742
46 59 1.2312994675073639
46 60 1.298557010468375
46 61 1.2765885629288944
46 62 1.3789284134222
46 63 1.4593225149626385
46 64 1.3222280610834916
46 65 1.1261017452502775
46 66 1.2467625467085162
46 67 1.4190312686283377
46 68 1.2453512620694207
46 69 1.2858360214956
46 70 1.3886619237928954
46 71 1.3651083598211442
46 72 1.2894559090955184
46 73 1.4268413450339956
46 74 1.3219233978097815
46 75 1.3481081779471509
46 76 1.3139196887276225
46 77 1.385108807976083
46 78 1.2475195369769954
46 79 1.3414792545083742
46 80 1.3193666533569735
46 81 1.4445813949194806
46 82 1.2678805321239814
46 83 1.2788592197338953
46 84 1.4313081064061768
46 85 1.3780078017776582
46 86 1.3688670380128423
46 87 1.431675486232824
46 88 1.2981726067743724
46 89 1.4622998216860799
47 48 1.4892723718203273
47 49 1.2788714454585015
47 50 1.4104807660588026
47 51 1.2777927675051979
47 52 1.1930494416931479
47 53 1.1105002872985124
47 54 1.335936550753771
47 55 1.2922800228334543
47 56 1.2266936087255522
47 57 1.2905693578875264
47 58 1.3013453366516814
47 59 1.3078341902929285
47 60 1.3510284414363605
47 61 1.3555686671506382
47 62 1.4077526409569305
47 63 1.3626685718658647
47 64 1.3292212984956746
47 65 1.3252307771987926
47 66 1.2451291329811671
47 67 1.4426725083369487
47 68 1.4104798287543001
47 69 1.4151597098721231
47 70 1.4496334504355721
47 71 1.4706536392469935
47 72 1.424620088237639
47 73 1.4155853568367227
47 74 1.2273477821651915
47 75 1.2275194901168514
47 76 1.2932676496986724
47 77 1.3731511137562988
47 78 1.424707330292933
47 79 1.3211745043850738
47 80 1.1627396851870668
47 81 0.9871737497533999
47 82 1.2752568925300776
47 83 1.2114104623238249
47 84 1.4233796471886149
47 85 1.2049990913286561
47 86 1.387949706455373
47 87 1.439558856495482
47 88 1.3546144272872291
47 89 1.4515518260275093
48 49 1.3212084037570642
48 50 1.27149039693635
48 51 1.3591351520721207
48 52 1.3370694856248666
48 53 1.3899378301521303
48 54 1.3819796977477259
48 55 1.4189834520213898
48 56 1.4343061770763519
48 57 1.307385569591113
48 58 1.2716253206021453
48 59 1.1885607684997435
48 60 1.2486799701646674
48 61 1.3782188504948134
48 62 1.1963766379103045
48 63 1.3393261056983272
48 64 1.3197489869015058
48 65 1.3252725693388525
48 66 1.417450192452967
48 67 1.3852221650460845
48 68 1.341303377331477
48 69 1.1698583744017796
48 70 1.291098187477398
48 71 1.4237994727725094
48 72 1.239853188296772
48 73 1.3777212979238112
48 74 1.4000364308536488
48 75 1.3501508225684535
48 76 1.1623173734900794
48 77 1.2581044823600427
48 78 1.269503924720235
48 79 1.1726340437522664
48 80 1.4371194734116015
48 81 1.4906129465642652
48 82 1.2505914919584356
48 83 1.422558498961218
48 84 1.3752502621725868
48 85 1.2736453685434241
48 86 1.2903619734702767
48 87 1.331122352927479
48 88 1.2236405304764566
48 89 1.1790654187308611
49 50 1.3781046806678308
49 51 1.3922514324626705
49 52 1.246608037054551
49 53 1.2250932101173186
49 54 1.1755257201075346
49 55 1.3153983321163567
49 56 1.2135105753112339
49 57 0.934517550694236
49 58 1.0708986397793179
49 59 1.1210797314101635
49 60 1.3657626441904624
49 61 1.3089996847525607
49 62 1.2283852212272046
49 63 1.4511226324588433
49 64 1.2526523362723723
49 65 1.3527625319935364
49 66 1.2398129997308398
49 67 1.2942140162009936
49 68 1.323073941484672
49 69 1.3621743388274636
49 70 1.349782360420927
49 71 1.2652124630484214
49 72 1.3750481640621701
49 73 1.258814257940351
49 74 1.188249624282249
49 75 1.1606032885907853
49 76 1.2036414506011588
49 77 1.1764889843491113
49 78 1.3757656083193528
49 79 1.1879061097240278
49 80 1.2741806317117765
49 81 1.2797971894545048
49 82 1.1805860006822024
49 83 1.2043575035897296
49 84 1.3842729858583396
49 85 1.3142571677273023
49 86 1.4033991886756427
49 87 1.4420680607454612
49 88 1.3323316572087336
49 89 1.244138951632769
50 51 1.4819635784527243
50 52 1.49672111974474
50 53 1.4108969625468712
50 54 1.4019778382867925
50 55 1.4307419666362897
50 56 1.531462457999486
50 57 1.4512763179906367
50 58 1.439267734399932
50 59 1.4493054300678458
50 60 1.1749850154082382
50 61 1.4201257917094252
50 62 1.4833479262291478
50 63 1.3429511935129022
50 64 1.3664506488954096
50 65 1.3271398095066336
50 66 1.4333076834792549
50 67 1.4679305222245245
50 68 1.357599154363633
50 69 1.1733290946628339
50 70 1.4289748199084047
50 71 1.4558191244834369
50 72 1.137856662893661
50 73 1.4287300601435104
50 74 1.5612018282206708
50 75 1.293828766933588
50 76 1.3787728810540492
50 77 1.4061282010884206
50 78 1.339856656387907
50 79 1.3423333165507223
50 80 1.5178273609736836
50 81 1.3583887394012086
50 82 1.2864582450509003
50 83 1.538319871174294
50 84 1.5202265531563008
50 85 1.1187293136090566
50 86 1.4116665556134669
50 87 1.3943358358676126
50 88 1.1457212508113042
50 89 1.4474856463370571
51 52 1.3218015349897019
51 53 1.3661764290935268
51 54 1.3238152304714104
51 55 1.3991586656615784
51 56 1.3276557859039801
51 57 1.3433929278023404
51 58 1.4127979152422834
51 59 1.4122278388541882
51 60 1.47295351903276
51 61 1.2775834003747493
51 62 1.408143544852246
51 63 1.3027539464304403
51 64 1.2761748613993744
51 65 1.3599272400188929
51 66 1.4531132017593993
51 67 1.263448672665881
51 68 1.2940360257912793
51 69 1.4201088479830262
51 70 1.3409364085293942
51 71 1.475636182112009
51 72 1.443774577493326
51 73 1.4456685955330335
51 74 1.3407622487928403
51 75 1.4307545222934812
51 76 1.4107131713405106
51 77 1.4074270440965537
51 78 1.3300845035156754
51 79 1.2974964321745341
51 80 1.3281120161413924
51 81 1.4230328977218236
51 82 1.3967720733207756
51 83 1.3343798642889237
51 84 1.386700699593795
51 85 1.4159387004598203
51 86 1.3492173997744685
51 87 1.4512400089350297
51 88 1.4216029078144385
51 89 1.355903185539227
52 53 0.8653505207321971
52 54 1.1320582621022748
52 55 1.280625365399572
52 56 0.6883216305726065
52 57 1.082365243463648
52 58 1.1485370705685694
52 59 1.0755764026369006
52 60 1.5196718554179203
52 61 1.1401384521865932
52 62 1.2458873591550963
52 63 1.6057100300073777
52 64 1.0954080480664077
52 65 1.2724819190682868
52 66 0.811229053951333
52 67 1.277613247165405
52 68 1.274247167361907
52 69 1.5609736023546261
52 70 1.2886562449530266
52 71 1.181103336790656
52 72 1.5321203817636364
52 73 1.35544247333182
52 74 0.6482576183788022
52 75 1.187822320502507
52 76 1.0841264833948803
52 77 1.2001313680344494
52 78 1.3851902960504938
52 79 1.068448449400297
52 80 0.5731492126015049
52 81 1.193228170197869
52 82 1.2415147900524826
52 83 0.7090367590712323
52 84 1.3552167626798837
52 85 1.2517208622662632
52 86 1.2535838559349273
52 87 1.3189995463096278
52 88 1.5266485523293445
52 89 1.163993161015167
53 54 1.058924401359301
53 55 1.25462055215598
53 56 0.7846274241998459
53 57 1.180554841899509
53 58 1.2220829749851019
53 59 1.0383238725617692
53 60 1.492018810167453
53 61 1.1600405536213394
53 62 1.2986238384248816
53 63 1.5491068997975
53 64 1.1831174141742515
53 65 1.2954096732904998
53 66 0.8736627355291894
53 67 1.302985995878743
53 68 1.346951979192988
53 69 1.542110959557397
53 70 1.254120867381497
53 71 1.2144320608646202
53 72 1.4889190408577975
53 73 1.3584041815248202
53 74 0.7458472733776049
53 75 1.1666098253206691
53 76 0.9868623544937022
53 77 1.1914660262205288
53 78 1.3706085864041135
53 79 1.1778871603280832
53 80 0.822992948901764
53 81 1.185286430989121
53 82 1.2558654542949514
53 83 0.8485741947350381
53 84 1.3787792486715058
53 85 1.2894888174619041
53 86 1.3684215513014355
53 87 1.3366014329623446
53 88 1.4428544834471546
53 89 1.3238820105663356
54 55 1.314746121972749
54 56 1.1222429654735857
54 57 1.1336547324978852
54 58 1.4102684952788778
54 59 1.1122292520386523
54 60 1.3610108127232539
54 61 1.1519404614375328
54 62 1.2841747591571626
54 63 1.5344602955866207
54 64 1.2058639065230496
54 65 1.2200524389210543
54 66 1.0770810902256827
54 67 1.3422870140404055
54 68 1.2858917960691083
54 69 1.4587737290629987
54 70 1.3476478408638413
54 71 1.2209228620752495
54 72 1.425811774713806
54 73 1.3269530892668793
54 74 1.0684166238384925
54 75 1.2509579845566483
54 76 1.1730152270166438
54 77 1.0729455538738537
54 78 1.3626354829679133
54 79 1.288597410766316
54 80 1.172354067904644
54 81 1.3945111834563342
54 82 1.234301603993137
54 83 1.0867925539144072
54 84 1.4015002340019318
54 85 1.2357474236605925
54 86 1.4488024473765861
54 87 1.4402485617215788
54 88 1.4037167057539677
54 89 1.3325355734016981
55 56 1.2662257449321752
55 57 1.2332749524792508
55 58 1.2721639462820653
55 59 1.2573522208431962
55 60 1.3566446947697288
55 61 1.1854649272843314
55 62 1.3270574029357163
55 63 1.4255163308213592
55 64 1.1314935660122694
55 65 1.1697448676175544
55 66 1.2501289849786452
55 67 1.2546587351571286
55 68 1.2380777956640652
55 69 1.383360923765102
55 70 1.3963454599249023
55 71 1.2187307274488395
55 72 1.3922936198708653
55 73 1.10511139055225
55 74 1.2715077275311182
55 75 1.2206669931408698
55 76 1.1938952478687597
55 77 1.2801886384377763
55 78 1.3225412456616605
55 79 1.3251782730727666
55 80 1.2345688862212971
55 81 1.3206614254563178
55 82 1.0935804461984218
55 83 1.1815136768503285
55 84 1.3384006198849467
55 85 1.3032318171131054
55 86 1.330067876674076
55 87 1.2950958985479406
55 88 1.3675030856669903
55 89 1.4501676550311078
56 57 1.13016684571682
56 58 1.2062891823452937
56 59 1.0433521911794859
56 60 1.5999136910690634
56 61 1.1295922451823304
56 62 1.2951773207062458
56 63 1.6415199845272017
56 64 1.117997771189261
56 65 1.3063928320276625
56 66 0.7537441097342727
56 67 1.1992271021126641
56 68 1.2495612355205812
56 69 1.6241136598778831
56 70 1.2946783350635735
56 71 1.176547345795069
56 72 1.5727537418850608
56 73 1.3783705902231826
56 74 0.41382061794875813
56 75 1.143455326187456
56 76 1.0272291510757077
56 77 1.1894541008451
56 78 1.373518000617832
56 79 1.1337290869588128
56 80 0.5504982227839965
56 81 1.1836030771597121
56 82 1.30227561124124
56 83 0.5869508790433386
56 84 1.3159918686695715
56 85 1.3455690167762224
56 86 1.320456986836153
56 87 1.3520137278047606
56 88 1.5789034682513998
56 89 1.2230252737117273
57 58 0.9041915861791565
57 59 0.8006176773544764
57 60 1.3603232327723598
57 61 1.1753266829007638
57 62 1.1535945739473978
57 63 1.3953589946153366
57 64 1.0878532767491702
57 65 1.2712031522124476
57 66 1.1163795346722492
57 67 1.2300529423109876
57 68 1.1985631329617543
57 69 1.3735732109543055
57 70 1.2841965737493135
57 71 1.135887486528586
57 72 1.3738605543556333
57 73 1.2718906935161958
57 74 1.1080017326296987
57 75 1.1346393594015751
57 76 1.104336460038514
57 77 1.191708605859084
57 78 1.2652729681441985
57 79 1.046480056044037
57 80 1.0751882868771268
57 81 1.292861897806491
57 82 1.1474860711404415
57 83 1.0488968752755403
57 84 1.2893942140231036
57 85 1.3616790787984279
57 86 1.3230156760792744
57 87 1.3646557043366256
57 88 1.3122266134624074
57 89 1.074457938142105
58 59 0.9594841183394722
58 60 1.395679469950092
58 61 1.3460296191237089
58 62 1.129217512003795
58 63 1.471818982035401
58 64 1.1154887918906973
58 65 1.3698714653827535
58 66 1.1510235238773785
58 67 1.3106748610094328
58 68 1.2772551627469246
58 69 1.3292364797366298
58 70 1.2803153184342946
58 71 1.204181702420694
58 72 1.3254574931260206
58 73 1.342441040391187
58 74 1.176937431781367
58 75 1.1550653949358163
58 76 1.138703721678321
58 77 1.226793307900262
58 78 1.3356525401954855
58 79 1.03402104088081
58 80 1.1373947744510446
58 81 1.3275211410872594
58 82 1.18406385114806
58 83 1.1448289595810437
58 84 1.3777597601495921
58 85 1.3701877839113832
58 86 1.357754497590173
58 87 1.3328902391171156
58 88 1.3201028815439406
58 89 1.1669554364381507
59 60 1.2712111020522343
59 61 1.1475218224274677
59 62 1.1348961381395564
59 63 1.455334852827677
59 64 1.0935269543551833
59 65 1.240711558179416
59 66 1.023963039129604
59 67 1.302089541048204
59 68 1.1482295910467324
59 69 1.3160525086963835
59 70 1.2188996754905963
59 71 1.1905592458423737
59 72 1.3212534305824604
59 73 1.349202843164035
59 74 0.976895356062365
59 75 1.0240572153576413
59 76 0.9369411111718203
59 77 1.0913454932379003
59 78 1.1779153024106233
59 79 1.0903251207761608
59 80 1.0009320669638007
59 81 1.2163063211126366
59 82 1.0842970818852882
59 83 1.044644437774399
59 84 1.334639941547121
59 85 1.3063006562606594
59 86 1.2781533006123702
59 87 1.3839820360627049
59 88 1.2517161688532439
59 89 1.1049180859685857
60 61 1.4424439554203694
60 62 1.4574085819585905
60 63 1.2446037661947404
60 64 1.3769756649491967
60 65 1.3549553826842435
60 66 1.5605011296088938
60 67 1.4820125763782723
60 68 1.2279048343258
60 69 0.6162802176920265
60 70 1.401375970333491
60 71 1.445697306292171
60 72 0.634563655922282
60 73 1.3905011711447766
60 74 1.6023498623005838
60 75 1.349255325343965
60 76 1.4135428552953557
60 77 1.38407611799532
60 78 1.1454585198990541
60 79 1.4064835853435624
60 80 1.578876813385441
60 81 1.347213644789388
60 82 1.2882339683698678
60 83 1.60029935350532
60 84 1.3727692280718062
60 85 1.1767054316474377
60 86 1.5459201635989943
60 87 1.4767675901053392
60 88 0.6418726848217026
60 89 1.437037160713233
61 62 1.3423348464417701
61 63 1.3880199089722438
61 64 1.2209928196735491
61 65 1.2504688292862203
61 66 1.1663594707690326
61 67 1.1470607187095858
61 68 1.252962745115673
61 69 1.5006917930786485
61 70 1.343903628468093
61 71 1.22741902441312
61 72 1.476684418909875
61 73 1.2732998094587407
61 74 1.1077071734464126
61 75 1.1981352433079253
61 76 1.2323044869888893
61 77 1.212845464955774
61 78 1.2057812138865704
61 79 1.3054600388685296
61 80 1.1198378924610515
61 81 1.3302501838251337
61 82 1.2755625113279763
61 83 1.1086872424185226
61 84 1.3769766467245945
61 85 1.351433244273634
61 86 1.386981270520952
61 87 1.264327227509839
61 88 1.4190272098123613
61 89 1.2941863956749007
62 63 1.4206963853527597
62 64 1.2088570742059903
62 65 1.4233553366399185
62 66 1.2082455205147944
62 67 1.3206493448620893
62 68 1.3909322125708914
62 69 1.4232979614056425
62 70 1.1322663643677324
62 71 1.1425037002416532
62 72 1.4270502824270934
62 73 1.3251213770980346
62 74 1.2556562020351616
62 75 1.2477277472864894
62 76 1.0684698438983424
62 77 1.1748273464119925
62 78 1.377408334505476
62 79 1.0685706228227625
62 80 1.270980310459583
62 81 1.474848560296432
62 82 1.2738238244313715
62 83 1.2448112152863067
62 84 1.4279532685802263
62 85 1.3825003937215654
62 86 1.31738874832682
62 87 1.3546207582399372
62 88 1.4256936546861052
62 89 0.9933185836584847
63 64 1.4929338530469964
63 65 1.4878800143242408
63 66 1.6448219602437204
63 67 1.3327716532455152
63 68 1.4676300826383524
63 69 1.2120999304991646
63 70 1.4434598715012974
63 71 1.5741671707541796
63 72 1.251570608996098
63 73 1.4052254555517985
63 74 1.6481678801501418
63 75 1.5707092359689607
63 76 1.4500270834254425
63 77 1.546806449444427
63 78 1.3214024290077822
63 79 1.3890797396633126
63 80 1.5758888355407503
63 81 1.435966881800202
63 82 1.3693288669411765
63 83 1.595645448153868
63 84 1.3231187902565602
63 85 1.321588873862978
63 86 1.5529562348927068
63 87 1.3101276869438927
63 88 1.1952168392084295
63 89 1.390511889808419
64 65 1.3390514643500764
64 66 1.1181394682266907
64 67 1.3112426375643564
64 68 1.2362848753968527
64 69 1.3933203600178656
64 70 1.3356961800271654
64 71 1.1510672140991915
64 72 1.3710530749631205
64 73 1.3970899120210942
64 74 1.1458771152414993
64 75 1.2056613926025015
64 76 1.179589629758098
64 77 1.245318516898446
64 78 1.3245398807360695
64 79 1.2205055482323586
64 80 1.1072821796612236
64 81 1.3268772739596773
64 82 1.260403192036313
64 83 1.0300108339607084
64 84 1.3119960242943896
64 85 1.3539168398865191
64 86 1.306073220413038
64 87 1.3281596383107934
64 88 1.3532999469790004
64 89 1.2275529564582335
65 66 1.2427837198851561
65 67 1.372763773874404
65 68 1.258371777265506
65 69 1.3363205197669195
65 70 1.3702979029852584
65 71 1.3413426722869648
65 72 1.3478986677914628
65 73 1.1515852963443372
65 74 1.290476408964362
65 75 1.256848946835658
65 76 1.2659312383759194
65 77 1.2547915024873146
65 78 1.3315317320780047
65 79 1.2256740058406417
65 80 1.2653534736358356
65 81 1.3287070469851938
65 82 1.0670946869629225
65 83 1.2683936099163275
65 84 1.394642154809927
65 85 1.204376516954253
65 86 1.2975378636382122
65 87 1.3518714124039646
65 88 1.3510638732500861
65 89 1.3435166589716
66 67 1.3397564234215333
66 68 1.2415828681029968
66 69 1.5635334367709255
66 70 1.3314162465499715
66 71 1.1701405472003057
66 72 1.5235075838654848
66 73 1.379335277373322
66 74 0.7504453107437592
66 75 1.0868435302838748
66 76 1.057702928359106
66 77 1.180408287516895
66 78 1.3394796568849414
66 79 1.1550225044065372
66 80 0.7631204495901608
66 81 1.2259467409946219
66 82 1.1921667244036818
66 83 0.7657420991945623
66 84 1.4227476938022532
66 85 1.322326561303676
66 86 1.287905890552208
66 87 1.3833047741741091
66 88 1.5281501782838012
66 89 1.2752348673082963
67 68 1.3685706156242798
67 69 1.4974963551550105
67 70 1.2468268535681921
67 71 1.324126953526902
67 72 1.4311178131007136
67 73 1.2572382891743676
67 74 1.2439862715175047
67 75 1.3144418868002168
67 76 1.318402155036821
67 77 1.3724209615645153
67 78 1.3968801880625865
67 79 1.3257912020623641
67 80 1.192127937222208
67 81 1.3701234234629327
67 82 1.3425315184427136
67 83 1.2523557680317394
67 84 1.1207546599180633
67 85 1.4380542946066053
67 86 1.480924487224044
67 87 1.1200906638655306
67 88 1.3975504954461557
67 89 1.356300885840126
68 69 1.276672519440433
68 70 1.3962023020180194
68 71 1.2828547660997103
68 72 1.2719458854877554
68 73 1.3650604002001487
68 74 1.2953677995193966
68 75 1.2033855526489388
68 76 1.2939788433895123
68 77 1.3113885404120524
68 78 1.2781793037717601
68 79 1.3794394809138006
68 80 1.2742164640531937
68 81 1.372762249336051
68 82 1.2016301165479117
68 83 1.2640196605972842
68 84 1.354462847083065
68 85 1.2724535245396877
68 86 1.3684383691543618
68 87 1.4323922681860148
68 88 1.2496138626347042
68 89 1.3899496262284359
69 70 1.3676443734859247
69 71 1.4288214112011293
69 72 0.5252025643068977
69 73 1.436624420191599
69 74 1.6421829656985123
69 75 1.3854821901048984
69 76 1.415275339843933
69 77 1.4080712390637606
69 78 1.107170972025987
69 79 1.323565568244154
69 80 1.6298131893541103
69 81 1.3660409166792098
69 82 1.3003592091554836
69 83 1.6267986453913237
69 84 1.3810413865149038
69 85 1.2687476047478305
69 86 1.5277351498260063
69 87 1.4420663384089292
69 88 0.5829854636105509
69 89 1.433101198379681
70 71 1.2114275065396731
70 72 1.3701750330562634
70 73 1.295443888478429
70 74 1.254660112790115
70 75 1.3079814004871817
70 76 1.2078496155973155
70 77 1.2923803394349516
70 78 1.3814293481002495
70 79 1.1848675206176913
70 80 1.2917828677571097
70 81 1.427196169438858
70 82 1.2682164879389115
70 83 1.323874757977682
70 84 1.4306176607170134
70 85 1.4905015753265884
70 86 1.3845874974203982
70 87 1.2766409296273282
70 88 1.3783879125599334
70 89 1.1112928597808467
71 72 1.4385622799144282
71 73 1.2801043272049155
71 74 1.150129878093825
71 75 1.2403408956461295
71 76 1.163513822036041
71 77 1.216735693400042
71 78 1.370000960234595
71 79 1.2417908482517752
71 80 1.201956003368788
71 81 1.4588716268985815
71 82 1.3591618699223793
71 83 1.084139624746275
71 84 1.3861797062321282
71 85 1.4392510768249827
71 86 1.265294591430526
71 87 1.2242470716836602
71 88 1.439962773466424
71 89 1.097042051804696
72 73 1.4069592527191819
72 74 1.59836412880471
72 75 1.3275692566443942
72 76 1.4118911483505712
72 77 1.4257304342425658
72 78 1.1533278630781936
72 79 1.3311907163030916
72 80 1.5708820160589376
72 81 1.3657701879008683
72 82 1.276457595746809
72 83 1.5981706786875933
72 84 1.3482039999160993
72 85 1.2556386915154332
72 86 1.5575786587786469
72 87 1.421856417320782
72 88 0.5891500052512226
72 89 1.4419711268938513
73 74 1.367945525378667
73 75 1.2804432248765987
73 76 1.2447359210735602
73 77 1.3401189763071033
73 78 1.3525744765865215
73 79 1.241553296876316
73 80 1.3277422847102354
73 81 1.4363293960431214
73 82 1.0713194859940973
73 83 1.3035435197217193
73 84 1.3216123681762997
73 85 1.369004739599174
73 86 1.4136983803881296
73 87 1.3976930527957858
73 88 1.4302124941829502
73 89 1.3348040307234463
74 75 1.1066285234794548
74 76 0.963038084658705
74 77 1.1431888524709213
74 78 1.3995250179801484
74 79 1.155145048320567
74 80 0.5429229333846731
74 81 1.2034826164353583
74 82 1.260958720307684
74 83 0.5686785668293814
74 84 1.375522899401843
74 85 1.3644318123393042
74 86 1.3067564076096105
74 87 1.3368949702866755
74 88 1.5958968604306107
74 89 1.186913729484705
75 76 1.1213277431888387
75 77 1.2376756009951424
75 78 1.3563414103092677
75 79 1.2250435852283381
75 80 1.1051273855674808
75 81 1.2773470142509236
75 82 1.0729946912726651
75 83 1.1267783166852625
75 84 1.386439058150713
75 85 1.1805598870668423
75 86 1.298610729436584
75 87 1.381741512510611
75 88 1.3804835742351893
75 89 1.3197887531245682
76 77 1.1306530495552292
76 78 1.349275828952071
76 79 1.0535954418560631
76 80 0.9871020792185785
76 81 1.2790242119809951
76 82 1.0907607262288896
76 83 1.0212225141332014
76 84 1.472585137753998
76 85 1.3376785486546319
76 86 1.2950437461209905
76 87 1.3629412182560892
76 88 1.3985703737906092
76 89 1.0987705029729355
77 78 1.3401353477745408
77 79 1.2461083150692969
77 80 1.2133479537055434
77 81 1.3126140510436084
77 82 1.1970620510494392
77 83 1.2599101514989193
77 84 1.4270174223682484
77 85 1.3033603207303226
77 86 1.333205360065909
77 87 1.467364917944405
77 88 1.407336127658137
77 89 1.1985853426929567
78 79 1.2242503546659462
78 80 1.3853804055204022
78 81 1.3494930927497502
78 82 1.3075666102456454
78 83 1.3929907647185982
78 84 1.3242907659021153
78 85 1.3450442235581637
78 86 1.4155485157975944
78 87 1.4121139374156904
78 88 1.1234017649966495
78 89 1.3115767082221472
79 80 1.127765000462918
79 81 1.359086044906999
79 82 1.2145097833240004
79 83 1.1193442956023327
79 84 1.445799447026966
79 85 1.276417237108546
79 86 1.2957683820840213
79 87 1.3926137965139123
79 88 1.3260226190117996
79 89 0.9860340929861507
80 81 1.180084883894394
80 82 1.2365658319162562
80 83 0.6672532655350575
80 84 1.3386623253395318
80 85 1.3547564094679083
80 86 1.252233575442029
80 87 1.3516385380397709
80 88 1.569924399446923
80 89 1.2201620786699332
81 82 1.384198568767517
81 83 1.2875638765593067
81 84 1.4611858301047405
81 85 1.3175661377277605
81 86 1.312168224817483
81 87 1.5165780161625069
81 88 1.3258547952783568
81 89 1.376312335065871
82 83 1.2438366931452618
82 84 1.429629790685273
82 85 1.1301574515722603
82 86 1.3110410444780571
82 87 1.3342651814967614
82 88 1.2666349013210039
82 89 1.3227033547977267
83 84 1.3714391080340247
83 85 1.3378265546669978
83 86 1.2895548964833512
83 87 1.3184467220901526
83 88 1.5635392596778648
83 89 1.1982070495726376
84 85 1.415449422253692
84 86 1.5304315372419115
84 87 1.083825218946875
84 88 1.374080866121634
84 89 1.425059993894897
85 86 1.351958055915547
85 87 1.358926719151847
85 88 1.2121124387957942
85 89 1.3518946648273353
86 87 1.4718045854599815
86 88 1.530131752260369
86 89 1.3641341274881758
87 88 1.3738370493057117
87 89 1.3535286559761555
88 89 1.4362690687440298
