90 0
0 1 1.368749491565274
0 2 1.3848297489453445
0 3 1.3748786522010263
0 4 1.3544168015100326
0 5 1.3943358358676126
0 6 1.335923368100458
0 7 1.384581860938861
0 8 1.435344112557564
0 9 1.2614532010548694
0 10 1.4666798697142431
0 11 1.2328542773899724
0 12 1.267688954139607
0 13 1.3583949040686754
0 14 1.408148470572529
0 15 1.3305396614916285
0 16 1.405955942812036
0 17 1.3169595368650207
0 18 1.4507455115295174
0 19 1.3599797653210373
0 20 1.450236077070566
0 21 1.3412480040295394
0 22 1.5113179340697167
0 23 1.4321380195695115
0 24 1.3545848953400987
0 25 1.323259661340951
0 26 1.4819635784527243
0 27 1.0863569668732282
0 28 1.4251701850629708
0 29 1.4178037016045564
0 30 1.4685455367030622
0 31 1.297523063844957
0 32 1.186513367423445
0 33 1.4239301955533987
0 34 1.3517821147700955
0 35 1.3545565478475325
0 36 1.1969251816283724
0 37 1.394707815778434
0 38 1.4456429949460026
0 39 1.1721821229177987
0 40 1.3596357874132092
0 41 1.3956438402747595
0 42 1.4995950814223193
0 43 1.546118165349273
0 44 1.3163053993244322
0 45 1.3836015355772673
0 46 1.499313030391501
0 47 1.5307906732127623
0 48 1.4451597754008059
0 49 1.398614208499078
0 50 1.4436723818654673
0 51 1.4281199565515776
0 52 1.4308147360660892
0 53 1.3498477911312372
0 54 1.117652858177346
0 55 1.3051920295489061
0 56 1.4374696973847696
0 57 1.3579812657995962
0 58 1.5379409641114783
0 59 1.4637649854739365
0 60 1.4757346547954764
0 61 1.4432462176132843
0 62 1.496115243656836
0 63 1.4391637019806858
0 64 1.2689486468996103
0 65 1.4532321711119
0 66 1.4768741762793034
0 67 1.2864582450509003
0 68 1.4031200310170766
0 69 1.49672111974474
0 70 1.4476605586804145
0 71 1.3272835176680848
0 72 1.4163818202728293
0 73 1.21454741863539
0 74 1.3055736163243803
0 75 1.360933087738236
0 76 1.4177291684308202
0 77 1.3261222144415716
0 78 1.3507209821277046
0 79 1.1873388389096313
0 80 0.8098021318413753
0 81 1.4324207518175653
0 82 1.339710439197182
0 83 1.1943290806162963
0 84 1.5178273609736836
0 85 1.4474856463370571
0 86 1.2980806053616212
0 87 1.4874375015340777
0 88 1.2657001516251856
0 89 1.4558191244834369
1 2 1.3828260805785364
1 3 1.3289647376372091
1 4 1.3338619337989779
1 5 1.3916319068045415
1 6 1.2449953846409687
1 7 1.3659493058436032
1 8 1.2914298575637526
1 9 1.4632768495634472
1 10 1.3431685699170337
1 11 1.2831447080744196
1 12 1.233626639747785
1 13 1.2611135979927215
1 14 1.3039605624971264
1 15 1.3145802185403122
1 16 1.2102455166484476
1 17 1.364415867146081
1 18 1.2201508774076157
1 19 1.2691293976025504
1 20 1.4191055611275107
1 21 1.3609094746500328
1 22 1.337324684827778
1 23 1.2723303146198306
1 24 1.3374548699426994
1 25 1.311697103055897
1 26 1.2919279735223048
1 27 1.3342335256424753
1 28 1.3043297730118824
1 29 1.3559538099272908
1 30 1.2046768652906716
1 31 1.3302169579534504
1 32 1.3121140752479261
1 33 1.2889541223790812
1 34 1.3107687165938404
1 35 1.2997241184322452
1 36 1.3264243932903677
1 37 1.3843009190305924
1 38 1.3432469980259116
1 39 1.3540105726699427
1 40 1.3187171441053256
1 41 1.302255049262393
1 42 1.4335085877210543
1 43 1.447374036957957
1 44 1.3657590177430659
1 45 1.1154476634091974
1 46 1.2686807968471892
1 47 1.3538643044927197
1 48 1.2053784988235987
1 49 1.1750543480996052
1 50 1.2550026694515166
1 51 1.3091621125081117
1 52 1.2035765799580196
1 53 1.242737761737337
1 54 1.2666044276866941
1 55 1.3249642327903475
1 56 1.4383304343156633
1 57 1.2221869246155153
1 58 1.5311302241599476
1 59 1.3636636547723502
1 60 1.319980335895011
1 61 1.0487589473993755
1 62 1.1939285336161947
1 63 1.3618957106916165
1 64 1.3440386535136495
1 65 1.2686066744830555
1 66 1.3010833146888807
1 67 1.3393945657262978
1 68 0.9967693102859995
1 69 1.3950308405787823
1 70 1.335063352979327
1 71 1.3266930994750452
1 72 1.2586513620480622
1 73 1.3289737779595283
1 74 1.1486964962457535
1 75 1.4069934901268324
1 76 1.2865710694641646
1 77 1.4219202666309165
1 78 1.4494100396592633
1 79 1.3604797815787393
1 80 1.3633460322626954
1 81 1.117029648311059
1 82 1.3308203971958057
1 83 1.4638549814876818
1 84 1.3742388152596692
1 85 1.4089248446721263
1 86 1.4108672479151219
1 87 1.4056122591772022
1 88 1.2966705978242612
1 89 1.2633804240664337
2 3 1.2235059175775884
2 4 1.3352278209187687
2 5 1.2998500922979315
2 6 1.266377154354122
2 7 1.2409990785246994
2 8 1.2283195499565365
2 9 1.3260354818568407
2 10 1.2777422639202167
2 11 1.4164961935068592
2 12 1.3066998496970492
2 13 1.2470266949333142
2 14 1.4068361817513848
2 15 1.3442393525319367
2 16 1.2978338669700684
2 17 1.3497678659861774
2 18 1.2516248245180177
2 19 1.317912450033174
2 20 1.2892617682555276
2 21 1.34103407234613
2 22 1.2654331529730334
2 23 1.36377545612806
2 24 1.3157354247516178
2 25 1.321271504858915
2 26 1.3807635976286765
2 27 1.4241840971889665
2 28 1.3155765829061048
2 29 1.307671414033471
2 30 1.262938642404209
2 31 1.2480446032566623
2 32 1.4010706444586887
2 33 1.3238069704656865
2 34 1.3537683251229073
2 35 1.3448727095540232
2 36 1.3782214483242294
2 37 1.3525266228744715
2 38 1.1642265019524636
2 39 1.3827625303643583
2 40 1.3677352558866835
2 41 1.272489703146497
2 42 1.282622103562583
2 43 1.298768947401809
2 44 1.3124648045828102
2 45 1.2498378333474027
2 46 1.3340820028415483
2 47 1.2624794636559744
2 48 1.3289525355577807
2 49 1.5126141283492125
2 50 1.1993180539766768
2 51 1.4004208187560776
2 52 1.4141071951328876
2 53 1.2401457127547582
2 54 1.431402423340321
2 55 1.3277570457219856
2 56 1.4284484598157385
2 57 1.4634389194956476
2 58 1.331169697398114
2 59 1.2788696820330019
2 60 1.3050464631096927
2 61 1.3699022045612939
2 62 1.3791096068490483
2 63 1.395045090804075
2 64 1.3002570772578368
2 65 1.1720112042695918
2 66 1.2020142904974842
2 67 1.2682134063969
2 68 1.3462969320118954
2 69 1.1875751520791515
2 70 1.3398889869858202
2 71 1.2902710132332993
2 72 1.3486612058093927
2 73 1.2851145314286208
2 74 1.3310826555217141
2 75 1.3727053111811343
2 76 1.3820517261241707
2 77 1.3410857581299989
2 78 1.395215640768536
2 79 1.416945277703386
2 80 1.342117295719272
2 81 1.388601100040014
2 82 1.2307519470188426
2 83 1.424328842209316
2 84 1.2291929261146928
2 85 1.2191618679452683
2 86 1.3694800746024434
2 87 1.3424581247722662
2 88 1.4535796901445177
2 89 1.311572281281808
3 4 1.1714944990143326
3 5 1.3458364510421876
3 6 1.1290344224711397
3 7 1.3541239487636658
3 8 1.1127873625311482
3 9 1.3945038130017902
3 10 1.2417029419303254
3 11 1.3863740998677838
3 12 1.261755464509256
3 13 1.0971232552124655
3 14 1.4009077297634867
3 15 1.161722611523172
3 16 1.0090075752164422
3 17 1.2313597616234015
3 18 1.2083207335731543
3 19 1.4091773008393305
3 20 1.1957619184024768
3 21 1.1807368780955203
3 22 1.1847253381275324
3 23 1.1629024057691018
3 24 1.4208726027334755
3 25 1.304810212932791
3 26 1.4800609180526814
3 27 1.382582567938241
3 28 1.1887488191241664
3 29 1.3736849449119457
3 30 1.2272035372877526
3 31 1.3757699397869798
3 32 1.4278448055647543
3 33 1.0530510147593504
3 34 1.0834559859101247
3 35 1.350117851834368
3 36 1.4601693840581584
3 37 1.2990000179924521
3 38 1.1886914440481542
3 39 1.3711960957576708
3 40 1.2803931672397184
3 41 1.3540377076676855
3 42 1.2225155654758415
3 43 1.269291064161306
3 44 1.3387780350537446
3 45 1.1493408981990842
3 46 1.4422615282939728
3 47 1.1409322739586547
3 48 1.105584774456416
3 49 1.4546465740366228
3 50 1.1362336008611726
3 51 1.2785671366168085
3 52 1.3599545190298148
3 53 1.1770911871943082
3 54 1.3977868942894556
3 55 1.2134298086759703
3 56 1.1882325830947897
3 57 1.313776608978058
3 58 1.31026012000758
3 59 1.3854628430224283
3 60 1.0360557135904063
3 61 1.2523673824256065
3 62 1.2130046807976547
3 63 1.329529106880871
3 64 1.1974267760540522
3 65 1.1164952817190243
3 66 1.0807211882499896
3 67 1.1849334458916734
3 68 1.404958531670808
3 69 1.1437942726299695
3 70 1.3464008960551666
3 71 1.2533557211199622
3 72 1.2951393122639325
3 73 1.4116985450016288
3 74 1.1904987211847102
3 75 1.2959174083624114
3 76 1.173402579359067
3 77 1.3884046703571558
3 78 1.3557889516084662
3 79 1.4432086110685012
3 80 1.4286361388589843
3 81 1.470424488891694
3 82 1.0822157878023886
3 83 1.432661914953659
3 84 1.1070657337386969
3 85 1.0624214840737503
3 86 1.2716974407963948
3 87 1.3016079821653201
3 88 1.5121681884675522
3 89 1.144375804433307
4 5 1.4981075343082015
4 6 1.2693595298352658
4 7 1.3307481249433857
4 8 1.1095234890359151
4 9 1.3235736388391197
4 10 1.261367953264261
4 11 1.3622577243569434
4 12 1.1537980013882572
4 13 1.2092086419594885
4 14 1.285594053295559
4 15 1.100837341019569
4 16 1.0360988943805232
4 17 1.3238627072853149
4 18 1.3244255402797434
4 19 1.2668298341278932
4 20 1.3035846397655555
4 21 1.2524946362501002
4 22 1.3334175259247891
4 23 1.1020008323057888
4 24 1.3452512167652977
4 25 1.1964245811218048
4 26 1.4214560794243207
4 27 1.3831312852864734
4 28 1.4184852142590934
4 29 1.3400827323136977
4 30 1.048276803771508
4 31 1.2437832190799682
4 32 1.2933587523217875
4 33 1.1759110577404903
4 34 1.1430555505479427
4 35 1.2285905335153906
4 36 1.4488519129940134
4 37 1.2691715564415211
4 38 1.2815178279917443
4 39 1.3880564488723737
4 40 1.39068399328868
4 41 1.3347426326401093
4 42 1.3306453237313844
4 43 1.451449483993519
4 44 1.3861981655088724
4 45 1.2331479937139729
4 46 1.265571926428664
4 47 1.1283920547579815
4 48 1.2661089929828846
4 49 1.360752484935009
4 50 1.2063236820560292
4 51 0.8658971629953452
4 52 1.3401029004422478
4 53 1.1221170947536376
4 54 1.3682538869956657
4 55 1.1954480553370312
4 56 1.2568236809201172
4 57 1.2912979274840768
4 58 1.4389192865970255
4 59 1.3374402495866613
4 60 1.1364819892688791
4 61 1.148951129636253
4 62 1.256096634824038
4 63 1.3171664805096122
4 64 1.2679432462327902
4 65 1.1371126933429492
4 66 1.1358897664253431
4 67 1.1629499908225902
4 68 1.3572821760540608
4 69 1.1322684857697458
4 70 1.270675854252484
4 71 1.3193023402152333
4 72 1.2589153488602145
4 73 1.3448681356533752
4 74 1.2356479746546405
4 75 1.4194327237151896
4 76 1.1839044329653825
4 77 1.2953086721734801
4 78 1.388161262796687
4 79 1.4184989100362293
4 80 1.4011415897176511
4 81 1.3449737307080487
4 82 1.1577661088538678
4 83 1.3972982415381157
4 84 1.1453132193908497
4 85 1.2396597404774194
4 86 1.3033397567249305
4 87 1.385142455143479
4 88 1.3801683162227303
4 89 1.2798387738997627
5 6 1.2863971611580949
5 7 1.381641361024918
5 8 1.3249813728653042
5 9 1.4366996694695782
5 10 1.402379145243388
5 11 1.3618731801915664
5 12 1.3592011935710209
5 13 1.437265372952775
5 14 1.4437503515773364
5 15 1.3890399264243434
5 16 1.352101878394754
5 17 1.221897275884677
5 18 1.3564118957904527
5 19 1.4054957077853691
5 20 1.3211611291791547
5 21 1.3822844043004734
5 22 1.35408309676055
5 23 1.3678357752976533
5 24 1.3842452631216227
5 25 1.3771469241318268
5 26 1.4512400089350297
5 27 1.3846422641366074
5 28 1.2872676844139224
5 29 1.268776156233854
5 30 1.4420481428368288
5 31 1.3483163381552228
5 32 1.4453032099838596
5 33 1.2341732305153144
5 34 1.3603666055887444
5 35 1.523687895725035
5 36 1.2952166949812747
5 37 1.336508822147813
5 38 1.3572573888880841
5 39 1.425090940323615
5 40 1.4403185342571894
5 41 1.3828730275874517
5 42 1.485855982825728
5 43 1.0466705158036234
5 44 1.352621240659652
5 45 1.2036281791935037
5 46 1.368098709413591
5 47 1.3179838735154235
5 48 1.3268512144370108
5 49 1.409884506057041
5 50 1.3202694832957826
5 51 1.4774665762689283
5 52 1.3496282289352282
5 53 1.3637540796791985
5 54 1.4474943773276723
5 55 1.321810549460296
5 56 1.4590851978024948
5 57 1.3428489730192743
5 58 1.265680338150554
5 59 1.4018873304114683
5 60 1.499219302385979
5 61 1.3767568903369571
5 62 1.3205117068471908
5 63 1.4454788333975779
5 64 1.1265985789911381
5 65 1.447653871216634
5 66 1.3404271122405713
5 67 1.3342651814967614
5 68 1.2819293941264593
5 69 1.3189995463096278
5 70 1.4305366947554903
5 71 1.3828864118755053
5 72 1.3165391663473505
5 73 1.4663561491256774
5 74 1.2661696626818675
5 75 1.2408321084676357
5 76 1.4530675682456633
5 77 1.4459295028982988
5 78 1.4988108626597771
5 79 1.42183779150923
5 80 1.478785639937558
5 81 1.383387709399874
5 82 1.4175386780552406
5 83 1.3940892803269742
5 84 1.3516385380397709
5 85 1.3535286559761555
5 86 1.4052959203945479
5 87 1.2110975816038847
5 88 1.3756843860324
5 89 1.2242470716836602
6 7 1.3108690733257042
6 8 1.1938858439598292
6 9 1.340227318927874
6 10 1.3675473937622078
6 11 1.2987142426577272
6 12 1.2117292246901648
6 13 1.1257853304083347
6 14 1.4767239060628328
6 15 1.3113679617288452
6 16 1.0925223963676078
6 17 1.252462126270658
6 18 1.2712755118611787
6 19 1.4030947310690323
6 20 1.2393932361976923
6 21 1.4272935603841803
6 22 1.1986750170015663
6 23 1.3468565158007972
6 24 1.3155235817071962
6 25 1.1980627535738413
6 26 1.3493610888767182
6 27 1.3192680346960093
6 28 1.305788887368376
6 29 1.1824309702052256
6 30 1.2971962478454198
6 31 1.359741177500803
6 32 1.4958209464257333
6 33 1.0744923869960947
6 34 1.2403352555006515
6 35 1.4351190423392262
6 36 1.3659897590374221
6 37 1.3438855077783702
6 38 1.1065362189120196
6 39 1.304494259607789
6 40 1.286619295621211
6 41 1.3077260721632051
6 42 1.3546249579963923
6 43 1.3137136257561504
6 44 1.2885465346167015
6 45 1.1360496145749162
6 46 1.3005038007301886
6 47 1.3235084303977451
6 48 1.129971276989231
6 49 1.3749652997577828
6 50 1.2880919452872839
6 51 1.2833573398998455
6 52 1.3785992048025881
6 53 1.1661129385759605
6 54 1.3423087363320203
6 55 1.2154935615428617
6 56 1.3155714131127223
6 57 1.341932221936854
6 58 1.3770024484573962
6 59 1.3905234419935133
6 60 1.0612447614565121
6 61 1.3283121564578835
6 62 1.3017085862621494
6 63 1.4535928118948949
6 64 1.2952285176780867
6 65 1.3108235650210476
6 66 1.2956067911081306
6 67 1.2843032361715812
6 68 1.2253881233623451
6 69 1.2705491555890396
6 70 1.4642670760124
6 71 1.265691163467033
6 72 1.3558924663731742
6 73 1.369401194187252
6 74 1.2252532977716837
6 75 1.3056845639525607
6 76 1.2971481746930877
6 77 1.5390828932510066
6 78 1.4911110387010469
6 79 1.3340045170735282
6 80 1.4062110026572698
6 81 1.3555319420351872
6 82 1.1376502419572774
6 83 1.3148935391322878
6 84 1.3132620318657917
6 85 1.0184134297831953
6 86 1.2833235501388565
6 87 1.236045903302217
6 88 1.4704394846944286
6 89 1.1915459077326673
7 8 1.3021337110615039
7 9 1.412317232216463
7 10 1.2923543373218407
7 11 1.3505749415218617
7 12 1.362356003973261
7 13 1.32180233424795
7 14 1.3329495261970654
7 15 1.290642081469755
7 16 1.3610799651237508
7 17 1.3521245078530804
7 18 1.379659516422632
7 19 1.3317488060482465
7 20 1.3402798487324399
7 21 1.2402815875285624
7 22 1.2850358850173333
7 23 1.4007615858934785
7 24 1.2700682326951431
7 25 1.3098925589964092
7 26 1.3782120802528486
7 27 1.27576047834208
7 28 1.3121533726569525
7 29 1.3009319631924823
7 30 1.3023858521016465
7 31 1.2850209822384921
7 32 1.3597403983815122
7 33 1.3534756604670077
7 34 1.1946627410732118
7 35 1.3295864971889133
7 36 1.3700383944964825
7 37 1.2458960385451072
7 38 1.352176979017037
7 39 1.2674531863585166
7 40 1.340116280207547
7 41 1.33479566436686
7 42 1.3689116773084136
7 43 1.4669045568325731
7 44 1.2490701581575485
7 45 1.4124050716515517
7 46 1.382169528842459
7 47 1.3384210004737793
7 48 1.3356522364968313
7 49 1.4677377306738746
7 50 1.2692818988712908
7 51 1.463833247076345
7 52 1.3552948275886565
7 53 1.3685649604473091
7 54 1.3118798442649149
7 55 1.3931059167566655
7 56 1.3634902096262749
7 57 1.4744679609244906
7 58 1.3458677858068018
7 59 1.402016051002267
7 60 1.2726942901487912
7 61 1.3180957836286966
7 62 1.3500317315777732
7 63 1.3047061668637012
7 64 1.3480446984328913
7 65 1.3459453405655522
7 66 1.2679953605263532
7 67 1.271476251544087
7 68 1.3842668085704626
7 69 1.3170978935193423
7 70 1.2618218687950782
7 71 1.3345288614483557
7 72 1.2691615622543337
7 73 1.2920292640351283
7 74 1.3098861538995512
7 75 1.3424210623112047
7 76 1.3508787445211847
7 77 1.2895213140170076
7 78 1.2949459800139806
7 79 1.3179560958598746
7 80 1.3197673005962638
7 81 1.4525151761934845
7 82 1.2294596525754375
7 83 1.3142527670347417
7 84 1.310077166225676
7 85 1.273404769525517
7 86 1.2403138531347968
7 87 1.4574054967313583
7 88 1.3891247009302836
7 89 1.337270023104045
8 9 1.3010888118862944
8 10 1.1090952530593956
8 11 1.385298079310176
8 12 1.1228731375456047
8 13 1.0283267359677222
8 14 1.2971010731529262
8 15 1.2675380139336716
8 16 0.9831620338717604
8 17 1.174314141870204
8 18 1.2141659961374525
8 19 1.260466173815109
8 20 1.2235805154765693
8 21 1.128161636029286
8 22 1.1271723972545222
8 23 1.0209684381094328
8 24 1.2749068691636103
8 25 1.1474692036195737
8 26 1.3164683180130725
8 27 1.324508460432532
8 28 1.1940802461574778
8 29 1.3776269665867986
8 30 1.0543696304876464
8 31 1.2442680470795167
8 32 1.383535926727047
8 33 1.1612206874944582
8 34 1.1029312094132215
8 35 1.3204191066829454
8 36 1.321399156654897
8 37 1.2699526681239763
8 38 1.1996571538336844
8 39 1.3601198394146075
8 40 1.2809397997052672
8 41 1.1080664243151641
8 42 1.0666819160704128
8 43 1.2315778331435911
8 44 1.3730393400455043
8 45 1.0431294238502369
8 46 1.2875517303387547
8 47 0.9058948632234328
8 48 0.9815333277227305
8 49 1.4064485087645981
8 50 0.8972028318079136
8 51 1.2831974946274605
8 52 1.1932053784764514
8 53 1.100704945401466
8 54 1.331574880327482
8 55 1.1309496078885528
8 56 1.0276981339945779
8 57 1.295925348897214
8 58 1.2992646421506813
8 59 1.3463963721425682
8 60 1.0695503162145525
8 61 1.1924155613686838
8 62 1.1508401017048153
8 63 1.2349184482640245
8 64 1.0764028596982287
8 65 1.053816682074781
8 66 0.8599673568065085
8 67 1.1901429765180007
8 68 1.193340490615107
8 69 0.9487098423789981
8 70 1.1846726409716206
8 71 1.1117207250839531
8 72 1.1704775948728257
8 73 1.348821602937619
8 74 1.06413089709463
8 75 1.3752305514798595
8 76 1.1811654565181084
8 77 1.3139087606451003
8 78 1.4497654260992363
8 79 1.4286138982071819
8 80 1.4305643318690493
8 81 1.3260834605480842
8 82 1.0409818559249013
8 83 1.4043803357177695
8 84 0.8945610936179432
8 85 1.1983715564768023
8 86 1.2128129108904866
8 87 1.346613791087115
8 88 1.4248821181946396
8 89 1.224670971152428
9 10 1.377813611385879
9 11 1.4553063368693808
9 12 1.0640917109422066
9 13 1.2794051994108324
9 14 1.0659879976326967
9 15 1.3382204969152725
9 16 1.3148010230163332
9 17 1.3357228731583266
9 18 1.4097991384527933
9 19 1.1254057667528352
9 20 1.2572561288649575
9 21 1.449811736616146
9 22 1.4409703896696453
9 23 1.2935243728218864
9 24 1.417674017791005
9 25 1.2299054392353261
9 26 1.3801373932638865
9 27 1.3771904789141527
9 28 1.435533544717212
9 29 1.412450478448156
9 30 1.2681302919991717
9 31 1.2752214960030959
9 32 1.2502720879386469
9 33 1.4436313801732035
9 34 1.357685057857233
9 35 1.1147661785303125
9 36 1.2206997418889385
9 37 1.1969569570748277
9 38 1.3772918378758245
9 39 1.3946135723526938
9 40 1.3693891257754554
9 41 1.4265092535468769
9 42 1.3473155535320502
9 43 1.3678313507726627
9 44 1.3210603555725828
9 45 1.4185901012370687
9 46 1.2445112001675163
9 47 1.27684727689738
9 48 1.3726920435027665
9 49 1.4044858584270041
9 50 1.3060891183560097
9 51 1.434007073087096
9 52 1.3919311078112437
9 53 1.4402008365841006
9 54 1.317425623918495
9 55 1.3042016273609909
9 56 1.2972525982215874
9 57 1.4203435148377626
9 58 1.3746276752525501
9 59 1.0741283605513163
9 60 1.3655474320702499
9 61 1.4347664733355345
9 62 1.393335724218064
9 63 1.1804949210360762
9 64 1.3462050038908446
9 65 1.2118366320878093
9 66 1.26349757094526
9 67 1.3828107892364763
9 68 1.410082791317685
9 69 1.2764934628590998
9 70 1.1142920862997896
9 71 1.3906884091887832
9 72 1.2172717067510948
9 73 1.2314178111792045
9 74 1.2949745021678543
9 75 1.4300805612924083
9 76 1.391313279647434
9 77 1.1545452568470707
9 78 1.410105278895061
9 79 1.401901206685831
9 80 1.3064263480795864
9 81 1.3924946355242014
9 82 1.2394398671863531
9 83 1.2229832039049924
9 84 1.2559741123964394
9 85 1.3791040329384736
9 86 1.2054373786834016
9 87 1.3476087298442627
9 88 1.312688633147857
9 89 1.496369699543088
10 11 1.3840846017912196
10 12 1.3470841911703337
10 13 1.2483741145768217
10 14 1.3672922703900832
10 15 1.3150947971191254
10 16 1.3269158554019735
10 17 1.3346962401998779
10 18 1.2560638684541032
10 19 1.4170049211279407
10 20 1.2583757090617227
10 21 1.3259162580410542
10 22 1.2877388047888612
10 23 1.2417456086249987
10 24 1.306239052791004
10 25 1.2520923948751699
10 26 1.3979934489267125
10 27 1.4546079515387103
10 28 1.3345973493509318
10 29 1.3567219556434043
10 30 1.181665908780192
10 31 1.26500755799283
10 32 1.4200669313962717
10 33 1.3206667029484254
10 34 1.306867697481835
10 35 1.335943357984691
10 36 1.4400558432514683
10 37 1.3536295770942253
10 38 1.2842887020811882
10 39 1.422463810827796
10 40 1.3049459350839177
10 41 1.313941088352416
10 42 1.2556266366632176
10 43 1.2662637035812656
10 44 1.3619470061245547
10 45 1.209909093383497
10 46 1.2843034959023831
10 47 1.1857822804982365
10 48 1.2105012122677812
10 49 1.4146472954630873
10 50 1.220231231068009
10 51 1.4202207780683447
10 52 1.3406484532514211
10 53 1.2279262426048736
10 54 1.3691531885776098
10 55 1.3329898716840891
10 56 1.3077760401674428
10 57 1.4179089574339696
10 58 1.3463040585995985
10 59 1.3734013515584749
10 60 1.2172449331844648
10 61 1.2629192287758848
10 62 1.2511839104925564
10 63 1.2425987562812006
10 64 1.2637171165092844
10 65 1.12843542579441
10 66 1.2068407922971827
10 67 1.2553201529614781
10 68 1.3652261844497784
10 69 1.265829841084312
10 70 1.073233034965784
10 71 1.2771656864384642
10 72 1.1915772494450811
10 73 1.2640601796227973
10 74 1.3591486597857767
10 75 1.392504556768431
10 76 1.2699090348805684
10 77 1.3398334809686592
10 78 1.25692194960222
10 79 1.484406838170856
10 80 1.4518102937180544
10 81 1.3845180786944842
10 82 1.2394205418715816
10 83 1.4490720614584136
10 84 1.194117951993735
10 85 1.2118012363981923
10 86 1.2743748580552081
10 87 1.4572919006182372
10 88 1.404467582515262
10 89 1.2826517901940901
11 12 1.4004302955091286
11 13 1.3342518679273916
11 14 1.4872593368331017
11 15 1.2296214244148622
11 16 1.3903533109171826
11 17 1.3505638669784061
11 18 1.2785009716794253
11 19 1.3954293158573645
11 20 1.4311478074130608
11 21 1.3460720829273536
11 22 1.329725423627028
11 23 1.4991550059528496
11 24 1.3350662333648855
11 25 1.207926340084108
11 26 1.486663264793232
11 27 0.7680869607608063
11 28 1.228191986915714
11 29 1.3731205089190461
11 30 1.46721859003284
11 31 1.217972303131068
11 32 0.9748068758546635
11 33 1.2975142725588793
11 34 1.3917727658536236
11 35 1.4044559302380466
11 36 1.2823302556721288
11 37 1.4635520294129338
11 38 1.35349086293548
11 39 0.7582994158073493
11 40 1.2227976263629206
11 41 1.2145200165297894
11 42 1.5340721201307295
11 43 1.5283637740819047
11 44 1.0614789435645593
11 45 1.278488467687203
11 46 1.5139809782351303
11 47 1.572198421439994
11 48 1.394923878545092
11 49 1.3599645407826197
11 50 1.4079840970094843
11 51 1.5093427467561944
11 52 1.2851037972574584
11 53 1.141285347151834
11 54 0.7638543822919982
11 55 1.458017348341863
11 56 1.355010258198132
11 57 1.3759530831289224
11 58 1.4970113840065797
11 59 1.436482813214562
11 60 1.4305539575337138
11 61 1.3339130974823148
11 62 1.371741137777133
11 63 1.4279179823988504
11 64 1.2986339327844778
11 65 1.4409161684476752
11 66 1.4922474132006869
11 67 1.2477015805495901
11 68 1.3739881971495485
11 69 1.512572285304
11 70 1.387630292725486
11 71 1.374510058757531
11 72 1.3876565851281442
11 73 1.1135224249184035
11 74 1.3488718254757863
11 75 1.3702241180101262
11 76 1.3613120283344615
11 77 1.3488072463161018
11 78 1.2238944326198729
11 79 0.7407585257377567
11 80 1.2538203110460144
11 81 1.4374163608410957
11 82 1.3669319006644431
11 83 1.168728693014135
11 84 1.5476613218703326
11 85 1.4237492336835493
11 86 1.38226840287186
11 87 1.4333745585363649
11 88 1.2331598127785888
11 89 1.3584803433124455
12 13 1.306196053019414
12 14 1.015943993545425
12 15 1.1985315298233867
12 16 1.1461555238829744
12 17 1.330672688738242
12 18 1.3735575935814786
12 19 0.9244084788156208
12 20 1.2819382371283936
12 21 1.3915545954844615
12 22 1.3375849007797247
12 23 1.12342988002318
12 24 1.3686967237545635
12 25 1.2784582245320895
12 26 1.3222332896310771
12 27 1.344789651029201
12 28 1.3713435090816393
12 29 1.3746998771009535
12 30 1.0676228324585342
12 31 1.2466516637402014
12 32 1.3911660094233036
12 33 1.3557057821098444
12 34 1.2052457514594697
12 35 1.0889911390603162
12 36 1.279468308930008
12 37 1.1755423894867612
12 38 1.3565055366553624
12 39 1.3947818668549543
12 40 1.3763151157350806
12 41 1.3156954702316632
12 42 1.4156240506259583
12 43 1.4382034767168037
12 44 1.3311123185595555
12 45 1.2886742129219408
12 46 1.268515483378212
12 47 1.1739731146130747
12 48 1.2413972501506378
12 49 1.360304268910797
12 50 1.1760913983377366
12 51 1.2870792199418415
12 52 1.3092084186451134
12 53 1.3494191185286786
12 54 1.3049825932412917
12 55 1.2416409633227454
12 56 1.2567736412726218
12 57 1.2940558509560964
12 58 1.3888728417086913
12 59 1.1557465722304938
12 60 1.2430054037719305
12 61 1.2553733311494462
12 62 1.2401451474490666
12 63 1.1451319722040822
12 64 1.347528180995167
12 65 1.064210990581918
12 66 1.1335025650752935
12 67 1.252530918147506
12 68 1.2246815307217942
12 69 1.1596584248478081
12 70 1.06506578836625
12 71 1.3739573874929543
12 72 1.1634782846375464
12 73 1.2978817830693143
12 74 1.192979793535541
12 75 1.4271944969679369
12 76 1.226731055794195
12 77 1.174134263287303
12 78 1.4840688202583863
12 79 1.4016693025337508
12 80 1.3191368170343367
12 81 1.2516129510166374
12 82 1.1550701619040087
12 83 1.3902945052468092
12 84 1.1262415856285832
12 85 1.3045711776649511
12 86 1.182203512740114
12 87 1.3308855880685537
12 88 1.3788782665530839
12 89 1.4151352178682908
13 14 1.3741834058982336
13 15 1.1222593902215832
13 16 1.123930300726723
13 17 1.2887227951866957
13 18 1.2878379967798808
13 19 1.456912394662356
13 20 1.2294362790227533
13 21 1.2462408492885482
13 22 1.2462387963858839
13 23 1.256481196844136
13 24 1.3637621092848706
13 25 1.2260910266145606
13 26 1.3841390203533146
13 27 1.3019512702373692
13 28 1.2218222914420056
13 29 1.445276125079255
13 30 1.2976622930104373
13 31 1.2623996767253214
13 32 1.3695975081718292
13 33 1.130538371674592
13 34 1.239511220950037
13 35 1.351592467531985
13 36 1.262684603304658
13 37 1.3255650951893503
13 38 1.178543099175314
13 39 1.3034160886702342
13 40 1.1764112816965788
13 41 1.264918212706752
13 42 1.0386422451567963
13 43 1.3469771530388328
13 44 1.295539527002677
13 45 1.1382455721478095
13 46 1.2473359483156645
13 47 1.1410985231703663
13 48 1.158498246550305
13 49 1.3709823183745655
13 50 1.1475235453999229
13 51 1.2744154816855358
13 52 1.2568597962630668
13 53 1.0884263180474285
13 54 1.3089382806575685
13 55 1.2961193622097542
13 56 1.0939463511266947
13 57 1.337207111843782
13 58 1.3798765144828855
13 59 1.3497204254798694
13 60 1.0865506737203898
13 61 1.1779126486039693
13 62 1.273174968771558
13 63 1.3638696597851874
13 64 1.2737958309335686
13 65 1.1524051180285586
13 66 1.0087570902014031
13 67 1.2474802652670631
13 68 1.2781570737299588
13 69 1.0992559683694723
13 70 1.3742219853874524
13 71 1.2178939441873289
13 72 1.275210450605119
13 73 1.340808561386081
13 74 1.1699998576172983
13 75 1.4108183125893783
13 76 1.2227756132083811
13 77 1.3566610128934233
13 78 1.3860042226893456
13 79 1.3913088646768446
13 80 1.4229384545229413
13 81 1.333066940712874
13 82 1.1100689063505766
13 83 1.360557461938958
13 84 1.1887764943483448
13 85 1.1780618284708646
13 86 1.2295859695122828
13 87 1.3792940439600232
13 88 1.3476618667853348
13 89 1.1992121295646292
14 15 1.2974754030729683
14 16 1.280531919350457
14 17 1.4461674486732197
14 18 1.4250662385658077
14 19 0.8851732219309951
14 20 1.3376956979876238
14 21 1.3645673485539482
14 22 1.3947521939386287
14 23 1.1797090694516599
14 24 1.3880023647591513
14 25 1.3095681746649748
14 26 1.314650515495844
14 27 1.3941058108310522
14 28 1.450835635398365
14 29 1.5130636456740842
14 30 1.119365538594462
14 31 1.3146476737912423
14 32 1.361431165293049
14 33 1.4135085102902212
14 34 1.3194649664230615
14 35 0.8031168034747512
14 36 1.2678531610454977
14 37 1.1656162171150541
14 38 1.4756826474224236
14 39 1.421789859782963
14 40 1.4059686295012275
14 41 1.3756259435171512
14 42 1.3952775753921949
14 43 1.4782206838735699
14 44 1.3992792573227903
14 45 1.4139450862359548
14 46 1.2604596595280189
14 47 1.220340989458811
14 48 1.3354343446018158
14 49 1.3804879058424462
14 50 1.2685020171760588
14 51 1.3601793477679927
14 52 1.3226389087915424
14 53 1.5059650151340858
14 54 1.3381209452481524
14 55 1.2968246857421388
14 56 1.3073734304574298
14 57 1.4055867881076105
14 58 1.4668141793119407
14 59 1.0219704338620095
14 60 1.3776369529701467
14 61 1.3180538473007344
14 62 1.180407255321248
14 63 0.9249694504215252
14 64 1.4029774121782692
14 65 1.174560787703444
14 66 1.2373272800234427
14 67 1.4041396418629268
14 68 1.3268747424550154
14 69 1.2375587078780077
14 70 0.9198733700076429
14 71 1.3603545421477223
14 72 1.1247568470877372
14 73 1.318521170073343
14 74 1.2872568259487194
14 75 1.4451867962624492
14 76 1.2900515406667712
14 77 1.069976011120883
14 78 1.425322664388757
14 79 1.4801603792204205
14 80 1.3882576653428076
14 81 1.268206795885838
14 82 1.225247259294919
14 83 1.4331463384730783
14 84 1.2114676420665866
14 85 1.447585887925774
14 86 1.2433565018530643
14 87 1.3074864907387205
14 88 1.2560538440879443
14 89 1.4413019814490917
15 16 1.114556598641027
15 17 1.262948586394843
15 18 1.2791133393347682
15 19 1.3575592674952828
15 20 1.3049761311039692
15 21 1.2592826463774938
15 22 1.2995927439882986
15 23 1.229046008766625
15 24 1.3846737504912088
15 25 1.3216633468177725
15 26 1.4994867866552617
15 27 1.2553524419463917
15 28 1.211535296133481
15 29 1.3932845740090614
15 30 1.1650676240936488
15 31 1.3122677086334935
15 32 1.2587029663429252
15 33 1.2803308158025355
15 34 1.204438029374451
15 35 1.2262546370673706
15 36 1.2656518485231631
15 37 1.2392626174887122
15 38 1.3127779835638902
15 39 1.2509844429455945
15 40 1.2884086188143156
15 41 1.3371025032463801
15 42 1.3006597505410626
15 43 1.3907289744597882
15 44 1.3110354018372234
15 45 1.2745016970132597
15 46 1.4063915315285325
15 47 1.2247267718969848
15 48 1.286848647885159
15 49 1.283931965548621
15 50 1.206835358778093
15 51 1.350179808111739
15 52 1.3595273422621756
15 53 1.253049967075817
15 54 1.2051460569396366
15 55 1.3926848210728753
15 56 1.246731632719631
15 57 1.3538750545096385
15 58 1.4195179137956035
15 59 1.3400079038001032
15 60 1.2083456230656975
15 61 1.2238686888905876
15 62 1.3594635729292184
15 63 1.2635501288005007
15 64 1.3028420678384343
15 65 1.154349851794612
15 66 1.129035423779286
15 67 1.2497189940480227
15 68 1.4379308675042104
15 69 1.2216787801902567
15 70 1.3099411698004253
15 71 1.2324990167153238
15 72 1.259445631914401
15 73 1.2403086069963964
15 74 1.2276858612900234
15 75 1.322148647533389
15 76 1.345719561262027
15 77 1.2676388598811248
15 78 1.3167060118837364
15 79 1.3081423750972934
15 80 1.4045872111309539
15 81 1.449862413339939
15 82 1.235552706080885
15 83 1.343518566714701
15 84 1.2057946094527685
15 85 1.3499143605265616
15 86 1.348508101008217
15 87 1.4140573981450133
15 88 1.3038763636234325
15 89 1.3392877580812028
16 17 1.2483619525805547
16 18 1.27206697470545
16 19 1.2737960929744956
16 20 1.1981090218636037
16 21 1.2614201721504463
16 22 1.2260891344073348
16 23 1.0727207795677223
16 24 1.3557569590965157
16 25 1.242296043359029
16 26 1.4033374191861434
16 27 1.4155813470128593
16 28 1.2582635914982976
16 29 1.3247053606707229
16 30 1.019452200013209
16 31 1.3877454550153803
16 32 1.4215769358107777
16 33 1.1311585246690705
16 34 1.0722505068416244
16 35 1.2378530710228597
16 36 1.4154154921302406
16 37 1.0948218071156717
16 38 1.1210910225073378
16 39 1.4048664063568965
16 40 1.3688425858399866
16 41 1.363410079953365
16 42 1.248744602416293
16 43 1.3529279463718102
16 44 1.3631319227637182
16 45 1.1491796045480185
16 46 1.2914072645664276
16 47 1.05686507178438
16 48 1.1163298191669724
16 49 1.2779905027754583
16 50 1.125232735592999
16 51 1.206431185412756
16 52 1.38515126767857
16 53 1.1669718730886933
16 54 1.3715061647020044
16 55 1.1365423706878794
16 56 1.216542936589171
16 57 1.3548155068327994
16 58 1.3256197925539535
16 59 1.2777025675457092
16 60 0.9605132780778053
16 61 1.0631815809048684
16 62 1.1930960338730587
16 63 1.3781548120019003
16 64 1.2631479961206868
16 65 0.9777993618439028
16 66 0.9615902727217014
16 67 1.1616764735473364
16 68 1.3515853775298028
16 69 1.0780216065057269
16 70 1.3113646408955144
16 71 1.2284027257531582
16 72 1.0913187623661962
16 73 1.3975739475576023
16 74 1.1655674697607288
16 75 1.2904319544353284
16 76 1.2439635099169706
16 77 1.3593818574826613
16 78 1.47512726227029
16 79 1.4893724047296126
16 80 1.4550133255922555
16 81 1.4484381588008872
16 82 1.0325155860591748
16 83 1.4853619249426304
16 84 1.0535023177578122
16 85 1.1813784842742165
16 86 1.217579292118531
16 87 1.3236350443901261
16 88 1.4892970605256295
16 89 1.1831210444803733
17 18 1.2189434202327276
17 19 1.3456066278207008
17 20 1.2360337004568123
17 21 1.300964698506453
17 22 1.2578489424902441
17 23 1.2787475410646465
17 24 1.396146638026122
17 25 1.2919954211966278
17 26 1.3686734764714097
17 27 1.293942008333496
17 28 1.0861395721134028
17 29 1.345995219006739
17 30 1.327141129794459
17 31 1.3402567027723697
17 32 1.2581741307113188
17 33 1.2641772366808688
17 34 1.2596145105497012
17 35 1.3721683657596926
17 36 1.218529059484327
17 37 1.371046635609325
17 38 1.3421364027922056
17 39 1.3173054293243394
17 40 1.2863048344241348
17 41 1.2758180148415983
17 42 1.254033647375221
17 43 1.1811246888375673
17 44 1.3527109611794144
17 45 1.0395327433299082
17 46 1.296863993641427
17 47 1.2062155834373929
17 48 1.2424970106445279
17 49 1.408826549487481
17 50 1.2661857039625697
17 51 1.4089133043565851
17 52 1.2830010032778965
17 53 1.2066605132947288
17 54 1.2987852427510242
17 55 1.2327491487080868
17 56 1.365333136990348
17 57 1.312708116488307
17 58 1.4294333381298419
17 59 1.4116264367831626
17 60 1.2895993660593603
17 61 1.3740573386511268
17 62 1.3043169726066823
17 63 1.339408307319319
17 64 1.032724147083434
17 65 1.3307197952670817
17 66 1.2425798283861698
17 67 1.2137198292586153
17 68 1.236609282046768
17 69 1.2410761030315596
17 70 1.3193782909312755
17 71 1.330087301149649
17 72 1.354955336279644
17 73 1.2454606915304602
17 74 1.2317137041340311
17 75 1.036834945944309
17 76 1.4598946121310337
17 77 1.3072873470364264
17 78 1.4742287150598248
17 79 1.2742475086377372
17 80 1.4254389310284883
17 81 1.3875445567408018
17 82 1.2582967060645562
17 83 1.3936947022569453
17 84 1.2379253423225423
17 85 1.2452172845298368
17 86 1.3800121463160493
17 87 1.3129135468581632
17 88 1.368000086317996
17 89 1.341333453358379
18 19 1.3364143033489642
18 20 1.3504064129435736
18 21 1.3144050836199122
18 22 1.241653831173027
18 23 1.3400538544445053
18 24 1.2832859403939139
18 25 1.286569127891127
18 26 1.2385525992462598
18 27 1.2688424386614765
18 28 1.2158141406172351
18 29 1.354181738196885
18 30 1.2272016063976825
18 31 1.2787263418755392
18 32 1.299662963337427
18 33 1.1976946515683098
18 34 1.3435930779760017
18 35 1.403611583140091
18 36 1.3906773884899783
18 37 1.4621775926737162
18 38 1.290230248607322
18 39 1.321431241578779
18 40 1.2247858246759973
18 41 1.2705324890050056
18 42 1.3026050655557175
18 43 1.35536556686175
18 44 1.252853758610184
18 45 1.181617357825004
18 46 1.4306903011334642
18 47 1.1740657645061916
18 48 1.2995936021143364
18 49 1.2493007319474727
18 50 1.242981259495348
18 51 1.346248652294523
18 52 1.3291872297900058
18 53 1.219282689909478
18 54 1.3299489656302077
18 55 1.3794356043646099
18 56 1.3925769606164118
18 57 1.3268519259461082
18 58 1.4036120926540716
18 59 1.388256716227468
18 60 1.245342988544173
18 61 1.3335014501937217
18 62 1.2047273804239187
18 63 1.3405264846334697
18 64 1.2519668851122863
18 65 1.317086167472455
18 66 1.219107684457264
18 67 1.2579875235909763
18 68 1.1968167143538717
18 69 1.1964024383477079
18 70 1.3880107004234574
18 71 1.280436131480163
18 72 1.3968078771822625
18 73 1.264630536022654
18 74 1.199242255319632
18 75 1.2509112959894744
18 76 1.3354837018014918
18 77 1.3047330263963832
18 78 1.4624368129707717
18 79 1.3835264905822098
18 80 1.4298696065306946
18 81 1.1917912671237725
18 82 1.3268992833909914
18 83 1.4630616005422392
18 84 1.2064675926732646
18 85 1.2168153381212277
18 86 1.4027624107763241
18 87 1.334202843913735
18 88 1.3623080396155076
18 89 1.275569224599593
19 20 1.3634310094744275
19 21 1.3633550065097895
19 22 1.3898997471426773
19 23 1.2541658547997008
19 24 1.3975253823098264
19 25 1.2914898565123103
19 26 1.218679651942468
19 27 1.275677553950128
19 28 1.345352655136809
19 29 1.3990849472105003
19 30 1.1956810565930693
19 31 1.2278195085113104
19 32 1.2880143797304813
19 33 1.4391615598575842
19 34 1.282911380633195
19 35 0.8555151726045601
19 36 1.3193203128919275
19 37 1.1807059623906742
19 38 1.405932688620821
19 39 1.2962147486969617
19 40 1.358128499200275
19 41 1.3157267964807922
19 42 1.464083691702289
19 43 1.4670373145397122
19 44 1.3082066296651913
19 45 1.3149060685153953
19 46 1.3373191200366195
19 47 1.3093505518026884
19 48 1.3614780175801113
19 49 1.3685016953051858
19 50 1.2748202928017252
19 51 1.3341299637795887
19 52 1.3037354028696726
19 53 1.4043476252230456
19 54 1.2505407217341786
19 55 1.3930320212983602
19 56 1.3890046038952935
19 57 1.3382493439562178
19 58 1.436050520655283
19 59 1.1570763151772379
19 60 1.4421307104482664
19 61 1.3253033063269763
19 62 1.193790840123244
19 63 1.0317947175708835
19 64 1.379581396805701
19 65 1.2484862449149177
19 66 1.281754380657986
19 67 1.262685193035844
19 68 1.2633410036026433
19 69 1.2080218003755046
19 70 0.9462182902932907
19 71 1.4063601625634023
19 72 1.1468653633655788
19 73 1.1983687312573321
19 74 1.2730411618649462
19 75 1.3905380124466478
19 76 1.325228536901064
19 77 0.9200598867282601
19 78 1.3778375649794536
19 79 1.3931407875980568
19 80 1.3165761727413465
19 81 1.2295710516614222
19 82 1.2214254442761467
19 83 1.3628808884096537
19 84 1.212996802660535
19 85 1.4558308671567561
19 86 1.337763341200827
19 87 1.3708751552428795
19 88 1.3012220311994764
19 89 1.4896378169623439
20 21 1.309315300499151
20 22 1.330524878915537
20 23 1.226744476843156
20 24 1.2574594449469179
20 25 1.298735654772084
20 26 1.4150146971556998
20 27 1.4214777904063511
20 28 1.3333756415263962
20 29 1.334897790635575
20 30 1.2365013924462402
20 31 1.2824501656870464
20 32 1.5247747698492222
20 33 1.2038898129511901
20 34 1.2079062673285526
20 35 1.3405511104703753
20 36 1.2865290479366613
20 37 1.232339942141429
20 38 1.223616390861588
20 39 1.4922175535041453
20 40 1.3497143987471836
20 41 1.3843113438599357
20 42 1.2814788622993463
20 43 1.2627711760318996
20 44 1.3605893645287848
20 45 1.1919984816694391
20 46 1.281165176714716
20 47 1.1405758183177375
20 48 1.244695638899888
20 49 1.3265460619833036
20 50 1.2454089548580662
20 51 1.3950783802041722
20 52 1.4732756297464793
20 53 1.2460866448800454
20 54 1.4230095481194724
20 55 1.2586935804276205
20 56 1.3839784529245098
20 57 1.4154368558011432
20 58 1.327941928074804
20 59 1.3814100945985537
20 60 1.2306874205906577
20 61 1.3907478009243348
20 62 1.257258361632856
20 63 1.209325329295908
20 64 1.2894587806807711
20 65 1.2574431364046128
20 66 1.1951999896314334
20 67 1.2732604262105334
20 68 1.3394331134346338
20 69 1.1157439016734405
20 70 1.2823457028969123
20 71 1.2965685182235287
20 72 1.2557164572597728
20 73 1.4324254640202443
20 74 1.3464360549461418
20 75 1.2672152629877824
20 76 1.3100801981724803
20 77 1.310315142073593
20 78 1.3935813567574753
20 79 1.397679168914002
20 80 1.4802737961278807
20 81 1.3676346469302763
20 82 1.2243960133402347
20 83 1.3562856952948894
20 84 1.159974812138427
20 85 1.2015102268500983
20 86 1.291507044643713
20 87 1.3503249144417204
20 88 1.3969151789304604
20 89 1.1935808104491967
21 22 1.3498998311591466
21 23 1.2409641996986458
21 24 1.280858610107893
21 25 1.3069946956656295
21 26 1.391748513775796
21 27 1.3207929471739195
21 28 1.270873128775231
21 29 1.4182628679731315
21 30 1.2853550907481484
21 31 1.283122677854783
21 32 1.3020659769166993
21 33 1.2082200409936958
21 34 1.2296595917978534
21 35 1.3394253688927684
21 36 1.3624029810809497
21 37 1.4362389192444234
21 38 1.3854787546679694
21 39 1.2569826150360424
21 40 1.3091208224851898
21 41 1.2358314826375885
21 42 1.2709786546850828
21 43 1.3264335597321404
21 44 1.376546989318402
21 45 1.1974269140819767
21 46 1.4119961374026795
21 47 1.2533169851418402
21 48 1.1947716172067364
21 49 1.2973631063998814
21 50 1.2020143843162123
21 51 1.3274928787450047
21 52 1.3924907049929809
21 53 1.2095130050395544
21 54 1.3069093163213672
21 55 1.2984176908673206
21 56 1.2860431267170231
21 57 1.3619217265918473
21 58 1.4279165670944833
21 59 1.4100384795184184
21 60 1.3658136489487065
21 61 1.2266760648871708
21 62 1.2691571557057502
21 63 1.2630422347431784
21 64 1.227273438257648
21 65 1.1933633618011783
21 66 1.1655124423044554
21 67 1.3378660404909224
21 68 1.3927276586358237
21 69 1.2213597420254012
21 70 1.358723216771026
21 71 1.1909452561425413
21 72 1.3959650282241232
21 73 1.2670191785437397
21 74 1.2433034668536183
21 75 1.3727773084335306
21 76 1.2903299253981342
21 77 1.3295247990256311
21 78 1.275859595396816
21 79 1.3419688557913576
21 80 1.3766666454394325
21 81 1.3991491734664532
21 82 1.1838868221366456
21 83 1.4496865021018517
21 84 1.22868297097805
21 85 1.3733844070551335
21 86 1.4237685027120877
21 87 1.4627696314498067
21 88 1.4199533602273455
21 89 1.302436756813109
22 23 1.3238115982292347
22 24 1.383770209679169
22 25 1.2385201643160546
22 26 1.3853181520088629
22 27 1.3088044399957257
22 28 1.279128140075378
22 29 1.2795950049091191
22 30 1.327165982782791
22 31 1.3676125491775282
22 32 1.395139651144541
22 33 1.1844293700531907
22 34 1.280549133310903
22 35 1.3671072444830632
22 36 1.3645516441166794
22 37 1.2437962172785952
22 38 1.0874827843297368
22 39 1.3292218785948695
22 40 1.321138029889152
22 41 1.3136457336841516
22 42 1.2768433643573036
22 43 1.344211062090596
22 44 1.3313268479034661
22 45 1.2246050227185794
22 46 1.3358981198766717
22 47 1.2935928252317261
22 48 1.2481893863424571
22 49 1.403410776809033
22 50 1.2821024055979142
22 51 1.4383409570126013
22 52 1.246127361386253
22 53 1.2510403072629852
22 54 1.3634407008468685
22 55 1.2322751364484097
22 56 1.3272348585790983
22 57 1.3235448121007003
22 58 1.2423995917335602
22 59 1.3929435577969147
22 60 1.138845267083736
22 61 1.3671529317506022
22 62 1.315474788906799
22 63 1.3277827385360583
22 64 1.311860735224131
22 65 1.3011311684547577
22 66 1.3119260258802732
22 67 1.2768156816668588
22 68 1.3632834391764568
22 69 1.268154885783591
22 70 1.4187773809465127
22 71 1.2164836529724685
22 72 1.296506561322107
22 73 1.367647578898474
22 74 1.0524581868125722
22 75 1.312187630534623
22 76 1.1867901790574975
22 77 1.3660259867288649
22 78 1.410999550837374
22 79 1.372340603313174
22 80 1.5443214104298457
22 81 1.4566196429876856
22 82 1.232248632134733
22 83 1.393795702863157
22 84 1.3103174817054084
22 85 1.082426266390307
22 86 1.2770003217836143
22 87 1.2896898582912064
22 88 1.4584842943448642
22 89 1.2341195284258188
23 24 1.3146000803157973
23 25 1.344722008931571
23 26 1.2616864885099304
23 27 1.4996146875230782
23 28 1.3478440591213092
23 29 1.43295048022925
23 30 0.9631107699411269
23 31 1.3584009848660095
23 32 1.4275248352634904
23 33 1.2263437123330327
23 34 1.0494313361839482
23 35 1.2257995882180073
23 36 1.3347881434228148
23 37 1.187143868193712
23 38 1.3514087715538279
23 39 1.5330718557219702
23 40 1.3558907253218342
23 41 1.4126327800793326
23 42 1.2168519410205012
23 43 1.3082989749641054
23 44 1.5124010954500022
23 45 1.0896072428577248
23 46 1.2086800034192906
23 47 0.9607181781874005
23 48 1.1233252001445346
23 49 1.3454751362126944
23 50 1.0217945458549424
23 51 1.2634978293437285
23 52 1.3788482423795063
23 53 1.379226149839988
23 54 1.465057199596258
23 55 1.2295716013290352
23 56 1.1078164286796364
23 57 1.2820075270283497
23 58 1.3586190525218715
23 59 1.2852764523791258
23 60 1.2347335308127374
23 61 1.220251306771087
23 62 1.1471716744910616
23 63 1.088530388551393
23 64 1.2211472170008844
23 65 0.9690683093219438
23 66 0.9304794266162569
23 67 1.2634891413860192
23 68 1.2657693583638534
23 69 1.0540377437614914
23 70 1.1874430618499021
23 71 1.1916832437792573
23 72 1.0601448826430286
23 73 1.4102875450751529
23 74 1.118299139465758
23 75 1.3909852253084076
23 76 1.0925592940656272
23 77 1.3575480532643172
23 78 1.506269023742823
23 79 1.5452600565223766
23 80 1.3926872397581862
23 81 1.2768556452283673
23 82 1.1676613867075354
23 83 1.520953048018453
23 84 0.9811641141362856
23 85 1.3659659631229066
23 86 1.294901269983635
23 87 1.3374047165383767
23 88 1.369119517468163
23 89 1.27378417309495
24 25 1.1348605476271858
24 26 1.355396105949008
24 27 1.310580109814822
24 28 1.3687719036995956
24 29 1.3829907599837388
24 30 1.2000716084154064
24 31 0.9205852018155498
24 32 1.3902431906252333
24 33 1.3353543434787325
24 34 1.2940454476156424
24 35 1.4468651822511662
24 36 1.3765191872812694
24 37 1.4273173704862514
24 38 1.403821532824978
24 39 1.3468243377834381
24 40 1.4549512604940722
24 41 1.0665408811620984
24 42 1.360899672688212
24 43 1.4768534656223635
24 44 1.3826036204374919
24 45 1.3274664931641522
24 46 1.3528901994645484
24 47 1.3534554837971866
24 48 1.3503222017225058
24 49 1.2533143447848931
24 50 1.376067992725212
24 51 1.3756933294109546
24 52 1.3783700280246
24 53 1.239861218287078
24 54 1.3320757438120512
24 55 1.3252042040660563
24 56 1.3334412308867216
24 57 1.4282370568983676
24 58 1.4718804343191219
24 59 1.397715865589644
24 60 1.3992390968190873
24 61 1.383566881715583
24 62 1.3784341271815708
24 63 1.3935412851663729
24 64 1.337745967718355
24 65 1.2954197651683743
24 66 1.2995238653137706
24 67 1.3633965347451067
24 68 1.3778017878830218
24 69 1.3543612448144307
24 70 1.401813912673877
24 71 1.3218770227700467
24 72 1.402158377160856
24 73 1.2321261956493974
24 74 1.4158147553461604
24 75 1.377450439551687
24 76 1.3489594114800971
24 77 1.324238351899453
24 78 1.4357411988821023
24 79 1.2514439144800142
24 80 1.3080946198876853
24 81 1.418724531978621
24 82 1.3158097207488286
24 83 1.3335331721778072
24 84 1.3358303083607905
24 85 1.3190822196042942
24 86 1.358050405627481
24 87 1.3969143694533794
24 88 1.3309437017289525
24 89 1.3221355359112643
25 26 1.3113169427742533
25 27 1.2232346648887462
25 28 1.3268022039474132
25 29 1.316684588303131
25 30 1.297635909309359
25 31 0.9705299442132017
25 32 1.2066739943321294
25 33 1.2011804396463222
25 34 1.2967788269023113
25 35 1.3174512517557084
25 36 1.380698078946864
25 37 1.3555492581792787
25 38 1.298002519760767
25 39 1.2940088747188805
25 40 1.481095500886767
25 41 1.0074340130704809
25 42 1.3246114292508915
25 43 1.4205620028461192
25 44 1.325051348656136
25 45 1.159811283643085
25 46 1.2462293364325299
25 47 1.34546301447869
25 48 1.3007391154922405
25 49 1.4460634359074822
25 50 1.2896947700821706
25 51 1.358037334384245
25 52 1.314353204939942
25 53 1.093821925006408
25 54 1.2625688299551492
25 55 1.1153469871519568
25 56 1.2852688421821334
25 57 1.4122292040718787
25 58 1.3720464567726112
25 59 1.3823058674439908
25 60 1.2030324491098074
25 61 1.3736730430865065
25 62 1.3244343556174383
25 63 1.303881389558608
25 64 1.3024989058524017
25 65 1.265666672807475
25 66 1.3426735496106244
25 67 1.382379614780776
25 68 1.2725981372201596
25 69 1.3312010575808533
25 70 1.2788427067450523
25 71 1.2651411892542224
25 72 1.3184151840990983
25 73 1.1409182355498826
25 74 1.3692798745044072
25 75 1.3286758312979583
25 76 1.2403981782161513
25 77 1.321106219387795
25 78 1.3845974901733322
25 79 1.2406534923312131
25 80 1.3729573763270164
25 81 1.3886253377465179
25 82 1.2130042096775773
25 83 1.2780273050726443
25 84 1.321553121421186
25 85 1.1973983902801235
25 86 1.3552636625517434
25 87 1.3116958074002973
25 88 1.3810458045574754
25 89 1.3402592425103543
26 27 1.3955279309566917
26 28 1.406523319906343
26 29 1.378264181772619
26 30 1.3767493376009035
26 31 1.3029096987244666
26 32 1.4014177307540954
26 33 1.4432297860374863
26 34 1.4225536312262712
26 35 1.356025536528175
26 36 1.4256051842491875
26 37 1.4112165437285171
26 38 1.4100228607254988
26 39 1.4082929529159658
26 40 1.3553970919166114
26 41 1.3178078952461592
26 42 1.3464213169453023
26 43 1.4206317276736717
26 44 1.4428811148608855
26 45 1.2779172738390319
26 46 1.347686016977806
26 47 1.3657966836379454
26 48 1.318751996658642
26 49 1.346267305094854
26 50 1.336832624408278
26 51 1.3400164773360714
26 52 1.2748774542829704
26 53 1.3841838556705777
26 54 1.4413547541271428
26 55 1.3892534335365598
26 56 1.4440768883342847
26 57 1.4464704154444556
26 58 1.4024240961646848
26 59 1.3710712061417656
26 60 1.3854654335313357
26 61 1.3742875685689626
26 62 1.3753273550596092
26 63 1.3324440396481902
26 64 1.3670425415890746
26 65 1.4114629263400997
26 66 1.359887004834063
26 67 1.3967720733207756
26 68 1.0932694847920872
26 69 1.3218015349897019
26 70 1.403326002807547
26 71 1.2804447749402137
26 72 1.379667052835866
26 73 1.3409098846111545
26 74 1.346708204085788
26 75 1.3349050719232154
26 76 1.284049571144683
26 77 1.3538728128659778
26 78 1.490470447069412
26 79 1.4710192026918647
26 80 1.4153000006405585
26 81 1.1759578160298747
26 82 1.2944387131276354
26 83 1.4267060590881242
26 84 1.3281120161413924
26 85 1.355903185539227
26 86 1.3725371459428584
26 87 1.3600698175880783
26 88 1.3747666110447812
26 89 1.475636182112009
27 28 1.2501743065218127
27 29 1.3848961625449259
27 30 1.4320457655076377
27 31 1.233745183534082
27 32 0.9948287653213539
27 33 1.3125874646068887
27 34 1.34645657280494
27 35 1.4004865482364797
27 36 1.1990292712670079
27 37 1.4587352144294692
27 38 1.339963634260346
27 39 0.7253919614617254
27 40 1.1941686087447023
27 41 1.1700449672130906
27 42 1.4290850274151237
27 43 1.5596134653037623
27 44 1.0717053445607443
27 45 1.2664522209372218
27 46 1.588228485310965
27 47 1.5635429027043002
27 48 1.4125533290552565
27 49 1.4138739061284853
27 50 1.45232959296428
27 51 1.537483775866134
27 52 1.2998775160781038
27 53 1.1545508784998257
27 54 0.7166611932600936
27 55 1.425176586042892
27 56 1.4054282508749476
27 57 1.3667141443641797
27 58 1.5274096078496804
27 59 1.3989162298067508
27 60 1.4621149128639859
27 61 1.3330187453904843
27 62 1.3992429297121978
27 63 1.3454398331080237
27 64 1.2682033693054666
27 65 1.4941879123122928
27 66 1.5108195283434451
27 67 1.2336590108556291
27 68 1.3620417540159084
27 69 1.5414451501437956
27 70 1.3585147298556428
27 71 1.3374940250245086
27 72 1.4232290269207677
27 73 1.1167167344310829
27 74 1.2971499108205022
27 75 1.2873210990666528
27 76 1.403696559719734
27 77 1.2617977668311284
27 78 1.2395500371661625
27 79 0.7231124342252588
27 80 1.1752986940127366
27 81 1.4294260247050614
27 82 1.326522750554718
27 83 1.082179858433948
27 84 1.5646427883987106
27 85 1.4071127070954197
27 86 1.2982949451991255
27 87 1.4475680881103585
27 88 1.2213097863691453
27 89 1.411774171930693
28 29 1.3473561254655566
28 30 1.348489655833474
28 31 1.2902024540071604
28 32 1.3062932204618627
28 33 1.2354857426939916
28 34 1.3044366228117392
28 35 1.4096298542274015
28 36 1.4248084516766428
28 37 1.3627861691262824
28 38 1.3928842183416617
28 39 1.331781892032367
28 40 1.300690013094688
28 41 1.2425224900246832
28 42 1.1975980166010438
28 43 1.3292593118983262
28 44 1.3228168177263497
28 45 1.109766978313387
28 46 1.3270369610787573
28 47 1.2177008138672116
28 48 1.1292821015923595
28 49 1.3308984796734347
28 50 1.1166212267971425
28 51 1.4496410239060347
28 52 1.2885390438139392
28 53 1.222725315115157
28 54 1.2796898470374733
28 55 1.3406988751006206
28 56 1.2962227778410078
28 57 1.3676180522999306
28 58 1.374081031416862
28 59 1.4344269408557873
28 60 1.2813635591012595
28 61 1.304440750763029
28 62 1.3157231497224584
28 63 1.3039055392453476
28 64 1.1466596966054399
28 65 1.310993594282387
28 66 1.191508260959156
28 67 1.2937721583967485
28 68 1.2550850570362906
28 69 1.269862700608061
28 70 1.368372472649829
28 71 1.3146294768680145
28 72 1.3426271062421826
28 73 1.3033673576749343
28 74 1.1817152046274089
28 75 1.2434316979000404
28 76 1.4269995498190982
28 77 1.3533181354111403
28 78 1.3844938238980495
28 79 1.350076958472506
28 80 1.4162205181066037
28 81 1.3220309278593338
28 82 1.1994950186400986
28 83 1.477412580683607
28 84 1.2133683085204554
28 85 1.2885033069696912
28 86 1.4120590637461023
28 87 1.3814434216639253
28 88 1.4620687012521945
28 89 1.2687174536129369
29 30 1.481139747360164
29 31 1.3722990440860185
29 32 1.4446452442743871
29 33 1.2489986518005856
29 34 1.4419110267819146
29 35 1.492952962089211
29 36 1.3566187714713631
29 37 1.36221772275639
29 38 1.2475573498138237
29 39 1.402047430081317
29 40 1.4632269838377698
29 41 1.298132084526276
29 42 1.3510815752127239
29 43 1.1343589068614188
29 44 1.3724839205053985
29 45 1.2879153489909438
29 46 1.3903130488746993
29 47 1.3647835542725744
29 48 1.283956964359611
29 49 1.4524193630062152
29 50 1.336604971100705
29 51 1.4139505990911956
29 52 1.3842561433573506
29 53 1.1669862450085475
29 54 1.4589235506674694
29 55 1.378602181501654
29 56 1.405838726851344
29 57 1.437775332482404
29 58 1.2125660982373656
29 59 1.3716892132022453
29 60 1.2881059791778247
29 61 1.4041437934008332
29 62 1.4030204782061446
29 63 1.4144473935578357
29 64 1.330457016332097
29 65 1.4777234020620984
29 66 1.4411065955267215
29 67 1.2773110155006326
29 68 1.3033274177330736
29 69 1.3682543079788734
29 70 1.4324932343882892
29 71 1.3893767859683313
29 72 1.352959172631097
29 73 1.426108943842972
29 74 1.3762465099861472
29 75 1.449480139987075
29 76 1.3783798299573362
29 77 1.3827355206310743
29 78 1.332706313725656
29 79 1.4202005788036134
29 80 1.439474214671151
29 81 1.38899136662828
29 82 1.3557572437408099
29 83 1.333296455536194
29 84 1.3449588525860328
29 85 1.251602877708057
29 86 1.3253579742743633
29 87 1.1792738710959743
29 88 1.368892358338091
29 89 1.2418446171378414
30 31 1.3011544190400917
30 32 1.4132152448493869
30 33 1.2508166644396428
30 34 1.0435999116438757
30 35 1.1173741469879472
30 36 1.4053693158590022
30 37 1.1805862485571104
30 38 1.301711960849869
30 39 1.4837835903569168
30 40 1.3002035700789267
30 41 1.345023993639585
30 42 1.296972309375541
30 43 1.461733476780382
30 44 1.3967403751516472
30 45 1.2196184682777174
30 46 1.2152928933426417
30 47 1.0319083314993533
30 48 1.196607593583482
30 49 1.2440075949670364
30 50 1.1996090479676615
30 51 1.2010293093397966
30 52 1.3395388213453108
30 53 1.3498539687665478
30 54 1.363787917177994
30 55 1.2429545277266487
30 56 1.2363985009249456
30 57 1.2109746413338445
30 58 1.3897615860307837
30 59 1.2408129313005405
30 60 1.1607447432114033
30 61 1.1488944501554297
30 62 1.1879673948718599
30 63 1.0598168906600374
30 64 1.28906555415057
30 65 0.7883423483088188
30 66 1.0108214741887238
30 67 1.2731498598432118
30 68 1.2653608905725546
30 69 1.1895228348143037
30 70 1.1067058361541606
30 71 1.2381649745192491
30 72 1.1337772170204177
30 73 1.3230130118632988
30 74 1.2141951380135079
30 75 1.3178823152304426
30 76 1.2660054076077947
30 77 1.2760429619806664
30 78 1.445749682425731
30 79 1.4631220684057868
30 80 1.3781977235931058
30 81 1.213360738235036
30 82 1.1095476572040859
30 83 1.4526771932202014
30 84 1.1190588107366406
30 85 1.3341091617523635
30 86 1.2245702363214697
30 87 1.4177468241925433
30 88 1.4245086966959974
30 89 1.2432405875059567
31 32 1.2430331480092607
31 33 1.321174723669062
31 34 1.3186547170283835
31 35 1.3078891224865774
31 36 1.2766381525665718
31 37 1.3717343551322703
31 38 1.4030126770446392
31 39 1.2783410262408779
31 40 1.4486159071313827
31 41 0.9491540137501945
31 42 1.3602331170534636
31 43 1.473084046303518
31 44 1.307357536332281
31 45 1.3257263734530507
31 46 1.2660084748487732
31 47 1.3494790413100954
31 48 1.384912178023206
31 49 1.3917261407364443
31 50 1.2837494426053295
31 51 1.3065531898958422
31 52 1.3238912004169947
31 53 1.1224741340900737
31 54 1.3091773673916214
31 55 1.3642446720605674
31 56 1.2895691293334763
31 57 1.429922303461693
31 58 1.4283230936489426
31 59 1.3831413835408877
31 60 1.3967730044889821
31 61 1.3488475507600723
31 62 1.3606502862816574
31 63 1.327092822702428
31 64 1.27974619541144
31 65 1.2909866173540858
31 66 1.2841372716836603
31 67 1.246676111757441
31 68 1.2417406799091129
31 69 1.3266541177835982
31 70 1.2888105962068328
31 71 1.345389123415342
31 72 1.3408610254570643
31 73 1.1753915898158158
31 74 1.3198830325488393
31 75 1.337371739866477
31 76 1.263225916966411
31 77 1.1993730318130738
31 78 1.3463580986367325
31 79 1.273544733883418
31 80 1.2951813570780843
31 81 1.3247294313927818
31 82 1.307283705366679
31 83 1.2779019713791255
31 84 1.281411793659751
31 85 1.3158658789855886
31 86 1.3638875759999374
31 87 1.3694628096617614
31 88 1.2862849978107238
31 89 1.4278688826087986
32 33 1.4856159350293117
32 34 1.32871259032
32 35 1.306946941048596
32 36 1.350443088699312
32 37 1.4468759330114171
32 38 1.481903525001068
32 39 0.9293613159287971
32 40 1.3202897594609704
32 41 1.296097230211847
32 42 1.4862912425352592
32 43 1.498277297436935
32 44 1.2732251998630266
32 45 1.3281835358310548
32 46 1.5066952615831497
32 47 1.5515747973345084
32 48 1.499106568491197
32 49 1.3523706851778923
32 50 1.4132521272832097
32 51 1.4602849433929845
32 52 1.3413940281122325
32 53 1.30472157340273
32 54 0.9412211737834066
32 55 1.4505458153577788
32 56 1.2917923299351481
32 57 1.3802268596785596
32 58 1.5075735520919304
32 59 1.400306036149503
32 60 1.496514052897147
32 61 1.359402366360493
32 62 1.3658394496121926
32 63 1.3741437160802403
32 64 1.3274623338746192
32 65 1.3953333456349881
32 66 1.4499334455386326
32 67 1.288949989618366
32 68 1.3959473393295203
32 69 1.4599414686584111
32 70 1.297999230705474
32 71 1.4009556608230906
32 72 1.3420243501859266
32 73 0.9398910461495776
32 74 1.2950886344990626
32 75 1.3720639269031762
32 76 1.386661669700545
32 77 1.26876511593002
32 78 1.2981767742447483
32 79 0.9599071191431082
32 80 1.3062247980125175
32 81 1.3991193978362801
32 82 1.3669352015310288
32 83 1.1565248658125595
32 84 1.492499130126109
32 85 1.5352461394943349
32 86 1.387413062475563
32 87 1.418556732735367
32 88 1.286451104237441
32 89 1.5511061956760654
33 34 1.218535498348147
33 35 1.3821426197660966
33 36 1.3788792438013215
33 37 1.360217431614069
33 38 1.1495980813494135
33 39 1.4144918123744177
33 40 1.2808601851007846
33 41 1.2533674632296457
33 42 1.2525221682084473
33 43 1.2478213340086635
33 44 1.3881519673912515
33 45 1.0601176817348625
33 46 1.2809653878306944
33 47 1.1738909229793326
33 48 1.1497229372290378
33 49 1.4023367599243983
33 50 1.2390846916775213
33 51 1.294402480694079
33 52 1.3387602633693763
33 53 1.175929542459093
33 54 1.3721074100693464
33 55 1.1709010906477815
33 56 1.2927450272919352
33 57 1.3014303652837924
33 58 1.2890394548436765
33 59 1.382854162560814
33 60 1.0722599386037168
33 61 1.2424996827319974
33 62 1.2398878408942973
33 63 1.3135108585957755
33 64 1.1751626492907323
33 65 1.2597828880023705
33 66 1.1711940451403338
33 67 1.2263981622273166
33 68 1.278529571373119
33 69 1.2167561442418025
33 70 1.458190735149308
33 71 1.1991762989430745
33 72 1.3458766339683945
33 73 1.4005145330149587
33 74 1.216650694246318
33 75 1.3139440700705185
33 76 1.1584978173404925
33 77 1.435235463155608
33 78 1.4312094775947775
33 79 1.3586740002571507
33 80 1.4803961607138616
33 81 1.4048646618499283
33 82 1.178187678456019
33 83 1.4267527032964342
33 84 1.2331902137225512
33 85 0.966105194395208
33 86 1.3223117075395865
33 87 1.1939917341848132
33 88 1.4878014123626804
33 89 0.8476897907681352
34 35 1.361971173988642
34 36 1.3712310626281075
34 37 1.116328191661335
34 38 1.3541795648586992
34 39 1.368970843500288
34 40 1.3056654214653411
34 41 1.3846062889017923
34 42 1.3096149199632856
34 43 1.3466001837654786
34 44 1.3643165671116448
34 45 1.2310456873808493
34 46 1.333258756989026
34 47 1.0572764490856732
34 48 1.229760544266354
34 49 1.3519940967346011
34 50 1.1815114211660742
34 51 1.2465769185592288
34 52 1.3163831377081294
34 53 1.319224493667489
34 54 1.3519379516868562
34 55 1.2881988186149207
34 56 1.2530490005063293
34 57 1.041925666457355
34 58 1.386812785629568
34 59 1.4491602921927895
34 60 1.184171656444802
34 61 1.235296407155437
34 62 1.1464771271707053
34 63 1.217040236599408
34 64 1.1996394826397314
34 65 1.1337915837816914
34 66 1.1110155479148305
34 67 1.1349297010228103
34 68 1.2821893296554063
34 69 1.2061416955993731
34 70 1.1937224824287367
34 71 1.3260372157490983
34 72 1.1169270437853303
34 73 1.2963441428117528
34 74 1.1785759566086966
34 75 1.308930984255654
34 76 1.138650260329825
34 77 1.3774213205808739
34 78 1.4418552239953768
34 79 1.420211094955729
34 80 1.3914109313972018
34 81 1.3335099782864672
34 82 1.1192537025143952
34 83 1.3823838841086271
34 84 1.1321577761102088
34 85 1.3196969479133005
34 86 1.2757279987998646
34 87 1.4029650567361365
34 88 1.4051860212886533
34 89 1.2657024544354554
35 36 1.358697873490736
35 37 1.1722630982028956
35 38 1.3599164704526092
35 39 1.3593083473255512
35 40 1.385687420187669
35 41 1.4186907675520402
35 42 1.4027991125143768
35 43 1.4574154158300838
35 44 1.3467331008092278
35 45 1.3573165234013995
35 46 1.3064414948059588
35 47 1.2848561790030302
35 48 1.2997586870081377
35 49 1.3883904862434657
35 50 1.319048301078139
35 51 1.375466291422182
35 52 1.4025471652457713
35 53 1.452103551569376
35 54 1.2910069245664337
35 55 1.3325289591790692
35 56 1.3419755100079638
35 57 1.42829462111526
35 58 1.5060475058543712
35 59 1.1697823272805217
35 60 1.3731886063146983
35 61 1.300945645158009
35 62 1.2691029382383998
35 63 1.0051346472029248
35 64 1.4588465700719107
35 65 1.1120330769000784
35 66 1.21881455382503
35 67 1.341356711252207
35 68 1.385569919265916
35 69 1.2067839271603544
35 70 1.0729490113506517
35 71 1.2578330212670616
35 72 1.1648682943999369
35 73 1.1973813141158611
35 74 1.3459396249232067
35 75 1.3931770874355258
35 76 1.3318337506513154
35 77 0.9169097027604957
35 78 1.3556233419829942
35 79 1.4072748046919439
35 80 1.3174058405200726
35 81 1.3513009906986568
35 82 1.1873444401354538
35 83 1.4086192300060183
35 84 1.1918288496612035
35 85 1.3920834307971148
35 86 1.322455898284471
35 87 1.3793879651027958
35 88 1.351835769209638
35 89 1.421227478680424
36 37 1.298495608963605
36 38 1.3641236030779786
36 39 1.2475982364109088
36 40 1.2372202016125706
36 41 1.3444557834673259
36 42 1.3482534681696807
36 43 1.3786633913209043
36 44 1.1691217189934937
36 45 1.3296334022792045
36 46 1.3401258461552548
36 47 1.3294957278291932
36 48 1.2898504200597058
36 49 1.4580799211323205
36 50 1.3546983542384725
36 51 1.4942543026807655
36 52 1.289972690729261
36 53 1.314199247418074
36 54 1.234490287279142
36 55 1.363744969664687
36 56 1.3684080378404038
36 57 1.345914709534091
36 58 1.4213262062468035
36 59 1.2125306171005703
36 60 1.4338041367470458
36 61 1.4232551065805499
36 62 1.3934697147828177
36 63 1.3058994729711766
36 64 1.2343880141847718
36 65 1.3724943809799517
36 66 1.3397783723451677
36 67 1.2683016503466127
36 68 1.3833887930415398
36 69 1.363627208171963
36 70 1.3296513077077692
36 71 1.4001717101886078
36 72 1.3002675393746614
36 73 1.2932837734586395
36 74 1.2401622590988644
36 75 1.3550394845404516
36 76 1.3646892014469654
36 77 1.2713198292296093
36 78 1.2614105951920402
36 79 1.2563614926775115
36 80 1.3335734477437642
36 81 1.3386602151481495
36 82 1.375677556235101
36 83 1.153448540425878
36 84 1.4289939556058096
36 85 1.423812047272827
36 86 1.280507738695802
36 87 1.394119347236488
36 88 0.7958016562112699
36 89 1.3817571998226341
37 38 1.2996113868816153
37 39 1.4915593629540038
37 40 1.3273830494157925
37 41 1.3929162385349532
37 42 1.3224274375633944
37 43 1.3563118880675495
37 44 1.3417473714112662
37 45 1.3247489793391045
37 46 1.281452386149381
37 47 1.2180707139304656
37 48 1.3067842319946326
37 49 1.4690895472692744
37 50 1.2547803814268248
37 51 1.3330259291613151
37 52 1.3429439278187154
37 53 1.4396705232588556
37 54 1.4055778706812663
37 55 1.3290952059822116
37 56 1.2334212419837822
37 57 1.326646999710441
37 58 1.2966939216961157
37 59 1.2238661707191496
37 60 1.2358633909468855
37 61 1.3154343261652772
37 62 1.2865332384488408
37 63 1.1532057156832942
37 64 1.3065751224479991
37 65 1.1390671168250082
37 66 1.1760329010208532
37 67 1.1724934763564918
37 68 1.404182154947367
37 69 1.1671202310901092
37 70 1.1557107239890925
37 71 1.414299779073144
37 72 0.7934267182475616
37 73 1.4116662208268624
37 74 1.2252783908590974
37 75 1.3580000208470713
37 76 1.2533820394863164
37 77 1.2095260042134837
37 78 1.3862600228947357
37 79 1.5342335840644534
37 80 1.366709265141583
37 81 1.4047279748647254
37 82 1.1731404517785808
37 83 1.3825316829090815
37 84 1.1754146653175424
37 85 1.3192147286570703
37 86 1.1681062297081335
37 87 1.383330483072867
37 88 1.3721704261767362
37 89 1.309967655374907
38 39 1.3305677924848396
38 40 1.400879954091298
38 41 1.3542294347587254
38 42 1.347879713142035
38 43 1.2084576340675202
38 44 1.2501614766682678
38 45 1.2151104062449252
38 46 1.3053106707800328
38 47 1.3232323893590128
38 48 1.253213247625646
38 49 1.4397047927520452
38 50 1.375228522361263
38 51 1.4145782652076604
38 52 1.4301357839977775
38 53 1.1925978795443264
38 54 1.383917978983147
38 55 1.1718363747448726
38 56 1.2986320194220857
38 57 1.3690728616264516
38 58 1.2010954913513345
38 59 1.3175296181528098
38 60 1.0423252869038773
38 61 1.3634152020561832
38 62 1.4290477531148948
38 63 1.4629989328793978
38 64 1.287210581663819
38 65 1.2513795213899812
38 66 1.321001416139787
38 67 1.3293990746868045
38 68 1.4030004504110811
38 69 1.2716390441052683
38 70 1.4726184699521883
38 71 1.2082278027486884
38 72 1.3243748196979506
38 73 1.4103916692054204
38 74 1.3324183570046588
38 75 1.335460410096986
38 76 1.3352954745746615
38 77 1.3713820744875325
38 78 1.3822961985692017
38 79 1.4062963995780406
38 80 1.4703970650006264
38 81 1.4569400707700517
38 82 1.295144839213178
38 83 1.4002130364550036
38 84 1.3126156330241774
38 85 0.9833667849243398
38 86 1.3031522194690228
38 87 1.238652936120001
38 88 1.4877505333650973
38 89 1.1577579605178865
39 40 1.192901283595707
39 41 1.2233005150040182
39 42 1.5099148673108163
39 43 1.4793522447894099
39 44 1.0948986054541532
39 45 1.3458525344820533
39 46 1.5985215863976088
39 47 1.6285599072906554
39 48 1.4398600938983102
39 49 1.4039795120846716
39 50 1.45801983549936
39 51 1.5120526420598646
39 52 1.3502011641581082
39 53 1.1632272435776259
39 54 0.7321755662699628
39 55 1.4860021978603875
39 56 1.3832885226887197
39 57 1.413554589936961
39 58 1.5272174772655303
39 59 1.4462995629290527
39 60 1.4519451282904148
39 61 1.3360600246546046
39 62 1.4463753081863007
39 63 1.4255122037074386
39 64 1.3084831034516287
39 65 1.4918666995226555
39 66 1.5027432087207404
39 67 1.2665092410742318
39 68 1.4333057980185413
39 69 1.5030054843581178
39 70 1.3425826644655656
39 71 1.317257153805521
39 72 1.451163487249307
39 73 1.029731394698973
39 74 1.3450777191535295
39 75 1.3408515793304467
39 76 1.4311196440175422
39 77 1.3048687145858908
39 78 1.1985163335439053
39 79 0.7156345474988797
39 80 1.2318400393903857
39 81 1.4792998668766366
39 82 1.3616283552634556
39 83 1.065826551853464
39 84 1.5830558603018445
39 85 1.4138201264465917
39 86 1.3415349670557906
39 87 1.457103411599864
39 88 1.1982160917570703
39 89 1.465475690833236
40 41 1.4067826336785567
40 42 1.3213134972894212
40 43 1.4307749128946476
40 44 1.2787935201375802
40 45 1.2630496508926319
40 46 1.4707939375337713
40 47 1.3577098088226573
40 48 1.265769877164794
40 49 1.320439360961882
40 50 1.3528223444566014
40 51 1.414245758490216
40 52 1.2417814339968436
40 53 1.3026577185124444
40 54 1.1498525678979556
40 55 1.5196660736394991
40 56 1.3634542616248038
40 57 1.314552586874658
40 58 1.4292730129920974
40 59 1.346174247447979
40 60 1.3336810755635118
40 61 1.259354936176613
40 62 1.268461601268131
40 63 1.3146343368489997
40 64 1.1896505173676264
40 65 1.3656562404835224
40 66 1.2767750173972336
40 67 1.2781565583741674
40 68 1.2803411147497672
40 69 1.3509242432818134
40 70 1.2756545645660484
40 71 1.3436158997155991
40 72 1.291111174627538
40 73 1.3182708898589777
40 74 1.233132356936133
40 75 1.3984119765271545
40 76 1.3605544756455075
40 77 1.360777140358263
40 78 1.2929644246795413
40 79 1.291460016690017
40 80 1.3770785111978472
40 81 1.3369323764793113
40 82 1.185018804674214
40 83 1.328492218245829
40 84 1.411716232344667
40 85 1.2949544976997491
40 86 1.2494275261418681
40 87 1.4421423511659883
40 88 1.2338607015440741
40 89 1.2406140348032846
41 42 1.2672452658930162
41 43 1.364567059389992
41 44 1.3362699091891659
41 45 1.1885832607609974
41 46 1.345422150298029
41 47 1.3644205538326262
41 48 1.2802601223782122
41 49 1.4297574733651275
41 50 1.2541554766036325
41 51 1.3660254919312127
41 52 1.3031728236972584
41 53 1.0632725899569362
41 54 1.276158308269568
41 55 1.313306029562815
41 56 1.2897565543186897
41 57 1.4276442585254643
41 58 1.4214218103951706
41 59 1.3533803617425806
41 60 1.3492690690593063
41 61 1.3385044672950182
41 62 1.2915746423866536
41 63 1.330008515786374
41 64 1.3015092764484526
41 65 1.339871234162652
41 66 1.3264110090522474
41 67 1.2320853474210027
41 68 1.266954007765812
41 69 1.3002337890959856
41 70 1.3551060533190942
41 71 1.2919334179439694
41 72 1.3337877177668025
41 73 1.1871576943048978
41 74 1.3696353413145193
41 75 1.2884292728055877
41 76 1.305474523488277
41 77 1.3040593357923955
41 78 1.3266166906298866
41 79 1.2608679601116746
41 80 1.336002441127916
41 81 1.3834956200523278
41 82 1.2500521669876947
41 83 1.3392551292776327
41 84 1.2969647648124194
41 85 1.2528067493115338
41 86 1.3250769305677101
41 87 1.3148577196509883
41 88 1.3291476450153332
41 89 1.3701662099783278
42 43 1.2534482380663048
42 44 1.408670357971039
42 45 1.2521673736686856
42 46 1.3001111104738006
42 47 1.0161010848476226
42 48 1.1165628128525102
42 49 1.44170039531839
42 50 1.028009116551957
42 51 1.4308889840843757
42 52 1.3895065449280661
42 53 1.2467599259413955
42 54 1.4751023994663586
42 55 1.3070333912246255
42 56 1.169381072351502
42 57 1.4141248704867424
42 58 1.3983481053857834
42 59 1.3481004331074355
42 60 1.2197072588674804
42 61 1.2777003783411256
42 62 1.3334420537390117
42 63 1.3300986117150086
42 64 1.2919439996154005
42 65 1.2166023985347947
42 66 1.03842965086697
42 67 1.265299732154987
42 68 1.374417267945605
42 69 1.1213106237895316
42 70 1.401119850732549
42 71 1.2964677628237842
42 72 1.3055329374170428
42 73 1.4750817382048753
42 74 1.2489162984437012
42 75 1.2890986658215668
42 76 1.3388243209634336
42 77 1.367826260501041
42 78 1.4132327376438678
42 79 1.5387238561420635
42 80 1.5105237074022961
42 81 1.4002562724890923
42 82 1.2368476501392083
42 83 1.5024262065116805
42 84 1.0674581396236815
42 85 1.301830724379775
42 86 1.3545169015289302
42 87 1.466277636654708
42 88 1.3750062434396226
42 89 1.30167467292883
43 44 1.3957334670073158
43 45 1.1722158720273899
43 46 1.288915848510841
43 47 1.2429180698624094
43 48 1.2168811589275053
43 49 1.457044638982721
43 50 1.2490636617705912
43 51 1.4735530368825578
43 52 1.4012955922036343
43 53 1.2991640532436248
43 54 1.5565074808464525
43 55 1.2449348651557735
43 56 1.3974835773307432
43 57 1.3556198427886639
43 58 1.2293357190519256
43 59 1.4296896848956397
43 60 1.3712350940429623
43 61 1.386861906961911
43 62 1.3369528011644958
43 63 1.3478254841184563
43 64 1.19825051967693
43 65 1.4138918583913025
43 66 1.2799413992099264
43 67 1.3660985589785026
43 68 1.3539066995746305
43 69 1.1947493235381068
43 70 1.386589712609282
43 71 1.2730470152002271
43 72 1.314986056321435
43 73 1.52289536478442
43 74 1.3240267894206679
43 75 1.3035283352370077
43 76 1.3848167617183216
43 77 1.4316622728253925
43 78 1.4079268227811825
43 79 1.5240277725428963
43 80 1.5733557196750667
43 81 1.460751096233127
43 82 1.3837866099791225
43 83 1.4178926962989784
43 84 1.1951855169682168
43 85 1.2313217391569435
43 86 1.3821030725791776
43 87 1.1241543882149612
43 88 1.4610157105870694
43 89 1.2372229483459398
44 45 1.3356479066286817
44 46 1.4749388426239343
44 47 1.4747754917235396
44 48 1.422925139151241
44 49 1.4058415203684058
44 50 1.3878005648449339
44 51 1.4856843893818006
44 52 1.3125094508510042
44 53 1.270501761208459
44 54 1.0671839616753023
44 55 1.4269969178518747
44 56 1.3847673621219823
44 57 1.4163209764284574
44 58 1.4071170303714289
44 59 1.3638835549194004
44 60 1.3897233883741924
44 61 1.3974576889109118
44 62 1.3961032918504468
44 63 1.4077692679281868
44 64 1.3600823743392891
44 65 1.356713972846827
44 66 1.393808185070239
44 67 1.274469433468129
44 68 1.4515441643740372
44 69 1.4242144904777965
44 70 1.3110214735256065
44 71 1.4364930062900327
44 72 1.3434212957451954
44 73 1.3128851091096498
44 74 1.3792125772008919
44 75 1.3284801100109913
44 76 1.363271044601734
44 77 1.2878224416813322
44 78 1.1135909080626416
44 79 1.1017016408420726
44 80 1.3478308107187176
44 81 1.4562567967383941
44 82 1.2497581561874171
44 83 1.1197204017076863
44 84 1.4787119429974986
44 85 1.3159061129939011
44 86 1.354045349290675
44 87 1.4381084185963162
44 88 1.2256678435631914
44 89 1.4110553731010262
45 46 1.2847569804711187
45 47 1.2064455737773685
45 48 1.0647885714551542
45 49 1.2919388625153247
45 50 1.1337389584755708
45 51 1.348536951845201
45 52 1.2792149009835645
45 53 1.107128667418317
45 54 1.3066444741258298
45 55 1.21152305775516
45 56 1.3088379374647814
45 57 1.3523367850082946
45 58 1.367529637496926
45 59 1.379938606280397
45 60 1.2554728835884226
45 61 1.2535979570949156
45 62 1.1821878957312886
45 63 1.228276057909021
45 64 1.011353792182379
45 65 1.2217435246358808
45 66 1.1622361779453045
45 67 1.2319828709506018
45 68 1.1276489073855471
45 69 1.1833909274594077
45 70 1.3534437167747078
45 71 1.2437462597253586
45 72 1.2832767724119756
45 73 1.3296435467698466
45 74 1.145976956156077
45 75 1.2058140540589657
45 76 1.211748161868106
45 77 1.3898956113007368
45 78 1.4302790637644018
45 79 1.2977373992351093
45 80 1.4143931562876473
45 81 1.2081790433479125
45 82 1.1573145852457893
45 83 1.4347438350525301
45 84 1.1702750135177702
45 85 1.1997476336918627
45 86 1.3960029812088919
45 87 1.285704239593341
45 88 1.4093006381035367
45 89 1.1061477079316195
46 47 1.1869006126312862
46 48 1.2520792035534232
46 49 1.2712449264819374
46 50 1.2236308736339163
46 51 1.3399493144745847
46 52 1.2257166183643768
46 53 1.3243301856015475
46 54 1.535940435583524
46 55 1.104096921403138
46 56 1.364083449012576
46 57 1.2410359220803446
46 58 1.4644964243098708
46 59 1.2704923282965925
46 60 1.3631628105831775
46 61 1.1423425558313098
46 62 1.2489100331224547
46 63 1.2777376678480001
46 64 1.3394364583459735
46 65 1.2492667594534355
46 66 1.2204486197006863
46 67 1.2880000137345304
46 68 1.1413533800049496
46 69 1.2672720058484628
46 70 1.2701905233485435
46 71 1.2989129557819017
46 72 1.2523822167795193
46 73 1.4262031225402347
46 74 1.2215324815808586
46 75 1.4043888417364534
46 76 1.2424010590839263
46 77 1.36640727554962
46 78 1.5436958469042523
46 79 1.5714913844035683
46 80 1.4489910148724756
46 81 1.2077824545863565
46 82 1.2218476961968692
46 83 1.526295716178752
46 84 1.2895399243757812
46 85 1.3539257817783492
46 86 1.3512811446854738
46 87 1.3150838213472953
46 88 1.3760041178685254
46 89 1.2985608962235662
47 48 0.9988457798673083
47 49 1.3249592472925498
47 50 0.8402076234480325
47 51 1.240487717178465
47 52 1.3146140540660478
47 53 1.2497966648405556
47 54 1.5900598474640217
47 55 1.209195884357658
47 56 1.193408710707382
47 57 1.18930730733131
47 58 1.3051231426307113
47 59 1.292938934140196
47 60 1.159763055313357
47 61 1.2046182250987956
47 62 1.077689518663051
47 63 1.152863179780968
47 64 1.1666829801568566
47 65 1.0789166230956095
47 66 0.7329290462291066
47 67 1.2689933312071506
47 68 1.2259484807829026
47 69 0.8150583802699589
47 70 1.2415829631718844
47 71 1.199868386719578
47 72 1.1934314339548788
47 73 1.4817313468470308
47 74 1.13532684835496
47 75 1.3684334776002067
47 76 1.2281791149242973
47 77 1.312003254635822
47 78 1.512524149120112
47 79 1.6691066290772945
47 80 1.4854731482877477
47 81 1.2545820426618948
47 82 1.1478429475271839
47 83 1.6177836589424888
47 84 0.7196291362575852
47 85 1.2657239600930876
47 86 1.2854232892844821
47 87 1.3764099062388855
47 88 1.4318064109488242
47 89 1.1475619012455562
48 49 1.3457943608795975
48 50 0.9650665931548019
48 51 1.257762934534681
48 52 1.2602997604424158
48 53 1.210390074539877
48 54 1.4269600790958838
48 55 1.179490381953589
48 56 1.224823792672241
48 57 1.3002367602178075
48 58 1.3862577827187272
48 59 1.275397197416535
48 60 1.1794529575031758
48 61 1.1195649360971713
48 62 1.2004544697008566
48 63 1.2065498765102816
48 64 1.1980111500071509
48 65 1.207666756668529
48 66 1.025827532402441
48 67 1.2945411371481286
48 68 1.2296706584127937
48 69 1.0485795674654788
48 70 1.3602683707497554
48 71 1.15461433079889
48 72 1.2983286123373323
48 73 1.429656319985278
48 74 1.1671602243482138
48 75 1.4263245933408262
48 76 1.2191342289891154
48 77 1.4078043985981572
48 78 1.433314550006986
48 79 1.5087716292713447
48 80 1.4060844403794304
48 81 1.3078312204712181
48 82 1.0728915250451923
48 83 1.5174453667274364
48 84 0.98748098130801
48 85 1.19023777979279
48 86 1.2638342426592437
48 87 1.3715963999672771
48 88 1.3742746585128285
48 89 1.1029123418574018
49 50 1.370336059304024
49 51 1.3812874032259015
49 52 1.3030754017173671
49 53 1.3262656869313647
49 54 1.3789037251832563
49 55 1.3996895267829375
49 56 1.4422435005669896
49 57 1.2604632170581822
49 58 1.4993563904649576
49 59 1.4035371711664457
49 60 1.4387398636338726
49 61 1.2434818148347815
49 62 1.3130106744510883
49 63 1.3984688233736822
49 64 1.314671020975792
49 65 1.3969454168347277
49 66 1.3256769178458003
49 67 1.3760808086544742
49 68 1.2068467181936449
49 69 1.3661947236828098
49 70 1.4896412665218621
49 71 1.2971038773106696
49 72 1.4350341270701032
49 73 1.3908475670199065
49 74 1.3018534599461535
49 75 1.4175227684673448
49 76 1.3893691505219254
49 77 1.4660578790309768
49 78 1.3966236054413805
49 79 1.4591937455785178
49 80 1.3936466396425728
49 81 1.2341406900872829
49 82 1.3014213391894756
49 83 1.43345443779111
49 84 1.3812098267306416
49 85 1.40929918362519
49 86 1.473690582644945
49 87 1.3604284412261147
49 88 1.4205648001985913
49 89 1.367173988634601
50 51 1.323133541723683
50 52 1.339223373136655
50 53 1.1876041663140333
50 54 1.4486955811565023
50 55 1.2386223168997954
50 56 1.182022990659336
50 57 1.3240264929563286
50 58 1.316281190996276
50 59 1.3753096101780942
50 60 1.2319849566520003
50 61 1.1995497774722765
50 62 1.0609375200008067
50 63 1.1946768923734004
50 64 1.1768439830522321
50 65 1.206572100866444
50 66 0.7747890357619743
50 67 1.2271189863605423
50 68 1.2579246679609843
50 69 0.834931973606954
50 70 1.2534111581418836
50 71 1.2119114437330063
50 72 1.201980478249921
50 73 1.3763941020614339
50 74 1.0452018109201773
50 75 1.3534381731320704
50 76 1.1721260772270234
50 77 1.3951182069707322
50 78 1.510362206808783
50 79 1.5178736290433528
50 80 1.3946949897356316
50 81 1.3265404339878446
50 82 1.1206885083835212
50 83 1.5636289576994336
50 84 0.7177151761282561
50 85 1.291302712806814
50 86 1.311434051381691
50 87 1.4235370511820662
50 88 1.4238078113484745
50 89 1.21021340476226
51 52 1.3238867160729435
51 53 1.267226717830534
51 54 1.5219683676862257
51 55 1.2935647599184765
51 56 1.326971749991049
51 57 1.247913538085215
51 58 1.4026939008827768
51 59 1.344408925539822
51 60 1.2235689614219214
51 61 1.2859120311081178
51 62 1.2574293344266771
51 63 1.3886969701202638
51 64 1.389511884939082
51 65 1.3054600543043915
51 66 1.297087802855172
51 67 1.326019954171785
51 68 1.3041988396164435
51 69 1.2362299262333982
51 70 1.4094831163444546
51 71 1.4063419896884417
51 72 1.3539644492836302
51 73 1.4444628275373048
51 74 1.3103541362388458
51 75 1.441853500985329
51 76 1.2013503522895634
51 77 1.4414348480890482
51 78 1.5045511363460375
51 79 1.5427546157317586
51 80 1.499145248795507
51 81 1.2229756646949883
51 82 1.308834601682107
51 83 1.4155366191024383
51 84 1.2301762610332427
51 85 1.3532923289222438
51 86 1.3662522598942195
51 87 1.3928433630863357
51 88 1.387130859446157
51 89 1.269896243192476
52 53 1.2686591127933542
52 54 1.311314783719355
52 55 1.3169482528511542
52 56 1.330596942330118
52 57 1.0894697955381774
52 58 1.4906430865014233
52 59 1.2421594751511742
52 60 1.3780198152467473
52 61 1.255509584896833
52 62 1.2363544366852195
52 63 1.395025319798068
52 64 1.2751857794216896
52 65 1.4071446352002646
52 66 1.3377758353548104
52 67 1.3380156025119136
52 68 1.152911137156692
52 69 1.3988698076514556
52 70 1.2716866023582971
52 71 1.3862191582232644
52 72 1.2745582654657377
52 73 1.3950966916138987
52 74 1.2699100875691651
52 75 1.5065342946912672
52 76 1.290657182041204
52 77 1.3426976719612562
52 78 1.3535874108370538
52 79 1.3730660062672173
52 80 1.4034253563979346
52 81 1.2076695268961386
52 82 1.1911780955470994
52 83 1.3516080635776149
52 84 1.4027189500085726
52 85 1.4353555705001078
52 86 1.3531077231782642
52 87 1.3997360247896404
52 88 1.2174636006086972
52 89 1.3290989619460671
53 54 1.2196634399499369
53 55 1.2670440366909885
53 56 1.3195496505041548
53 57 1.3443448637708009
53 58 1.4249672932957909
53 59 1.416294097789232
53 60 1.1920765288144735
53 61 1.1677553773256788
53 62 1.2831269821093514
53 63 1.4153999289135426
53 64 1.2041125788513223
53 65 1.364500194252302
53 66 1.2248416129133055
53 67 1.1183965970125225
53 68 1.2439893084641638
53 69 1.2640530488975417
53 70 1.3842063624886354
53 71 1.2644647419589654
53 72 1.399226793757721
53 73 1.3068987097078015
53 74 1.285530956812418
53 75 1.2734616083869936
53 76 1.2590852613025554
53 77 1.364374974104356
53 78 1.246692479103424
53 79 1.2380689625522148
53 80 1.399146777123832
53 81 1.3525767558223922
53 82 1.2060981413181513
53 83 1.2766653840764095
53 84 1.2844909790603407
53 85 1.1257829056234585
53 86 1.3224145476167493
53 87 1.3055701466016887
53 88 1.3598754228505077
53 89 1.2180489118533908
54 55 1.4529209300380765
54 56 1.294373235344339
54 57 1.3988913855507639
54 58 1.554995626443361
54 59 1.3869098908348172
54 60 1.397854266473854
54 61 1.3514168472516115
54 62 1.3716196863140175
54 63 1.3404596345823234
54 64 1.3156704592328843
54 65 1.4199029109967176
54 66 1.457796860662046
54 67 1.272780442794743
54 68 1.4305082454985192
54 69 1.4924796186061549
54 70 1.2466689281466827
54 71 1.330891363061791
54 72 1.3542535918298406
54 73 0.9983111730718722
54 74 1.3269944978640358
54 75 1.3578125117768916
54 76 1.4108267843507576
54 77 1.2346782773909328
54 78 1.2133271214519408
54 79 0.7508076365514373
54 80 1.1417199855557336
54 81 1.4956860358427364
54 82 1.2943009782890884
54 83 1.1503539797863842
54 84 1.532310410963159
54 85 1.425925199540301
54 86 1.3370288835167303
54 87 1.5052833850722176
54 88 1.2342721793274518
54 89 1.422900682700399
55 56 1.370437515297136
55 57 1.331967400079794
55 58 1.2750209766652083
55 59 1.2390749889197226
55 60 1.1676246982343887
55 61 1.2853709474426385
55 62 1.2853953854528197
55 63 1.3638141663827805
55 64 1.2429522087319411
55 65 1.239968125254253
55 66 1.2674776109121468
55 67 1.3429516679596532
55 68 1.3510592464212505
55 69 1.2847842020798943
55 70 1.4095401274054595
55 71 1.1120825716165572
55 72 1.3037842498531216
55 73 1.350973526474705
55 74 1.256546404032644
55 75 1.3741230837452265
55 76 1.266501145832469
55 77 1.3787243408869594
55 78 1.517923869523459
55 79 1.4141772442941165
55 80 1.4838209949733006
55 81 1.392305354405323
55 82 1.269517532227963
55 83 1.4652058457893922
55 84 1.259449179267498
55 85 1.1778610896763897
55 86 1.2412731653299254
55 87 1.3038459843001098
55 88 1.4452730843692505
55 89 1.2607415318490756
56 57 1.4084887596837978
56 58 1.358047517975003
56 59 1.3429638437452296
56 60 1.2238930670360348
56 61 1.408807244509179
56 62 1.3412519428701466
56 63 1.2788793420294822
56 64 1.3243492726309145
56 65 1.1559207061206456
56 66 1.0941335117482267
56 67 1.3307833831474583
56 68 1.3959448155729408
56 69 1.1501900733729773
56 70 1.2123873982869324
56 71 1.3785716434170439
56 72 1.1619966472532575
56 73 1.3299419588072805
56 74 1.25794995117613
56 75 1.4412186785539616
56 76 1.149732639038922
56 77 1.298117244718179
56 78 1.3903062695462665
56 79 1.4441359811928176
56 80 1.458235669033134
56 81 1.4235205889170017
56 82 1.1868638245609135
56 83 1.3619981269731356
56 84 1.1340811064901513
56 85 1.3007699070465413
56 86 1.3037630288580684
56 87 1.4004278033136108
56 88 1.3977400512653075
56 89 1.3123301811593886
57 58 1.5054640654471305
57 59 1.367139325538594
57 60 1.3833076756146006
57 61 1.2831844319362833
57 62 1.2207316005197855
57 63 1.2691767129445148
57 64 1.279795235146482
57 65 1.3688356135335755
57 66 1.3454807176966415
57 67 1.3534055898718473
57 68 1.2356354818923077
57 69 1.4037399821195362
57 70 1.2685930694130871
57 71 1.4306452507833332
57 72 1.3334605595789235
57 73 1.3981259378444755
57 74 1.2602383262522472
57 75 1.4285034696650354
57 76 1.3085218822718707
57 77 1.350620389306113
57 78 1.4241069239726258
57 79 1.4491508622735347
57 80 1.379737277904107
57 81 1.2796745704588082
57 82 1.275788192336651
57 83 1.4823246301671014
57 84 1.393143313211458
57 85 1.4426331265183157
57 86 1.3702923185082023
57 87 1.4072842891117212
57 88 1.3375237266412578
57 89 1.2680151782157494
58 59 1.356564523437404
58 60 1.1192378938061682
58 61 1.5073956050356174
58 62 1.319307521519861
58 63 1.4547758192143432
58 64 1.3663428610233692
58 65 1.2910067900570725
58 66 1.3108729921080347
58 67 1.3874967630722883
58 68 1.4952758828522879
58 69 1.2913932252762814
58 70 1.45138681637715
58 71 1.3436681370334824
58 72 1.1874017911774697
58 73 1.566411414073325
58 74 1.3609488040125282
58 75 1.3728379404640307
58 76 1.2853825678890733
58 77 1.4396982673511312
58 78 1.4583903559425986
58 79 1.5208741169431323
58 80 1.5745749916378509
58 81 1.4289998760114024
58 82 1.4433928133501335
58 83 1.3678660175422812
58 84 1.2563144238596413
58 85 1.2337249590593533
58 86 1.272055124408889
58 87 1.2270602288182488
58 88 1.505835969124191
58 89 1.2644691928469107
59 60 1.3903097709176444
59 61 1.3074298431984785
59 62 1.2866169859007104
59 63 1.2535522717355565
59 64 1.4051216591334776
59 65 1.1888285155260516
59 66 1.2854644052253819
59 67 1.3917319361541727
59 68 1.421436151998805
59 69 1.304967399989318
59 70 1.1931427074035554
59 71 1.4331593860718939
59 72 1.221535438823121
59 73 1.3411609155164768
59 74 1.3806117580672055
59 75 1.4485989185911854
59 76 1.4126262839836448
59 77 1.1823374316765594
59 78 1.3806405079148714
59 79 1.448091195716633
59 80 1.4419403264092006
59 81 1.3438135580564932
59 82 1.2684014178511303
59 83 1.4227186636453177
59 84 1.2956535537021656
59 85 1.4640210771764213
59 86 1.2100555120985979
59 87 1.3773210598750119
59 88 1.223725697942529
59 89 1.4058067102319922
60 61 1.356414463961898
60 62 1.2852632529562646
60 63 1.3510350642642108
60 64 1.3395738305645666
60 65 1.1248119106976409
60 66 1.1354839862461514
60 67 1.2762968567146313
60 68 1.416649848522269
60 69 1.1336437322182913
60 70 1.3806320071422964
60 71 1.227965846130775
60 72 1.2864031910873992
60 73 1.4487247539737245
60 74 1.3023082258470198
60 75 1.4115758813717045
60 76 1.2078076631388612
60 77 1.451735666591232
60 78 1.3888328059101696
60 79 1.4789169331411331
60 80 1.5421866558237698
60 81 1.4469811657346112
60 82 1.1598631255924237
60 83 1.4313407785476198
60 84 1.0954996455950248
60 85 0.935446177440426
60 86 1.2151095140141772
60 87 1.2759385402597416
60 88 1.4963058273514562
60 89 1.1674671707992903
61 62 1.2211068122433635
61 63 1.3571938703455875
61 64 1.2958358986875307
61 65 1.212984955655996
61 66 1.1610351114762991
61 67 1.167173612960149
61 68 1.1578862097876126
61 69 1.3451743812219505
61 70 1.290891325832697
61 71 1.2434273440012196
61 72 1.2598917772415579
61 73 1.4026121870076853
61 74 1.190732189472755
61 75 1.4177148604148158
61 76 1.2615845028044914
61 77 1.3951719355009728
61 78 1.3744818147752473
61 79 1.4429486364355146
61 80 1.3709398361930947
61 81 1.2735816706735554
61 82 1.1573426172394177
61 83 1.5096984625217778
61 84 1.3261128215234308
61 85 1.4467572389273406
61 86 1.2941641462600635
61 87 1.375756946801868
61 88 1.343106120554759
61 89 1.3111815824137387
62 63 1.1607650156383025
62 64 1.2914298006956622
62 65 1.275452798584984
62 66 1.1219047319203046
62 67 1.2478077139245032
62 68 1.2441513270681064
62 69 1.117709684623933
62 70 1.2044804448372408
62 71 1.3697904699471202
62 72 1.1172449663931454
62 73 1.4238414822686352
62 74 1.0994178528594707
62 75 1.3257447150664692
62 76 1.2142278149496772
62 77 1.2988867587278534
62 78 1.5209828933677678
62 79 1.484825713910726
62 80 1.4580103146665913
62 81 1.2198244267740252
62 82 1.2410149258388417
62 83 1.525347668568169
62 84 1.0938899474403443
62 85 1.338642323753721
62 86 1.2830635207833996
62 87 1.3177905521556703
62 88 1.3739718344959937
62 89 1.182133963298455
63 64 1.355249403151205
63 65 1.167608955953715
63 66 1.2468888505624898
63 67 1.3555993032384874
63 68 1.3190103427409836
63 69 1.226369500400815
63 70 0.9157563865063882
63 71 1.3460014434671024
63 72 1.2203081329122074
63 73 1.3067867199177916
63 74 1.2200387892861118
63 75 1.369237450698458
63 76 1.2533255472360672
63 77 1.0969376124608718
63 78 1.3497643519525453
63 79 1.430450671373599
63 80 1.3720509092712365
63 81 1.2344677303379592
63 82 1.2157514004041219
63 83 1.4642724682547337
63 84 1.1698744942677601
63 85 1.3721604972292922
63 86 1.2392013130713253
63 87 1.2774831737310723
63 88 1.3393210047828743
63 89 1.3051041336822145
64 65 1.3665371916702929
64 66 1.1714315448372363
64 67 1.2387083306302713
64 68 1.0993241396994535
64 69 1.2316472515267909
64 70 1.362415639710978
64 71 1.2479497385525924
64 72 1.3367046057258833
64 73 1.3462084059206354
64 74 1.1600417344119938
64 75 1.2576371708562695
64 76 1.3521281334827229
64 77 1.3751303172465223
64 78 1.4346146536184639
64 79 1.3600067163516654
64 80 1.3551580670947718
64 81 1.3538836830734058
64 82 1.207800574219714
64 83 1.362337532776488
64 84 1.2058219341076186
64 85 1.2468647160562305
64 86 1.3222310996329456
64 87 1.313793082001731
64 88 1.2939601758558479
64 89 1.2094297772758045
65 66 0.9540389283831205
65 67 1.2418870571613432
65 68 1.377318968194915
65 69 1.1357732842533452
65 70 1.13680891705423
65 71 1.287722922486918
65 72 1.0024643192305835
65 73 1.2508928165559376
65 74 1.1933481727708277
65 75 1.3492238411775894
65 76 1.2648673745688441
65 77 1.2924995044302259
65 78 1.4257109087434887
65 79 1.4898378234596714
65 80 1.4080561704149834
65 81 1.3620367361733339
65 82 1.0645195073346463
65 83 1.4533154803564525
65 84 1.0724957406429225
65 85 1.3077265281487842
65 86 1.2661131863657042
65 87 1.378160020287701
65 88 1.4691979812191158
65 89 1.2717627726872183
66 67 1.1875610186068557
66 68 1.29975121538009
66 69 0.7338013180543046
66 70 1.2177750810485384
66 71 1.1382126065054836
66 72 1.1319234625878918
66 73 1.427880602999537
66 74 1.0910523175900315
66 75 1.3851180898884072
66 76 1.2281140999308962
66 77 1.2638183510025578
66 78 1.4680800700251773
66 79 1.5851928887031146
66 80 1.4072095325818608
66 81 1.3629794099993975
66 82 1.0319311011729853
66 83 1.5264635158487896
66 84 0.6644051951208435
66 85 1.2711224337697362
66 86 1.2315491930999605
66 87 1.3960697940190379
66 88 1.4481485967115197
66 89 1.2129273871626949
67 68 1.261979014803844
67 69 1.2415147900524826
67 70 1.274673254461907
67 71 1.3509042729609262
67 72 1.159904639599161
67 73 1.2613726095533793
67 74 1.1575185110102297
67 75 1.3153182190160426
67 76 1.269062341355954
67 77 1.1937676958293921
67 78 1.2573439059545053
67 79 1.342490215026061
67 80 1.3569876202424815
67 81 1.3238080991703705
67 82 1.1823605170067588
67 83 1.2911867705599607
67 84 1.2365658319162562
67 85 1.3227033547977267
67 86 1.1724105486598315
67 87 1.3388457838928105
67 88 1.2612618202065597
67 89 1.3591618699223793
68 69 1.331475777130663
68 70 1.3177280562847227
68 71 1.267207144032422
68 72 1.350061759391719
68 73 1.424271150076
68 74 1.2029682010248268
68 75 1.3808388288175306
68 76 1.2500415395818045
68 77 1.4030571974951815
68 78 1.4785464253504983
68 79 1.4513676938659943
68 80 1.376999237364671
68 81 0.8102579993148843
68 82 1.2729087191014687
68 83 1.4795016557769862
68 84 1.3411827783692138
68 85 1.3611298319498006
68 86 1.4160325547451975
68 87 1.209412927866113
68 88 1.3877631218696536
68 89 1.2796906220451352
69 70 1.2780239050783342
69 71 1.2225204471767976
69 72 1.191001611380889
69 73 1.3802851596706673
69 74 1.0898198937573083
69 75 1.3851022713398746
69 76 1.2342791165873028
69 77 1.2954936922999567
69 78 1.5070682113038594
69 79 1.5908472577059338
69 80 1.46684477961676
69 81 1.3621874531938536
69 82 1.1025390993633604
69 83 1.5411105995679377
69 84 0.5731492126015049
69 85 1.163993161015167
69 86 1.296734649167971
69 87 1.3776382423107592
69 88 1.4230072141140335
69 89 1.181103336790656
70 71 1.519326985519577
70 72 1.04038445099339
70 73 1.2373319781305898
70 74 1.328393507284584
70 75 1.4194400884232734
70 76 1.295453171673367
70 77 1.0103866064916596
70 78 1.2741426981487889
70 79 1.4079785640713167
70 80 1.4192264711110996
70 81 1.305506377535082
70 82 1.174171221817546
70 83 1.3899931873741975
70 84 1.2602503270023597
70 85 1.4178850803229206
70 86 1.2699109062927518
70 87 1.3931367665865884
70 88 1.2749213096258392
70 89 1.4706646392069207
71 72 1.3669755866309912
71 73 1.3126319613972592
71 74 1.239893784952481
71 75 1.3665466402319155
71 76 1.2518021253689504
71 77 1.357233362234181
71 78 1.3940002564357894
71 79 1.403905411063668
71 80 1.3245856619659837
71 81 1.3818099873724008
71 82 1.2531721798393158
71 83 1.4160841175428718
71 84 1.2069711944832011
71 85 1.2984976888076283
71 86 1.3082982602287256
71 87 1.3256073878266974
71 88 1.474749994064445
71 89 1.28676907170798
72 73 1.3333076255055134
72 74 1.1796828370137624
72 75 1.346996058184285
72 76 1.1916647690906763
72 77 1.204732618556402
72 78 1.3918895470074089
72 79 1.4905845522844758
72 80 1.4099577343451082
72 81 1.34934876746212
72 82 1.190776668866102
72 83 1.352231034023314
72 84 1.1620043223964487
72 85 1.3644337712355796
72 86 1.2101551110115134
72 87 1.3373748909692802
72 88 1.3281812178922519
72 89 1.3174567925122678
73 74 1.366235485202422
73 75 1.3318215712652397
73 76 1.4180680071996639
73 77 1.1920869958809355
73 78 1.3843975020996049
73 79 1.0374863319452936
73 80 1.2716847684985875
73 81 1.483622461843665
73 82 1.2762538314269214
73 83 1.2427776794735852
73 84 1.4272129915681346
73 85 1.430520503610369
73 86 1.3176931383746173
73 87 1.4787448671885628
73 88 1.2675661761504995
73 89 1.4980574259406574
74 75 1.3301795690677518
74 76 1.1719275014807355
74 77 1.3755433731464517
74 78 1.5329564570502614
74 79 1.4444417189515089
74 80 1.34093299556828
74 81 1.261437662443244
74 82 1.1394428245276331
74 83 1.4174357263357138
74 84 1.1409510120015969
74 85 1.320796665212205
74 86 1.279740893984484
74 87 1.3228793923031437
74 88 1.324242079768545
74 89 1.1975984583503296
75 76 1.4270022626449583
75 77 1.3944066182936268
75 78 1.4854769161777999
75 79 1.3307350402633948
75 80 1.387528207501798
75 81 1.4505397002493772
75 82 1.4010843515976112
75 83 1.3113507954097736
75 84 1.4077436764676838
75 85 1.3419201706683803
75 86 1.3916652670547631
75 87 1.3671764714924242
75 88 1.4452729207240032
75 89 1.3211864685606398
76 77 1.4159844419600363
76 78 1.3542577563484721
76 79 1.441530754880004
76 80 1.4418748060122297
76 81 1.304645110062687
76 82 1.164793848258358
76 83 1.3514427929667316
76 84 1.219192065495888
76 85 1.2568581043381162
76 86 1.2632225051482004
76 87 1.326684831212052
76 88 1.3625917803253782
76 89 1.1987633990399438
77 78 1.2116949943187807
77 79 1.33999506160648
77 80 1.3765916606545707
77 81 1.3507667179927476
77 82 1.2676516975876813
77 83 1.335130684970198
77 84 1.2842834674451857
77 85 1.468541308446963
77 86 1.2519385763980293
77 87 1.4406400888213333
77 88 1.2116283476216203
77 89 1.4621261059233919
78 79 1.2484168580494495
78 80 1.4366786885270715
78 81 1.4355250911228419
78 82 1.3332727482533142
78 83 1.1422803381460669
78 84 1.5191165488918303
78 85 1.4041514660020025
78 86 1.3805753160189527
78 87 1.4854857039326639
78 88 1.1922548419336123
78 89 1.4549861618651563
79 80 1.2903027722362026
79 81 1.4796467112676241
79 82 1.43330635624824
79 83 0.9752521598486594
79 84 1.635871228486073
79 85 1.4497013175844253
79 86 1.4031310848291212
79 87 1.4662385811969645
79 88 1.2583298995511214
79 89 1.425650920262384
80 81 1.4476284036301215
80 82 1.3349715450091613
80 83 1.3897425259869436
80 84 1.4828626045288196
80 85 1.4993220528448394
80 86 1.2984354263213838
80 87 1.4514808516812607
80 88 1.3987704183294787
80 89 1.4763883988292177
81 82 1.3931325120638776
81 83 1.4694528861084122
81 84 1.3852225289234064
81 85 1.441321010495963
81 86 1.4396776888366678
81 87 1.37000291219779
81 88 1.2854873687803523
81 89 1.3802607709643981
82 83 1.3599188647070766
82 84 1.107951871759912
82 85 1.189170438482125
82 86 1.20535232961013
82 87 1.38705699463878
82 88 1.3702961332740573
82 89 1.2190450081852509
83 84 1.584531859309014
83 85 1.438800773317645
83 86 1.3186707339070785
83 87 1.3857312007644293
83 88 1.1906159062709407
83 89 1.4767614497346
84 85 1.2201620786699332
84 86 1.3243730885880776
84 87 1.4001822986633372
84 88 1.4638618607371865
84 89 1.201956003368788
85 86 1.3158850678229013
85 87 1.1491146437844482
85 88 1.567185764009364
85 89 1.097042051804696
86 87 1.3444566684658399
86 88 1.3394520534038952
86 89 1.3240510127181406
87 88 1.5159505997948737
87 89 1.2549402526996258
88 89 1.4221152674340092
