75 0
0 1 1.3596540367943784
0 2 1.270130450722768
0 3 1.4250041019511828
0 4 1.3590433052572282
0 5 1.3716490116610516
0 6 1.3626918702723503
0 7 1.243228612496513
0 8 1.2537944327004258
0 9 1.3848015005000878
0 10 1.2627587592540372
0 11 1.3154679014142094
0 12 1.0941400504418
0 13 1.4863845717855466
0 14 1.306989236355589
0 15 1.3234921974072735
0 16 1.4125315557668738
0 17 1.3194944871603516
0 18 1.4119841579745867
0 19 1.5322585134473656
0 20 1.2019406864943238
0 21 1.3631366739536286
0 22 1.3818937376584697
0 23 1.3210988375762314
0 24 1.4035032213665983
0 25 1.2743829998370944
0 26 1.3453332926080563
0 27 1.3949556615179586
0 28 1.3614035998355902
0 29 1.3089489054445667
0 30 1.2136646371107354
0 31 1.3484228780028766
0 32 1.2438077228482831
0 33 1.2188556037640867
0 34 1.2879400429241785
0 35 1.3923132246738263
0 36 1.3116530750770259
0 37 1.2650101939023146
0 38 1.319717853593172
0 39 1.2602602583800422
0 40 1.3535140666397965
0 41 1.3419470305707748
0 42 1.3828712284083016
0 43 1.250531704925755
0 44 1.2386707728585975
0 45 1.3314687521643933
0 46 1.4055978180699333
0 47 1.3664319062037054
0 48 1.2769999642059318
0 49 1.2649340349635942
0 50 1.3639293142297357
0 51 1.39883209600463
0 52 1.3445034387308925
0 53 1.3461090164285043
0 54 1.2080875459271563
0 55 1.2941093516552364
0 56 1.2719797668055508
0 57 1.348447978066325
0 58 1.3240104175147447
0 59 1.2840054223411075
0 60 1.4376405870980844
0 61 1.3936676347720716
0 62 1.3036856967175061
0 63 1.3534579357638767
0 64 1.3178653482489249
0 65 1.3405818733700015
0 66 1.2628639547317033
0 67 1.3210707231797454
0 68 1.4009303703730325
0 69 1.4469064332767647
0 70 1.321350184927144
0 71 1.2893108201933803
0 72 1.473422084338552
0 73 1.3248426018568347
0 74 1.2388190429766734
1 2 1.340738762696555
1 3 1.4863809157593533
1 4 1.4684210744666633
1 5 1.3920680359840092
1 6 1.3671973327464535
1 7 1.3819853131934958
1 8 1.3178836964769884
1 9 1.3407845813651937
1 10 1.3787770884975354
1 11 1.2240322518027444
1 12 1.360322479266364
1 13 1.4555438247757622
1 14 1.3390855676750753
1 15 1.4335219970964177
1 16 1.3760545022360082
1 17 1.3603754345791161
1 18 1.4319416267522058
1 19 1.314803410899635
1 20 1.327609259166807
1 21 1.2241893373204458
1 22 1.480881158092785
1 23 1.2731178049799765
1 24 1.3781033661023978
1 25 1.3441443782385014
1 26 1.3895058517637018
1 27 1.4479239748633688
1 28 1.4898813531265938
1 29 1.37201942589298
1 30 1.3624081474084264
1 31 1.4698466881136594
1 32 1.351036618128332
1 33 1.3981936267242525
1 34 1.3881577023929552
1 35 1.2726925488289882
1 36 1.2946934976387527
1 37 1.3702961489294254
1 38 1.4048345826468644
1 39 1.462816328637733
1 40 1.3437899376590965
1 41 1.3234229639478927
1 42 1.4489821258260314
1 43 1.3845686068581091
1 44 1.411579635855928
1 45 1.2728530124165212
1 46 1.3073895124218673
1 47 1.2393591530240324
1 48 1.2434619636979247
1 49 1.451210288585223
1 50 1.439617159025833
1 51 1.3976745105572523
1 52 1.4000330874306108
1 53 1.366580010899666
1 54 1.4794434186456502
1 55 1.472339077400444
1 56 1.2965847059297777
1 57 1.3477720474661172
1 58 1.3128893118532692
1 59 1.3130596328517705
1 60 1.3969375580117434
1 61 1.4068922382462805
1 62 1.1534037955346408
1 63 1.5148187629616967
1 64 1.3278243916121422
1 65 1.4675067181928185
1 66 1.401491279534433
1 67 1.2754715908212324
1 68 1.3650710614245825
1 69 1.4823074577468818
1 70 1.3512678032674923
1 71 1.3755760204353615
1 72 1.4587528692521692
1 73 1.3731170150788963
1 74 1.3651986135313436
2 3 1.3390615044076148
2 4 1.439665935373256
2 5 1.2473872330753062
2 6 1.4228414030766392
2 7 1.323096797963453
2 8 1.3229033056189474
2 9 1.4760498127368966
2 10 1.5875371229163295
2 11 1.3157332501714205
2 12 1.2551744502210636
2 13 1.3358305055966542
2 14 1.344469652069218
2 15 1.3088567443567158
2 16 1.4665067288331322
2 17 1.326748524786817
2 18 1.2944785967822836
2 19 1.2576098092439862
2 20 1.3590005077783256
2 21 1.3235111871664178
2 22 1.363350406902025
2 23 1.3153727246733937
2 24 1.3845339776958008
2 25 1.2754349089283021
2 26 1.2878516965226423
2 27 1.403723301614741
2 28 1.4563873645866845
2 29 1.3201203753229636
2 30 1.3072138498409225
2 31 1.3677141979585266
2 32 1.305506426059949
2 33 1.3072550663042641
2 34 1.3575202794655539
2 35 1.2736393758687188
2 36 1.3369533650276126
2 37 1.3894530174313746
2 38 1.4367140263046272
2 39 1.296399568348286
2 40 1.1397693882893933
2 41 1.317617009241861
2 42 1.3856814363996899
2 43 1.2707131876174504
2 44 1.3633128350754617
2 45 1.3301210403990824
2 46 1.4198581129547727
2 47 1.2995736624158314
2 48 1.3971203003574584
2 49 1.4597273594736975
2 50 1.4304426445953362
2 51 1.1786026979198865
2 52 1.28505382636706
2 53 1.426301073817287
2 54 1.3048264859562404
2 55 1.3843067178458515
2 56 1.448084505442727
2 57 1.3656526860393692
2 58 1.3124979012917408
2 59 1.4032162697939266
2 60 1.2913944157448938
2 61 1.3676255037062843
2 62 1.2011381932085408
2 63 1.4420418699044988
2 64 1.343191868631757
2 65 1.46807221637722
2 66 1.3375511948162193
2 67 1.2900073753291754
2 68 1.4076144217331543
2 69 1.4712282254821565
2 70 1.3851102718389088
2 71 1.275109632063241
2 72 1.3288907292835619
2 73 1.421131774253999
2 74 1.328866354101079
3 4 1.4535681427330585
3 5 1.250538403735806
3 6 1.2180676488606517
3 7 1.2604984154678434
3 8 1.403919696536843
3 9 1.4266022273759231
3 10 1.3080371784251534
3 11 1.2520578358192964
3 12 1.3722974241780228
3 13 1.263369199665144
3 14 1.286921333455054
3 15 1.1773508959037065
3 16 1.4798886456790934
3 17 1.4101329609829816
3 18 1.236796148546191
3 19 1.3642002494431436
3 20 1.335236345765013
3 21 1.3790355981830889
3 22 1.2846250347458863
3 23 1.4011526685390963
3 24 1.3152155059146968
3 25 1.2702076120628785
3 26 1.2480327536427398
3 27 1.2185725303013208
3 28 1.405414605039816
3 29 1.4577337619284685
3 30 1.3554483390862264
3 31 1.3666884790830707
3 32 1.23242330892628
3 33 1.271807731709645
3 34 1.3519952023641435
3 35 1.4278859185610846
3 36 1.2902298882007084
3 37 1.3119541217396704
3 38 1.330064125253566
3 39 1.2296213126392956
3 40 1.280593585999719
3 41 1.363214352038411
3 42 1.462500198678712
3 43 1.2846542353669679
3 44 1.3014538730122502
3 45 1.270731668158835
3 46 1.283733817410363
3 47 1.3490456755641804
3 48 1.3453278844727155
3 49 1.4175340036612856
3 50 1.1687944357406297
3 51 1.265072498216063
3 52 1.3928141985264826
3 53 1.3147252114731074
3 54 1.2547951172839134
3 55 1.2527602617986222
3 56 1.4530923861516025
3 57 1.409425317331017
3 58 1.341315824112974
3 59 1.281212166794003
3 60 1.2285219035476032
3 61 1.279736535163994
3 62 1.3791222949929365
3 63 1.2915728591416835
3 64 1.360350831655068
3 65 1.320569037408057
3 66 1.2455099954823268
3 67 1.3725529207436666
3 68 1.3863244583559577
3 69 1.3647047220223818
3 70 1.333231304563583
3 71 1.2860142817546156
3 72 1.3158769270037083
3 73 1.3842895857639068
3 74 1.216111847130983
4 5 1.399194534934864
4 6 1.3317005289056603
4 7 1.193860068772116
4 8 1.2876599774139446
4 9 1.381554738688488
4 10 1.1355641310701716
4 11 1.3949264723008625
4 12 1.3558353141664963
4 13 1.3488284105618777
4 14 1.3294566420854204
4 15 1.1917741503223909
4 16 0.7511250227100491
4 17 1.407172874200221
4 18 1.2529848807778874
4 19 1.4705384000548254
4 20 1.1242364295342488
4 21 1.3780473135010018
4 22 1.2980569174846353
4 23 1.074515555116238
4 24 1.2532309059643767
4 25 1.174671079047128
4 26 1.2326459216494077
4 27 1.389364654011762
4 28 0.7376932828381849
4 29 1.408476663199051
4 30 1.3646924668838236
4 31 1.3402775831131784
4 32 1.1380151542611097
4 33 1.265381846686142
4 34 1.2798348850563708
4 35 1.3612181912055652
4 36 1.283890887677579
4 37 1.3514752397599799
4 38 1.1339167552955751
4 39 1.376692818294054
4 40 1.2171876147185297
4 41 1.2417080818527486
4 42 1.4595667182811352
4 43 1.1986858180353477
4 44 1.1515632397255817
4 45 1.2410919350564171
4 46 1.5336212960333995
4 47 1.420385770063203
4 48 1.3903852755715655
4 49 0.9697531387557433
4 50 1.4539533522457184
4 51 1.2151908834728797
4 52 1.316260702032851
4 53 1.3595148790054417
4 54 1.2168853692862842
4 55 1.3961054673558575
4 56 1.2081269027655601
4 57 1.4566802783808361
4 58 1.3041812190945772
4 59 1.3755602310322526
4 60 1.5453512864901748
4 61 1.3852449514812142
4 62 1.3261535616068183
4 63 1.2932855574249005
4 64 1.3918936236143986
4 65 1.461346109035105
4 66 1.2806213625949359
4 67 1.3273561560429483
4 68 1.1403369577844473
4 69 1.445814273811299
4 70 1.1863721153721272
4 71 1.3116298302382798
4 72 1.4157344106112089
4 73 1.4412885481460853
4 74 1.438475510789547
5 6 1.285407942326988
5 7 1.1858756327903013
5 8 1.3194231514015256
5 9 1.4642726683832716
5 10 1.3350132415133233
5 11 1.1901765409701475
5 12 1.3288525802486884
5 13 1.2909591434832053
5 14 1.2191180186918638
5 15 1.2149106868123642
5 16 1.4009268338096772
5 17 1.354043598694443
5 18 1.2142343356647936
5 19 1.3620505849114468
5 20 1.370638868866882
5 21 1.33192094011204
5 22 1.3872566200488226
5 23 1.3770849917167978
5 24 1.3916118140091922
5 25 1.2386123938213525
5 26 1.2449156526097442
5 27 1.2750296116499815
5 28 1.3601793343293895
5 29 1.3417916202518279
5 30 1.3196404905631394
5 31 1.302193338408545
5 32 1.2869710240280339
5 33 1.236386185592354
5 34 1.389111930639338
5 35 1.3480356666103521
5 36 1.2390035519083578
5 37 1.3691515786581963
5 38 1.3899533883863748
5 39 1.285729660201021
5 40 1.2611415273536057
5 41 1.1783230420213282
5 42 1.3969715057541663
5 43 1.2312008494038738
5 44 1.2044370352848388
5 45 1.2562418469950225
5 46 1.4083946098375386
5 47 1.3226450519203223
5 48 1.3447456759778833
5 49 1.3970443868051652
5 50 1.2812476829565997
5 51 1.2609716544890044
5 52 1.2722965952488925
5 53 1.3130434169523444
5 54 1.318003756295766
5 55 1.289468337527287
5 56 1.3538749347581491
5 57 1.3494791857629125
5 58 1.3044461444870425
5 59 1.250280116513554
5 60 1.211614578927485
5 61 1.2815806003386678
5 62 1.1979443206356155
5 63 1.1987251973789201
5 64 1.2886499075024418
5 65 1.3703535812527667
5 66 1.220258037543418
5 67 1.2399999140240614
5 68 1.2980981340214535
5 69 1.336751198541116
5 70 1.3217989240130632
5 71 1.2856873452659818
5 72 1.2524623113146345
5 73 1.340254454771863
5 74 1.2709944686269508
6 7 1.3864037864689165
6 8 1.3529430381299616
6 9 1.341184718871915
6 10 1.3139359071730534
6 11 1.258394332170901
6 12 1.3069031415709278
6 13 1.416986515982792
6 14 1.312491993606197
6 15 1.349064762493015
6 16 1.3513410613198655
6 17 1.2036140466882184
6 18 1.3093225566701772
6 19 1.4029494552741997
6 20 1.455552060117637
6 21 1.3580262765146074
6 22 1.170638332811671
6 23 1.3053743505863837
6 24 1.3241579811895645
6 25 1.2773353462132697
6 26 1.4081970755087319
6 27 1.3680902568892717
6 28 1.312745140110137
6 29 1.3590084485417373
6 30 1.4304608294100676
6 31 1.1626921415666984
6 32 1.2323713564407792
6 33 1.385215389601484
6 34 1.2594504132480846
6 35 1.2701697685100903
6 36 1.2680316411889274
6 37 1.4052231239903454
6 38 1.3558012463901519
6 39 1.3399206926495255
6 40 1.2338503557070986
6 41 1.3726585438802463
6 42 1.1920791733285312
6 43 1.3142506385454944
6 44 1.2800679608526937
6 45 1.3319970140120132
6 46 1.4355337069356577
6 47 1.4340216985242522
6 48 1.3711854217113728
6 49 1.3835053851994192
6 50 1.39640732251743
6 51 1.2781309430046803
6 52 1.3290217548991037
6 53 0.9564868010790566
6 54 1.4015538598121753
6 55 1.0402121777503985
6 56 1.2820501540737999
6 57 1.3059005923741187
6 58 1.3982992212128909
6 59 1.2758075435658855
6 60 1.2676012314914433
6 61 1.3985089861441973
6 62 1.3208741659918337
6 63 1.3212554345313812
6 64 1.3562766310707586
6 65 1.3436993657171155
6 66 1.3886765253148774
6 67 1.4023337236539843
6 68 1.3161081900018377
6 69 1.141773682534293
6 70 1.272712650891578
6 71 1.3448246380470064
6 72 1.4310025921600642
6 73 1.2099495075382845
6 74 1.3885659069783334
7 8 1.1738317452733324
7 9 1.4595829653210401
7 10 1.03070903958242
7 11 1.2426054666699393
7 12 1.2633450656478835
7 13 1.2159075608849153
7 14 1.0523464624144852
7 15 0.6526527874149822
7 16 1.2322422764714447
7 17 1.4361018771668594
7 18 1.1907245082223865
7 19 1.3342097658542387
7 20 1.0176260204412972
7 21 1.2709045573288416
7 22 1.2953925724183377
7 23 1.1649119866885596
7 24 1.209667391988688
7 25 0.8604146013965471
7 26 1.0143339798477238
7 27 1.2110646849037077
7 28 1.2262112837753791
7 29 1.28701038888216
7 30 1.1110937266287075
7 31 1.330398947338193
7 32 1.0720902077313383
7 33 0.8670065534551349
7 34 1.322719299414568
7 35 1.3688303067785146
7 36 1.0847523817362599
7 37 1.2726190716879537
7 38 0.9889594994049277
7 39 1.0531287136807768
7 40 1.124645785422451
7 41 0.9658219193183052
7 42 1.5346052919174786
7 43 1.0233244553680545
7 44 0.8382038584939686
7 45 1.0809590485187437
7 46 1.31245986214432
7 47 1.3086218491648618
7 48 1.2060834019831164
7 49 1.2830123156544215
7 50 1.1942126458283757
7 51 1.1961046641347133
7 52 1.2284806404418442
7 53 1.3789331248499042
7 54 0.9172502512231231
7 55 1.4288614903311672
7 56 1.3084380252609311
7 57 1.3297854609732283
7 58 1.128635531525836
7 59 1.1319785553156392
7 60 1.4550083354153636
7 61 1.2580112624798725
7 62 1.2486108148804234
7 63 1.255855644137935
7 64 1.252755071500721
7 65 1.2967366271498424
7 66 1.0672581184897254
7 67 1.2008801506104152
7 68 1.1802769490271696
7 69 1.5792705327349401
7 70 1.0044061256892616
7 71 1.097041059866454
7 72 1.2584572649006678
7 73 1.568179677531125
7 74 1.1693028767684357
8 9 1.3239551582883933
8 10 1.3039359877138759
8 11 1.3156742389326623
8 12 1.2340090370831602
8 13 1.3146547534955835
8 14 1.3096258543535957
8 15 1.1303377217441477
8 16 1.316215444478891
8 17 1.337111983866706
8 18 1.2662884692295242
8 19 1.36606020629787
8 20 1.1961835978976936
8 21 1.4030496978584641
8 22 1.419688596174049
8 23 1.2210387172484995
8 24 1.3548861840722841
8 25 1.1946047342543156
8 26 1.2580780848782749
8 27 1.3803053018431386
8 28 1.3589320956115287
8 29 1.3475266035505074
8 30 1.135942525832551
8 31 1.2988315166660327
8 32 1.1007969267192432
8 33 1.1821789946450945
8 34 1.2288516977569555
8 35 1.3199106301406438
8 36 1.2397781095198823
8 37 1.343965445303787
8 38 1.3132339361821368
8 39 1.2711822822776286
8 40 1.2505788608360942
8 41 1.1650935696675395
8 42 1.3727271620954673
8 43 1.1779064075299548
8 44 1.1105775498292443
8 45 1.2126932467091363
8 46 1.4507737466737447
8 47 1.3112515157571707
8 48 1.201658830606729
8 49 1.3305052655439167
8 50 1.3774845310823673
8 51 1.287331203442632
8 52 1.2472676803574545
8 53 1.345981939503266
8 54 1.2338913364974076
8 55 1.4216327222902683
8 56 1.3417595694050666
8 57 1.2199904948051463
8 58 1.3303734806509988
8 59 1.132246942205257
8 60 1.4106424751843678
8 61 1.3857838257908166
8 62 1.2207468941432718
8 63 1.3452166290918777
8 64 1.2792702392540707
8 65 1.3608420700680135
8 66 1.154428854213311
8 67 1.1363605408831872
8 68 1.3017919415170214
8 69 1.4036543673342579
8 70 1.112620278727477
8 71 1.3081284003881948
8 72 1.3489221867551668
8 73 1.4055428689409746
8 74 1.2945734776948048
9 10 1.3501305041925893
9 11 1.3817605182877846
9 12 1.278739170366943
9 13 1.3793491124030097
9 14 1.323723978078589
9 15 1.3325941983296166
9 16 1.3728341804479414
9 17 1.3493498909352397
9 18 1.4826188577869193
9 19 1.3406189117372764
9 20 1.3982056143140225
9 21 1.347133391920032
9 22 1.3662773054302764
9 23 1.2816881479850026
9 24 1.3007487760143177
9 25 1.370902226631593
9 26 1.3158488871775686
9 27 1.425165296587792
9 28 1.4120569675512058
9 29 1.4166396360441258
9 30 1.2691847656989061
9 31 1.3661978335477463
9 32 1.291184826272612
9 33 1.4276538887827466
9 34 1.0882370389039728
9 35 1.3395037893171324
9 36 1.351855628557095
9 37 1.4948586049094148
9 38 1.3205852655013153
9 39 1.3773019916294567
9 40 1.3665240028000207
9 41 1.3468656670148185
9 42 1.0777551512772152
9 43 1.3848487922727395
9 44 1.3560690167643548
9 45 1.3825693295625172
9 46 1.3072904535477134
9 47 1.3621909398854974
9 48 1.4423295818688269
9 49 1.3313337503786693
9 50 1.3850530935706642
9 51 1.457523063544663
9 52 1.3308268855940697
9 53 1.3097550170226595
9 54 1.4303956834660498
9 55 1.2351729467098123
9 56 1.3473368330485596
9 57 1.3434913892815377
9 58 1.352452339845387
9 59 1.3056860179692593
9 60 1.1893077717831328
9 61 1.4176704521446823
9 62 1.4279115762591064
9 63 1.3246744240321873
9 64 1.2996087936518892
9 65 1.359337234995137
9 66 1.2921933535865775
9 67 1.3263146992071635
9 68 1.3792220634694223
9 69 1.167188072909898
9 70 1.3101621336911118
9 71 1.4403862549273057
9 72 1.4647368910943792
9 73 1.1643239721768406
9 74 1.4318723106050082
10 11 1.279302981216675
10 12 1.3500417298975274
10 13 1.2303646752096282
10 14 1.1837083801529658
10 15 1.137474709907633
10 16 1.1100901160560375
10 17 1.517389313295275
10 18 1.3132945896304884
10 19 1.4486540498900238
10 20 0.9261548955725551
10 21 1.279851713497806
10 22 1.388587103588427
10 23 1.0805751737995277
10 24 1.2139257645265167
10 25 1.0976316509225221
10 26 1.121255888362838
10 27 1.2729047906109772
10 28 1.120109899015653
10 29 1.2715374303109297
10 30 1.145541744547725
10 31 1.3880614594356302
10 32 1.0022237036678165
10 33 1.1259444700309278
10 34 1.3217326947107098
10 35 1.4977296147570325
10 36 1.147009655074269
10 37 1.2439433356629974
10 38 0.8586572650412175
10 39 1.2311552249311741
10 40 1.2963197416330736
10 41 1.173562115038253
10 42 1.3915564923308705
10 43 1.1574899346582461
10 44 0.9958865121272087
10 45 1.2106222563861069
10 46 1.3195894598891327
10 47 1.36584314258838
10 48 1.2419067249308304
10 49 1.1739993030248712
10 50 1.1964265738837978
10 51 1.4170450453234726
10 52 1.3581837065420657
10 53 1.2736245767739
10 54 1.1168353074161559
10 55 1.420743698256524
10 56 1.2685197985298822
10 57 1.4487095711985687
10 58 1.2717225791656115
10 59 1.1825584349455638
10 60 1.4012978838705503
10 61 1.265639454648422
10 62 1.410355256635735
10 63 1.2559624508626404
10 64 1.3702788525869567
10 65 1.243964298148483
10 66 0.9541118372978273
10 67 1.2322708767435142
10 68 1.0719894250499
10 69 1.5005447211298633
10 70 0.9681253637595356
10 71 1.313484651447388
10 72 1.3642529458165655
10 73 1.4760898551905253
10 74 1.1703586500169343
11 12 1.401552461860098
11 13 1.2391315528225546
11 14 1.2862944543883712
11 15 1.2677265581160981
11 16 1.4413605165328527
11 17 1.332207634297592
11 18 1.2358569790990954
11 19 1.2808084708234866
11 20 1.2903312973270802
11 21 1.2701099886196487
11 22 1.4108209467035473
11 23 1.2983990996859593
11 24 1.3425683655886065
11 25 1.2424149021263986
11 26 1.289909748747357
11 27 1.1142110450072484
11 28 1.4273013597567532
11 29 1.1740066631380206
11 30 1.3415947709665907
11 31 1.3565258297137486
11 32 1.2129383564926486
11 33 1.376051547203317
11 34 1.358457670852172
11 35 1.3796082709420492
11 36 1.4049406990220987
11 37 1.3824345025094906
11 38 1.2655327076895924
11 39 1.2818909839971298
11 40 1.2020817121853846
11 41 1.268472764752817
11 42 1.443187645275472
11 43 1.3235365329730422
11 44 1.292769960181507
11 45 1.2536686188070463
11 46 1.3738714514403938
11 47 1.1855469998129007
11 48 1.3476616600623816
11 49 1.4503509384694755
11 50 1.1642714188764656
11 51 1.3599601636144631
11 52 1.2115155605341017
11 53 1.3335514322645303
11 54 1.1906559616423105
11 55 1.3627229618495267
11 56 1.2884651487815753
11 57 1.3379156389990872
11 58 1.2894388853029715
11 59 1.2968910116399501
11 60 1.1830936657335271
11 61 1.2721064401629445
11 62 1.2032834731237916
11 63 1.3446492799872285
11 64 1.2610012396558368
11 65 1.1534951239522262
11 66 1.2166261990610907
11 67 1.3629189262322456
11 68 1.2845348809831092
11 69 1.4021679037882122
11 70 1.2256422781890346
11 71 1.1520530349027343
11 72 1.3092837880843673
11 73 1.3866567347356165
11 74 1.2248353597253214
12 13 1.4591858375038098
12 14 1.1627225327252968
12 15 1.2571021310126516
12 16 1.370118546728846
12 17 1.300994626050019
12 18 1.4380753268726307
12 19 1.4501757305010055
12 20 1.224950109500415
12 21 1.2809994599022945
12 22 1.212808875638226
12 23 1.3053813053641925
12 24 1.3313072365275458
12 25 1.2552956670995208
12 26 1.264352125394858
12 27 1.4127415355660768
12 28 1.3924608589960779
12 29 1.4492945782418638
12 30 1.253353097675509
12 31 1.2692442407035325
12 32 1.212205569211965
12 33 1.239054966424087
12 34 1.1971847826128743
12 35 1.3270563049426927
12 36 1.2847865698696497
12 37 1.350183796092429
12 38 1.3200848154767444
12 39 1.2229158525406423
12 40 1.2400494630786656
12 41 1.391097380941767
12 42 1.3003518220132573
12 43 1.211904478868463
12 44 1.2539777950285722
12 45 1.1945464770777061
12 46 1.2406470980680082
12 47 1.3047358326121599
12 48 1.1669024417627203
12 49 1.2311180461940083
12 50 1.3639797201135238
12 51 1.18075910396803
12 52 1.386096950454107
12 53 1.3252639223421316
12 54 1.2686114692211008
12 55 1.2732506509593913
12 56 1.4971417057090155
12 57 1.3474946363877347
12 58 1.3071447679000936
12 59 1.2115885638494608
12 60 1.3663715847796845
12 61 1.357498272785608
12 62 1.3026586905548596
12 63 1.3593411140353515
12 64 1.2404676073440173
12 65 1.4538036288337723
12 66 1.198940616235883
12 67 1.3141660994157394
12 68 1.287214051302889
12 69 1.2854040246187066
12 70 1.2667725984688332
12 71 1.358155473366365
12 72 1.3560663950310343
12 73 1.31272416140754
12 74 1.4120848257376546
13 14 1.2903407642639622
13 15 1.184602544211663
13 16 1.3621877486988603
13 17 1.3382092572738988
13 18 1.1795013808996355
13 19 1.3290706937285075
13 20 1.212070497114261
13 21 1.3973402612828774
13 22 1.339178185412946
13 23 1.234291588095198
13 24 1.3704512427533275
13 25 1.1508871421785165
13 26 1.270548268677908
13 27 1.274354460438912
13 28 1.3505914535426644
13 29 1.296685014575275
13 30 1.2130679949851566
13 31 1.3153536443521798
13 32 1.303804827114504
13 33 1.2427385314360766
13 34 1.401883184370127
13 35 1.3591885720830101
13 36 1.1941063511337187
13 37 1.4246219603192465
13 38 1.1684112716131543
13 39 1.2255755248197036
13 40 1.292188008708197
13 41 1.2295186959074496
13 42 1.5389573585318528
13 43 1.1822592295536822
13 44 1.2394591187597146
13 45 1.2943630608901173
13 46 1.3248282838455583
13 47 1.307568604449079
13 48 1.3551538046565874
13 49 1.3473346882558717
13 50 1.1977910229763165
13 51 1.2736810821883515
13 52 1.3000644136412924
13 53 1.3840910656337484
13 54 1.2636887367929766
13 55 1.4505982691939694
13 56 1.33045208638466
13 57 1.3043537956343756
13 58 1.2496683079357342
13 59 1.3823561243424005
13 60 1.317354827579568
13 61 1.3474625475754463
13 62 1.3470686155905782
13 63 1.4116704454647868
13 64 1.3080633255203191
13 65 1.318150573660244
13 66 1.2098992422889054
13 67 1.1149002194942426
13 68 1.3943421072912867
13 69 1.4436247608619062
13 70 1.1834323972917147
13 71 1.353924692501078
13 72 1.251151740947057
13 73 1.453537675464924
13 74 1.2910378972607552
14 15 1.0692139164270331
14 16 1.313860495749865
14 17 1.4341454964449476
14 18 1.2992378633993038
14 19 1.3495325905666185
14 20 1.2945613406794492
14 21 1.3011949198354722
14 22 1.2918017662777541
14 23 1.1893438398403462
14 24 1.365270373515101
14 25 1.1139888274352792
14 26 1.2269139485810212
14 27 1.3265773721986662
14 28 1.2369060090680128
14 29 1.3751859687421548
14 30 1.3303579671409538
14 31 1.2735337157578892
14 32 1.1344266777982857
14 33 1.0485295777574068
14 34 1.2734186037724151
14 35 1.4040617172169825
14 36 1.1468709289935983
14 37 1.3258380254228312
14 38 1.2684235255596872
14 39 1.166354114908257
14 40 1.260278004564242
14 41 1.151219155746781
14 42 1.3251471045960346
14 43 1.220032586050365
14 44 1.0924538791024738
14 45 1.2424747061371715
14 46 1.2364457123951036
14 47 1.3600844336433986
14 48 1.2225369391756666
14 49 1.221107477123474
14 50 1.298739694302131
14 51 1.2646846108354621
14 52 1.2952988312283022
14 53 1.2582481251313185
14 54 1.1451398115020153
14 55 1.3393329253012536
14 56 1.310029637490193
14 57 1.4067963439525089
14 58 1.2329047814896292
14 59 1.317578415585839
14 60 1.3574161433653582
14 61 1.3398279239085098
14 62 1.3433902970049807
14 63 1.3041721173249463
14 64 1.2749587114707466
14 65 1.3465496816807547
14 66 1.2201435221380643
14 67 1.2465332741945994
14 68 1.2102880744461992
14 69 1.305224739773547
14 70 1.2948909814983518
14 71 1.257868095871066
14 72 1.3213198499596186
14 73 1.3462998086668183
14 74 1.186515436020958
15 16 1.2516175143245976
15 17 1.4442866461416008
15 18 1.1382800804548456
15 19 1.2781057457470506
15 20 1.1418066258932813
15 21 1.3475448531790422
15 22 1.2961974656293695
15 23 1.1673368983637493
15 24 1.2409483335878677
15 25 0.7900731044503903
15 26 1.1171395236104673
15 27 1.2188271709689988
15 28 1.2503511493783548
15 29 1.3635921308501509
15 30 1.1365956536103883
15 31 1.283156708977938
15 32 1.0755539237368463
15 33 0.8888746188293661
15 34 1.221206125049473
15 35 1.34999619557841
15 36 1.0978922307523071
15 37 1.2907315922187155
15 38 1.047635748509424
15 39 1.092448224738812
15 40 1.0702234442833258
15 41 1.1170785820586022
15 42 1.4749440126754567
15 43 1.0054277844153532
15 44 0.8898712306859844
15 45 1.0920656032788076
15 46 1.2771654578168736
15 47 1.3385317668309846
15 48 1.2326610433997833
15 49 1.2554746754618138
15 50 1.2245933525592307
15 51 1.1404643526801865
15 52 1.201759456924353
15 53 1.3247207037318944
15 54 0.9068613160066927
15 55 1.3152305253101293
15 56 1.317820450600233
15 57 1.3026202654985386
15 58 1.085263910894929
15 59 1.1650123612291934
15 60 1.4212362033476622
15 61 1.2686508479239706
15 62 1.2904944421397855
15 63 1.297104849757273
15 64 1.2099164753370306
15 65 1.4034051715403777
15 66 1.0959286639482366
15 67 1.176213549344035
15 68 1.2607250128107519
15 69 1.5136922526971592
15 70 1.038647631196635
15 71 1.1397351772666233
15 72 1.2343557744351703
15 73 1.4843019254714707
15 74 1.164520895238557
16 17 1.46303575545366
16 18 1.3016257334909367
16 19 1.4789817190516799
16 20 1.119365538594462
16 21 1.3249188676870485
16 22 1.334679693179634
16 23 1.0100576048610068
16 24 1.2141242216790726
16 25 1.2300453701834633
16 26 1.2842068601363823
16 27 1.382617763727648
16 28 0.755114075179264
16 29 1.482867882735905
16 30 1.3318836248698085
16 31 1.3756259435171512
16 32 1.1733835392049274
16 33 1.2926821418544308
16 34 1.2853490143319362
16 35 1.3947250065555
16 36 1.2961963569283235
16 37 1.43865225639451
16 38 1.174560787703444
16 39 1.379415307572709
16 40 1.2580862457364368
16 41 1.2621407877738453
16 42 1.4507831611775193
16 43 1.236942339386925
16 44 1.13202619230829
16 45 1.2782733052807655
16 46 1.4529767385065386
16 47 1.418286274676525
16 48 1.43121396324908
16 49 0.9320577134347914
16 50 1.4404952246827833
16 51 1.282028064077995
16 52 1.3605835823315933
16 53 1.3836673168945777
16 54 1.2756836976860733
16 55 1.4464894447893457
16 56 1.1991972014241434
16 57 1.4751329801955173
16 58 1.2919779142909593
16 59 1.4146144467942472
16 60 1.4604022720477778
16 61 1.4670171700236856
16 62 1.3268747424550154
16 63 1.3783085335908747
16 64 1.3775587574723467
16 65 1.4812988164278436
16 66 1.265411966055407
16 67 1.3180538473007344
16 68 1.1656162171150541
16 69 1.4699452457562676
16 70 1.1776599868888156
16 71 1.3616729788423025
16 72 1.4913860887286792
16 73 1.4920471352220455
16 74 1.4376003637724981
17 18 1.317886482340851
17 19 1.4647799075208505
17 20 1.4203718902888753
17 21 1.3084960216342336
17 22 1.2725097375180143
17 23 1.4255733141652136
17 24 1.4289393347356434
17 25 1.393874414560564
17 26 1.4352997391284468
17 27 1.344731993783525
17 28 1.448047125906213
17 29 1.4071447313840995
17 30 1.3870919528341743
17 31 1.2168160561467496
17 32 1.3671093171262096
17 33 1.4437789145158895
17 34 1.2558041157907938
17 35 1.2928286818988552
17 36 1.3556993810757212
17 37 1.3777793833895218
17 38 1.431841004405563
17 39 1.3211966939225417
17 40 1.2570126787590954
17 41 1.4914229873949483
17 42 1.3433929747992217
17 43 1.3391755811255968
17 44 1.4384191831577315
17 45 1.4089141805378336
17 46 1.387925694904184
17 47 1.3374353957508478
17 48 1.353605992036574
17 49 1.349551489240303
17 50 1.373141816101684
17 51 1.331441535206643
17 52 1.3175751601754586
17 53 1.342925740654038
17 54 1.411409525225477
17 55 1.105089083989519
17 56 1.4604383766083238
17 57 1.306768724363617
17 58 1.3607754390269624
17 59 1.3364659782189185
17 60 1.319059239106153
17 61 1.41544677189301
17 62 1.2835616428712027
17 63 1.383034396583947
17 64 1.2805462742965332
17 65 1.4157557612325553
17 66 1.3902400857978459
17 67 1.3909706524395435
17 68 1.3883826158119887
17 69 1.2712412945623202
17 70 1.3726738972376433
17 71 1.432141568371025
17 72 1.361808474690258
17 73 1.29811084608696
17 74 1.4598693617361411
18 19 1.411124881310822
18 20 1.2078905229543266
18 21 1.3153534526198438
18 22 1.1998497715786922
18 23 1.214882042589803
18 24 1.3011696119052396
18 25 1.1162507057692397
18 26 1.3100833168574464
18 27 1.2549547097254385
18 28 1.3374867140631947
18 29 1.3912376546134502
18 30 1.3263515010341127
18 31 1.2596837444486473
18 32 1.2038790747179904
18 33 1.2601983706704134
18 34 1.379613615010005
18 35 1.320198611131671
18 36 1.2716950950949675
18 37 1.2751980519323927
18 38 1.2259415874247215
18 39 1.2395896065925185
18 40 1.2630246800704343
18 41 1.3042591504403924
18 42 1.532189888557055
18 43 0.9904996894578713
18 44 1.2653090558228963
18 45 1.2538430094111264
18 46 1.5862769954439973
18 47 1.4074356538132968
18 48 1.4055363810333477
18 49 1.3687750798126033
18 50 1.2218562130015846
18 51 1.2711115652989025
18 52 1.3518312670813575
18 53 1.3418239980886566
18 54 1.2230723714203648
18 55 1.4080772619050457
18 56 1.2598068369745676
18 57 1.2778932332491062
18 58 1.2714329506819895
18 59 1.2562829095882415
18 60 1.2865784760851264
18 61 1.2693012276962061
18 62 1.2316393961278052
18 63 1.3460604007057182
18 64 1.4149215709613476
18 65 1.4419986766500144
18 66 1.1990382258721621
18 67 1.1960816414815292
18 68 1.387474503037137
18 69 1.4142954613936742
18 70 1.1526935647265446
18 71 1.2367400436711453
18 72 1.2750936460706828
18 73 1.398318659792828
18 74 1.2019654519859544
19 20 1.4364687643159033
19 21 1.437452639301385
19 22 1.4818658496240213
19 23 1.454532478526702
19 24 1.508349301087095
19 25 1.3001754506591585
19 26 1.3648057762854902
19 27 1.314286996783567
19 28 1.465379974136977
19 29 1.1566748570466823
19 30 1.3551353936810053
19 31 1.451675243675817
19 32 1.379562521888292
19 33 1.4129488889994475
19 34 1.3532584223304884
19 35 1.3537812275534267
19 36 1.3168940139169256
19 37 1.4018202531882142
19 38 1.4292006219056532
19 39 1.3756100478903002
19 40 1.3218110802342955
19 41 1.3345078522123963
19 42 1.496330255961664
19 43 1.3814128250803173
19 44 1.398860237939654
19 45 1.2195366970076253
19 46 1.2564289823601549
19 47 1.242755916222164
19 48 1.3180430770267924
19 49 1.4997989016787616
19 50 1.293588309246318
19 51 1.3597850760252754
19 52 1.1588918049034582
19 53 1.378993676690842
19 54 1.3605341979501384
19 55 1.4516381794228328
19 56 1.3941206159084214
19 57 1.2536305730030777
19 58 1.4027753587508383
19 59 1.378323948431141
19 60 1.3508947315632682
19 61 1.310870086349239
19 62 1.30778744179451
19 63 1.4953637068955334
19 64 1.3079278640151673
19 65 1.3190508099979086
19 66 1.4290731343880012
19 67 1.3798297288091461
19 68 1.4340173219039896
19 69 1.4885365618977373
19 70 1.3321316373841552
19 71 1.2501403392862842
19 72 1.2872294179785053
19 73 1.458337320193398
19 74 1.4294964638260144
20 21 1.2540019548155839
20 22 1.3295604777714647
20 23 1.0407534758773294
20 24 1.1950051986854084
20 25 1.091315220177128
20 26 1.1168540259983117
20 27 1.3345860803136649
20 28 1.1917294877744988
20 29 1.32360594961225
20 30 1.0987174973779839
20 31 1.345023993639585
20 32 1.063872325778079
20 33 1.206848754483675
20 34 1.3323676476702189
20 35 1.3760823347925124
20 36 1.1553392182180502
20 37 1.2320654385238696
20 38 0.7883423483088188
20 39 1.2307876680217256
20 40 1.123269810284033
20 41 1.2048674457856203
20 42 1.4894771427163909
20 43 1.082494384618622
20 44 1.0650875785391973
20 45 1.1148236562365177
20 46 1.383441193275606
20 47 1.3075016662859298
20 48 1.205848018817868
20 49 1.2104389848208938
20 50 1.2804325842235267
20 51 1.2770303674135084
20 52 1.374195089688973
20 53 1.392491376374915
20 54 1.1288572363379268
20 55 1.441823791783923
20 56 1.259599838392983
20 57 1.3594184085030192
20 58 1.2110815743596661
20 59 1.1407466971774163
20 60 1.4574165069993381
20 61 1.3180358645553196
20 62 1.2653608905725546
20 63 1.3018276906204098
20 64 1.3332601001948854
20 65 1.3385787014897161
20 66 0.9866994284212304
20 67 1.1488944501554297
20 68 1.1805862485571104
20 69 1.4968671085665723
20 70 0.9226506442838854
20 71 1.2452471524181703
20 72 1.368375247320141
20 73 1.5256109754605205
20 74 1.2130321953347367
21 22 1.353436035047004
21 23 1.2422496850631812
21 24 1.2546262384316205
21 25 1.2632006846092014
21 26 1.3434947699282713
21 27 1.2540672700524966
21 28 1.318616967498412
21 29 1.4109027352399335
21 30 1.3387623324962685
21 31 1.411519038121474
21 32 1.2403740451377208
21 33 1.312175236305292
21 34 1.2694225639309031
21 35 1.3598876217541709
21 36 1.2862255221166243
21 37 1.4930053353637567
21 38 1.3237894184790722
21 39 1.3023572115196103
21 40 1.2586224751703157
21 41 1.315302149089351
21 42 1.3819125936062584
21 43 1.2951611254428064
21 44 1.3569621961904845
21 45 1.3021467801207598
21 46 1.4076186620439843
21 47 1.3149928316426491
21 48 1.312355032094067
21 49 1.3075103771537897
21 50 1.3736872804156768
21 51 1.3061183974878838
21 52 1.3741548824154382
21 53 1.3335047821723398
21 54 1.3813039970336018
21 55 1.2795481887432663
21 56 1.3376170166715762
21 57 1.357468099408239
21 58 1.246771712563012
21 59 1.3118036379693974
21 60 1.3120883153963223
21 61 1.3523347102115746
21 62 1.2303172909377318
21 63 1.3986193843202421
21 64 1.221832486218602
21 65 1.3878817948269635
21 66 1.3397072620939094
21 67 1.2613185188857199
21 68 1.3178781615966633
21 69 1.2637485679215736
21 70 1.3012881390082354
21 71 1.3374022443513651
21 72 1.2857252863919808
21 73 1.3239147470030117
21 74 1.3744904887089675
22 23 1.3808161946983117
22 24 1.2757784859695922
22 25 1.3078098600461936
22 26 1.3148248106128924
22 27 1.3265399817286632
22 28 1.2479291330761608
22 29 1.5071487607130662
22 30 1.432065889728379
22 31 0.9604450558238472
22 32 1.271805603716016
22 33 1.3984526147652838
22 34 1.2868511905071474
22 35 1.2176348597605284
22 36 1.335416946092068
22 37 1.3682507013676541
22 38 1.2713521095680995
22 39 1.2085133864190234
22 40 1.2183640666338624
22 41 1.343294154146318
22 42 1.38323491155309
22 43 1.2450811210547597
22 44 1.276603356287989
22 45 1.2374528422939532
22 46 1.2807273504419623
22 47 1.464632674823845
22 48 1.3602297042324905
22 49 1.2688045444983989
22 50 1.3208294957179236
22 51 1.2378190365714867
22 52 1.4401974546960605
22 53 1.1916075667355586
22 54 1.3821337431471115
22 55 1.152079326148761
22 56 1.2535750893506532
22 57 1.3925541656439686
22 58 1.3595497520956545
22 59 1.377343727004362
22 60 1.3050483648076885
22 61 1.3363948090094773
22 62 1.3373529987087374
22 63 1.2871225609059658
22 64 1.4353085349847647
22 65 1.3541762108506135
22 66 1.3476926646245029
22 67 1.4309653415490606
22 68 1.3855131189202683
22 69 1.184698895849746
22 70 1.3034725207419382
22 71 1.3355822017865508
22 72 1.3308062856375362
22 73 1.2746584896302096
22 74 1.3317446681330931
23 24 0.9675214932208506
23 25 1.0695001557156225
23 26 1.1401140371766945
23 27 1.3849779475820176
23 28 1.0459894071260496
23 29 1.3795681648411648
23 30 1.1227402723574471
23 31 1.4192042169214811
23 32 1.042928659849971
23 33 1.2034309189426675
23 34 1.2495629829021149
23 35 1.4019823640558153
23 36 1.156133602137385
23 37 1.4023514414903984
23 38 1.0639711623855808
23 39 1.3169958866976041
23 40 1.151939218253242
23 41 1.1070752629672338
23 42 1.414973475852398
23 43 1.164172473805389
23 44 1.0589082579514921
23 45 1.2226376826504024
23 46 1.381412363364942
23 47 1.372493619882547
23 48 1.2897507959816443
23 49 1.0097704171484168
23 50 1.3780832619720595
23 51 1.2840714249606384
23 52 1.306048418438067
23 53 1.2939029380070008
23 54 1.2454026079634117
23 55 1.3607480419873832
23 56 1.2492525097516491
23 57 1.3407488460792372
23 58 1.174100689123985
23 59 1.2520115205470945
23 60 1.4324109457227419
23 61 1.3038569009583179
23 62 1.3276380315247727
23 63 1.2892988456707066
23 64 1.2938198857527343
23 65 1.446294759918238
23 66 1.0616726124463918
23 67 1.1857390047682321
23 68 1.181986374082728
23 69 1.4106335022253416
23 70 0.9753782433069997
23 71 1.299362179523421
23 72 1.4402568984637827
23 73 1.444184177170816
23 74 1.290723663040972
24 25 1.2531268943442937
24 26 1.1883506721228627
24 27 1.3297050816449332
24 28 1.2781651438856394
24 29 1.4244830725969153
24 30 1.285863871384247
24 31 1.319582768514793
24 32 1.1909080762853244
24 33 1.2236430896110744
24 34 1.3196251299971276
24 35 1.3061161435537452
24 36 1.2436765264434582
24 37 1.41029417659314
24 38 1.1237780414633256
24 39 1.3149741556089853
24 40 1.2042873455497671
24 41 1.2634034429778276
24 42 1.3575774296310121
24 43 1.3598543734578812
24 44 1.2057899211654435
24 45 1.2556155686370754
24 46 1.3622549364366399
24 47 1.3054501030584245
24 48 1.3945536532588305
24 49 1.253136100150684
24 50 1.3464260250267222
24 51 1.2794533273416318
24 52 1.3731203203341145
24 53 1.3135830452402935
24 54 1.3025637195544402
24 55 1.323222945988717
24 56 1.3964272594272176
24 57 1.4070603477167438
24 58 1.3630262695541477
24 59 1.2083095624228242
24 60 1.3191116782898167
24 61 1.2866383709581133
24 62 1.2903038525131065
24 63 1.3970649718102763
24 64 1.318530978642533
24 65 1.3582995871793375
24 66 1.141137551346929
24 67 1.3406043264612695
24 68 1.3052942047978764
24 69 1.4358921595779512
24 70 1.027379989669308
24 71 1.3844096212282533
24 72 1.4186435949066631
24 73 1.4730451597935108
24 74 1.3162702966037052
25 26 1.1737257725542847
25 27 1.2326132216312897
25 28 1.2304290020743474
25 29 1.3262179163017676
25 30 1.2768776601319691
25 31 1.2554767653535956
25 32 1.0807574259029018
25 33 1.0446376468426908
25 34 1.2984670613033753
25 35 1.2879181166901972
25 36 1.0738067459117282
25 37 1.3253011475513123
25 38 1.1037861449095314
25 39 1.14265546520245
25 40 1.0617902720110008
25 41 1.1443227098935762
25 42 1.5066457479970323
25 43 0.9282767378406684
25 44 1.0271290363160999
25 45 1.1468442279499331
25 46 1.333308758605523
25 47 1.2641473100483367
25 48 1.228897917921151
25 49 1.2986705522155735
25 50 1.2888352896795274
25 51 1.111436156671863
25 52 1.2215672031563436
25 53 1.2668324248364795
25 54 1.0723069594995336
25 55 1.3006706113521411
25 56 1.265916942646175
25 57 1.2493311649649927
25 58 1.1010054584353517
25 59 1.1902430183479829
25 60 1.3887116117415508
25 61 1.2821115063323671
25 62 1.144335073336283
25 63 1.3553041950130553
25 64 1.2431648403184499
25 65 1.3914914209272888
25 66 1.1288822526905347
25 67 1.2288653997334016
25 68 1.2621683116946392
25 69 1.4811332806149313
25 70 1.0333853440430443
25 71 1.1761900174613518
25 72 1.2703965730555147
25 73 1.4895084239657483
25 74 1.278155790579857
26 27 1.3034799639112264
26 28 1.2657279414868416
26 29 1.3139120208182
26 30 1.0931417144868882
26 31 1.3569202551736035
26 32 1.1211305271782563
26 33 1.1176093338039503
26 34 1.363798661275038
26 35 1.309124485765436
26 36 1.283439816798539
26 37 1.390133508391331
26 38 1.1286674269013668
26 39 1.2419985409332994
26 40 1.1587562332072778
26 41 1.098344832709282
26 42 1.4158578663862469
26 43 1.1444942296390967
26 44 1.1558781497088801
26 45 1.1347120476047254
26 46 1.285610827585079
26 47 1.2947485485260575
26 48 1.275341856945207
26 49 1.2886957303058366
26 50 1.1535069619986194
26 51 1.3246769857443534
26 52 1.2670806411857567
26 53 1.3924842455944217
26 54 1.0950555792098469
26 55 1.3920204968617713
26 56 1.3602161844236316
26 57 1.4114330966301671
26 58 1.2395997967973218
26 59 1.1656270846797434
26 60 1.3468078202472786
26 61 1.2941466326476332
26 62 1.2091378666505292
26 63 1.1770456419443354
26 64 1.2244513221020081
26 65 1.2849559282114795
26 66 1.1130084777793179
26 67 1.2396680823418567
26 68 1.1781256183007098
26 69 1.5618725967416973
26 70 1.127950444766881
26 71 1.2894058121353393
26 72 1.3018262030644652
26 73 1.5457101779301832
26 74 1.179640639459397
27 28 1.3900382985168311
27 29 1.2395063019364383
27 30 1.315478803984752
27 31 1.313801992129545
27 32 1.3266439656010776
27 33 1.3097398549837718
27 34 1.3995161609858444
27 35 1.3524383464785297
27 36 1.257114304980575
27 37 1.2225270435390285
27 38 1.2890864611697763
27 39 1.3007596583802274
27 40 1.319441950778712
27 41 1.404143999890866
27 42 1.509164507980043
27 43 1.332887049328495
27 44 1.3647044945140354
27 45 1.3338717245317264
27 46 1.3331274249170815
27 47 1.3745818956742983
27 48 1.295243754032551
27 49 1.4063810579797427
27 50 0.9534916538132975
27 51 1.3557291812275285
27 52 1.3927741078059366
27 53 1.3711953864637905
27 54 1.3437539542572543
27 55 1.3770815072410454
27 56 1.4033507873737012
27 57 1.4233716530953342
27 58 1.227340651786607
27 59 1.3343220749947906
27 60 1.1664440808631928
27 61 1.349109771422162
27 62 1.3565565897149856
27 63 1.2919071337274832
27 64 1.340065475089433
27 65 1.0739586234089915
27 66 1.3219796360431864
27 67 1.4487828845633786
27 68 1.273507127769214
27 69 1.3535655100047825
27 70 1.3002155965711097
27 71 1.0926671599867994
27 72 1.2308222237108115
27 73 1.4489058778952892
27 74 1.19529275303106
28 29 1.434370413201422
28 30 1.3637060702647112
28 31 1.314445997211606
28 32 1.1472660596999629
28 33 1.2298298145969129
28 34 1.2615213990055663
28 35 1.4383855271381696
28 36 1.2817898706088766
28 37 1.3601431232624164
28 38 1.17042623552807
28 39 1.4256446855768852
28 40 1.286302426811021
28 41 1.2344304621872042
28 42 1.4306492029779514
28 43 1.2306208566362107
28 44 1.147838645603706
28 45 1.3248965652095657
28 46 1.4129949755988753
28 47 1.4419279231978759
28 48 1.38211498705987
28 49 0.839827763276665
28 50 1.4579323317505775
28 51 1.2871201249335882
28 52 1.282968961902559
28 53 1.3165649914318054
28 54 1.2582953596724142
28 55 1.3886627344545392
28 56 1.1997397106116696
28 57 1.5338292819340404
28 58 1.329453165599501
28 59 1.490451262520531
28 60 1.4486144537127243
28 61 1.4074085827092964
28 62 1.3794230838224208
28 63 1.284650998212953
28 64 1.4011292431120663
28 65 1.433455497349226
28 66 1.2753098443861797
28 67 1.38363791494266
28 68 1.159924187642291
28 69 1.4034645944453723
28 70 1.198013491101091
28 71 1.3724291234957389
28 72 1.4377263115903869
28 73 1.4293495103697809
28 74 1.3744459502998794
29 30 1.3161163662376183
29 31 1.4138734128660462
29 32 1.3437924706965236
29 33 1.2205051910555587
29 34 1.402361469710177
29 35 1.3847366690601117
29 36 1.3331011162096855
29 37 1.3857374713169304
29 38 1.3288787246611098
29 39 1.3954721809798676
29 40 1.3532603688159075
29 41 1.2579321310996658
29 42 1.4402511797177957
29 43 1.3562074211419457
29 44 1.3382572555731196
29 45 1.3494026018014142
29 46 1.37823814949823
29 47 1.301168314512944
29 48 1.3014861156594155
29 49 1.4858366873199838
29 50 1.2831557329798495
29 51 1.467174899806018
29 52 1.1431587549518019
29 53 1.3249417572534445
29 54 1.3394636878682697
29 55 1.4445307458919603
29 56 1.3606546246985676
29 57 1.3464219520100118
29 58 1.4351766558866306
29 59 1.260644848886836
29 60 1.2580529079462173
29 61 1.3522985715742155
29 62 1.3147359223892363
29 63 1.4179844079512063
29 64 1.3838425427949217
29 65 1.2369310874424309
29 66 1.4231096046553167
29 67 1.411293059363547
29 68 1.3890750898010402
29 69 1.4879616846372403
29 70 1.3736083366506422
29 71 1.2863642527950594
29 72 1.3205364979607104
29 73 1.4908986334582817
29 74 1.2558885458201174
30 31 1.4510885622321006
30 32 1.118683505254709
30 33 1.2027052416457042
30 34 1.323163594076891
30 35 1.3899022175273636
30 36 1.231644578053493
30 37 1.3272862213999574
30 38 1.0963865549335075
30 39 1.2616747393247945
30 40 1.3457677715953573
30 41 1.2047191022038555
30 42 1.3937270445383338
30 43 1.2404848394059291
30 44 1.1156911222256298
30 45 1.1269748632458905
30 46 1.3633835766317437
30 47 1.3806934675688771
30 48 1.2769235949948832
30 49 1.2970251468674487
30 50 1.2580772573054193
30 51 1.4276867931876163
30 52 1.3437699108547554
30 53 1.3745461782295996
30 54 1.2619087953224934
30 55 1.468118543150126
30 56 1.3954836634627055
30 57 1.320838616406058
30 58 1.2967199536226726
30 59 1.1941111657767904
30 60 1.3676290556646564
30 61 1.3786913413799653
30 62 1.327065003243325
30 63 1.3326041656624703
30 64 1.305077164565338
30 65 1.3862114329742083
30 66 1.0763366959209184
30 67 1.0826015334137211
30 68 1.2402913979261967
30 69 1.4922348582540632
30 70 1.1191821656759842
30 71 1.311279816421167
30 72 1.3629624033135368
30 73 1.433590672387655
30 74 1.2211243360132285
31 32 1.224953382956388
31 33 1.303564621412886
31 34 1.314333836089349
31 35 1.1277659042430654
31 36 1.2701377675407584
31 37 1.4354935662663952
31 38 1.339871234162652
31 39 1.3226153498211162
31 40 1.2407176526820562
31 41 1.4087326197717085
31 42 1.3472760986443508
31 43 1.2561516727951247
31 44 1.2482223787622508
31 45 1.2554048098706911
31 46 1.365016413487387
31 47 1.4679796242715386
31 48 1.2858768278382378
31 49 1.367657724712114
31 50 1.386476602866691
31 51 1.289365882372828
31 52 1.323742219480496
31 53 1.1662069524349277
31 54 1.3007942612669607
31 55 1.0677973750096459
31 56 1.2895739978592011
31 57 1.2760630446303012
31 58 1.3848557897015188
31 59 1.2707610865278531
31 60 1.24218916918819
31 61 1.2811243051056618
31 62 1.266954007765812
31 63 1.343206511626975
31 64 1.3219666346512917
31 65 1.42086730857725
31 66 1.363111880954106
31 67 1.3385044672950182
31 68 1.3929162385349532
31 69 1.136453274734961
31 70 1.2735009909016117
31 71 1.3681704516871755
31 72 1.3168656125157456
31 73 1.23930955335135
31 74 1.2668460893906686
32 33 1.0929973758036264
32 34 1.2296850469566711
32 35 1.2785340040006212
32 36 1.2072162876224692
32 37 1.2833100469436483
32 38 1.079656288504355
32 39 1.1986394990314202
32 40 1.147732418255324
32 41 1.2064070698702014
32 42 1.3830413723978532
32 43 1.088788183226256
32 44 1.0302000493985721
32 45 1.0515926017048791
32 46 1.3331838285167341
32 47 1.4090476870659614
32 48 1.240547850570646
32 49 1.169503626534539
32 50 1.2951685066376322
32 51 1.3290799585870459
32 52 1.2961834995639891
32 53 1.334571383818643
32 54 1.0677561206737276
32 55 1.3142952714008092
32 56 1.2884464318952362
32 57 1.3085344734585622
32 58 1.3258131093661851
32 59 1.1587425144513153
32 60 1.307224996538263
32 61 1.2759101221257394
32 62 1.165416096773538
32 63 1.2065245478576645
32 64 1.258169434379639
32 65 1.3584540604157511
32 66 1.0002136655750564
32 67 1.1609415198268707
32 68 1.1553509867913319
32 69 1.3687363654698639
32 70 0.9587816198614585
32 71 1.381479196655291
32 72 1.334013708803928
32 73 1.3412917671233369
32 74 1.139268202219594
33 34 1.328624851652392
33 35 1.3221723529413174
33 36 1.107348993111522
33 37 1.3034482136919807
33 38 1.1972226963517016
33 39 1.2609224982265907
33 40 1.2644055045081821
33 41 1.1616273202148633
33 42 1.4447851441548885
33 43 1.0431052529762448
33 44 1.0542979823824041
33 45 1.1906062083410813
33 46 1.3390463405758997
33 47 1.3759209202528462
33 48 1.1089174474626153
33 49 1.27459068737625
33 50 1.2877214868892033
33 51 1.2755913116778181
33 52 1.2431942686430597
33 53 1.3305092284007958
33 54 0.9300111750439742
33 55 1.4375232189372407
33 56 1.3301835642994133
33 57 1.3294557380317125
33 58 1.1527287195020557
33 59 1.1624545464823661
33 60 1.3602206232178886
33 61 1.3372277120706613
33 62 1.2629149809485252
33 63 1.3326563449568094
33 64 1.1906241300466445
33 65 1.426842638916818
33 66 1.1570269209450685
33 67 1.088620046471227
33 68 1.2847192904808595
33 69 1.5795303567866104
33 70 1.1666393165856779
33 71 1.3397556239906407
33 72 1.2323344369672338
33 73 1.5717524310167743
33 74 1.1112900418476221
34 35 1.3212966768140615
34 36 1.2857081427685888
34 37 1.3631928352697995
34 38 1.3417224921715598
34 39 1.263475805477115
34 40 1.1827944829761372
34 41 1.379132241642117
34 42 1.1467935195256866
34 43 1.266263874969975
34 44 1.2566260600741082
34 45 1.2575132221520453
34 46 1.369004739599174
34 47 1.3268624198729488
34 48 1.3354875731216747
34 49 1.2112669783252878
34 50 1.4281284086529766
34 51 1.232542288503699
34 52 1.3221423666848695
34 53 1.346337847369351
34 54 1.2673774988984858
34 55 1.1403328860793998
34 56 1.3306922143412452
34 57 1.3103996921039074
34 58 1.312071366925769
34 59 1.2440679774444936
34 60 1.3198950886873788
34 61 1.4480012261074091
34 62 1.3562931529672158
34 63 1.3956578120606278
34 64 1.204376516954253
34 65 1.404155582662058
34 66 1.2914894427889014
34 67 1.3302701043333067
34 68 1.3107509044228485
34 69 1.2270404785830589
34 70 1.307370890435933
34 71 1.3547583509534864
34 72 1.2832514922474163
34 73 1.2691492992146403
34 74 1.4062275015513688
35 36 1.4822841927524095
35 37 1.413787778529353
35 38 1.4416414577089984
35 39 1.3928904726693905
35 40 1.3029889360161637
35 41 1.3942463702530268
35 42 1.4129381821601348
35 43 1.3485505693254523
35 44 1.3885262807659142
35 45 1.2718593919472059
35 46 1.46603595769065
35 47 1.3279745542405423
35 48 1.2925136756602216
35 49 1.478727450334673
35 50 1.3665219244884041
35 51 1.4189769427736503
35 52 1.356398955319703
35 53 1.387710043360327
35 54 1.3593036373230143
35 55 1.2874393452018924
35 56 1.418692718568219
35 57 1.293632297062018
35 58 1.4159052575225537
35 59 1.3063113867946854
35 60 1.3688519980075373
35 61 1.4209922571686855
35 62 0.9285636951315405
35 63 1.4564290588526527
35 64 1.2421515468595028
35 65 1.453548582327738
35 66 1.4475491642041887
35 67 1.3773748944745774
35 68 1.5032641059806395
35 69 1.3134625403432072
35 70 1.3934290900455772
35 71 1.4265210000037623
35 72 1.2677496974633422
35 73 1.3197686156678032
35 74 1.3958915225286896
36 37 1.2985283745965406
36 38 1.175411750982681
36 39 1.234234630600266
36 40 1.1710258881001423
36 41 1.1536165004989267
36 42 1.4572681429900947
36 43 1.22968780359007
36 44 1.0967583206208507
36 45 1.1135881786998418
36 46 1.3626411677321129
36 47 1.434146092976297
36 48 1.2043297489864835
36 49 1.286454582595312
36 50 1.269933681374414
36 51 1.195713440238535
36 52 1.3384996532354108
36 53 1.1345340900006422
36 54 1.2450114063749296
36 55 1.3064748178700534
36 56 1.3505704210987586
36 57 1.3275452203313776
36 58 1.2867044765418845
36 59 1.2772520412851216
36 60 1.3728372988622985
36 61 1.3083980063799583
36 62 1.3615581904031795
36 63 1.295816885917462
36 64 1.3136244851447367
36 65 1.3600406759190047
36 66 1.1677380837492835
36 67 1.1218617040788716
36 68 1.2009911830924014
36 69 1.3356768109565453
36 70 1.073635218990501
36 71 1.2917077157965826
36 72 1.3587998467460543
36 73 1.319433244103406
36 74 1.2661711742797452
37 38 1.1883279186517712
37 39 1.3484759764421947
37 40 1.370859323271099
37 41 1.4870513677451955
37 42 1.4119618201501194
37 43 1.256977414101914
37 44 1.381641982749293
37 45 1.3333896251487032
37 46 1.3995930443784488
37 47 1.4049212211646094
37 48 1.3350505032435747
37 49 1.4291369661477744
37 50 1.2672751066762655
37 51 1.4315962237722992
37 52 1.492681869572362
37 53 1.5122468289397915
37 54 1.3075564390559618
37 55 1.4503258038213374
37 56 1.4211568077802104
37 57 1.4552589030769247
37 58 1.3582295309064725
37 59 1.2918960403883912
37 60 1.4128949739075876
37 61 1.4797774362046643
37 62 1.3836618088964874
37 63 1.3264767249640381
37 64 1.5181881105253519
37 65 1.2885180807531667
37 66 1.1941191890523837
37 67 1.3501519775401831
37 68 1.2853369687062388
37 69 1.4965793975851045
37 70 1.2455453251283763
37 71 1.3539639021218952
37 72 1.275650071598334
37 73 1.4908158672694696
37 74 1.2233844895418042
38 39 1.214694219704648
38 40 1.168334217887145
38 41 1.2163156182535324
38 42 1.4177011221483444
38 43 1.1383763444694233
38 44 1.0291932190270932
38 45 1.2214856631880153
38 46 1.3103546231719039
38 47 1.3968328331705577
38 48 1.348784358620019
38 49 1.1772506333706603
38 50 1.228575935502172
38 51 1.3511987661473694
38 52 1.3838173609360274
38 53 1.3086047078674163
38 54 1.0914152457995225
38 55 1.3950443540601598
38 56 1.2647061731041669
38 57 1.4118753909722235
38 58 1.2783278372750078
38 59 1.1648924460221253
38 60 1.4094242314183953
38 61 1.3179417814891141
38 62 1.377318968194915
38 63 1.23725982785089
38 64 1.390245685861867
38 65 1.302653528916932
38 66 0.975358101852145
38 67 1.212984955655996
38 68 1.1390671168250082
38 69 1.4923321514181087
38 70 0.8842372350243369
38 71 1.295194955980299
38 72 1.3533234234393794
38 73 1.5048300016464156
38 74 1.2754525088053772
39 40 1.21726213292439
39 41 1.2027920032909454
39 42 1.4418967143735764
39 43 1.2421401743957767
39 44 1.1824138356807496
39 45 1.1043079032327376
39 46 1.049805643670564
39 47 1.3102231888628728
39 48 1.3467790639904929
39 49 1.384325093534044
39 50 1.1963008563400617
39 51 1.3824379370790272
39 52 1.3928444959401756
39 53 1.3469937437897148
39 54 1.1518677134955275
39 55 1.2591367006852823
39 56 1.3866232916654355
39 57 1.3366303401364403
39 58 1.410648408061191
39 59 1.2478161760588051
39 60 1.4002680979786883
39 61 1.3887565489364295
39 62 1.3278408521343623
39 63 1.3370687761859352
39 64 1.1453124143615554
39 65 1.3215906913840192
39 66 1.1826279530850305
39 67 1.286475197291609
39 68 1.2405475732069051
39 69 1.3707141242269663
39 70 1.2265715428394115
39 71 1.1777572491670723
39 72 1.2480150106202301
39 73 1.478270797754032
39 74 1.2895994517590768
40 41 1.3311533148844827
40 42 1.355712921194968
40 43 1.1983632297623636
40 44 1.1107127987240046
40 45 1.1931884116174478
40 46 1.329988971510393
40 47 1.2903711462315766
40 48 1.2693974308213498
40 49 1.2448774389925528
40 50 1.3260776854820724
40 51 1.1397601494856466
40 52 1.181917837076632
40 53 1.2757479514282382
40 54 1.2707372757039572
40 55 1.2188000794523506
40 56 1.351402088914921
40 57 1.3756072436288085
40 58 1.2839369948776072
40 59 1.2135350862831387
40 60 1.3756200233634828
40 61 1.347555574836616
40 62 1.1924054905665973
40 63 1.336247587551809
40 64 1.2108161623302203
40 65 1.4132257151613765
40 66 1.145298543688377
40 67 1.2374200479456432
40 68 1.2470081421646624
40 69 1.389170079516462
40 70 1.067120314932571
40 71 1.270844700891535
40 72 1.285211992954372
40 73 1.3763316410052604
40 74 1.303263779149077
41 42 1.4643712536200584
41 43 1.1800351102829147
41 44 1.0006624650814224
41 45 1.2167981124142864
41 46 1.382701873766219
41 47 1.2885403845335397
41 48 1.2928355385354493
41 49 1.326746703718385
41 50 1.3790933839199662
41 51 1.3518341448355735
41 52 1.2672984558902451
41 53 1.393388622998235
41 54 1.171206551270857
41 55 1.44113641044681
41 56 1.2937116904401065
41 57 1.3460163967338303
41 58 1.2946715242486997
41 59 1.3388065936072453
41 60 1.4237363344659981
41 61 1.3592964091570903
41 62 1.3164388907422682
41 63 1.2593192933060389
41 64 1.3250531544032746
41 65 1.344379485478385
41 66 1.164177744515156
41 67 1.303706840364092
41 68 1.3339438131063261
41 69 1.4254803071354754
41 70 1.156507302789426
41 71 1.210401070761888
41 72 1.3884954819062765
41 73 1.4065418713249418
41 74 1.3271232191905595
42 43 1.4205396783021604
42 44 1.3881566705465327
42 45 1.4841154949433688
42 46 1.4245895848053476
42 47 1.390948317851684
42 48 1.4473556537016627
42 49 1.3647652520729683
42 50 1.532616807280534
42 51 1.4087841260268905
42 52 1.3533404978314687
42 53 1.3226240963342972
42 54 1.445024249952329
42 55 1.208305523836788
42 56 1.4487423569068254
42 57 1.3943593913022825
42 58 1.4626550597246715
42 59 1.3758012005309204
42 60 1.3182961837294256
42 61 1.539028756696689
42 62 1.5278586364579543
42 63 1.419343205684669
42 64 1.3337417502742377
42 65 1.4391975433251818
42 66 1.3773400987872848
42 67 1.4253405996555897
42 68 1.4219672961561376
42 69 1.2334495324971833
42 70 1.376330527967802
42 71 1.4406575629986877
42 72 1.432934642944586
42 73 1.2996272461557028
42 74 1.4750983017440027
43 44 1.1227482348611797
43 45 1.137691603394904
43 46 1.3783092441572489
43 47 1.3053739401543438
43 48 1.2187481179367858
43 49 1.2930894917057798
43 50 1.2553916238529064
43 51 1.19787335850703
43 52 1.297271063800563
43 53 1.3876996592193833
43 54 1.0420808951450384
43 55 1.3906807617834203
43 56 1.232065979362943
43 57 1.2823654348870221
43 58 1.0966921508893008
43 59 1.2008372640907428
43 60 1.3154615099953004
43 61 1.319238455391247
43 62 1.173654631162333
43 63 1.3563824930342594
43 64 1.2744390026857455
43 65 1.4866921787922176
43 66 1.1329529396663414
43 67 1.1711436800368884
43 68 1.2486244440906396
43 69 1.516545075747441
43 70 1.0566658687075365
43 71 1.1699177706243855
43 72 1.2305963120439842
43 73 1.4925020356621728
43 74 1.2772577564897605
44 45 1.1215477936984133
44 46 1.3694191339922386
44 47 1.34884557309472
44 48 1.2820774415476293
44 49 1.1495832933240822
44 50 1.3325374425984076
44 51 1.3206469165213375
44 52 1.260620985421888
44 53 1.2608976886115209
44 54 1.0206021080958447
44 55 1.2892492166595348
44 56 1.2103855652979616
44 57 1.3762640736319667
44 58 1.21836761919783
44 59 1.1814335991562963
44 60 1.4850340954800616
44 61 1.209119871940011
44 62 1.323802299889214
44 63 1.2890849334986265
44 64 1.312032145525647
44 65 1.425370999781591
44 66 1.000142825329192
44 67 1.1900400842588992
44 68 1.2450288255824327
44 69 1.3823739039114833
44 70 1.0516305205424648
44 71 1.2499034198765506
44 72 1.4134638796209325
44 73 1.372544497539236
44 74 1.276148456734309
45 46 1.2901596755916889
45 47 1.2739739781887582
45 48 1.147539559708433
45 49 1.3055882616955155
45 50 1.3080926141652012
45 51 1.2230732899519263
45 52 1.3205620937645415
45 53 1.3332070603414878
45 54 1.179123586210347
45 55 1.3358091139603887
45 56 1.3194711176434646
45 57 1.3037440267264588
45 58 1.2763559081734255
45 59 1.1939317442305704
45 60 1.3791441391488388
45 61 1.2885100146659112
45 62 1.1192870069669894
45 63 1.339735783312722
45 64 1.1438634874287832
45 65 1.398993923167596
45 66 1.1670015288100306
45 67 1.1688027781049983
45 68 1.2508706773631189
45 69 1.401593909294015
45 70 1.124057876286012
45 71 1.3200022320926965
45 72 1.3075417835716232
45 73 1.4544061151619703
45 74 1.2700794923496894
46 47 1.2312813908878135
46 48 1.1973641031728013
46 49 1.3564887767272504
46 50 1.2876708072801346
46 51 1.408806491773117
46 52 1.3266074100783192
46 53 1.4007145280862205
46 54 1.3517983930900055
46 55 1.3210530360994255
46 56 1.4079581020379728
46 57 1.3357330705196493
46 58 1.4210223919311336
46 59 1.3585509915263991
46 60 1.3363447707708307
46 61 1.329958840327589
46 62 1.430607027398196
46 63 1.4072615474986836
46 64 1.1515852963443372
46 65 1.382180066067289
46 66 1.3161936751734522
46 67 1.4021678855610205
46 68 1.3141612515460968
46 69 1.4213285127434832
46 70 1.3412940839507055
46 71 1.3335707887706956
46 72 1.3318286936748036
46 73 1.4965940527028019
46 74 1.3827880788767533
47 48 1.3808733572960439
47 49 1.4231720366506164
47 50 1.3709614653613535
47 51 1.3330267739309019
47 52 1.0812043170519081
47 53 1.4429809981729809
47 54 1.3896192526518338
47 55 1.5024819206585107
47 56 1.3570051335711018
47 57 1.3979690572222396
47 58 1.335378947699935
47 59 1.3426074800555938
47 60 1.339414181541064
47 61 1.3661659457718351
47 62 1.1365598309284006
47 63 1.6408150843221991
47 64 1.2643084750376794
47 65 1.2930355220667402
47 66 1.2095133101366802
47 67 1.3159978643943115
47 68 1.4207305637330367
47 69 1.5064558181719196
47 70 1.3760536514717605
47 71 1.333284591121936
47 72 1.3757343549973564
47 73 1.4859680973610863
47 74 1.4256443528946108
48 49 1.3054606241161413
48 50 1.354282028670656
48 51 1.3026250385774054
48 52 1.2668637033601708
48 53 1.3553420852422633
48 54 1.2071069744917584
48 55 1.3807191687848603
48 56 1.4497390422576366
48 57 1.3787806754257146
48 58 1.187996316800315
48 59 1.2412463401304197
48 60 1.4766037273250026
48 61 1.42616847693675
48 62 1.3073767983820688
48 63 1.3402904728862912
48 64 1.140453089295741
48 65 1.3836720794308377
48 66 1.241508261943753
48 67 1.2099871201184402
48 68 1.2953008596338202
48 69 1.4045600972159966
48 70 1.179133626582192
48 71 1.2488778599710622
48 72 1.2643786504811276
48 73 1.4390658723768812
48 74 1.3102357816256596
49 50 1.4373929833321863
49 51 1.251789891935424
49 52 1.318697622746815
49 53 1.3108329152013074
49 54 1.302395390138737
49 55 1.351242364854617
49 56 1.2697820200732242
49 57 1.451837931479701
49 58 1.2686514175656993
49 59 1.3658501905985514
49 60 1.5022659881613436
49 61 1.3706625143839561
49 62 1.4246047055074442
49 63 1.2495289048526659
49 64 1.3161595421260714
49 65 1.447758267110264
49 66 1.235593594572269
49 67 1.356636473546332
49 68 1.2173306539176876
49 69 1.3749126517654051
49 70 1.26567571336244
49 71 1.414146343965467
49 72 1.4263002743031072
49 73 1.3923837946277655
49 74 1.3408250511541542
50 51 1.4391568723715327
50 52 1.4785183288316206
50 53 1.3700393473169097
50 54 1.2242726545843141
50 55 1.4070883767927311
50 56 1.404076524308353
50 57 1.4257793803697643
50 58 1.3194082395735443
50 59 1.2626651349168947
50 60 1.169828079185821
50 61 1.2474560261519803
50 62 1.3657856028038013
50 63 1.2480588869770255
50 64 1.306724856408555
50 65 1.1282067945839136
50 66 1.198531197372814
50 67 1.3435104698450813
50 68 1.2512256861577737
50 69 1.4796243374595366
50 70 1.2123828153805651
50 71 1.1997781509147425
50 72 1.1779268888641095
50 73 1.4815364494055425
50 74 1.224922688640624
51 52 1.2883774651497741
51 53 1.3487454798874008
51 54 1.345035172086472
51 55 1.3077562695883753
51 56 1.466189117328997
51 57 1.3715569479923577
51 58 1.2189948953525145
51 59 1.3425650168817158
51 60 1.3359957639800513
51 61 1.2803844677090253
51 62 1.2771442036669436
51 63 1.349368242090342
51 64 1.3247407146179166
51 65 1.4338786137736839
51 66 1.342651782043613
51 67 1.2886696011675955
51 68 1.3584785058659805
51 69 1.4244873348003833
51 70 1.237446091397502
51 71 1.290923179285586
51 72 1.3873712346734774
51 73 1.4256372966170685
51 74 1.4263034381060653
52 53 1.2302119884232119
52 54 1.2976336480913537
52 55 1.3554993847019396
52 56 1.3364711952767534
52 57 1.3392149912220537
52 58 1.31196422262312
52 59 1.3283200528656132
52 60 1.3960380590514136
52 61 1.3548508469668032
52 62 1.280467550224118
52 63 1.4108480656622684
52 64 1.2768450869643888
52 65 1.4313143729351403
52 66 1.3386443315981413
52 67 1.3473052637674263
52 68 1.4475769428839105
52 69 1.4050136183162194
52 70 1.3336642064150008
52 71 1.2199023590576468
52 72 1.448379472043923
52 73 1.3764272097501569
52 74 1.3265720848721707
53 54 1.4256732039728666
53 55 1.1130665745512531
53 56 1.2174458668197188
53 57 1.3626242792356513
53 58 1.407624448569497
53 59 1.3163228138895124
53 60 1.3146384326611533
53 61 1.2980680633278228
53 62 1.3954886289383335
53 63 1.323233042344166
53 64 1.3577642193361674
53 65 1.3937242301790116
53 66 1.4077479170327105
53 67 1.2904131964300845
53 68 1.3818846944412513
53 69 1.1562566081966064
53 70 1.307891790978219
53 71 1.3886295950292065
53 72 1.4009475145467156
53 73 1.2142388421835608
53 74 1.2951178735878444
54 55 1.3925153708005626
54 56 1.3341027339766187
54 57 1.3326434009241042
54 58 1.1612506068806479
54 59 1.214034809153235
54 60 1.4324205312792027
54 61 1.3883386943524645
54 62 1.3414011790699043
54 63 1.3525844670996436
54 64 1.2081097031720442
54 65 1.4004447886177849
54 66 1.1484737308385013
54 67 1.2697926597392806
54 68 1.2255910339575329
54 69 1.5211125246710493
54 70 1.1134667364273596
54 71 1.1804785838881353
54 72 1.2868391896990519
54 73 1.5113399901525892
54 74 1.2265950002568247
55 56 1.363939902887059
55 57 1.3277488016893393
55 58 1.3742044510615599
55 59 1.2966478930206133
55 60 1.322551961674738
55 61 1.3444488646062658
55 62 1.365240131599061
55 63 1.2951288901568867
55 64 1.2514675173523764
55 65 1.3926651252411524
55 66 1.4320007049173584
55 67 1.4355469530481022
55 68 1.4383351956942902
55 69 0.9353635840688513
55 70 1.3157726829513803
55 71 1.3550205549946748
55 72 1.3196296321576588
55 73 1.0610929542505314
55 74 1.3914124046492506
56 57 1.2856250677788654
56 58 1.172547643501381
56 59 1.3196972901040287
56 60 1.4013365227582433
56 61 1.3704526306755307
56 62 1.3350682372860903
56 63 1.3789259549772508
56 64 1.346149017875284
56 65 1.336618350921653
56 66 1.365689570449905
56 67 1.2925109532735992
56 68 1.2938497125410349
56 69 1.3389030524175416
56 70 1.3650985545924035
56 71 1.3029271850113575
56 72 1.3025607118960365
56 73 1.387880384990372
56 74 1.3474452763430376
57 58 1.3708119945023691
57 59 1.1061974266349146
57 60 1.4298495636158985
57 61 1.3334533870060128
57 62 1.3277595266766533
57 63 1.4469130985774072
57 64 1.309462255491752
57 65 1.3912622198479279
57 66 1.3785679449607025
57 67 1.321810372477257
57 68 1.424223502059652
57 69 1.3627781878537206
57 70 1.289038337512355
57 71 1.4097627594685576
57 72 1.3477660715776385
57 73 1.376554897345511
57 74 1.3342719321538659
58 59 1.2304861878036284
58 60 1.361195396436007
58 61 1.303426248761477
58 62 1.3285384844664332
58 63 1.3638236474331058
58 64 1.2221069606138593
58 65 1.3432479775135369
58 66 1.2189233744275503
58 67 1.1887015902065978
58 68 1.2666647755003653
58 69 1.4626601387106242
58 70 1.27858315648437
58 71 1.1866694010178056
58 72 1.2368400761054414
58 73 1.485502029773273
58 74 1.2796202423732939
59 60 1.3076257800129252
59 61 1.2564369033308918
59 62 1.2304623071916625
59 63 1.2402989821535473
59 64 1.3243059883494188
59 65 1.3406305790878843
59 66 1.1369663722020975
59 67 1.2266853455137765
59 68 1.1524911143641856
59 69 1.4658345741253194
59 70 1.136212497550462
59 71 1.2440251220622223
59 72 1.2563179610004083
59 73 1.4838131854127783
59 74 1.2510181376400553
60 61 1.3210685203827204
60 62 1.2713602261192187
60 63 1.3779560543504945
60 64 1.3299307427615987
60 65 1.214545683596236
60 66 1.35401865527003
60 67 1.2858843266370101
60 68 1.4107126680412108
60 69 1.332144724525979
60 70 1.4092719097866284
60 71 1.380074526059951
60 72 1.3434181677389376
60 73 1.3439606600722287
60 74 1.2711181815875696
61 62 1.3417607394304178
61 63 1.3288891950943247
61 64 1.2825557439144462
61 65 1.395428820118312
61 66 1.3117784442710245
61 67 1.3533388853935686
61 68 1.3547111324914105
61 69 1.4052393429779644
61 70 1.3231929306461931
61 71 1.3295525874656209
61 72 1.3723766084315712
61 73 1.3402080625537964
61 74 1.3062655618089156
62 63 1.4808284122247082
62 64 1.1195445243449273
62 65 1.4009583492143767
62 66 1.3169889445279115
62 67 1.1578862097876126
62 68 1.404182154947367
62 69 1.440179395981284
62 70 1.31132105767676
62 71 1.3411444703823732
62 72 1.329140594519588
62 73 1.3699719944353095
62 74 1.3227702012206604
63 64 1.4129798040947419
63 65 1.2530126972965108
63 66 1.2490636164444229
63 67 1.373225402290168
63 68 1.161124231411125
63 69 1.2709375901460853
63 70 1.2282835575208997
63 71 1.2724392360860022
63 72 1.3019536307130908
63 73 1.3139615229702655
63 74 1.2672096937371025
64 65 1.3982269466220283
64 66 1.3007553842070765
64 67 1.1888918452795245
64 68 1.361891095307567
64 69 1.3492714812053173
64 70 1.320354390151814
64 71 1.2864423408405565
64 72 1.1230389466201203
64 73 1.3848924705463097
64 74 1.4046033503376387
65 66 1.2917202555070095
65 67 1.4435324182374993
65 68 1.2506930261653604
65 69 1.4230286260999514
65 70 1.341592505533646
65 71 1.3399383169186327
65 72 1.3058417279480752
65 73 1.39416819460876
65 74 1.2507776605679675
66 67 1.1115000549200573
66 68 1.1395926318973337
66 69 1.489670667861849
66 70 0.9231629780508189
66 71 1.3297375607158268
66 72 1.2724926238944552
66 73 1.4337266561924138
66 74 1.193249208291298
67 68 1.3154343261652772
67 69 1.4366362152333505
67 70 1.1700791273998958
67 71 1.3485140086002914
67 72 1.2830258413960813
67 73 1.3939662960658452
67 74 1.2084483849056007
68 69 1.4206506981511295
68 70 1.193871435066997
68 71 1.1884700949747935
68 72 1.2453572836915747
68 73 1.5051588684060564
68 74 1.353659144874552
69 70 1.456711753745098
69 71 1.383699591053247
69 72 1.4052509635761359
69 73 0.7669305875590473
69 74 1.4582437108840294
70 71 1.2917744106244835
70 72 1.3522840424868847
70 73 1.4597983043232663
70 74 1.220630352878103
71 72 1.3039615124507191
71 73 1.4460112796557416
71 74 1.3279189787617116
72 73 1.4819276842720268
72 74 1.3591154032979895
73 74 1.3272962351689102
