75 0
0 1 1.0286417249836284
0 2 1.5342335840644534
0 3 1.4315866283364522
0 4 1.2406534923312131
0 5 1.4811931276870174
0 6 0.7407585257377567
0 7 1.343433088749083
0 8 1.3604797815787393
0 9 1.1544086933976718
0 10 1.4394311298536187
0 11 1.4570610416852199
0 12 1.6278373172060525
0 13 1.4411294811383044
0 14 1.3340381172871387
0 15 1.4599034170777139
0 16 1.6085240450126521
0 17 1.46097005563752
0 18 1.4389971617400361
0 19 1.2595180536735824
0 20 1.654986243705792
0 21 1.401901206685831
0 22 1.266238043713645
0 23 1.484825713910726
0 24 1.2795949500213013
0 25 1.4516171450695952
0 26 1.3515827779955634
0 27 1.4408445464193764
0 28 1.2484168580494495
0 29 1.177153937024942
0 30 1.6124371288753574
0 31 1.3570295190982424
0 32 1.5079131479228276
0 33 1.2505117925482698
0 34 1.4953785364484453
0 35 1.4888641420196302
0 36 1.1683337490878203
0 37 1.5143363453750038
0 38 1.4565563574123468
0 39 0.7290428465272454
0 40 1.5178055178934988
0 41 1.2618151611793071
0 42 1.5228641985594416
0 43 1.4820857315061806
0 44 1.5208741169431323
0 45 1.4204022402091052
0 46 0.7318828231172301
0 47 1.4075304706333573
0 48 1.3953353546969571
0 49 1.3913575915117034
0 50 1.516097686854757
0 51 1.484406838170856
0 52 1.3322324121247047
0 53 1.4276226409660746
0 54 1.140107603267783
0 55 1.4571789845292402
0 56 1.4185391684809407
0 57 1.450897819563907
0 58 1.1243990348319155
0 59 1.382040987997575
0 60 1.5372597693791183
0 61 1.3997788112380647
0 62 1.2525849277134604
0 63 1.4669606016924046
0 64 1.4272465185377146
0 65 1.3232316387699683
0 66 1.4492854834201894
0 67 1.4946883641943658
0 68 0.7706239867718323
0 69 1.234990712954132
0 70 1.4768554567527983
0 71 1.4698272110348491
0 72 1.4428267520101776
0 73 1.350076958472506
0 74 1.3081423750972934
1 2 1.2794151538020395
1 3 1.3996982010253378
1 4 1.3114048713872792
1 5 1.4344814989610708
1 6 1.0418524624255834
1 7 1.309613616136608
1 8 1.3470223219171398
1 9 1.1597878990372137
1 10 1.4870644896359928
1 11 1.31969660180899
1 12 1.4908123707547605
1 13 1.4047536764593682
1 14 1.261884939851578
1 15 1.3153937431138638
1 16 1.4647453908139205
1 17 1.3497539017662261
1 18 1.2660859889711165
1 19 1.3071840705793971
1 20 1.5234729630322128
1 21 1.2598790122740549
1 22 1.0456868617134871
1 23 1.471100928193885
1 24 1.1366738540546801
1 25 1.412233731880445
1 26 1.31967810876956
1 27 1.4187295598278427
1 28 1.0056399376755816
1 29 1.2643023064427503
1 30 1.4869342525578324
1 31 1.199131545185471
1 32 1.4511086618038131
1 33 1.2507539249569888
1 34 1.3694804353856604
1 35 1.365448383253435
1 36 1.2846911119426119
1 37 1.3190749694520563
1 38 1.3792734669820286
1 39 1.1290734843791528
1 40 1.380726573818051
1 41 1.1780659579129595
1 42 1.3976419819020676
1 43 1.4012695131276658
1 44 1.4567615389244735
1 45 1.3869620071698248
1 46 1.0641195721544723
1 47 1.3018032064169627
1 48 1.3843763051545417
1 49 1.2639081299720056
1 50 1.2904166261381846
1 51 1.3692852120127037
1 52 1.3411331796577515
1 53 1.469313060665729
1 54 1.2719759217261988
1 55 1.3678123397219746
1 56 1.366371675477685
1 57 1.3546370686678855
1 58 0.8714086488438872
1 59 1.353701984521088
1 60 1.4066133656133442
1 61 1.3373411035048761
1 62 1.397044975605736
1 63 1.2870415596526583
1 64 1.3646586201429831
1 65 1.286575438156089
1 66 1.4546154470110315
1 67 1.3396233383286058
1 68 1.0657329115192515
1 69 1.27346735605027
1 70 1.3976671712124376
1 71 1.3453683915708823
1 72 1.4404017787662993
1 73 1.368638144472778
1 74 1.308397360775133
2 3 1.1979575904742943
2 4 1.3555492581792787
2 5 1.3287867899403827
2 6 1.4635520294129338
2 7 1.4187696425045415
2 8 1.3843009190305924
2 9 1.4214552562023286
2 10 1.381594969531739
2 11 1.1395926318973337
2 12 1.1771964201791425
2 13 1.3039825722454461
2 14 1.1710622254871996
2 15 1.332306298103036
2 16 1.2847192904808595
2 17 1.1940668602004534
2 18 1.1894758191657946
2 19 1.3657230315885773
2 20 1.2213442112424453
2 21 1.1969569570748277
2 22 1.3107509044228485
2 23 1.2865332384488408
2 24 1.3408623560831563
2 25 1.3248650020700705
2 26 1.4107126680412108
2 27 1.338615269316178
2 28 1.3862600228947357
2 29 1.4673651359341517
2 30 1.2418436167126772
2 31 1.2173306539176876
2 32 1.3614609058007336
2 33 1.3304505801338298
2 34 1.243018997797934
2 35 1.1575774664043421
2 36 1.4611589286696145
2 37 1.172399600073524
2 38 1.2149107979528904
2 39 1.4554448785137464
2 40 1.1489187686818956
2 41 1.4131047948291733
2 42 1.2486244440906396
2 43 1.3547834600016702
2 44 1.2966939216961157
2 45 1.3017919415170214
2 46 1.4825049019200693
2 47 1.2978871042023856
2 48 1.3323727922009285
2 49 1.2584766869912394
2 50 1.03325120624149
2 51 1.3536295770942253
2 52 1.268209073196432
2 53 1.3818120138590186
2 54 1.406357339354954
2 55 1.3878526849761492
2 56 1.2987063900078315
2 57 1.296392570946281
2 58 1.3792220634694223
2 59 1.375119914997386
2 60 1.2453572836915747
2 61 1.2568563656376828
2 62 1.370341608852646
2 63 1.159924187642291
2 64 1.2225031478874369
2 65 1.4927527646625627
2 66 1.3254291277578916
2 67 1.296410868857422
2 68 1.4206506981511295
2 69 1.3182317457298887
2 70 1.2935122940273023
2 71 1.3115861133321232
2 72 1.3457323820052243
2 73 1.3627861691262824
2 74 1.2392626174887122
3 4 1.2651450245025593
3 5 1.1591736807014308
3 6 1.3596531662222466
3 7 1.2682970300950611
3 8 1.178752310310302
3 9 1.3851767754355773
3 10 1.289182805734734
3 11 1.1163551198203652
3 12 1.0659952804834676
3 13 1.1981364568555295
3 14 1.2012327404785406
3 15 1.3074548189883393
3 16 1.0976360587377614
3 17 1.310436272803356
3 18 1.209297286526495
3 19 1.1843409296804015
3 20 1.066091622361547
3 21 1.3523286848582097
3 22 1.3060599806580302
3 23 1.1459619112123154
3 24 1.3323467894046808
3 25 1.2370357149401316
3 26 1.34731073286814
3 27 1.31938535035597
3 28 1.3906606649974698
3 29 1.3455668113894328
3 30 1.0882489916739235
3 31 1.3324078727694688
3 32 1.2160916210233277
3 33 1.3321820026528643
3 34 1.0695412216241333
3 35 1.026207092235176
3 36 1.3107354009700758
3 37 1.0296777531365189
3 38 1.0936122512370854
3 39 1.3447468790547248
3 40 1.1703946059627186
3 41 1.2217558857544528
3 42 1.1711106788476837
3 43 1.1920125366066645
3 44 1.4047065776778573
3 45 1.1792972235011623
3 46 1.3975883026496323
3 47 1.1548943297608627
3 48 1.3002152636478892
3 49 1.295690337832394
3 50 1.2309616599038276
3 51 1.2762951725023202
3 52 1.2191997543372104
3 53 1.359866983688597
3 54 1.3401856643895094
3 55 1.289488766626863
3 56 1.3472499178912531
3 57 1.2570877917680494
3 58 1.41624388624399
3 59 1.3224036202723837
3 60 1.3305567622927483
3 61 1.2340353929318766
3 62 1.2731431998915281
3 63 1.2625493649784274
3 64 1.179426010397192
3 65 1.3196711377597814
3 66 1.2965521992143094
3 67 1.137326232168054
3 68 1.4000329728085104
3 69 1.1864114402705486
3 70 1.218588808737289
3 71 1.401272328783194
3 72 1.2707277747538233
3 73 1.2926463524201204
3 74 1.0444527356183178
4 5 1.3221148188862477
4 6 1.207926340084108
4 7 1.340843868332325
4 8 1.311697103055897
4 9 1.1904768417541374
4 10 1.4132599228729374
4 11 1.270609590167046
4 12 1.3159041495660824
4 13 1.1462671370750392
4 14 1.2081357626278026
4 15 1.2711917476332013
4 16 1.403050425288058
4 17 1.4344403681163802
4 18 1.2801940655418587
4 19 1.2954925421439363
4 20 1.3644410925053054
4 21 1.2299054392353261
4 22 1.312331070887646
4 23 1.3244343556174383
4 24 1.4149166191422622
4 25 1.3036477201775956
4 26 1.3116954701760684
4 27 1.2109011315421234
4 28 1.3845974901733322
4 29 1.1964582169427824
4 30 1.3156305367593295
4 31 1.2928589135684174
4 32 1.3789868290950238
4 33 1.342208896844569
4 34 1.161404507990924
4 35 1.398259270967264
4 36 1.0321271611845724
4 37 1.3141304161250562
4 38 1.245545328166349
4 39 1.2465223853998961
4 40 1.2515100840617261
4 41 1.2938028421108123
4 42 1.306498353258563
4 43 1.2881110739882142
4 44 1.3720464567726112
4 45 1.3650418874362553
4 46 1.28511434847493
4 47 1.0991271075210338
4 48 1.3357689058975437
4 49 1.2898098030627378
4 50 1.4592643476731555
4 51 1.2520923948751699
4 52 1.2304155023855456
4 53 1.4625973227480986
4 54 1.236916795153062
4 55 1.4266422835013188
4 56 1.4066594167796662
4 57 1.4333007151096033
4 58 1.3174724679181635
4 59 1.3724766997836186
4 60 1.257645768439798
4 61 1.3052654336448888
4 62 1.2264754773534026
4 63 1.2850428713487136
4 64 1.2202224261767938
4 65 1.2270488508668809
4 66 1.2107896477603648
4 67 1.3602732651889027
4 68 1.1429122011205366
4 69 1.3467624567262784
4 70 1.2661380260751045
4 71 1.3667404641769882
4 72 1.421402390909872
4 73 1.3268022039474132
4 74 1.3216633468177725
5 6 1.3789257355932707
5 7 1.3080221292393457
5 8 1.2562968211178915
5 9 1.3157894790749576
5 10 1.1540725568965458
5 11 1.079585220310201
5 12 1.0407272812557047
5 13 1.151156277192471
5 14 1.3201893428991132
5 15 1.2047537936272852
5 16 1.1595486046215713
5 17 1.3205260910257128
5 18 1.3352660577304345
5 19 1.2195903402832589
5 20 1.0855814835998472
5 21 1.4391638857394478
5 22 1.337878122052048
5 23 1.2194697467631916
5 24 1.3812474427870827
5 25 1.086548375952228
5 26 1.2488143620246828
5 27 1.325314106596296
5 28 1.4249903910474102
5 29 1.409901321159578
5 30 1.0575899528527315
5 31 1.3503884669508848
5 32 1.2935268289800175
5 33 1.3794165385431194
5 34 1.0725921989676377
5 35 1.171035416334556
5 36 1.351049248659125
5 37 1.1581540987222765
5 38 1.2439320002979046
5 39 1.466825766371936
5 40 1.1270398392165033
5 41 1.1826840680687938
5 42 1.2788081723854101
5 43 0.757583674480287
5 44 1.3697965786582058
5 45 1.1020219617203633
5 46 1.4936068228803265
5 47 1.0329631998339313
5 48 1.309994571813743
5 49 1.143106618173015
5 50 1.267717591760883
5 51 1.2496314752059747
5 52 1.2441031109951923
5 53 1.1923558205747944
5 54 1.3874424202552047
5 55 1.2466492701690224
5 56 1.341322485767299
5 57 1.2528797702695742
5 58 1.4479092558419964
5 59 1.129209101741631
5 60 1.2625120148805773
5 61 1.3004174115775042
5 62 1.180768665992516
5 63 1.3557274890927107
5 64 1.1479994491144703
5 65 1.3356220109199375
5 66 1.1769826510476717
5 67 1.1421084438069053
5 68 1.4927172718936519
5 69 1.277063618062239
5 70 1.3486423145453579
5 71 1.474837179542728
5 72 1.301978138795145
5 73 1.1971940907338465
5 74 1.324659446899529
6 7 1.2975270338238372
6 8 1.2831447080744196
6 9 1.142702359847732
6 10 1.4474519141241051
6 11 1.371761295213206
6 12 1.5082314361424212
6 13 1.3664664719194084
6 14 1.3497493930643572
6 15 1.4132316266755716
6 16 1.4869934344374074
6 17 1.3736097235041325
6 18 1.4150287015314125
6 19 1.1749322319229172
6 20 1.542242394449627
6 21 1.4553063368693808
6 22 1.2673981825733533
6 23 1.371741137777133
6 24 1.2698748742508061
6 25 1.4569240301673927
6 26 1.3371641362173465
6 27 1.3017948894793236
6 28 1.2238944326198729
6 29 1.1963750179535466
6 30 1.5157025084794546
6 31 1.373773593875811
6 32 1.4889412568795732
6 33 1.3434694918137557
6 34 1.4113470132360117
6 35 1.4924743709414001
6 36 1.1739885080257346
6 37 1.4234536845215893
6 38 1.40222072315996
6 39 0.8496304708239867
6 40 1.4019023510578015
6 41 1.191691200870155
6 42 1.3956254181267413
6 43 1.3613615299670492
6 44 1.4970113840065797
6 45 1.3550180544554011
6 46 0.790390868699447
6 47 1.3354414930527307
6 48 1.343577750568241
6 49 1.2652474931461872
6 50 1.4549357768961504
6 51 1.3840846017912196
6 52 1.3398313521564738
6 53 1.4173905733727625
6 54 1.1637048156844634
6 55 1.3329212808218687
6 56 1.2979306160160553
6 57 1.3930955466755188
6 58 1.1260551494379811
6 59 1.3447949996226807
6 60 1.4280387270293515
6 61 1.4025202470749711
6 62 1.192257058458312
6 63 1.4011819379998385
6 64 1.3775075584811531
6 65 1.2402426676536342
6 66 1.4142733165942543
6 67 1.403663620785882
6 68 0.8082890742337638
6 69 1.1539743983717752
6 70 1.4733725151616979
6 71 1.4294730051821278
6 72 1.4284473149637744
6 73 1.228191986915714
6 74 1.2296214244148622
7 8 0.7832074635222193
7 9 1.4256592020576322
7 10 1.3181947847389586
7 11 1.2978847500073951
7 12 1.3530233483889544
7 13 1.429280250641047
7 14 1.315079818488473
7 15 1.3210664906021738
7 16 1.2378728892139361
7 17 1.4037566595507052
7 18 1.2942465208822085
7 19 1.1811625450746843
7 20 1.33867286607857
7 21 1.3536563768337317
7 22 1.3052438125389214
7 23 1.240790769770354
7 24 1.2123945471261228
7 25 1.4649115369707577
7 26 1.3450435654478707
7 27 1.291674560469927
7 28 1.4125711679667745
7 29 1.3689824626281926
7 30 1.3585116345542092
7 31 1.2900318268246866
7 32 1.253529231780412
7 33 1.3871929146126212
7 34 1.2559424563145913
7 35 1.2824488987322493
7 36 1.2380169546523765
7 37 1.28368481454507
7 38 1.265757661307824
7 39 1.2906931648225652
7 40 1.4518536525698063
7 41 1.2359278939586673
7 42 1.2573770172523386
7 43 1.2614844630679356
7 44 1.633925570278657
7 45 1.266686713144645
7 46 1.2962046096286293
7 47 1.3208809216745667
7 48 1.3384586086575898
7 49 1.3184956663507124
7 50 1.345856482603348
7 51 1.3627966301536698
7 52 1.2628090141215302
7 53 1.333509513636715
7 54 1.4058453326473974
7 55 1.0952135552878248
7 56 1.360084036956436
7 57 1.2384104036239243
7 58 1.3834832881447436
7 59 1.376771206607444
7 60 1.3077035398889134
7 61 1.357117576363351
7 62 1.2753979709254863
7 63 1.3121695476802124
7 64 1.3083351250120112
7 65 1.2706181174137474
7 66 1.4398649634622975
7 67 1.2808059577733912
7 68 1.3084100745080345
7 69 1.3136734383647188
7 70 1.283525611665548
7 71 1.3330304839105358
7 72 1.2069265249247163
7 73 1.2685276966833556
7 74 1.3425423927601787
8 9 1.4741303560668333
8 10 1.4264895021595314
8 11 1.2360177121291118
8 12 1.3308042091829466
8 13 1.4500969639653307
8 14 1.3850708343055318
8 15 1.305842244031268
8 16 1.236165699734179
8 17 1.3886264762181548
8 18 1.3263071031264482
8 19 1.1850815106634445
8 20 1.2909630715614913
8 21 1.4632768495634472
8 22 1.3121675557492083
8 23 1.1939285336161947
8 24 1.2858490758458099
8 25 1.3477394159830711
8 26 1.2943252506547414
8 27 1.3394030072898075
8 28 1.4494100396592633
8 29 1.364568230141377
8 30 1.3584819500552152
8 31 1.3991628879441593
8 32 1.2615125052037772
8 33 1.4089019911692167
8 34 1.225109489931497
8 35 1.2436838322872754
8 36 1.2914926362240828
8 37 1.1964307302491881
8 38 1.2359052636174537
8 39 1.2549178515857735
8 40 1.3348288383837006
8 41 1.3617833123462162
8 42 1.1823815286254336
8 43 1.2740431493632642
8 44 1.5311302241599476
8 45 1.2347264554449677
8 46 1.3307572240293997
8 47 1.3393290247147265
8 48 1.2365364641535965
8 49 1.3686462122301866
8 50 1.3171438688212882
8 51 1.3431685699170337
8 52 1.1310066772159586
8 53 1.2622861431900836
8 54 1.43328422882111
8 55 1.1127542472537686
8 56 1.2713205017688074
8 57 1.1945076043187643
8 58 1.4129352085239915
8 59 1.295867652277831
8 60 1.3091944459058273
8 61 1.3557307662982112
8 62 1.3170301888879308
8 63 1.3743208845940253
8 64 1.2107936062764342
8 65 1.2223002616825094
8 66 1.4040330088091655
8 67 1.2846883948148933
8 68 1.3622208751472722
8 69 1.3618457718804013
8 70 1.3060553368278673
8 71 1.3267042395795834
8 72 1.0510345029146138
8 73 1.3043297730118824
8 74 1.3145802185403122
9 10 1.3624597994581509
9 11 1.3532899825082854
9 12 1.4330198092703896
9 13 1.250973096575372
9 14 1.2741872674252634
9 15 1.3664314437775626
9 16 1.4572174219917562
9 17 1.3748966124047954
9 18 1.3272207206439588
9 19 1.2021158690973759
9 20 1.4230987478496957
9 21 1.3274003199598443
9 22 1.2345043315770137
9 23 1.5148852722774633
9 24 1.384771677189358
9 25 1.3134366873148988
9 26 1.2711313464547602
9 27 1.248558357887603
9 28 1.2064512785937014
9 29 1.0907994521844142
9 30 1.3650732986213279
9 31 1.2668670311553551
9 32 1.4832663849424559
9 33 1.237654432982408
9 34 1.3387364372021746
9 35 1.369140459183367
9 36 1.1250894817806056
9 37 1.328860005305662
9 38 1.3863743262160297
9 39 1.2012185878390773
9 40 1.3393064357972715
9 41 1.1896431976696527
9 42 1.4324001529297552
9 43 1.3667031190574956
9 44 1.4010787580549375
9 45 1.3880511326873823
9 46 1.2160134240322624
9 47 1.2174200077816133
9 48 1.3590199538545573
9 49 1.13389531772297
9 50 1.4938609799971592
9 51 1.248510866046294
9 52 1.3626803176712823
9 53 1.3843960491574945
9 54 0.8146458709310012
9 55 1.4316944074727616
9 56 1.4078743777633387
9 57 1.4968767602963255
9 58 1.265922540315361
9 59 1.2232070223875615
9 60 1.347727513541547
9 61 1.376018497791737
9 62 1.2741459886172057
9 63 1.3051555941955635
9 64 1.4577918170570736
9 65 1.3322388738634097
9 66 1.153239804932135
9 67 1.4120871247057667
9 68 1.0851140194106497
9 69 1.283243110861218
9 70 1.3215108878003197
9 71 1.3802025829407196
9 72 1.535801297515789
9 73 1.2859585970004268
9 74 1.228441788136946
10 11 1.3357524193328172
10 12 1.2255586329798998
10 13 1.248617136096054
10 14 1.4404678521564422
10 15 1.3006061609079484
10 16 1.2950919155384144
10 17 1.4270560779294195
10 18 1.4712818697630214
10 19 1.3718571664600228
10 20 1.2065877691912945
10 21 1.4262152049307781
10 22 1.4380542946066053
10 23 1.249940911836849
10 24 1.4317017202547553
10 25 1.3206493448620893
10 26 1.325055102025988
10 27 1.3898460361956677
10 28 1.4269144030493177
10 29 1.4889692696665398
10 30 1.1785343564375428
10 31 1.4251618719589767
10 32 1.309083208242054
10 33 1.4164901882278498
10 34 1.2722034270727935
10 35 1.2544794240767971
10 36 1.3539197441819493
10 37 1.3086817149921584
10 38 1.305397967920258
10 39 1.4692895459931135
10 40 1.2975422636547822
10 41 1.2216157150936742
10 42 1.2849324189157945
10 43 1.1893457557754212
10 44 1.310879238179805
10 45 1.3420989873984226
10 46 1.4843118879896404
10 47 1.261772431275506
10 48 1.3121940936306367
10 49 1.1858041882502508
10 50 1.346964827414076
10 51 1.314172810941121
10 52 1.4091688386084333
10 53 1.3244984286269899
10 54 1.3069115194930534
10 55 1.4149034919489987
10 56 1.3794563369717106
10 57 1.261911343736709
10 58 1.467672426324252
10 59 1.2868527104323415
10 60 1.344998336204264
10 61 1.287171258347096
10 62 1.2163125326336897
10 63 1.4637364941764752
10 64 1.3622292807162575
10 65 1.3317968587859779
10 66 1.362261496625832
10 67 1.309211382574297
10 68 1.4790352779025464
10 69 1.3158615223019285
10 70 1.4340212066074978
10 71 1.3631320610112772
10 72 1.3768586452852496
10 73 1.2430709185307312
10 74 1.4307002921200715
11 12 1.0789002299051784
11 13 1.180594462061393
11 14 1.1918920552529377
11 15 1.034750659062116
11 16 1.1570269209450685
11 17 1.2231935212513734
11 18 1.140480411439467
11 19 1.153063745623313
11 20 1.145608657440196
11 21 1.3102262446056692
11 22 1.2914894427889014
11 23 1.2108558902502424
11 24 1.4200420454988338
11 25 1.2387464337725551
11 26 1.35401865527003
11 27 1.4269306423714576
11 28 1.3991122401146026
11 29 1.5310581399096717
11 30 1.0756022261233744
11 31 1.235593594572269
11 32 1.2726802892924334
11 33 1.2279686093826017
11 34 1.1071753160825337
11 35 1.0432822656743719
11 36 1.3689615028432094
11 37 0.9521720117306718
11 38 1.1859412062321955
11 39 1.40083386674146
11 40 1.1644070582303605
11 41 1.1018501696744056
11 42 1.1329529396663414
11 43 1.151430867186132
11 44 1.3613246484842458
11 45 1.154428854213311
11 46 1.3586457168609989
11 47 1.036566739222976
11 48 1.220454144284015
11 49 1.1800604680981739
11 50 1.1370773566090733
11 51 1.2155223599764573
11 52 1.1556123191010832
11 53 1.243414018411632
11 54 1.349115577088464
11 55 1.2516190643643015
11 56 1.366694222155952
11 57 1.2679463849640513
11 58 1.2921933535865775
11 59 1.2155904287317756
11 60 1.2724926238944552
11 61 1.194527550309444
11 62 1.1330208101516708
11 63 1.2753098443861797
11 64 1.1002092275586954
11 65 1.389871296491048
11 66 1.2216849928265054
11 67 1.2081687411041493
11 68 1.489670667861849
11 69 1.0677722128798288
11 70 1.204505578399858
11 71 1.3591137679667575
11 72 1.3003499930609697
11 73 1.303601499184829
11 74 1.3174858305009913
12 13 1.1789986481855965
12 14 1.2085236039704175
12 15 1.2017702764708145
12 16 0.8760934291439473
12 17 1.2180276305495974
12 18 1.0908666615477043
12 19 1.1659542182168499
12 20 0.5113720595399022
12 21 1.2914338859532366
12 22 1.3549402394815462
12 23 1.0733950654089126
12 24 1.376357236941313
12 25 1.2532066859523543
12 26 1.4546905181023615
12 27 1.4251511984259195
12 28 1.5004528356387195
12 29 1.444980836037544
12 30 0.4884052786559434
12 31 1.255703272065294
12 32 1.2715568210916919
12 33 1.2776498262947253
12 34 0.9568609126705044
12 35 1.0775243033927657
12 36 1.4392756059181369
12 37 0.9968491814181623
12 38 1.1704870201298299
12 39 1.526715986233175
12 40 1.1107180077275574
12 41 1.1028078667155146
12 42 1.0514224051169079
12 43 1.1123051701916273
12 44 1.2269087689312712
12 45 1.1379680285828542
12 46 1.5316816956105859
12 47 1.1564363548929
12 48 1.3473177090260227
12 49 1.2127258056166745
12 50 1.1943096379179685
12 51 1.1980829787234037
12 52 1.2602963626816086
12 53 1.330312207519668
12 54 1.4375056730708944
12 55 1.3016201601158424
12 56 1.3944754404828763
12 57 1.3398450130128698
12 58 1.471084116815702
12 59 1.1918699982753047
12 60 1.2564553331712192
12 61 1.2974464019220122
12 62 1.256475669132846
12 63 1.2148758131668036
12 64 1.138240078077784
12 65 1.3506831527754655
12 66 1.2163154861879324
12 67 1.0341718387864673
12 68 1.5555474617934155
12 69 1.31683791438823
12 70 1.2006865235935837
12 71 1.4679266113168496
12 72 1.3459360565298542
12 73 1.204202217584131
12 74 1.230385694587796
13 14 1.4264077173586682
13 15 1.214812934264169
13 16 1.3082264069373875
13 17 1.3443326539215334
13 18 1.4118833455143607
13 19 1.2474630529414208
13 20 1.2357544341317568
13 21 1.3780151501828044
13 22 1.389504626390723
13 23 1.2847079819979172
13 24 1.4485651022020756
13 25 1.0225882010127676
13 26 1.1949239228493778
13 27 1.2508124476287033
13 28 1.413826477228101
13 29 1.377195465312634
13 30 1.1998313041138386
13 31 1.3677940599974603
13 32 1.4627540983827976
13 33 1.347901237059146
13 34 1.1605361317059468
13 35 1.3775155029349522
13 36 1.2320868142043409
13 37 1.3325281033986835
13 38 1.3085804290583833
13 39 1.4790835873480326
13 40 1.041907213605941
13 41 1.3127684175177088
13 42 1.2532271877201027
13 43 1.2614635540863317
13 44 1.2466544369236974
13 45 1.3190820681475097
13 46 1.4048398323060876
13 47 0.951636730639795
13 48 1.324341325563392
13 49 1.1523440829886513
13 50 1.242589249814318
13 51 1.1932153436081088
13 52 1.2349323329235313
13 53 1.2934941976536172
13 54 1.269102772603843
13 55 1.383151227788333
13 56 1.3678536669319796
13 57 1.375837929649304
13 58 1.34012494969744
13 59 1.3520007849770086
13 60 1.1742590559264696
13 61 1.2904867797281139
13 62 1.1914884498316787
13 63 1.4204207693078086
13 64 1.1440695329041832
13 65 1.3034351093008285
13 66 0.9411034393447382
13 67 1.3150395794532013
13 68 1.3200088452803496
13 69 1.2126700041248073
13 70 1.4113397036281852
13 71 1.3089154274460597
13 72 1.4323771184622571
13 73 1.3192272029929717
13 74 1.3490917909656808
14 15 1.3271506342642283
14 16 1.289104787479477
14 17 1.3568408945661712
14 18 0.8531163546902049
14 19 1.2406797394597537
14 20 1.1682732945058425
14 21 0.920304583089545
14 22 1.1992726612264777
14 23 1.2184753877767325
14 24 1.2792426144774673
14 25 1.4508990079083643
14 26 1.4892996953636946
14 27 1.4047769373351326
14 28 1.418216147073391
14 29 1.3815410623464814
14 30 1.1923392973258955
14 31 0.8755522145299987
14 32 1.2989290389938695
14 33 1.2774243230831948
14 34 1.154412663005304
14 35 1.171390222796037
14 36 1.3655249788294972
14 37 1.1836730656938115
14 38 1.2605744619105559
14 39 1.2909469621780698
14 40 1.4196601138759584
14 41 1.2454411212299101
14 42 1.2259188875160762
14 43 1.2949566150149288
14 44 1.3696523382134473
14 45 1.2950718366802716
14 46 1.3155386721298075
14 47 1.3453492480768667
14 48 1.3853222680942887
14 49 1.4248604424267106
14 50 1.254748714907463
14 51 1.3003434096140813
14 52 1.3659805432343
14 53 1.4308370855730899
14 54 1.310890584392385
14 55 1.3362634937609577
14 56 1.3824543027715588
14 57 1.347928188812837
14 58 1.3209974128717357
14 59 1.3947766186659407
14 60 1.4388975824257422
14 61 1.3722961444199975
14 62 1.3265685450908966
14 63 0.8176011430075331
14 64 1.3104046431494352
14 65 1.4686955603678438
14 66 1.3542661856719322
14 67 1.409820526541265
14 68 1.3667982802237992
14 69 1.3558338437140833
14 70 1.1394610658788555
14 71 1.330486533442298
14 72 1.30695006448252
14 73 1.3778655883929538
14 74 1.2338651363505262
15 16 1.2703557749359178
15 17 1.3259188702014388
15 18 1.323766541311447
15 19 1.3046133170432206
15 20 1.2224990521306562
15 21 1.3223805708641536
15 22 1.3131131053255511
15 23 1.2924425184580661
15 24 1.387234748954717
15 25 1.331221556468355
15 26 1.348708494864357
15 27 1.3552775401008679
15 28 1.3703927095078838
15 29 1.5778563906241876
15 30 1.17937219128824
15 31 1.3167408049251814
15 32 1.3636090441795448
15 33 1.3190150428288716
15 34 1.1328415692854135
15 35 1.277350677624082
15 36 1.3557146312636996
15 37 1.1686265511946095
15 38 1.3363359183433665
15 39 1.427942975217202
15 40 1.2861861295642707
15 41 1.155054110156467
15 42 1.1677078708480297
15 43 1.2676878707084112
15 44 1.3603453222214672
15 45 1.347939091756764
15 46 1.4195726801654605
15 47 1.1214824977151758
15 48 1.3321373005602728
15 49 1.256263300116442
15 50 1.3051066662221353
15 51 1.1951007363267403
15 52 1.240480251466081
15 53 1.3475091106073465
15 54 1.4084390169439833
15 55 1.2795131783309048
15 56 1.4344215409526795
15 57 1.3566774187635962
15 58 1.336832090056304
15 59 1.2499761629975883
15 60 1.1710192271990418
15 61 1.2910464811983493
15 62 1.2926181356501245
15 63 1.3235290002581441
15 64 1.1280159658732323
15 65 1.2054898901965556
15 66 1.281867033551277
15 67 1.2008933355106295
15 68 1.419086453907648
15 69 1.2679758640930758
15 70 1.4191013234442205
15 71 1.3069036842504536
15 72 1.340360269427929
15 73 1.2838856123909037
15 74 1.5362613760445856
16 17 1.246399593053741
16 18 1.1839680716741856
16 19 1.1454312040169767
16 20 0.7969507351013204
16 21 1.3648978265110059
16 22 1.328624851652392
16 23 1.0969499848982494
16 24 1.3550757079979716
16 25 1.2911896461081445
16 26 1.3602206232178886
16 27 1.3624534173428167
16 28 1.4042573382171655
16 29 1.3261212404848264
16 30 0.8362609505570047
16 31 1.27459068737625
16 32 1.2212200570588223
16 33 1.3607199709198083
16 34 1.0620375263117505
16 35 1.1233667599150394
16 36 1.4399080908166206
16 37 0.9745275187674717
16 38 1.1318014990661194
16 39 1.4870674421520955
16 40 1.1784573995849175
16 41 1.2611034915725754
16 42 1.0431052529762448
16 43 1.1227370629117872
16 44 1.314622625220992
16 45 1.1821789946450945
16 46 1.53490042426174
16 47 1.1640019440880458
16 48 1.2894259020534418
16 49 1.2841315487781253
16 50 1.234677448886887
16 51 1.2050869621296567
16 52 1.2711338915282642
16 53 1.3633083624665103
16 54 1.4170577731127807
16 55 1.2067172193427815
16 56 1.4171222295288126
16 57 1.239842814067609
16 58 1.4276538887827466
16 59 1.2270229351446118
16 60 1.2323344369672338
16 61 1.2104981151748921
16 62 1.2602067176355378
16 63 1.2298298145969129
16 64 1.1383888640608626
16 65 1.4329999459493779
16 66 1.399573776465769
16 67 0.8610919157787587
16 68 1.5795303567866104
16 69 1.1615234676723492
16 70 1.1727130341670415
16 71 1.4089776311740498
16 72 1.3197526250624805
16 73 1.2769331243799114
16 74 1.1316102815707287
17 18 1.2405668398343388
17 19 1.3628102101578188
17 20 1.2375148519540138
17 21 1.459692830103036
17 22 1.2179064065928882
17 23 1.2048435277840475
17 24 1.285784321843645
17 25 1.3131859292407404
17 26 1.361661053204877
17 27 1.4521051694706828
17 28 1.4274893002171274
17 29 1.385756480690001
17 30 1.1935123103885543
17 31 1.3820939841961388
17 32 1.403379118502209
17 33 1.3388270289748716
17 34 1.3016427675913174
17 35 1.2959670095957476
17 36 1.4342032364195123
17 37 1.1988138580098884
17 38 1.2486334297236612
17 39 1.3945607611729247
17 40 1.3061504830190533
17 41 1.2368282269607787
17 42 1.2367951049202484
17 43 1.3953316915356824
17 44 1.3692374495491202
17 45 1.3127949447718321
17 46 1.3394275196040892
17 47 1.2580615120866585
17 48 1.3914408214221057
17 49 1.2632389962293753
17 50 1.25885311156036
17 51 1.4314620701329235
17 52 1.3394750105021522
17 53 1.2932430558136114
17 54 1.38184761881157
17 55 1.3767910345143288
17 56 1.3954871996601372
17 57 1.3665194986303175
17 58 1.3311827122305113
17 59 1.2785523194746968
17 60 1.276686377403153
17 61 1.2965562617873367
17 62 1.3591181243865065
17 63 1.3424413247129492
17 64 1.3395435631529067
17 65 1.3714951838514797
17 66 1.2737579234860346
17 67 1.2456538857972295
17 68 1.3994005363476705
17 69 1.3171274856475246
17 70 1.3758014218573351
17 71 1.4504472245603461
17 72 1.4364247197438493
17 73 1.3074882189082895
17 74 1.3516141137739237
18 19 1.2505046460742633
18 20 1.1170708726211278
18 21 1.1084074028930475
18 22 1.2094047935454877
18 23 1.1710461200764348
18 24 1.2537249002982023
18 25 1.4494998978236782
18 26 1.4749294978536152
18 27 1.4428004862013368
18 28 1.4050036971869129
18 29 1.3702471831161338
18 30 1.1544914956974335
18 31 0.9216040588231226
18 32 1.3231256242657485
18 33 1.298541889113087
18 34 1.1859897243868334
18 35 1.1892781714656029
18 36 1.424133606354102
18 37 1.1692122706069583
18 38 1.2149388934125844
18 39 1.3591846483536927
18 40 1.369194653419792
18 41 1.255586864125142
18 42 1.2200192424468363
18 43 1.3203642404590714
18 44 1.3554168567368223
18 45 1.2536233217002828
18 46 1.3749591204984761
18 47 1.3663504524431935
18 48 1.4162202712654957
18 49 1.437076472088147
18 50 1.1468599323746778
18 51 1.3096951201351597
18 52 1.253111171915759
18 53 1.4054272678589976
18 54 1.434698548230241
18 55 1.370913897534704
18 56 1.40782184121075
18 57 1.3467524755510507
18 58 1.3426985020760176
18 59 1.3418238630171113
18 60 1.3630421476634191
18 61 1.2521895970452475
18 62 1.3072921459351103
18 63 0.7669441439797272
18 64 1.3083306301750879
18 65 1.4517913560097042
18 66 1.404757445278078
18 67 1.3132690686702988
18 68 1.4415780033102887
18 69 1.3728855067738348
18 70 1.2731304098850942
18 71 1.3808774131644967
18 72 1.3268657108964044
18 73 1.3741965559340865
18 74 1.2435402374055193
19 20 1.135105690500892
19 21 1.3281158289339585
19 22 1.2138911040217322
19 23 1.2582996482000448
19 24 1.2835261110795073
19 25 1.2190597315435017
19 26 1.261616398743888
19 27 1.1107884257548495
19 28 1.2712194748743229
19 29 1.2068079282101665
19 30 1.1842409332048502
19 31 1.283079192587324
19 32 1.356457122265655
19 33 1.2320120481097812
19 34 1.1330442702035934
19 35 1.2187766361563672
19 36 1.1318709105981288
19 37 1.129010067605019
19 38 1.2559639378610543
19 39 1.2782766575501123
19 40 1.139620004577948
19 41 1.1070541596132326
19 42 1.218098929628016
19 43 1.2107645502001192
19 44 1.38974644299565
19 45 1.2139803574951806
19 46 1.2103386506930776
19 47 1.1611292155284116
19 48 1.2674072120471096
19 49 1.26959403397794
19 50 1.376933116137408
19 51 1.2280201509360362
19 52 1.1744557919524095
19 53 1.266677981049869
19 54 1.196709507588629
19 55 1.301697171144585
19 56 1.4410109981418142
19 57 1.4642290381639533
19 58 1.2890077784253082
19 59 1.1853399872680266
19 60 1.326194453612505
19 61 1.2437567525820679
19 62 1.1815291395742211
19 63 1.3130948644824298
19 64 1.251401944564714
19 65 1.2738574049177154
19 66 1.2796614319788457
19 67 1.229582313870222
19 68 1.285321099910879
19 69 1.124385768822841
19 70 1.2297984050329187
19 71 1.3914094096319511
19 72 1.3030700685056733
19 73 1.1640551852263339
19 74 0.996137545681668
20 21 1.3101222591955293
20 22 1.346003597917895
20 23 1.003616026293975
20 24 1.4030570653605519
20 25 1.237449765881979
20 26 1.4589187309255
20 27 1.4423357987942809
20 28 1.5396848460110129
20 29 1.414630498826821
20 30 0.6124657715726266
20 31 1.2338217702789365
20 32 1.2380489310357652
20 33 1.3617120813420105
20 34 0.904452036050159
20 35 0.9950280325054822
20 36 1.453244420506798
20 37 0.9492531210851368
20 38 1.1812706753192512
20 39 1.579031618634369
20 40 1.1692987709702667
20 41 1.1758504679656336
20 42 0.9996441584092534
20 43 1.130904316416826
20 44 1.2801610553243292
20 45 1.204530769283713
20 46 1.5921207186289221
20 47 1.1847952164773519
20 48 1.3263007525727082
20 49 1.2472940412137332
20 50 1.217787252806841
20 51 1.188551062836463
20 52 1.2678938261058192
20 53 1.295985564027559
20 54 1.429756528604913
20 55 1.28528522837535
20 56 1.4237211248917485
20 57 1.2899196187975825
20 58 1.4617004694344824
20 59 1.2599379117335152
20 60 1.2797710261074355
20 61 1.2480163498983208
20 62 1.2629021943028005
20 63 1.1733521451318214
20 64 1.139841670680637
20 65 1.3730773618495384
20 66 1.2243602904036779
20 67 1.0409617704849894
20 68 1.6075696674126887
20 69 1.3082892690513468
20 70 1.1655285734824534
20 71 1.4091904408464138
20 72 1.303116634441258
20 73 1.2209933730762894
20 74 1.201229949826498
21 22 1.197042785454477
21 23 1.393335724218064
21 24 1.2564356724424668
21 25 1.4307602477486143
21 26 1.4782206379482346
21 27 1.3679193724857646
21 28 1.410105278895061
21 29 1.3994053486235927
21 30 1.298096589363658
21 31 0.8509550824901027
21 32 1.346992394642777
21 33 1.33852680947941
21 34 1.2757753935068934
21 35 1.3265514012350386
21 36 1.3771871275977596
21 37 1.2756050490311508
21 38 1.3525198851783438
21 39 1.3538257098980415
21 40 1.4443779980638272
21 41 1.3218444919121857
21 42 1.3832194480372542
21 43 1.3737560675788985
21 44 1.3746276752525501
21 45 1.3546626337390815
21 46 1.3590464660703985
21 47 1.328468433111217
21 48 1.3740656700230631
21 49 1.4513164810452297
21 50 1.3749284903004289
21 51 1.377813611385879
21 52 1.3400515104519304
21 53 1.632511228103215
21 54 1.4267494221803965
21 55 1.3767746342643665
21 56 1.4077416361970079
21 57 1.3919024979140948
21 58 1.297665133582389
21 59 1.4071498292396263
21 60 1.3989437704250611
21 61 1.2982099798945517
21 62 1.481273975561154
21 63 1.0542895607540599
21 64 1.3954315533320996
21 65 1.5106514718190025
21 66 1.3834863769114811
21 67 1.393061725514497
21 68 1.3801992433714292
21 69 1.3890776891329064
21 70 1.2749191066676309
21 71 1.3113663129032218
21 72 1.3563932311691482
21 73 1.435533544717212
21 74 1.3382204969152725
22 23 1.2895077973213298
22 24 0.9902210148786205
22 25 1.3825003937215654
22 26 1.3198950886873788
22 27 1.3683150633521812
22 28 1.2001719074185178
22 29 1.2154410523769295
22 30 1.3862375850932445
22 31 1.2112669783252878
22 32 1.3319767416660866
22 33 1.2397779701404938
22 34 1.2250078170036725
22 35 1.3081963307440634
22 36 1.262195327723212
22 37 1.2706381456979225
22 38 1.26401530453222
22 39 1.1911976550509917
22 40 1.4495176483916288
22 41 1.2596061660358062
22 42 1.266263874969975
22 43 1.3721458332197796
22 44 1.4391928455533007
22 45 1.2288516977569555
22 46 1.2498917393927862
22 47 1.250307955539411
22 48 1.3980449520228635
22 49 1.268301725977641
22 50 1.3836795461431952
22 51 1.3561402473716306
22 52 1.306529575474545
22 53 1.4830516812229706
22 54 1.3277133526899692
22 55 1.2941321001804686
22 56 1.3784584709534184
22 57 1.2633014684976118
22 58 1.0882370389039728
22 59 1.2238583763183926
22 60 1.2832514922474163
22 61 1.2544397438312667
22 62 1.4713751828345396
22 63 1.2615213990055663
22 64 1.333636448878934
22 65 1.3080093029491273
22 66 1.3487053912030225
22 67 1.2645951960298714
22 68 1.2270404785830589
22 69 1.2581427309016653
22 70 1.3920516395455709
22 71 1.3178922416886611
22 72 1.348835095021552
22 73 1.4119338478297778
22 74 1.3387414069249202
23 24 1.3683234406797988
23 25 1.3252860485662918
23 26 1.3809533179153184
23 27 1.3952696241486495
23 28 1.5209828933677678
23 29 1.4240522382290515
23 30 1.1197250878111276
23 31 1.3011798486173143
23 32 1.1852925227120363
23 33 1.434661583083886
23 34 1.0646603336557416
23 35 1.1442252083183522
23 36 1.4252827035198241
23 37 1.116250636118834
23 38 1.181533649047252
23 39 1.4002923882950835
23 40 1.359156661510274
23 41 1.2647159320889179
23 42 0.7375928503608806
23 43 1.31768660771523
23 44 1.319307521519861
23 45 1.2014521986466824
23 46 1.3983411610303245
23 47 1.3217731533304062
23 48 1.2760559819567097
23 49 1.3395499401011313
23 50 1.2137443482524188
23 51 1.2511839104925564
23 52 1.3095657485679986
23 53 1.2490715053194728
23 54 1.4613788125430218
23 55 1.2668228562484374
23 56 1.328415294321827
23 57 1.153970478265204
23 58 1.42319974860047
23 59 1.4064663384833807
23 60 1.2885551559126907
23 61 1.226032500696032
23 62 1.2089904665589915
23 63 1.2129307658702768
23 64 1.0882766107733635
23 65 1.351957181145035
23 66 1.3456056305409791
23 67 1.2398975711757327
23 68 1.5198639770000417
23 69 1.3238390383984648
23 70 1.3881114358549598
23 71 1.2742935210981456
23 72 1.1513466480980785
23 73 1.3157231497224584
23 74 1.3594635729292184
24 25 1.5013606608922878
24 26 1.4210773350128025
24 27 1.3702201365541509
24 28 1.284251269660564
24 29 1.2888532877460366
24 30 1.439745897825855
24 31 1.2234605392670201
24 32 1.3895817505306851
24 33 1.4207507897356242
24 34 1.277416962682345
24 35 1.3592169795147375
24 36 1.3628572569162902
24 37 1.35166645514111
24 38 1.3283013840017084
24 39 1.225226601646992
24 40 1.4551724425641526
24 41 1.3238838649434004
24 42 1.386902083193007
24 43 1.354050603510473
24 44 1.4305794116229298
24 45 1.3298115085508018
24 46 1.2346166753391135
24 47 1.4241786986071598
24 48 1.4600380045061883
24 49 1.3949199586643128
24 50 1.385191010324956
24 51 1.4858833848134987
24 52 1.3771460410423102
24 53 1.4602262547314888
24 54 1.414905072282216
24 55 1.2286541353345126
24 56 1.4242187850860624
24 57 1.1957586063105672
24 58 1.2493132576893107
24 59 1.3706628879959142
24 60 1.333956953852484
24 61 1.2530614815119767
24 62 1.4663081524268238
24 63 1.3399568993026814
24 64 1.373005739047674
24 65 1.3658827661198176
24 66 1.4765935061822788
24 67 1.263868468930879
24 68 1.2917608053631353
24 69 1.3229996348706632
24 70 1.4476505242604134
24 71 1.361065988861465
24 72 1.3199337271501035
24 73 1.3742843798258184
24 74 1.320481861930776
25 26 0.9497212623762528
25 27 1.311026931143428
25 28 1.3348074962561849
25 29 1.3243529669858103
25 30 1.2513507925798533
25 31 1.4562364368170109
25 32 1.3934218591417882
25 33 1.2903928668995253
25 34 1.2320559556624517
25 35 1.3007822438491539
25 36 1.3433011744963572
25 37 1.2453719689081528
25 38 1.2900249706715365
25 39 1.5296348932714174
25 40 0.9151456489445186
25 41 1.354122353239122
25 42 1.3111292871599725
25 43 1.2740722560870072
25 44 1.2004133021592793
25 45 1.342130128870247
25 46 1.4715718056566203
25 47 1.0248530007477454
25 48 1.2752954652045116
25 49 1.234816105243222
25 50 1.3151562426067973
25 51 1.2744230608133371
25 52 1.1646075025283897
25 53 1.1693823112400077
25 54 1.300966197608501
25 55 1.4105142609060075
25 56 1.3830320985342552
25 57 1.3804861855334087
25 58 1.2901810265776692
25 59 1.2586068030890232
25 60 1.309708004716867
25 61 1.3118144145358972
25 62 1.3183729638882982
25 63 1.4328297161750954
25 64 1.260974176646628
25 65 1.370653928124481
25 66 1.013557916582562
25 67 1.2368904583990994
25 68 1.4392381235814002
25 69 1.3803144975912651
25 70 1.3766085202555085
25 71 1.4223387294174856
25 72 1.3682043030139721
25 73 1.3416926486639553
25 74 1.2812846942547598
26 27 1.151161066219646
26 28 1.2805108722783838
26 29 1.3081979449330583
26 30 1.419352706979822
26 31 1.5022659881613436
26 32 1.351237091328655
26 33 1.3099694436160887
26 34 1.373818138172838
26 35 1.4248449147218034
26 36 1.2216262923343073
26 37 1.3745341892719731
26 38 1.341143754641726
26 39 1.4015945835860546
26 40 1.2399356195785092
26 41 1.3641859023168026
26 42 1.3154615099953004
26 43 1.3046137209635886
26 44 1.3290044920189672
26 45 1.4106424751843678
26 46 1.3704747148784087
26 47 1.148135540541957
26 48 1.2994335208067616
26 49 1.1765310635648365
26 50 1.3739390927600321
26 51 1.3361772058208043
26 52 1.2652218586100799
26 53 1.1856136842482683
26 54 1.332637992213385
26 55 1.3470353495092597
26 56 1.3536075667187468
26 57 1.3363676637702766
26 58 1.1893077717831328
26 59 1.3009562570586437
26 60 1.3434181677389376
26 61 1.3914733459571282
26 62 1.2361015525650878
26 63 1.4486144537127243
26 64 1.3582712681154943
26 65 1.2766909319465496
26 66 1.18160309188849
26 67 1.3348998514562542
26 68 1.332144724525979
26 69 1.436025534501569
26 70 1.4357024390130961
26 71 1.3925745418775526
26 72 1.4110982826756993
26 73 1.1624734768631069
26 74 1.2983813755699671
27 28 1.2605248652819863
27 29 1.2471701276248461
27 30 1.3847962089173178
27 31 1.417648449916712
27 32 1.3999183630712897
27 33 1.4435155780202973
27 34 1.3791976294534112
27 35 1.5492898340482397
27 36 1.0447701143143675
27 37 1.4827114650770201
27 38 1.3696285249121336
27 39 1.4038301344208022
27 40 1.2080476787877503
27 41 1.3378924886194914
27 42 1.3871227374803228
27 43 1.2607148086087103
27 44 1.4470673358803154
27 45 1.4096652409933284
27 46 1.3317601338111968
27 47 1.268829412501386
27 48 1.3582335229413902
27 49 1.3833937262780687
27 50 1.4357903616328216
27 51 1.40691246170012
27 52 1.3160668148739487
27 53 1.383488109085277
27 54 1.3117187569638926
27 55 1.3634385320384486
27 56 1.3730457246062802
27 57 1.4131990581327012
27 58 1.4559861440075137
27 59 1.4168839936694981
27 60 1.316376718102372
27 61 1.3561451359144177
27 62 1.3202474022941344
27 63 1.361675855961897
27 64 1.3992146698092243
27 65 1.2971038449043144
27 66 1.281841548907064
27 67 1.3603374745036931
27 68 1.333426328844088
27 69 1.3530080838330414
27 70 1.4673068403937186
27 71 1.393756940133518
27 72 1.4066242387894705
27 73 1.3410576219038441
27 74 1.2925547822182337
28 29 1.2200187582177016
28 30 1.45457572195541
28 31 1.3954826689362465
28 32 1.4195417614477717
28 33 1.3360099294425336
28 34 1.5043547143449914
28 35 1.4837847103415593
28 36 1.3027182801032067
28 37 1.382937509837363
28 38 1.3685272514356963
28 39 1.262421642996554
28 40 1.3358983437631886
28 41 1.2134420397827952
28 42 1.4110039413986843
28 43 1.3695691781776385
28 44 1.4583903559425986
28 45 1.3739138671302715
28 46 1.185719725531391
28 47 1.365166587542626
28 48 1.380804786433207
28 49 1.3365666921604757
28 50 1.3645648434491888
28 51 1.25692194960222
28 52 1.4690902675188813
28 53 1.4239468056051785
28 54 1.2530511323702236
28 55 1.4344945163264442
28 56 1.3866356090023861
28 57 1.4054938500652157
28 58 1.0873833205170989
28 59 1.2743765581220594
28 60 1.3843035048116314
28 61 1.3548500167087778
28 62 1.4142086275505747
28 63 1.3499993780689512
28 64 1.399097294236275
28 65 1.37888250206371
28 66 1.393001474049443
28 67 1.3559180434900686
28 68 1.1740455749076943
28 69 1.3404000266341647
28 70 1.4721681915244853
28 71 1.3461091899758268
28 72 1.4607167875144609
28 73 1.3844938238980495
28 74 1.3167060118837364
29 30 1.438107378004505
29 31 1.3591966615971682
29 32 1.4704377286496675
29 33 1.2342487965448252
29 34 1.3506045330536147
29 35 1.4339136834779704
29 36 1.1196688308006701
29 37 1.3825961521146175
29 38 1.3352893162455555
29 39 1.2124176721024233
29 40 1.3334428216545458
29 41 1.3855713875995561
29 42 1.426906299880619
29 43 1.3885085476953793
29 44 1.4245304630007263
29 45 1.413072965654531
29 46 1.229305793983808
29 47 1.3232876079772171
29 48 1.3159587610440646
29 49 1.3733387693290684
29 50 1.4796732747718342
29 51 1.3085423088283628
29 52 1.3267011448918509
29 53 1.4818150164273132
29 54 1.0894608338272185
29 55 1.4675343245471983
29 56 1.3560870096796886
29 57 1.5081677030244889
29 58 1.363169384430587
29 59 1.3139730359262993
29 60 1.3391941062932253
29 61 1.336807923973948
29 62 1.3828841091463786
29 63 1.374052986433658
29 64 1.4153586783432
29 65 1.3571800973257908
29 66 1.2883289343720683
29 67 1.3550673812894833
29 68 1.128092616141241
29 69 1.309526064250424
29 70 1.4013481527594753
29 71 1.408595041548211
29 72 1.4933757912732417
29 73 1.3837420531946216
29 74 1.1373653618787412
30 31 1.2708202045954708
30 32 1.2481154790786249
30 33 1.2877754283465401
30 34 0.997082903004855
30 35 1.0843117392633765
30 36 1.3755778724807004
30 37 0.9622967750273439
30 38 1.1127837790414548
30 39 1.5348467443909373
30 40 1.126412995580867
30 41 1.0233640707970728
30 42 1.0241542155965735
30 43 1.099197810072295
30 44 1.250717151327008
30 45 1.1264113708336692
30 46 1.5451007328999848
30 47 1.1262196939506843
30 48 1.363479344423058
30 49 1.2244435530529698
30 50 1.1945041130105307
30 51 1.1763383909653842
30 52 1.2749334635958605
30 53 1.366918803358895
30 54 1.3568635382544592
30 55 1.2706389340763153
30 56 1.4308475270489118
30 57 1.3108522908973177
30 58 1.4669016548679892
30 59 1.235277513820319
30 60 1.2843741261459058
30 61 1.307603854872192
30 62 1.2425803782415115
30 63 1.2097173319396777
30 64 1.1679981183387707
30 65 1.358988017601525
30 66 1.2154978436481005
30 67 1.0331674673985534
30 68 1.551146174440972
30 69 1.2916148899153597
30 70 1.1566898164716002
30 71 1.4677938162838173
30 72 1.3602993777142012
30 73 1.2196093971445356
30 74 1.1948969744367461
31 32 1.3737139297544312
31 33 1.2820419856565461
31 34 1.2699879900750317
31 35 1.254628817761081
31 36 1.3871594045311866
31 37 1.222669545485344
31 38 1.2393251492799133
31 39 1.3260932686504985
31 40 1.3800084623453803
31 41 1.2784927396210022
31 42 1.2930894917057798
31 43 1.3089456406686224
31 44 1.4223123647732039
31 45 1.3305052655439167
31 46 1.3388409415585574
31 47 1.3569693481946614
31 48 1.4387183350762112
31 49 1.4514787826898017
31 50 1.1968699999841395
31 51 1.3226262054986506
31 52 1.2621775766131837
31 53 1.4706804727614797
31 54 1.3799268930421253
31 55 1.400791347621376
31 56 1.462073214342441
31 57 1.3443306133687387
31 58 1.3313337503786693
31 59 1.407111624646481
31 60 1.4263002743031072
31 61 1.1886111303287303
31 62 1.2542658744909716
31 63 0.839827763276665
31 64 1.2773548274199047
31 65 1.4968430715110526
31 66 1.4411323150742026
31 67 1.370030582210958
31 68 1.3749126517654051
31 69 1.2842065864512575
31 70 1.2235692749634879
31 71 1.3364142613231422
31 72 1.4033208781494089
31 73 1.452376382833189
31 74 1.2737597927225681
32 33 1.4605304432263744
32 34 1.1946324224816833
32 35 1.22218528447626
32 36 1.3703092192050346
32 37 1.1685219342230224
32 38 1.2632851308231272
32 39 1.4361836811414712
32 40 1.4098553918789347
32 41 1.3344793564002713
32 42 1.1238703849169263
32 43 1.3127214579241464
32 44 1.4582931749512718
32 45 1.2272753488078019
32 46 1.4711637507100652
32 47 1.4168688105452132
32 48 1.4730542759877676
32 49 1.4398533387060781
32 50 1.3269542871472433
32 51 1.3429309749045788
32 52 1.4233320491437413
32 53 1.3618640105929203
32 54 1.5093245226137413
32 55 1.0914207419225588
32 56 1.2657787400271494
32 57 1.1131863124528423
32 58 1.4103983971948713
32 59 1.4572383709255436
32 60 1.461366845300277
32 61 1.3228879437936738
32 62 1.3186534538334007
32 63 1.2479460185636735
32 64 1.260280020030611
32 65 1.4417950562555988
32 66 1.499623086940577
32 67 1.2518538017662708
32 68 1.5415762337321592
32 69 1.3548364007533038
32 70 1.281964034234967
32 71 1.4027753295239038
32 72 1.1445494763184156
32 73 1.2994009137383988
32 74 1.358113713923966
33 34 1.3469569570600826
33 35 1.296901487399375
33 36 1.1625435582304235
33 37 1.2381353875583492
33 38 1.4073493453903452
33 39 1.2316957313916141
33 40 1.3099427173094778
33 41 1.1391117721989819
33 42 1.356580867169786
33 43 1.3886370823492595
33 44 1.3361327287851852
33 45 1.291900638534517
33 46 1.2413692890098043
33 47 1.1543698130413442
33 48 1.3756862138905492
33 49 1.2539646379977731
33 50 1.3129003776103605
33 51 1.3596759456945757
33 52 1.282489723759374
33 53 1.3593832351748212
33 54 1.234341603063534
33 55 1.4038075594830643
33 56 1.3532198048616546
33 57 1.4298950364778358
33 58 1.326092155406062
33 59 1.3191674578986263
33 60 1.411287031714045
33 61 1.3828272374908537
33 62 1.2559965986103356
33 63 1.3370603215229626
33 64 1.3131417523402318
33 65 1.3201134964439998
33 66 1.303933982823527
33 67 1.3258598052730681
33 68 1.2233842630006013
33 69 1.270509858538491
33 70 1.2968535884086756
33 71 1.4030019309972142
33 72 1.4303694935161404
33 73 1.3921909049690533
33 74 1.2390937080627917
34 35 1.0726748227507081
34 36 1.3287051062507482
34 37 1.0177226235539336
34 38 1.094022984337363
34 39 1.4504348418130768
34 40 1.1610343272682537
34 41 1.2145652785382526
34 42 0.9711243014706566
34 43 1.1917370317474723
34 44 1.2834277041021416
34 45 1.188925112392836
34 46 1.486957640257058
34 47 1.0880425868080106
34 48 1.267215024291184
34 49 1.2398203045508633
34 50 1.287900946996936
34 51 1.1492897460747304
34 52 1.2380213623512673
34 53 1.3591579714690538
34 54 1.2913926234669173
34 55 1.2225001930592303
34 56 1.3095125554921603
34 57 1.2964040623673243
34 58 1.344188696111706
34 59 1.3052322751178498
34 60 1.2844342012264758
34 61 1.2589799631249792
34 62 1.2841947266919607
34 63 1.2700005514351391
34 64 1.0173205046809977
34 65 1.3136951056462112
34 66 1.211109409572214
34 67 1.136312231281218
34 68 1.4368854607017985
34 69 1.2829959815526188
34 70 1.22602708144751
34 71 1.2568046245958473
34 72 1.2420844805372075
34 73 1.2007951759861206
34 74 1.3034271482297652
35 36 1.3577899958154673
35 37 0.6812823715306935
35 38 1.1086899556445413
35 39 1.4059605335484988
35 40 1.3061606678844424
35 41 1.244712062466206
35 42 1.1013001792217179
35 43 1.3027458578924827
35 44 1.384979783786185
35 45 1.1926812559943054
35 46 1.4978379808718998
35 47 1.2388769962667885
35 48 1.2890033316803056
35 49 1.2172232874461597
35 50 1.1190869097885443
35 51 1.2413260829258863
35 52 1.3048490349044588
35 53 1.3185863561229818
35 54 1.3627732697259667
35 55 1.3108627812407174
35 56 1.425577417171652
35 57 1.2820045337652408
35 58 1.4178843584328016
35 59 1.2980879600199167
35 60 1.3841789867997363
35 61 1.215315811891322
35 62 1.3357745270730552
35 63 1.2120011253223821
35 64 1.19457102315067
35 65 1.3341733670472848
35 66 1.358124864878401
35 67 1.1946164401613741
35 68 1.517419828875738
35 69 1.2946849849359123
35 70 1.1442449744649268
35 71 1.3259148062835648
35 72 1.2692860155621781
35 73 1.3009084014162653
35 74 1.2578033564484257
36 37 1.3434971193950875
36 38 1.3552780330990142
36 39 1.1798988683154679
36 40 1.3373648818664057
36 41 1.2025236110345994
36 42 1.3793632378538292
36 43 1.3739276599781922
36 44 1.5154512442508339
36 45 1.4209392529934342
36 46 1.1980260043209114
36 47 1.1904937871983363
36 48 1.3906561255365202
36 49 1.285463446020456
36 50 1.482413416624575
36 51 1.3123321902089662
36 52 1.224264822005027
36 53 1.4174953377176793
36 54 1.1166544345795621
36 55 1.3118393801691277
36 56 1.3562011809423535
36 57 1.4241061253630825
36 58 1.4392963764880013
36 59 1.3698980461402586
36 60 1.3360306907284216
36 61 1.319862581146147
36 62 1.2427514457971867
36 63 1.3624962502039508
36 64 1.3287873359601718
36 65 1.137943481056777
36 66 1.2661086298687891
36 67 1.3887993431306274
36 68 1.1496389829045461
36 69 1.2609107616175106
36 70 1.3551812105283607
36 71 1.3917969846539207
36 72 1.388974688686631
36 73 1.3415608837584538
36 74 1.2925367965742922
37 38 1.1135712148423151
37 39 1.3638278993567896
37 40 1.1926061200074143
37 41 1.1921111814324459
37 42 1.0304036801741279
37 43 1.215795101107638
37 44 1.3241798984072075
37 45 1.1736206860589395
37 46 1.465542075402828
37 47 1.160810342736394
37 48 1.230334785374177
37 49 1.2007453067775569
37 50 1.1544803753070478
37 51 1.1965311329289574
37 52 1.250904155018118
37 53 1.3040198948610644
37 54 1.3815409044313867
37 55 1.276798147561294
37 56 1.3743028842899467
37 57 1.245166412195867
37 58 1.4088157933460124
37 59 1.2561804799592027
37 60 1.2956550395960775
37 61 1.1743822434172806
37 62 1.302071673370219
37 63 1.2214738550988098
37 64 1.0907758039328643
37 65 1.3203697925260673
37 66 1.313864716074376
37 67 1.0804578451971871
37 68 1.4657273670629056
37 69 1.1921456587244992
37 70 1.0709127834446874
37 71 1.3461335033933994
37 72 1.250624702854067
37 73 1.2608490097634892
37 74 1.204155165460421
38 39 1.4570917903656742
38 40 1.2631806761462132
38 41 1.27250939255751
38 42 1.0804105979234617
38 43 1.2738399669189828
38 44 1.317567374910218
38 45 1.2032169862676572
38 46 1.4049180786869024
38 47 1.188992108465756
38 48 1.2840397580381826
38 49 1.2590639274770072
38 50 1.218787994497318
38 51 1.2646834825182487
38 52 1.2039171698313302
38 53 1.3794280065302977
38 54 1.3262970633547384
38 55 1.3821133609186962
38 56 1.40256438958123
38 57 1.2726834190876368
38 58 1.4057817755544642
38 59 1.185847651949758
38 60 1.218897437218478
38 61 1.1876994621265318
38 62 1.2412584144037395
38 63 1.2639464496470907
38 64 1.185700356709611
38 65 1.384753542808807
38 66 1.3150446594896708
38 67 1.1969696963379748
38 68 1.4354368422886277
38 69 1.273644821237184
38 70 1.252008555751729
38 71 1.3186606975245767
38 72 1.3601375095296577
38 73 1.2723834924520045
38 74 1.1798695169904754
39 40 1.4994502274721664
39 41 1.265621460150995
39 42 1.412053204663498
39 43 1.4191217540236132
39 44 1.576500871706176
39 45 1.3375170674935577
39 46 0.7990328633082671
39 47 1.4194359767059397
39 48 1.383727971483336
39 49 1.4244224574636106
39 50 1.4300812702900605
39 51 1.410719514881878
39 52 1.35200334814592
39 53 1.4311032976102755
39 54 1.254099356135016
39 55 1.3600469127594932
39 56 1.2989636748509226
39 57 1.3804415764134845
39 58 1.2477011122013997
39 59 1.3727892729933238
39 60 1.4676895532945569
39 61 1.3953911199987157
39 62 1.3020199212175485
39 63 1.356277665823959
39 64 1.3567128964530644
39 65 1.2872439599267775
39 66 1.5170865795633721
39 67 1.4017153866273007
39 68 0.8694153360626551
39 69 1.2259939366697268
39 70 1.4673811130109025
39 71 1.3882079241752636
39 72 1.2807818335274384
39 73 1.3196050656184974
39 74 1.2887364640684438
40 41 1.3115031306562364
40 42 1.294424283063697
40 43 1.2354445267787622
40 44 1.193959333384418
40 45 1.3019787638084321
40 46 1.456676745907467
40 47 1.0217877395199513
40 48 1.2671898335920813
40 49 1.2494682026216593
40 50 1.231685935170109
40 51 1.2556551064918726
40 52 1.180041263342009
40 53 1.2202457191057188
40 54 1.2933932387097478
40 55 1.4059689122332593
40 56 1.3541310566111144
40 57 1.3520083048304972
40 58 1.3931855447205221
40 59 1.2295371227048195
40 60 1.2555629371366597
40 61 1.2938465599795135
40 62 1.2551843501677558
40 63 1.3879816766977287
40 64 1.2274137630004927
40 65 1.3791239785996503
40 66 1.1046567777999816
40 67 1.1197880460984782
40 68 1.464680210871695
40 69 1.2869420389232906
40 70 1.2800388815948087
40 71 1.3755200596019088
40 72 1.3823091404318177
40 73 1.3067409551473879
40 74 1.243749353387765
41 42 1.2352957792455102
41 43 1.2516976333896286
41 44 1.4904085611442064
41 45 1.1417086881156493
41 46 1.1483467398127027
41 47 1.118190443123402
41 48 1.3573750485562253
41 49 1.2272163562173974
41 50 1.3090002176491848
41 51 1.2215742150268476
41 52 1.3571815685161002
41 53 1.3710822982173325
41 54 1.2322704299350815
41 55 1.2483376932096486
41 56 1.3913022035781133
41 57 1.33303158577316
41 58 1.262685681050834
41 59 1.2385822328565532
41 60 1.4085068127048856
41 61 1.336385691130514
41 62 1.2119820624930604
41 63 1.2655373328515434
41 64 1.3325952146999718
41 65 1.200988130862986
41 66 1.2934239439647786
41 67 1.1948367842893324
41 68 1.2716453956624358
41 69 1.1189578519015844
41 70 1.3094442879191428
41 71 1.353531340692549
41 72 1.3595802626476994
41 73 1.243436541683864
41 74 1.2977914886236344
42 43 1.3552706514659398
42 44 1.2167400573512666
42 45 1.1779064075299548
42 46 1.4232823399337624
42 47 1.2965181988998076
42 48 1.2866471790164038
42 49 1.2519384110134066
42 50 1.1500708845700567
42 51 1.0824124583096018
42 52 1.3386886123869393
42 53 1.255794449513926
42 54 1.4065179565932322
42 55 1.1447820194359843
42 56 1.2734962234546376
42 57 1.2309448712205322
42 58 1.3848487922727395
42 59 1.364362477651052
42 60 1.2305963120439842
42 61 1.2376663731455408
42 62 1.2132874126887963
42 63 1.2306208566362107
42 64 1.0096277316384215
42 65 1.364688062086641
42 66 1.3192536109037138
42 67 1.2014485413828953
42 68 1.516545075747441
42 69 1.3033135619203355
42 70 1.3189852273976144
42 71 1.205627631508325
42 72 1.1721189681032569
42 73 1.2668595054594352
42 74 1.268662537768282
43 44 1.3952737126624688
43 45 1.1911107878166487
43 46 1.4950757568686965
43 47 1.1558633945748127
43 48 1.4159737072801721
43 49 1.2438409619566264
43 50 1.347362055172445
43 51 1.4132590409392536
43 52 1.1890695679034058
43 53 1.277982609814345
43 54 1.3600050398766916
43 55 1.2767275884247122
43 56 1.3829127311653315
43 57 1.3287264278538296
43 58 1.400866052188157
43 59 1.142958478500572
43 60 1.3155172112846585
43 61 1.1864957052079468
43 62 1.1846296522424205
43 63 1.3210633681740966
43 64 1.236102156277872
43 65 1.3753108982664046
43 66 1.2815886654316742
43 67 1.1736799137020755
43 68 1.476559164278352
43 69 1.2742161348434426
43 70 1.4030702637970922
43 71 1.6173224071244359
43 72 1.2858888698525668
43 73 1.1194414745026533
43 74 1.280266947613653
44 45 1.3766298469518499
44 46 1.6032840768974503
44 47 1.3742826836762596
44 48 1.2681285420625603
44 49 1.2932484536916666
44 50 1.3191632542539218
44 51 1.3463040585995985
44 52 1.42159916891252
44 53 1.307492892851209
44 54 1.3696339870676826
44 55 1.5035121965439229
44 56 1.499294097731189
44 57 1.4603244125252937
44 58 1.3924266432897225
44 59 1.3686493387808787
44 60 1.3662636346919679
44 61 1.2975338205913696
44 62 1.4121194557566916
44 63 1.4470918073499515
44 64 1.3756575921788317
44 65 1.4333750946671744
44 66 1.2418815928841869
44 67 1.3459826931220884
44 68 1.5141560284823747
44 69 1.467587748408465
44 70 1.3810076164328358
44 71 1.4274752511303093
44 72 1.5065626415691353
44 73 1.374081031416862
44 74 1.4195179137956035
45 46 1.3198905837287491
45 47 1.2133163611335294
45 48 1.2544335872070596
45 49 1.3238640893404163
45 50 1.2690960932531647
45 51 1.346915297393257
45 52 1.2884945739453182
45 53 1.3940129471883735
45 54 1.3931032914571
45 55 1.1986127277732077
45 56 1.4257864372346523
45 57 1.1605741698261243
45 58 1.3239551582883933
45 59 1.2542692349125
45 60 1.3489221867551668
45 61 1.2419028727716215
45 62 1.3168307830955404
45 63 1.3589320956115287
45 64 1.2636310123805135
45 65 1.3832914335358735
45 66 1.3885876806441906
45 67 1.187349837195912
45 68 1.4036543673342579
45 69 1.261253418933226
45 70 1.2485731425362816
45 71 1.4104291223755268
45 72 1.309746398959728
45 73 1.3213097114883665
45 74 1.2332573605554407
46 47 1.3618087185190006
46 48 1.3401726464095018
46 49 1.3500581472355861
46 50 1.465507211937078
46 51 1.4081534481913707
46 52 1.3551360789876716
46 53 1.4541584185986773
46 54 1.2172099970476067
46 55 1.405142168427188
46 56 1.291298144276554
46 57 1.3642400097329332
46 58 1.1430975193140356
46 59 1.3619237236752693
46 60 1.4411424380236748
46 61 1.4331419551032356
46 62 1.2817028199790297
46 63 1.4039708127093153
46 64 1.3403538776662216
46 65 1.3182226832109971
46 66 1.3959766105546845
46 67 1.480770226363735
46 68 0.9382695936233266
46 69 1.1116213776635522
46 70 1.4539682673097758
46 71 1.364368319514037
46 72 1.3728364766476155
46 73 1.3518084626767846
46 74 1.2576929642012422
47 48 1.1848600682539194
47 49 1.042748022509095
47 50 1.3031837055672417
47 51 1.1627415701725299
47 52 1.1543324662051335
47 53 1.2641569116762645
47 54 1.2155743507242944
47 55 1.3563494855273854
47 56 1.4334502491186436
47 57 1.3740416471408006
47 58 1.2286436325281214
47 59 1.1197750690034114
47 60 1.1100051986033956
47 61 1.3035257200280592
47 62 1.1173373497222987
47 63 1.356482670925292
47 64 1.2478767018321062
47 65 1.312657991133165
47 66 1.0069772336502567
47 67 1.1437509577009652
47 68 1.3254648302968526
47 69 1.085986417172144
47 70 1.2483416612529048
47 71 1.2668540262982448
47 72 1.489998823490747
47 73 1.2742829859685807
47 74 1.2620070381887951
48 49 1.3265928247423286
48 50 1.2877738582283353
48 51 1.125340855602455
48 52 1.4188698984040957
48 53 1.3377975493019059
48 54 1.3201019097524331
48 55 1.4591761672714596
48 56 1.3547570490084406
48 57 1.3284251510208365
48 58 1.3248897593785618
48 59 1.303385605957522
48 60 1.3075069067913643
48 61 1.3568060584689172
48 62 1.386874666510151
48 63 1.487054022572178
48 64 1.312275091376409
48 65 1.3808405804186925
48 66 1.2774064812342363
48 67 1.3196011057893033
48 68 1.4322885531608254
48 69 1.2953309646899636
48 70 1.2603348468597078
48 71 1.09636394435539
48 72 1.3624297271241101
48 73 1.413280441949856
48 74 1.3493232550854102
49 50 1.417588830660366
49 51 1.2560239269446103
49 52 1.3037600541399874
49 53 1.2886065937137179
49 54 1.2373807074223544
49 55 1.3383620875859301
49 56 1.3443653564511902
49 57 1.3495331818411886
49 58 1.2480335948678671
49 59 1.1772995168303542
49 60 1.0230136699236771
49 61 1.2938617905344922
49 62 1.2264186081514166
49 63 1.4389654257593676
49 64 1.1892987522888883
49 65 1.2594336329218938
49 66 1.072306244627763
49 67 1.2635614033595624
49 68 1.2742407140374967
49 69 1.220388244138932
49 70 1.350606388235248
49 71 1.350222851906
49 72 1.5394169782568936
49 73 1.1985438760347435
49 74 1.3498535942216714
50 51 1.1909298995796238
50 52 1.3243822797124767
50 53 1.1915593916084837
50 54 1.4584841122780874
50 55 1.4000170282164952
50 56 1.3209642853139207
50 57 1.1633227394443342
50 58 1.360005107055842
50 59 1.4856795104997484
50 60 1.3453257885216028
50 61 1.2748422096335439
50 62 1.2015111384457517
50 63 1.1917839421558472
50 64 1.2942581797271964
50 65 1.4086076657091602
50 66 1.3922473174809031
50 67 1.2925082061245308
50 68 1.48938979095827
50 69 1.2933236867714601
50 70 1.3492587640960383
50 71 1.2099069798166855
50 72 1.3536974540947135
50 73 1.375114505337896
50 74 1.3609684504924666
51 52 1.4879121961637392
51 53 1.3430693095855295
51 54 1.2904944403114997
51 55 1.327161651649875
51 56 1.2836984069790478
51 57 1.3511352824624194
51 58 1.3378143409850995
51 59 1.3707314756109428
51 60 1.2048289632802989
51 61 1.3540001384509144
51 62 1.210826161354449
51 63 1.313165071139673
51 64 1.279243633654521
51 65 1.386419136842743
51 66 1.217405395836663
51 67 1.3936299451307412
51 68 1.4018074378901175
51 69 1.240579383511276
51 70 1.2638996319956033
51 71 1.043834697556408
51 72 1.3417787735489564
51 73 1.3345973493509318
51 74 1.3150947971191254
52 53 1.357336450042245
52 54 1.2706161093288808
52 55 1.4041164809927305
52 56 1.4003372407806223
52 57 1.4510823344400976
52 58 1.4101052620446988
52 59 1.2161903263952174
52 60 1.2441236895561092
52 61 1.1303135060300362
52 62 1.1952537598252087
52 63 1.2966613415403792
52 64 1.1809895504416377
52 65 1.269236990835646
52 66 1.2782728188028485
52 67 1.2263390501126052
52 68 1.3182962481945961
52 69 1.1972415727699646
52 70 1.4194430412804895
52 71 1.5155358022057228
52 72 1.3129785246783947
52 73 1.2873231453522052
52 74 1.25248339489805
53 54 1.4151598402674306
53 55 1.4015345541061193
53 56 1.370638541738363
53 57 1.348651780308017
53 58 1.4180199899153687
53 59 1.3240364136874896
53 60 1.3906338282783108
53 61 1.4079191298894107
53 62 1.1438995742443903
53 63 1.392573331372323
53 64 1.3333235131467867
53 65 1.3879995752705099
53 66 1.2056595966441264
53 67 1.3890822041810276
53 68 1.5259991609885362
53 69 1.4168463230440194
53 70 1.4412140026744078
53 71 1.4065567405836894
53 72 1.3575677815305753
53 73 1.1759316773144266
53 74 1.423660402653629
54 55 1.4665712575232903
54 56 1.424674818618918
54 57 1.5177970796719764
54 58 1.3169095716254797
54 59 1.183605508520219
54 60 1.3863948149184238
54 61 1.3077633167364855
54 62 1.2187324488023323
54 63 1.3874758437316257
54 64 1.4426935715050153
54 65 1.4049101254308516
54 66 1.1965046564318902
54 67 1.4082396716015875
54 68 1.1271056796845362
54 69 1.2222809902508454
54 70 1.341473822969158
54 71 1.4123346624790567
54 72 1.5010909686012968
54 73 1.2060544912918367
54 74 1.1889613429048336
55 56 1.230461750599787
55 57 1.1526933643635031
55 58 1.3940717668159914
55 59 1.3874168172366188
55 60 1.3888952818957
55 61 1.4006213270888435
55 62 1.357123874669207
55 63 1.3836378019931217
55 64 1.2585124386808337
55 65 1.3492579174732904
55 66 1.4558325509483978
55 67 1.2075090860872393
55 68 1.4453865137958632
55 69 1.314153819645354
55 70 1.3217348588085636
55 71 1.4134255342413053
55 72 1.0255044749667586
55 73 1.285326838420452
55 74 1.3779114905116203
56 57 1.3431470995276031
56 58 1.4892500059875193
56 59 1.4602221604051717
56 60 1.3037203391830088
56 61 1.466551315804304
56 62 1.3631569046204577
56 63 1.4044744388465733
56 64 1.3011282547784844
56 65 1.4083011510602752
56 66 1.3914930404101955
56 67 1.4149483527035374
56 68 1.3701428864083767
56 69 1.3858657099151213
56 70 1.4844193714415856
56 71 1.3096008190482167
56 72 1.0525390317718795
56 73 1.3546426095691402
56 74 1.387935764144673
57 58 1.3232908700535562
57 59 1.432650386214425
57 60 1.4126953297907845
57 61 1.3413494906691552
57 62 1.3745745856888665
57 63 1.319941612447488
57 64 1.3364641841829807
57 65 1.3854824142895292
57 66 1.4194784841447152
57 67 1.242791667170782
57 68 1.4573852907809703
57 69 1.2935408613214923
57 70 1.3247398552964156
57 71 1.283534792991001
57 72 1.2116181291442696
57 73 1.403000773853923
57 74 1.4569562702131003
58 59 1.3451851269129014
58 60 1.4647368910943792
58 61 1.3153646852539258
58 62 1.371124885304668
58 63 1.4120569675512058
58 64 1.3738342040598799
58 65 1.3081883416625701
58 66 1.327201652393149
58 67 1.3958706983446523
58 68 1.167188072909898
58 69 1.2588310396881501
58 70 1.398419584806753
58 71 1.3384183001632863
58 72 1.494052031789955
58 73 1.3114898437539382
58 74 1.347582783445787
59 60 1.2381499267348492
59 61 1.3058192162509796
59 62 1.2956512878469704
59 63 1.386166654972737
59 64 1.3360347211559638
59 65 1.3062359274709923
59 66 1.2237347671974073
59 67 1.1950817444318411
59 68 1.437014428253379
59 69 1.292638844139376
59 70 1.3422162528558028
59 71 1.5382213470339232
59 72 1.3834900847594245
59 73 1.1775721831430126
59 74 1.3105249412086246
60 61 1.268816507192156
60 62 1.3020338447383006
60 63 1.4377263115903869
60 64 1.1904765865155378
60 65 1.3958591409229557
60 66 1.2177267034574901
60 67 1.2624108711422402
60 68 1.4052509635761359
60 69 1.226782076625432
60 70 1.4098634661443883
60 71 1.2659165054944281
60 72 1.426938731561968
60 73 1.3728075122702565
60 74 1.3623679572401621
61 62 1.2427395888095099
61 63 1.3892259824330704
61 64 1.2686647244803155
61 65 1.4677373045322564
61 66 1.3844665109979906
61 67 1.2758395912887885
61 68 1.4447170046745237
61 69 1.1289808879865864
61 70 1.4210097458938313
61 71 1.3964979077656332
61 72 1.370949283860332
61 73 1.3525001842457096
61 74 1.2623414321082438
62 63 1.3283695622491982
62 64 1.255434442731425
62 65 1.3618741413145714
62 66 1.232198965301405
62 67 1.384293069005564
62 68 1.3475140624848698
62 69 1.1703673030756592
62 70 1.35492658513533
62 71 1.3917330235566931
62 72 1.3608626774227912
62 73 1.171604527048065
62 74 1.2621932322527494
63 64 1.356822708468663
63 65 1.4179984708331526
63 66 1.3878918043806798
63 67 1.3416740154248579
63 68 1.4034645944453723
63 69 1.4039977251860554
63 70 1.281919856104647
63 71 1.348368326570935
63 72 1.393344512266563
63 73 1.3817038241403723
63 74 1.2497909828954672
64 65 1.2570474384131245
64 66 1.3076182188329677
64 67 1.1522339631203296
64 68 1.4348175565775598
64 69 1.232177605431682
64 70 1.336176277375095
64 71 1.319212520739487
64 72 1.1690322535535957
64 73 1.3013258172976085
64 74 1.288453358455407
65 66 1.3097822562940047
65 67 1.3716668185264473
65 68 1.2511382301886047
65 69 1.346925852404454
65 70 1.4842915820510434
65 71 1.3632476804727967
65 72 1.3362834396736347
65 73 1.2925614188583014
65 74 1.4449402996944893
66 67 1.493686452450263
66 68 1.371893464445272
66 69 1.353642403138796
66 70 1.385788697743413
66 71 1.3726777883039982
66 72 1.4319937376725238
66 73 1.2895629908729411
66 74 1.3622368792423725
67 68 1.4596449265299534
67 69 1.2695426038254165
67 70 1.303996362809531
67 71 1.4665781051186957
67 72 1.3659911049780877
67 73 1.2727343466050984
67 74 1.2764476553174877
68 69 1.2896345498403328
68 70 1.4858484116236699
68 71 1.3749065731150256
68 72 1.5205936411419136
68 73 1.2951631082107677
68 74 1.3215048739432667
69 70 1.2981500683482325
69 71 1.3137859220586252
69 72 1.4126181931880726
69 73 1.3496312926640301
69 74 1.1802889994132262
70 71 1.3740440590859488
70 72 1.3505854731539122
70 73 1.4019221360117902
70 74 1.1987801098478186
71 72 1.3911711233209774
71 73 1.444299059441181
71 74 1.439600672653453
72 73 1.3912741641073016
72 74 1.4127724871856022
73 74 1.211535296133481
