90 0
0 1 1.481995387683378
0 2 1.4459404546256382
0 3 1.545898623277752
0 4 1.2838542449654127
0 5 1.4493246026431055
0 6 1.431072557126225
0 7 1.436734781383912
0 8 1.4513749580627249
0 9 1.3145615781908133
0 10 1.2694805544681425
0 11 1.4641854299450936
0 12 1.4487423569068254
0 13 1.5004512629901878
0 14 1.4756623875799089
0 15 1.495536161980092
0 16 1.5273665287964404
0 17 1.4565672608128122
0 18 1.1920791733285312
0 19 1.3987011130764628
0 20 1.5253647582300076
0 21 1.5045357974201774
0 22 1.4425717699597598
0 23 1.509164507980043
0 24 1.3365463016116357
0 25 1.4686447244052803
0 26 1.3559841526473588
0 27 1.369192709124347
0 28 1.5102784348356098
0 29 1.4162654559259604
0 30 1.1814359820939353
0 31 1.4749440126754567
0 32 1.2996272461557028
0 33 1.2407283325994136
0 34 1.5163084362522108
0 35 1.5269486536375803
0 36 1.2838513886186504
0 37 1.5712879586122916
0 38 1.3929605094407367
0 39 1.3391033944614728
0 40 1.261543205087775
0 41 1.4073875130308178
0 42 1.2334495324971833
0 43 1.2758215557462085
0 44 1.3637528548746047
0 45 1.4246708991843915
0 46 1.4154482773930217
0 47 1.5168576048689033
0 48 1.279754438446851
0 49 1.415374213933866
0 50 1.4244898553821923
0 51 1.4476022843906233
0 52 1.432934642944586
0 53 1.4486218748615822
0 54 1.424462890803226
0 55 1.3952871007049255
0 56 1.5533824452346074
0 57 1.5051989096939409
0 58 1.3962431078042619
0 59 1.492743186582013
0 60 1.0986562324382505
0 61 1.4284789944229344
0 62 1.3227318737886242
0 63 1.4995415384940012
0 64 1.4726958801237309
0 65 1.2579664586426667
0 66 1.4450478598645082
0 67 1.4511978596449058
0 68 1.5142323580345196
0 69 1.2946222712768554
0 70 1.5027377354682308
0 71 1.389897031873751
0 72 1.4787069706258051
0 73 1.4690620773466296
0 74 1.3591621049008853
0 75 1.4318659846122435
0 76 1.498692373598302
0 77 1.4894771427163909
0 78 1.3988129762447443
0 79 1.4472126886497394
0 80 1.3067644487051715
0 81 1.3589629847841753
0 82 1.4798705327052477
0 83 1.3754820228568003
0 84 1.3727271620954673
0 85 1.43862483122042
0 86 1.462500198678712
0 87 1.4334664804424038
0 88 1.3575774296310121
0 89 1.5259211975119935
1 2 1.367953504177239
1 3 1.3062855498372403
1 4 1.3165313937931613
1 5 1.3630459868606961
1 6 1.3685191080301586
1 7 1.4804133420668923
1 8 1.3445856836037913
1 9 1.4364591959407198
1 10 1.5742485842639313
1 11 1.2903619734702767
1 12 1.418679745576094
1 13 1.3684215513014355
1 14 1.3103656575428255
1 15 1.4327618451130082
1 16 1.2819137783908565
1 17 1.313542516838887
1 18 1.4143155189011127
1 19 1.2821587242120371
1 20 1.2922391832426403
1 21 1.306073220413038
1 22 1.3196660011793055
1 23 1.372837087384046
1 24 1.298610729436584
1 25 1.360687618964008
1 26 1.3879125712624207
1 27 1.3918306301328447
1 28 1.2181763580568568
1 29 1.4764157915902376
1 30 1.5478088927748233
1 31 1.3392485587040148
1 32 1.5697632415468499
1 33 1.5277351498260063
1 34 1.3767225750818761
1 35 1.2535838559349273
1 36 1.365313610944749
1 37 1.4389649329330827
1 38 1.328518157055314
1 39 1.373281522288184
1 40 1.4116112079662992
1 41 1.4253766839955755
1 42 1.5656809710725161
1 43 1.486260469942956
1 44 1.4202604823636102
1 45 1.3081103671748946
1 46 1.368827575515257
1 47 1.309749359766126
1 48 1.5165100729733643
1 49 1.3570669511298628
1 50 1.6477232903308423
1 51 1.2308930383109569
1 52 1.3426763076437402
1 53 1.3958140706597333
1 54 1.387949706455373
1 55 1.3404952783224449
1 56 1.277167763931732
1 57 1.2172139046198485
1 58 1.4646798572837516
1 59 1.3502129538494356
1 60 1.489013451029305
1 61 1.3130565071260256
1 62 1.4033991886756427
1 63 1.3538017777679168
1 64 1.2331058068340248
1 65 1.5147732040533026
1 66 1.33295669546592
1 67 1.3917708246458558
1 68 1.4355879984264581
1 69 1.3856693337549746
1 70 1.3130925276325338
1 71 1.3340832075555153
1 72 1.4041041191311314
1 73 1.5058645544733926
1 74 1.4835109309044792
1 75 1.3601973715051026
1 76 1.344179015029712
1 77 1.2040620998753233
1 78 1.3646186095827795
1 79 1.3013283548834254
1 80 1.420053284420697
1 81 1.3942877264237052
1 82 1.480924487224044
1 83 1.405942176415455
1 84 1.2560711078171647
1 85 1.3736329973940038
1 86 1.4221900620538885
1 87 1.4470511528329093
1 88 1.2423336995575047
1 89 1.3006695985718817
2 3 1.2720280568393882
2 4 1.276714650802768
2 5 1.3197147874428192
2 6 1.276836934109837
2 7 1.1179770264130378
2 8 1.1788156759497672
2 9 1.4192078552137934
2 10 1.4597432957325749
2 11 1.2090838137554465
2 12 1.2985938389383638
2 13 1.3136519567570921
2 14 1.2864552393870166
2 15 1.1383454891732996
2 16 1.1308678537967254
2 17 1.1961675876063782
2 18 1.2984266512953502
2 19 1.2658359897769123
2 20 1.333721829016459
2 21 1.3497146692571602
2 22 1.2910878836710402
2 23 1.0823365578779947
2 24 1.2967936318011168
2 25 1.2888169639080875
2 26 1.3213343280453114
2 27 1.3172913200356997
2 28 1.2127959840598237
2 29 1.457043055025543
2 30 1.4593127749858588
2 31 1.1949326042369097
2 32 1.3814636543162855
2 33 1.3787144172926
2 34 1.2580605257474313
2 35 1.260867186430745
2 36 1.2967402560917098
2 37 1.2640760181959143
2 38 1.4278299698340873
2 39 1.2662344027878685
2 40 1.2598562027956912
2 41 1.1176093152194602
2 42 1.3720185756926753
2 43 1.3486896648334108
2 44 1.1402123241204594
2 45 1.1839116483355294
2 46 1.0929160920442391
2 47 1.1897493396611298
2 48 1.3680156981473772
2 49 1.2713846233511958
2 50 1.2085009495009584
2 51 1.4563182629120819
2 52 1.2157474493879807
2 53 1.1337106374688708
2 54 1.3980083305654687
2 55 1.4342000690984988
2 56 1.2613231761247297
2 57 1.12482338053069
2 58 1.2614648182967427
2 59 1.3139140461178622
2 60 1.346983544138892
2 61 1.3498947883117918
2 62 1.273608912880283
2 63 1.268872190088354
2 64 1.0936862613660145
2 65 1.36439332398013
2 66 1.2977352401355826
2 67 1.223940992987307
2 68 1.281255823614232
2 69 1.3064222390792346
2 70 1.2524946166387119
2 71 1.3677819239494344
2 72 1.2416660984857038
2 73 1.20719176644888
2 74 1.2375377501668001
2 75 1.1786130811144504
2 76 1.2902674555269726
2 77 1.4069558009831078
2 78 1.2654544232754015
2 79 1.277227980051789
2 80 1.270007769482445
2 81 1.2744565721522831
2 82 1.2643683321496508
2 83 1.2858009346376682
2 84 1.3343183279149442
2 85 1.2039030647056475
2 86 1.0961547835370913
2 87 1.356038282337256
2 88 1.3774414933518755
2 89 1.2444208694412762
3 4 1.2686374671820804
3 5 1.3545453467952808
3 6 1.4347293343028378
3 7 1.2623513730003795
3 8 1.229434634332571
3 9 1.1971466530655828
3 10 1.579557772111391
3 11 1.3906284655513979
3 12 1.2513373207654004
3 13 0.8196374894212359
3 14 1.1095184622906404
3 15 1.1921523015878792
3 16 1.1006213715051318
3 17 1.1265198419685816
3 18 1.4313327790863737
3 19 1.1818808082063061
3 20 1.0415972036118122
3 21 1.1769609392346334
3 22 1.2279121513542697
3 23 1.2380227024408976
3 24 1.0727576246222215
3 25 1.0192430350036499
3 26 1.4051383109093556
3 27 1.3292834609866155
3 28 1.0098216036162364
3 29 1.4706669008487054
3 30 1.5949433740079477
3 31 0.7756284130491286
3 32 1.5660300068016921
3 33 1.6039996265954761
3 34 1.1454364849035854
3 35 0.7133885443026728
3 36 1.2697715112712582
3 37 1.1295114086138283
3 38 1.2359570361223202
3 39 1.1288886336062565
3 40 1.2642821184644335
3 41 1.1221281350154524
3 42 1.5746405531727485
3 43 1.4000964101705144
3 44 1.2452841224814115
3 45 1.1343562161712943
3 46 1.2227372285359606
3 47 1.2804937666522433
3 48 1.502769309732766
3 49 1.1800029852490406
3 50 1.2617805022494166
3 51 1.2437742820000584
3 52 1.2936684736026345
3 53 1.2424667422901028
3 54 1.2110415894313649
3 55 1.305844572476581
3 56 0.5073791004480006
3 57 0.9704658281178142
3 58 1.1184286530024679
3 59 0.5514456025009116
3 60 1.4534857278534064
3 61 1.2042486280423337
3 62 1.2255306320673454
3 63 1.2929948519989216
3 64 1.1003278172118385
3 65 1.5429502362497294
3 66 1.0294886444906417
3 67 1.2011896867643195
3 68 1.3787202327371686
3 69 1.4233404965826622
3 70 1.287579575166683
3 71 1.2321581582352215
3 72 1.2932750196572411
3 73 1.3703464401716243
3 74 1.2369646742377676
3 75 1.0680709083638884
3 76 0.5358483053743468
3 77 1.1010286308100548
3 78 1.2845767641032204
3 79 0.7461674882990812
3 80 1.3712181180018503
3 81 1.3737518547198706
3 82 1.2486312569935376
3 83 1.1355649266270573
3 84 1.222503213032743
3 85 1.3262727865899806
3 86 1.269513230582782
3 87 1.380376496724021
3 88 1.3146580871580122
3 89 1.0070173631245338
4 5 1.320901838815833
4 6 1.3552567767412809
4 7 1.4174255566304823
4 8 1.2890969398724947
4 9 1.1604636192749151
4 10 1.1791211619334498
4 11 1.1788133951907156
4 12 1.366737279939616
4 13 1.2489808366348687
4 14 1.2734143200450216
4 15 1.2185614727281147
4 16 1.2841841288024622
4 17 1.27193387524679
4 18 1.332878503516916
4 19 1.2406212225729025
4 20 1.26227104555791
4 21 1.2580665304800867
4 22 1.1964683094778243
4 23 1.4546085103556965
4 24 1.1639608107730792
4 25 1.213017466424928
4 26 1.3346977663076973
4 27 1.2333399388239612
4 28 1.1472328324318548
4 29 1.3771582712587127
4 30 1.1953421139002025
4 31 1.2383322863478718
4 32 1.2618461174583622
4 33 1.1967906091114227
4 34 1.3280933180373033
4 35 1.3279865433871767
4 36 1.2612569800658728
4 37 1.3389305868084966
4 38 1.2874927344176472
4 39 1.2309523454214641
4 40 1.2111797543119152
4 41 1.248022422427916
4 42 1.2230752319802696
4 43 1.3218058923732414
4 44 1.3204583088960002
4 45 1.0878132996992307
4 46 1.2306206376067395
4 47 1.3269035030443521
4 48 1.1579690739913706
4 49 1.336294888938383
4 50 1.2752429431173748
4 51 1.3636265142362556
4 52 1.2552567649310633
4 53 1.211579198934163
4 54 1.430421600828207
4 55 1.408474676342464
4 56 1.3099248240666252
4 57 1.2928733532083072
4 58 1.2339952729497403
4 59 1.2720261855793422
4 60 1.2763087613367874
4 61 1.31944318021479
4 62 1.1465611966349756
4 63 1.3199624300647146
4 64 1.2359516683682492
4 65 1.2343452103827177
4 66 1.1986368419131712
4 67 1.2973026628214772
4 68 1.3670337928150882
4 69 1.3450890858516726
4 70 1.3387448236096147
4 71 1.349597110310553
4 72 1.232632164302036
4 73 1.3209542919123631
4 74 1.4895033534640503
4 75 1.0924684929217765
4 76 1.2949241522534753
4 77 1.2402032325405086
4 78 1.3401178792088309
4 79 1.1196796068436121
4 80 1.1884184782849165
4 81 1.2612901452000118
4 82 1.3695474147814566
4 83 1.234370355223766
4 84 1.2333574102485478
4 85 1.2836699100276379
4 86 1.2777916807745522
4 87 1.3370554153758596
4 88 1.2925346764971537
4 89 1.3604942763566805
5 6 1.2818035227626055
5 7 1.498928866461203
5 8 1.2671592896842554
5 9 1.25652486713532
5 10 1.3084435451003684
5 11 1.356224674736129
5 12 1.4002838690256842
5 13 1.412837492414291
5 14 1.3044386627447293
5 15 1.2963591521779507
5 16 1.1635292736576734
5 17 1.4418256618739769
5 18 1.322075220911897
5 19 1.3900830556733395
5 20 1.4201953386698967
5 21 1.345509944957763
5 22 1.3778047838294538
5 23 1.3516012953489251
5 24 1.3464212554367945
5 25 1.4502106093881206
5 26 1.4235610558101999
5 27 1.4121340264263593
5 28 1.3515874727264687
5 29 1.412356797417992
5 30 1.3264030120110724
5 31 1.343885208867784
5 32 1.2500878247241707
5 33 1.2825749000871365
5 34 1.357098834091248
5 35 1.3541236042255589
5 36 1.3062359274709923
5 37 1.4169418646007073
5 38 1.2942463984677017
5 39 1.390689814286974
5 40 1.308477895696603
5 41 1.39921165852181
5 42 1.2511382301886047
5 43 1.3322388738634097
5 44 1.3935579539470975
5 45 1.303757341289467
5 46 1.2974992585635603
5 47 1.3024997742055464
5 48 1.2402426676536342
5 49 1.4346633263604227
5 50 1.3028311835285655
5 51 1.4417950562555988
5 52 1.3958591409229557
5 53 1.2095482877605275
5 54 1.4731275700444386
5 55 1.3330124631638491
5 56 1.3730773618495384
5 57 1.3136951056462112
5 58 1.3228240431372218
5 59 1.407536646766265
5 60 1.2738380656568429
5 61 1.3714951838514797
5 62 1.2880998428958712
5 63 1.3050022140096902
5 64 1.3639640157789152
5 65 1.2898234923868621
5 66 1.3196711377597814
5 67 1.4259751750338332
5 68 1.3715709711080843
5 69 1.2971038449043144
5 70 1.3858255182924448
5 71 1.4869593302507433
5 72 1.3435395151363982
5 73 1.458655236936364
5 74 1.3686153187621422
5 75 1.3004062668766858
5 76 1.3903246630171933
5 77 1.374380130653851
5 78 1.419646006021066
5 79 1.3463293028710888
5 80 1.339525959972991
5 81 1.3725192283048162
5 82 1.3317968587859779
5 83 1.3235204028918865
5 84 1.3832914335358735
5 85 1.3262072661497968
5 86 1.2683828826909527
5 87 1.4140143118362785
5 88 1.373393892218149
5 89 1.351957181145035
6 7 1.4199276360095874
6 8 1.3262637278407954
6 9 1.4142766113503145
6 10 1.3363367488042621
6 11 1.225498905334553
6 12 1.4587036727911808
6 13 1.4766232132041615
6 14 1.4128048219014997
6 15 1.3266586687943842
6 16 1.3570542305812023
6 17 1.409631898192239
6 18 1.3251496099933675
6 19 1.3883906739676553
6 20 1.3997558317957601
6 21 1.326038751160199
6 22 1.3822802572862878
6 23 1.2601942156011356
6 24 1.315742943410539
6 25 1.3941243259528475
6 26 1.2389196821497133
6 27 1.360229855356547
6 28 1.3288003487211368
6 29 1.2865107854585323
6 30 1.301822916141632
6 31 1.4518454275225965
6 32 1.2430892434312886
6 33 1.233715771348266
6 34 1.3972424292922705
6 35 1.4154774789259155
6 36 1.2927579291151068
6 37 1.3956890153365453
6 38 1.4632046684177102
6 39 1.3234767098932247
6 40 1.3250445208141985
6 41 1.284536477641218
6 42 1.237393335057482
6 43 1.2384758608481636
6 44 1.241054476828151
6 45 1.3038515853186572
6 46 1.3272872645193394
6 47 1.2894907265982267
6 48 1.2871581784780246
6 49 1.3615704393843953
6 50 1.2771398042708335
6 51 1.4244819737013412
6 52 1.2795373351961012
6 53 1.3618870080473928
6 54 1.3389753225169319
6 55 1.3909750248874662
6 56 1.4824720394044895
6 57 1.3750609362632602
6 58 1.380380052889446
6 59 1.482791899438081
6 60 1.3300467063278687
6 61 1.3962157612228216
6 62 1.4009949460527806
6 63 1.2578326989623474
6 64 1.394565213218017
6 65 1.3141133185606182
6 66 1.4443233999600997
6 67 1.3607977897885417
6 68 1.3863504232092811
6 69 1.2600011755829137
6 70 1.3634298852201452
6 71 1.4608942264645541
6 72 1.2378944765582005
6 73 1.3463403782648893
6 74 1.3594132684826103
6 75 1.2270840785849706
6 76 1.4637681031229508
6 77 1.4179718533636052
6 78 1.381058320218919
6 79 1.3613521380579576
6 80 1.427380668774701
6 81 1.3511787314998902
6 82 1.4305776191172566
6 83 1.4556702709800817
6 84 1.3955441927397108
6 85 1.3332360792649007
6 86 1.302570936151386
6 87 1.3171892628119666
6 88 1.434940424509417
6 89 1.4962976155039882
7 8 1.310381508616632
7 9 1.3670243773604616
7 10 1.5494966557169458
7 11 1.3862701322473328
7 12 1.3261440707627539
7 13 1.3236545756948226
7 14 1.3240267894206679
7 15 1.335687176688062
7 16 1.2491313444604337
7 17 1.2946964697409715
7 18 1.3262599090670135
7 19 1.2427316404434121
7 20 1.3406046175225157
7 21 1.3476820048916132
7 22 1.28984478290747
7 23 1.2946014815358398
7 24 1.3487961678802802
7 25 1.303232908820308
7 26 1.388953767083984
7 27 1.1615010748468297
7 28 1.3529279463718102
7 29 1.5733557196750667
7 30 1.580945779173635
7 31 1.2315122563524725
7 32 1.5272412918333291
7 33 1.5402371302790714
7 34 1.2616328621724884
7 35 1.1947493235381068
7 36 1.3611380495778431
7 37 1.2214021401881598
7 38 1.4467391579320588
7 39 1.3009654757667641
7 40 1.2644820415069773
7 41 1.3648286987842155
7 42 1.5289290618691256
7 43 1.3817528880717969
7 44 1.239460820633411
7 45 1.2779405825224963
7 46 1.3075537886016895
7 47 1.2395954521489703
7 48 1.5283637740819047
7 49 1.314986056321435
7 50 1.1440713893679346
7 51 1.4118889369613992
7 52 1.3057499714885854
7 53 1.3548504454985575
7 54 1.4214168547157955
7 55 1.4670373145397122
7 56 1.210466595680867
7 57 1.2325945145147026
7 58 1.2585226113813053
7 59 1.291293344069439
7 60 1.3957334670073158
7 61 1.436414276936659
7 62 1.4212304867335301
7 63 1.325395536858577
7 64 1.3712350940429623
7 65 1.4793522447894099
7 66 1.2972290284786843
7 67 1.1443041278062915
7 68 1.3782011329819608
7 69 1.2904414473312853
7 70 1.2449348651557735
7 71 1.3831034406971294
7 72 1.2051993703913098
7 73 1.239309406546953
7 74 1.283823581598267
7 75 1.219962659073698
7 76 1.2624232521678176
7 77 1.461733476780382
7 78 1.2729849586434685
7 79 1.2700209409754128
7 80 1.4499797462212531
7 81 1.336395758499309
7 82 1.1265451608359083
7 83 1.270227899312604
7 84 1.3540020423195311
7 85 1.3286918829759833
7 86 1.3829969554347465
7 87 1.3035283352370077
7 88 1.4384466029111607
7 89 1.3369528011644958
8 9 1.2984546524711131
8 10 1.4327589361689093
8 11 1.3362518336639937
8 12 1.3725163982725694
8 13 1.2678876397748557
8 14 1.2540226614956813
8 15 1.2739921047462603
8 16 1.254854510579505
8 17 1.3079836419773385
8 18 1.3780474669321385
8 19 1.278057937308779
8 20 1.2901291357343105
8 21 1.0025207840817838
8 22 1.1783488420734647
8 23 1.1097578903256566
8 24 1.293395344667531
8 25 1.2277492819970302
8 26 1.373512397402901
8 27 1.414136516912315
8 28 1.1990038898632933
8 29 1.4584979188883553
8 30 1.4458955725413671
8 31 1.282142548746486
8 32 1.4058427193503866
8 33 1.3821574837207269
8 34 1.189281720656881
8 35 1.2013811647382537
8 36 1.2124115900140457
8 37 1.268153148815737
8 38 1.3564666825031564
8 39 1.2413431318677552
8 40 1.3951523627747264
8 41 1.2919185101009985
8 42 1.3738354838446951
8 43 1.3392560902841473
8 44 1.1762730766544718
8 45 1.2438075414144387
8 46 1.2043041650004795
8 47 1.171138537401843
8 48 1.3498806979076776
8 49 1.4212365548481567
8 50 1.263091719281516
8 51 1.386098119491791
8 52 1.343893879323564
8 53 1.2245905626035358
8 54 1.4193117328149367
8 55 1.4635229821116065
8 56 1.2462486651703277
8 57 1.2843035871520119
8 58 1.33090940503267
8 59 1.3076765805095967
8 60 1.3651650957928658
8 61 1.2968516699984416
8 62 1.2124346475877914
8 63 1.539077459835132
8 64 1.1127256182146883
8 65 1.437630894928617
8 66 1.2244800948447712
8 67 1.1822516492874309
8 68 1.3944969792825794
8 69 1.3635610517689436
8 70 1.2407297743692067
8 71 1.2824752845932113
8 72 1.3548655263760627
8 73 1.2623166478860237
8 74 1.4247337648866292
8 75 1.1417321764788047
8 76 1.2549516031146366
8 77 1.2709032356426475
8 78 1.4152565660797278
8 79 1.224986983884954
8 80 1.3784900979324748
8 81 1.2826802059723055
8 82 1.3223013188390453
8 83 1.225806541667089
8 84 1.241208084831699
8 85 1.2788215110401144
8 86 1.2966889770988812
8 87 1.2427638092537798
8 88 1.4108940845119746
8 89 1.3087925493480224
9 10 1.2005299035876131
9 11 1.4069257215892366
9 12 1.3237739531034336
9 13 1.2160383471376073
9 14 1.2111710034750627
9 15 1.2680934841140166
9 16 1.3286282051307203
9 17 1.2855987202344488
9 18 1.2762410117226808
9 19 1.129929783424421
9 20 1.3293548482585142
9 21 1.2861664162677329
9 22 1.3516427884511508
9 23 1.4872255633565339
9 24 1.2398903872904385
9 25 1.2885890728815657
9 26 1.3288141753821545
9 27 1.1674219093180251
9 28 1.3055977199624178
9 29 1.385067832345758
9 30 1.2120102891985078
9 31 1.23581891971409
9 32 1.212208801655681
9 33 1.2335809920374925
9 34 1.3505386204775887
9 35 1.2551122083244406
9 36 1.2464029427458734
9 37 1.3478867175513185
9 38 1.350007783124852
9 39 1.2685498288720685
9 40 1.2469075704729122
9 41 1.3413159611420336
9 42 1.2958616671983019
9 43 1.1724286346506017
9 44 1.2820968632317435
9 45 1.304156259738347
9 46 1.3716344255588302
9 47 1.4104872957617032
9 48 1.1916821211049917
9 49 1.4485572586339686
9 50 1.1445502172066555
9 51 1.347374895230345
9 52 1.5130552821205983
9 53 1.3572609955789026
9 54 1.333332643265868
9 55 1.3361390121027403
9 56 1.2549379097137416
9 57 1.2726085317629756
9 58 1.3231140245962343
9 59 1.2476219844741636
9 60 1.3214941402021663
9 61 1.348683626033261
9 62 1.2379441785991647
9 63 1.3548659262439708
9 64 1.410532816801131
9 65 1.1673192155022234
9 66 1.2539461315583613
9 67 1.3283730423353217
9 68 1.4464312347223598
9 69 1.3329361096699153
9 70 1.4015760172373362
9 71 1.2373269528736797
9 72 1.3641215354672007
9 73 1.4655725308069514
9 74 1.3787542145643885
9 75 1.123899959452115
9 76 1.2063542654518997
9 77 1.309324542314574
9 78 1.3581484242345552
9 79 1.0751886597100233
9 80 1.3170267792287005
9 81 1.2936488928636152
9 82 1.2308530544042113
9 83 1.0737642117158532
9 84 1.1735103099009045
9 85 1.3261414343598563
9 86 1.366218703198145
9 87 1.3840856790714609
9 88 1.351271149548877
9 89 1.2868264293222982
10 11 1.2858771798046165
10 12 1.3933837704908199
10 13 1.4630045314141225
10 14 1.4501498844556864
10 15 1.401153705578342
10 16 1.475558905073951
10 17 1.4436844368073232
10 18 1.2333089481930601
10 19 1.4469978839125086
10 20 1.5455757144756173
10 21 1.3990130991024712
10 22 1.4142488847795442
10 23 1.5233970546442068
10 24 1.40522353472575
10 25 1.4180149920356002
10 26 1.3544624815044595
10 27 1.2731313584703876
10 28 1.4639511114111055
10 29 1.2459715167008154
10 30 0.5520936482388304
10 31 1.5273488202368237
10 32 0.7489272901511836
10 33 0.6204483423258735
10 34 1.3882475422765033
10 35 1.5493864583235963
10 36 1.419215915875119
10 37 1.403902171960864
10 38 1.5793396762872647
10 39 1.4384871372382901
10 40 1.4101406103647036
10 41 1.3701394619677136
10 42 0.7191665777595078
10 43 1.184675612613541
10 44 1.4206520577705897
10 45 1.3797244532937263
10 46 1.4339438222702885
10 47 1.460417662497624
10 48 0.7089175260379075
10 49 1.4552797494649594
10 50 1.261028212801567
10 51 1.5259591105395713
10 52 1.4927330533058794
10 53 1.3970538797481666
10 54 1.4218506255649437
10 55 1.3502795003632018
10 56 1.6256932637284198
10 57 1.4972804041104308
10 58 1.492398871454314
10 59 1.62828475207922
10 60 1.1260983129914652
10 61 1.3550938554868264
10 62 1.4197138524299326
10 63 1.384491382231688
10 64 1.5156443550183119
10 65 0.6420413627632215
10 66 1.4289334809919785
10 67 1.4992384947939985
10 68 1.402782435402469
10 69 1.4585601634804741
10 70 1.528381851880118
10 71 1.4014467563174697
10 72 1.4509014359923729
10 73 1.4676381543597392
10 74 1.4987266795763332
10 75 1.3507460835071952
10 76 1.6299704554873025
10 77 1.4634279278729045
10 78 1.453485647080064
10 79 1.437670100570834
10 80 1.2900569140724796
10 81 1.3603717453109287
10 82 1.4683136659852856
10 83 1.3517843575337705
10 84 1.3897239300958042
10 85 1.3582267696620278
10 86 1.3147881276021596
10 87 1.3645478541330276
10 88 1.4735393878284622
10 89 1.4854934840257494
11 12 1.3771142164974284
11 13 1.3899378301521303
11 14 1.251237479879571
11 15 1.2636589835181438
11 16 1.2976597834466415
11 17 1.0972487754825688
11 18 1.2963785529718637
11 19 1.4246966501152791
11 20 1.3109461171260661
11 21 1.3197489869015058
11 22 1.4222950837506916
11 23 1.309526467545997
11 24 1.3501508225684535
11 25 1.3266960595901207
11 26 1.292920525281772
11 27 1.286923695927551
11 28 1.1371050778498046
11 29 1.4171213874414017
11 30 1.2943053833988656
11 31 1.3781254208658495
11 32 1.2673706197037449
11 33 1.1698583744017796
11 34 1.3704616089690393
11 35 1.3370694856248666
11 36 1.3169546652712736
11 37 1.3277125639872087
11 38 1.5423517456679339
11 39 1.3266523823799643
11 40 1.2336543659452788
11 41 1.280951739372608
11 42 1.2533712063042604
11 43 1.2867612165566698
11 44 1.2617829491211099
11 45 1.2234115897591449
11 46 1.2597582074631006
11 47 1.2271735288497883
11 48 1.2685060062345104
11 49 1.3685716948514044
11 50 1.2485154835122214
11 51 1.510222783217468
11 52 1.2619380793865913
11 53 1.2986820192127062
11 54 1.4892723718203273
11 55 1.422619741057719
11 56 1.424823479997407
11 57 1.2978954782842138
11 58 1.4320939185391126
11 59 1.4628201301360462
11 60 1.3545036365778715
11 61 1.3228486033817901
11 62 1.3212084037570642
11 63 1.3264685200338897
11 64 1.1909148106445588
11 65 1.2170543861498335
11 66 1.2641152674931344
11 67 1.3031776195975737
11 68 1.3713161100880953
11 69 1.2823701746681166
11 70 1.2350568013909093
11 71 1.4183710340880802
11 72 1.243476561407912
11 73 1.2962852119155892
11 74 1.453851084484967
11 75 1.210963819927352
11 76 1.455015414615368
11 77 1.4218481954999904
11 78 1.3052471014289162
11 79 1.324951794802129
11 80 1.4124662261707177
11 81 1.3860774514438676
11 82 1.3852221650460845
11 83 1.454247990354522
11 84 1.3546810969397178
11 85 1.2503007491179654
11 86 1.1951701510814183
11 87 1.284361109871525
11 88 1.4054285701749412
11 89 1.3628331341304503
12 13 1.2864444519131792
12 14 1.281129941742698
12 15 1.2805834097576574
12 16 1.2194940071718872
12 17 1.252310184186705
12 18 1.2820501540737999
12 19 1.2401357814830056
12 20 1.325118702937052
12 21 1.3689133351514309
12 22 1.314833018624664
12 23 1.4033507873737012
12 24 1.4226331354993484
12 25 1.2919911205116743
12 26 1.2301354687809034
12 27 1.4166219815197654
12 28 1.322368143995837
12 29 1.4500219716689797
12 30 1.4012533100000828
12 31 1.317820450600233
12 32 1.387880384990372
12 33 1.402912388561641
12 34 1.3515169740387463
12 35 1.309416055874822
12 36 1.4818071756569855
12 37 1.3001684012553818
12 38 1.3527112294120174
12 39 1.3191685061747511
12 40 1.4807666313232233
12 41 1.4327603888792122
12 42 1.3389030524175416
12 43 1.3586767964301214
12 44 1.397239280464336
12 45 1.3367511511100325
12 46 1.3153099340953918
12 47 1.5253364256517674
12 48 1.3771619106318762
12 49 1.245732860098703
12 50 1.2675345759332697
12 51 1.3614909896090097
12 52 1.3025607118960365
12 53 1.3166211133971555
12 54 1.2162074760402475
12 55 1.2580068803745155
12 56 1.2452302295640272
12 57 1.3422258657358934
12 58 1.3548899400349583
12 59 1.3005810431281315
12 60 1.2957345690960498
12 61 1.453874198449847
12 62 1.4079501836005486
12 63 1.3675213655619094
12 64 1.2975209269277188
12 65 1.368309901549899
12 66 1.3497549009366536
12 67 1.4295232195691674
12 68 1.2834454679560272
12 69 1.2852479520284819
12 70 1.2047437603205222
12 71 1.3439621542762539
12 72 1.190744605582205
12 73 1.3607044384329194
12 74 1.3298301454469554
12 75 1.4589575030266237
12 76 1.3249535689140486
12 77 1.259599838392983
12 78 1.3938794171718698
12 79 1.3097266971460542
12 80 1.4898569368744516
12 81 1.483258968576122
12 82 1.282483469618943
12 83 1.2482206671723421
12 84 1.3417595694050666
12 85 1.3973642384865597
12 86 1.4530923861516025
12 87 1.4118181301566637
12 88 1.3964272594272176
12 89 1.2245422187805
13 14 1.0827124056392958
13 15 1.206556958461261
13 16 1.1720092961973845
13 17 1.0924307955069237
13 18 1.367697579687868
13 19 1.1576891258784499
13 20 1.023762327272247
13 21 1.1831174141742515
13 22 1.2371411946401618
13 23 1.2102101912649879
13 24 1.1666098253206691
13 25 0.9957972932499278
13 26 1.37449173328014
13 27 1.3516791379360347
13 28 1.0053382717531876
13 29 1.3772975898096604
13 30 1.5197171010147041
13 31 0.8765301771183662
13 32 1.4974283318069357
13 33 1.542110959557397
13 34 1.1425006983133277
13 35 0.8653505207321971
13 36 1.3093353454940546
13 37 1.17223293158442
13 38 1.2652551240541534
13 39 1.1482162778885823
13 40 1.2553220897333286
13 41 1.1265707895531756
13 42 1.4963590319722204
13 43 1.406959118826053
13 44 1.1428473081296784
13 45 1.1946724943573102
13 46 1.2528544285763128
13 47 1.2952037951759736
13 48 1.4562316350351132
13 49 1.1432984484584212
13 50 1.335036765074057
13 51 1.2751139708511225
13 52 1.3642677001674006
13 53 1.2137033310008531
13 54 1.1105002872985124
13 55 1.1464205778996692
13 56 0.7708495725139589
13 57 1.0033305995270252
13 58 1.281157699567019
13 59 0.8045824800135036
13 60 1.4559845178519415
13 61 1.17355793789913
13 62 1.2250932101173186
13 63 1.3108905258576247
13 64 1.1101247558749094
13 65 1.4158539356609152
13 66 1.022662685002923
13 67 1.2470280024364064
13 68 1.3007071767258176
13 69 1.4174194016835384
13 70 1.2983787069569408
13 71 1.1650244973962738
13 72 1.3860038962475967
13 73 1.3545510392311018
13 74 1.2390625139041505
13 75 1.0678879009661737
13 76 0.8290219478126757
13 77 1.1319059167486054
13 78 1.3566750838122996
13 79 0.8417788238633727
13 80 1.261012542620747
13 81 1.3288163797755987
13 82 1.302985995878743
13 83 1.1819637882389296
13 84 1.1034803158004998
13 85 1.2822107820095106
13 86 1.2429093706691012
13 87 1.3904641153260677
13 88 1.3047449813165013
13 89 1.0410777592061407
14 15 1.0912559159075512
14 16 1.0090798156930563
14 17 1.0494741363945008
14 18 1.282128688971408
14 19 1.1574089319785643
14 20 1.0787369946600447
14 21 1.1981480748874804
14 22 1.2606201915993798
14 23 1.3399595386483052
14 24 1.1431162786106823
14 25 1.175728227385571
14 26 1.3170435960786382
14 27 1.3608037772574126
14 28 1.1655674697607288
14 29 1.34093299556828
14 30 1.4475203851443994
14 31 1.0760586465508155
14 32 1.4117112576580773
14 33 1.4017349748558756
14 34 1.2861671859836745
14 35 1.0898198937573083
14 36 1.2043077730474416
14 37 1.2489933731831906
14 38 1.2906643077096402
14 39 1.1883671308239556
14 40 1.214916444587261
14 41 1.258303182076664
14 42 1.4084185157797902
14 43 1.3963283546062395
14 44 1.235380722893005
14 45 1.1260790079163305
14 46 1.2218426644941152
14 47 1.2375823653681917
14 48 1.3488718254757863
14 49 1.1796828370137624
14 50 1.2840382968934736
14 51 1.302889845778016
14 52 1.284519880374672
14 53 1.1798486870160998
14 54 1.2797593163696168
14 55 1.2730411618649462
14 56 1.11257842617143
14 57 1.0173826687116567
14 58 1.2304286674876903
14 59 1.0678070744319281
14 60 1.3792125772008919
14 61 1.2793187538028057
14 62 1.2927368905068368
14 63 1.3028330716691288
14 64 1.3023082258470198
14 65 1.3450777191535295
14 66 1.1674272090559865
14 67 1.223975051700755
14 68 1.3113083008366873
14 69 1.296791466098115
14 70 1.256546404032644
14 71 1.3076635680442905
14 72 1.2696665573844639
14 73 1.2304788027900555
14 74 1.2652086787970622
14 75 1.058878025938504
14 76 1.1085044907948172
14 77 1.2141951380135079
14 78 1.348546491103754
14 79 1.0202381596601675
14 80 1.2301388934702915
14 81 1.4030997603293767
14 82 1.2882197908693205
14 83 1.3007454629138195
14 84 1.2081599005179542
14 85 1.2432075694332978
14 86 1.2977254464158858
14 87 1.3301795690677518
14 88 1.3539982077648487
14 89 1.0994178528594707
15 16 1.1494751627075084
15 17 1.1726376863142212
15 18 1.276080364516893
15 19 1.2047282192100892
15 20 1.2431320271800421
15 21 1.3158394636111734
15 22 1.2575198911808447
15 23 1.2902039640460967
15 24 1.213391741081385
15 25 1.1179883964955524
15 26 1.298699940885538
15 27 1.3783681456021197
15 28 1.1514864174991915
15 29 1.409479528811552
15 30 1.4197094444748048
15 31 1.0820681623195525
15 32 1.410596152604387
15 33 1.395035734819935
15 34 1.3436074044291066
15 35 1.2141814778702402
15 36 1.3092608914917345
15 37 1.2372542335236136
15 38 1.292285647160069
15 39 1.1594075150463974
15 40 1.3338614721128008
15 41 1.2350071862465979
15 42 1.3885785588959634
15 43 1.3674095084107725
15 44 1.22621703312677
15 45 1.1912295644785098
15 46 1.2377893780693796
15 47 1.348423706569723
15 48 1.3804638041654331
15 49 1.1742533126551924
15 50 1.2211936739404812
15 51 1.3074934610618325
15 52 1.353191650403567
15 53 1.1627757158899537
15 54 1.387115710843045
15 55 1.3633507056583567
15 56 1.185976512048104
15 57 1.0861843904244002
15 58 1.2491306665002289
15 59 1.2168583244135758
15 60 1.361024422201787
15 61 1.3377797473124111
15 62 1.281511479750375
15 63 1.2837691051215243
15 64 1.223516109542256
15 65 1.4133280189130855
15 66 1.2631143953767339
15 67 1.2762988458390043
15 68 1.3560716836592708
15 69 1.4210017205159142
15 70 1.2726348316536646
15 71 1.3046771997434095
15 72 1.2356270717802083
15 73 1.257959017567793
15 74 1.274860003229423
15 75 1.134750320687763
15 76 1.187971535753591
15 77 1.1768395444680972
15 78 1.3491314206959668
15 79 1.0904419455367054
15 80 1.3020468767822675
15 81 1.3724790975158767
15 82 1.2798587410705091
15 83 1.293606030114874
15 84 1.207743567960313
15 85 1.2386698847112694
15 86 1.1366364635536155
15 87 1.3693661678029898
15 88 1.4085628371285268
15 89 1.1888259576937599
16 17 1.1400373222360527
16 18 1.2121514302967382
16 19 1.176528484241151
16 20 1.2073739467798958
16 21 1.2835023793883749
16 22 1.219440441991786
16 23 1.234456265283665
16 24 1.1812552567050612
16 25 1.1950625113243107
16 26 1.3624275218671598
16 27 1.3585529949916078
16 28 1.1709707780185106
16 29 1.473437569752034
16 30 1.5077062880812337
16 31 1.116492899723904
16 32 1.4462091593266633
16 33 1.465532611768018
16 34 1.2520949899654397
16 35 1.1677154636159233
16 36 1.3360098360892467
16 37 1.3017626240072213
16 38 1.3104388260652846
16 39 1.2130136400504952
16 40 1.3290611276769837
16 41 1.2578195470749123
16 42 1.4614108455227315
16 43 1.4119262460665687
16 44 1.2086067421691467
16 45 1.1823581206483615
16 46 1.1952387459788039
16 47 1.2448448660563676
16 48 1.3809904771796642
16 49 1.1424019372044638
16 50 1.2439810649891268
16 51 1.3190674434170298
16 52 1.2038585427944413
16 53 1.145576313292121
16 54 1.3423182120949715
16 55 1.26231468681549
16 56 1.0944267630793914
16 57 1.0360445483401814
16 58 1.2456724495823974
16 59 1.1809616017159124
16 60 1.3555239369580558
16 61 1.3091993792122425
16 62 1.3442795020898588
16 63 1.1661759587581646
16 64 1.2036223472378493
16 65 1.3705822136444017
16 66 1.2433379288868733
16 67 1.190154068832209
16 68 1.3436566777273553
16 69 1.2822628938983487
16 70 1.2546246755705754
16 71 1.3326451684146683
16 72 1.226294256350279
16 73 1.281681793841967
16 74 1.314626293986246
16 75 1.1328333369814
16 76 1.1713638513182931
16 77 1.1863257806817231
16 78 1.2729878572082158
16 79 1.1249958123780373
16 80 1.2944669549124403
16 81 1.4155637870424427
16 82 1.2901426619821252
16 83 1.3061570612967344
16 84 1.2129818165404367
16 85 1.3094928850992336
16 86 1.288720886944613
16 87 1.3123460117490091
16 88 1.3599587644362754
16 89 0.9940778249451796
17 18 1.256413883142514
17 19 1.2323020590767049
17 20 1.1148803903158349
17 21 1.2089454897987748
17 22 1.245791879730363
17 23 1.2874974623829105
17 24 1.1597375732650443
17 25 1.0865782610324966
17 26 1.3530105011492082
17 27 1.4100395804637371
17 28 1.0323951438068777
17 29 1.41923506804443
17 30 1.5097237207123313
17 31 1.0697056171117618
17 32 1.4762252314453161
17 33 1.4516980684766057
17 34 1.2307567344641304
17 35 1.1051327212843098
17 36 1.2923834124900346
17 37 1.2922459130403596
17 38 1.3921072249781064
17 39 1.204313436187024
17 40 1.2122378472637187
17 41 1.1405249777645543
17 42 1.408553516769826
17 43 1.3637593410570887
17 44 1.159432247915867
17 45 1.1049160921194636
17 46 1.2334517454556366
17 47 1.30759215774501
17 48 1.458017798467709
17 49 1.1280920272611012
17 50 1.2560947395785764
17 51 1.325647104075472
17 52 1.2213256944911757
17 53 1.1877904405385835
17 54 1.317883023263724
17 55 1.2702283031461044
17 56 1.112699384965846
17 57 1.067186397540157
17 58 1.3053853906227764
17 59 1.1574400106470735
17 60 1.3923705881098416
17 61 1.2059128417350327
17 62 1.282356808721722
17 63 1.3045368191460969
17 64 1.1484465009432916
17 65 1.3694796068096597
17 66 1.1133364848900824
17 67 1.3079316186201586
17 68 1.3200503014496738
17 69 1.4779440453414756
17 70 1.205280631530894
17 71 1.2971831925986836
17 72 1.1842588199604203
17 73 1.3408223015236225
17 74 1.2781032635286516
17 75 1.0791849624842822
17 76 1.1300501191880477
17 77 1.1572909196557308
17 78 1.355695908779449
17 79 1.0106631604190646
17 80 1.2792525853509569
17 81 1.353249749463501
17 82 1.2879598506314405
17 83 1.2971257266630596
17 84 1.2203765768330603
17 85 1.125177510271559
17 86 1.1252701516221004
17 87 1.2878898423758625
17 88 1.3246595345327314
17 89 1.192124135236247
18 19 1.2815737605081026
18 20 1.4327735254031664
18 21 1.3759567225383127
18 22 1.3633053120097607
18 23 1.3680902568892717
18 24 1.3274108118758987
18 25 1.2767115740516584
18 26 1.2582419564948975
18 27 1.374053515728779
18 28 1.3739508460414025
18 29 1.3641649462403997
18 30 1.2665129715765917
18 31 1.349064762493015
18 32 1.2099495075382845
18 33 1.2207382874420696
18 34 1.4265274125180452
18 35 1.363624349670234
18 36 1.4493563625963097
18 37 1.510303193052802
18 38 1.3971114200108004
18 39 1.2680757122097779
18 40 1.362483177591359
18 41 1.3061261108937816
18 42 1.141773682534293
18 43 1.0623389910139003
18 44 1.2835867885764767
18 45 1.2994439175664976
18 46 1.337588486520389
18 47 1.3758634198763107
18 48 1.185265450449599
18 49 1.196050560260751
18 50 1.2021156887378825
18 51 1.3941811859087268
18 52 1.4310025921600642
18 53 1.3930598272606962
18 54 1.3901055444127313
18 55 1.3025436463199453
18 56 1.3826622262601953
18 57 1.257851548896938
18 58 1.2908649311435676
18 59 1.5132407240905181
18 60 1.2341766821667426
18 61 1.3983588612802873
18 62 1.4264050477084549
18 63 1.3146852585454993
18 64 1.2905062795308246
18 65 1.1452159406370754
18 66 1.3573365237941817
18 67 1.3078640962616292
18 68 1.3966694819953176
18 69 1.0771830990712608
18 70 1.4299351449686053
18 71 1.361455813436661
18 72 1.369505016489674
18 73 1.5301385525859812
18 74 1.2792457083410274
18 75 1.235397524457298
18 76 1.4831320691674978
18 77 1.455552060117637
18 78 1.3683638246144296
18 79 1.3245031319123222
18 80 1.3098944843796763
18 81 1.4707329722804396
18 82 1.4227033825624946
18 83 1.3052015727416952
18 84 1.3529430381299616
18 85 1.2137525457387512
18 86 1.2180676488606517
18 87 1.4010959298009593
18 88 1.3241579811895645
18 89 1.3467262486947238
19 20 1.1443034833703971
19 21 1.243132462020713
19 22 1.3241562449644693
19 23 1.3325662624187509
19 24 1.2590444169037338
19 25 1.091038177300737
19 26 1.3068091045860648
19 27 1.2254384659210305
19 28 1.1932960046864765
19 29 1.4725446757369798
19 30 1.4655214406416652
19 31 1.1679630668393952
19 32 1.390127262255223
19 33 1.4602464507956046
19 34 1.1932040764675629
19 35 1.1528111845509528
19 36 1.2526523500008926
19 37 1.2581622898466736
19 38 1.1972140775796203
19 39 1.1974367956313527
19 40 1.3648980378693167
19 41 1.316211853124827
19 42 1.4920378421697744
19 43 1.3704824139119576
19 44 1.225207076006238
19 45 1.171553136304564
19 46 1.2864057463707175
19 47 1.362286857273566
19 48 1.3220736260153707
19 49 1.2011532459983687
19 50 1.2775884952677299
19 51 1.2895421287527762
19 52 1.4465971980816794
19 53 1.215097655490265
19 54 1.2506077695725573
19 55 1.2750655501689077
19 56 1.177493326464444
19 57 1.1465460419588756
19 58 1.316824787033456
19 59 1.2221451072444864
19 60 1.2897917835588226
19 61 1.2439392595388266
19 62 1.23251338547239
19 63 1.264706962614469
19 64 1.2091584686833234
19 65 1.4072791190042149
19 66 1.26629144884597
19 67 1.2408434908820214
19 68 1.2597767399090014
19 69 1.3698266016530802
19 70 1.2506331551759677
19 71 1.105157953260954
19 72 1.2584541176338333
19 73 1.2416657854605435
19 74 1.2630415321237305
19 75 1.1588241636505623
19 76 1.1903957665291742
19 77 1.137711453731985
19 78 1.3037239641187677
19 79 1.1256008574425895
19 80 1.3109832734112468
19 81 1.3329446753308303
19 82 1.2471707615499872
19 83 1.1622154637929905
19 84 1.168356964208624
19 85 1.3304092749676812
19 86 1.3894111657597092
19 87 1.424152334967049
19 88 1.2282009451812976
19 89 1.1905375718159128
20 21 1.2132667317899022
20 22 1.1911416642882455
20 23 1.2586657395190877
20 24 1.0990753845054797
20 25 0.9022265626780841
20 26 1.3294981328110083
20 27 1.3582171398224618
20 28 1.0420672865945009
20 29 1.4027211364487293
20 30 1.5540685863259343
20 31 0.9959847413012608
20 32 1.461090337867965
20 33 1.5171028385120027
20 34 1.204321902105868
20 35 1.076423139023575
20 36 1.2115578100387137
20 37 1.2725008205987798
20 38 1.1821620880070556
20 39 1.1062861612880093
20 40 1.2755390675687321
20 41 1.1709273343126807
20 42 1.5133208338849766
20 43 1.39373626343836
20 44 1.2306869023175966
20 45 1.1670744105752549
20 46 1.1906382390503347
20 47 1.2768084644464273
20 48 1.4493930873404235
20 49 1.1894284513440554
20 50 1.3350496445260551
20 51 1.2436452347171845
20 52 1.309153221831374
20 53 1.157533795291087
20 54 1.1521141329083293
20 55 1.2622463049905592
20 56 1.0781511572980256
20 57 1.0682821430718108
20 58 1.2003925342870503
20 59 0.9845469919125093
20 60 1.573815092775736
20 61 1.2307896650136363
20 62 1.1943044622705157
20 63 1.2930288371807004
20 64 1.1683093729716163
20 65 1.4450657838981806
20 66 0.9413125389894444
20 67 1.1694054879603517
20 68 1.1914512010309164
20 69 1.3652349591906767
20 70 1.2124018768387235
20 71 1.1523398868018426
20 72 1.2767481314013678
20 73 1.250836928439062
20 74 1.2408920366071572
20 75 1.0280956061994029
20 76 1.0028243880883296
20 77 1.0464357623626053
20 78 1.2835410169059476
20 79 1.000042823890884
20 80 1.2494846409161542
20 81 1.4094117025554453
20 82 1.2580371807675723
20 83 1.359818747370366
20 84 1.2377104682945996
20 85 1.2229487311673308
20 86 1.2594704053990515
20 87 1.4011028008329376
20 88 1.1814752414165341
20 89 1.1611100874691553
21 22 1.149803106741675
21 23 1.1979879759708163
21 24 1.2056613926025015
21 25 1.1343452982973286
21 26 1.403614213914595
21 27 1.3347995349732902
21 28 1.149514979464796
21 29 1.3897193883975207
21 30 1.4135260223745258
21 31 1.215507404806953
21 32 1.4076364161464647
21 33 1.3933203600178656
21 34 1.276254681063358
21 35 1.0954080480664077
21 36 1.171942896174723
21 37 1.264563523403942
21 38 1.3297341850346764
21 39 1.2508247036132991
21 40 1.3519247547248359
21 41 1.2952885958130096
21 42 1.3883675744299702
21 43 1.4429042427956706
21 44 1.212819796964925
21 45 1.0715646055427197
21 46 1.2941886912902396
21 47 1.2623463476960628
21 48 1.3583445925942084
21 49 1.3929787876327426
21 50 1.3627168339677558
21 51 1.3244029520976845
21 52 1.3330680123077743
21 53 1.3436970486768336
21 54 1.3292212984956746
21 55 1.3665599405393427
21 56 1.153738542069696
21 57 1.244682649580302
21 58 1.3027652772361675
21 59 1.2043052313652627
21 60 1.3848488066937592
21 61 1.2206411019982202
21 62 1.2526523362723723
21 63 1.5669004184179165
21 64 1.1646554038347883
21 65 1.3898543904038863
21 66 1.1731829225664618
21 67 1.1691358199912627
21 68 1.3627990061340953
21 69 1.3454024927929025
21 70 1.2397026015080213
21 71 1.2663290273258463
21 72 1.2676269132999716
21 73 1.3104873409526863
21 74 1.4031650810737537
21 75 1.0886170207194983
21 76 1.1648191731634452
21 77 1.222255040634091
21 78 1.5303420778055579
21 79 1.0410606231887203
21 80 1.3038845142450848
21 81 1.3272342032672897
21 82 1.3112426375643564
21 83 1.2358298834100327
21 84 1.1989758298932736
21 85 1.274893835348751
21 86 1.3022917219671688
21 87 1.2607211026831735
21 88 1.2554241302400286
21 89 1.3624032963107209
22 23 1.3431264243758072
22 24 1.2013558969425489
22 25 1.2050761756212358
22 26 1.201979305348912
22 27 1.3888921665749678
22 28 1.1851647680437227
22 29 1.4614200571860279
22 30 1.440362585615428
22 31 1.1887811672411617
22 32 1.4737128145568963
22 33 1.402899811473445
22 34 1.2561261031736055
22 35 1.250983330492531
22 36 1.333554357501075
22 37 1.2835679477699038
22 38 1.2166845632085952
22 39 1.2773910588774302
22 40 1.3755834538656317
22 41 1.3085488153678209
22 42 1.389242913729833
22 43 1.4413104487395616
22 44 1.3408452037685643
22 45 1.256245536113913
22 46 1.3205262364686305
22 47 1.3816504421248839
22 48 1.3904618118790564
22 49 1.2215092027935277
22 50 1.3333882055965902
22 51 1.1971453836864843
22 52 1.2857958655455464
22 53 1.3314988497049802
22 54 1.304201183023181
22 55 1.3117564634629642
22 56 1.1945533108860917
22 57 1.2145005442800876
22 58 1.259544783109595
22 59 1.250036366641445
22 60 1.3496097220839036
22 61 1.3383723172170363
22 62 1.3235788798579666
22 63 1.4148248601187312
22 64 1.2943593762800516
22 65 1.424638958980993
22 66 1.1510419313591413
22 67 1.3648921137409722
22 68 1.3248098448349355
22 69 1.407395371185565
22 70 1.374482756613219
22 71 1.1879005429258804
22 72 1.2896645955354678
22 73 1.3508177860081336
22 74 1.45959496545541
22 75 1.2198956780490868
22 76 1.220522379641586
22 77 1.2105324638259154
22 78 1.413336474103692
22 79 1.1148330247079983
22 80 1.1175910664322026
22 81 1.401057390665283
22 82 1.2422326005349673
22 83 1.2673686735804555
22 84 1.1369645791660192
22 85 1.3372954801721386
22 86 1.3890055686446914
22 87 1.1362803977073554
22 88 1.3761482474400812
22 89 1.2344903242895575
23 24 1.3162402125297525
23 25 1.1514028145238593
23 26 1.430564398400532
23 27 1.3632945743491178
23 28 1.1226909482021923
23 29 1.5053290736544833
23 30 1.5367836288908336
23 31 1.2188271709689988
23 32 1.4489058778952892
23 33 1.4824529671738742
23 34 1.132964917484735
23 35 1.1920307466498834
23 36 1.2733903579599313
23 37 1.1655038658665673
23 38 1.4481622958787084
23 39 1.286771782054607
23 40 1.301409647961928
23 41 1.1844541347003685
23 42 1.3535655100047825
23 43 1.2742759626299676
23 44 1.0639987033005833
23 45 1.2910021513902332
23 46 1.1352560268459826
23 47 1.0908986592353584
23 48 1.4697245680787712
23 49 1.3369387304309794
23 50 1.3382318576845356
23 51 1.4565631882307726
23 52 1.2308222237108115
23 53 1.213472076568588
23 54 1.352361697662693
23 55 1.408650698207474
23 56 1.1939807618243514
23 57 1.1750063993908417
23 58 1.393602504305803
23 59 1.2981495380286767
23 60 1.3943155996435315
23 61 1.3343096675821093
23 62 1.2780757689613822
23 63 1.4238480692168478
23 64 0.9509208211270311
23 65 1.4739413596862654
23 66 1.2747797396182396
23 67 1.239299841129015
23 68 1.2986762147576503
23 69 1.3229568117776247
23 70 1.2389940061710205
23 71 1.361042098118898
23 72 1.3036761367283323
23 73 1.2372940240109673
23 74 1.2576263037394728
23 75 1.1531753277815193
23 76 1.278303625452814
23 77 1.3345860803136649
23 78 1.1589376808669225
23 79 1.2617230067363638
23 80 1.3974918708474682
23 81 1.2563727440390169
23 82 1.22977408611541
23 83 1.3549303289727792
23 84 1.3803053018431386
23 85 1.3101888412392042
23 86 1.2185725303013208
23 87 1.3177200201109969
23 88 1.3297050816449332
23 89 1.3187239779304325
24 25 1.0955633352834753
24 26 1.3741711113017174
24 27 1.289760010790687
24 28 1.046431275334462
24 29 1.3080280209449928
24 30 1.3814533872747543
24 31 1.1703103803403614
24 32 1.4017124282650046
24 33 1.3854821901048984
24 34 1.2959419949125308
24 35 1.187822320502507
24 36 1.1786367226877963
24 37 1.2962063402919681
24 38 1.2791899717815816
24 39 1.0956187113130975
24 40 1.1924240530913253
24 41 1.181419233957565
24 42 1.368069098188669
24 43 1.3270871018702808
24 44 1.190412614839737
24 45 1.0901626163169973
24 46 1.2503264555454605
24 47 1.3116385824703212
24 48 1.334661937423493
24 49 1.151530219278969
24 50 1.253378066454473
24 51 1.220313971391804
24 52 1.181750591070061
24 53 1.2755806950312887
24 54 1.2275194901168514
24 55 1.2612123202493541
24 56 1.1155469101623487
24 57 1.210437275498218
24 58 1.1506099269182555
24 59 1.0559502790104238
24 60 1.3326221440749915
24 61 1.2258295732914803
24 62 1.1606032885907853
24 63 1.349806221218496
24 64 1.2172251915018422
24 65 1.3541687631211627
24 66 1.0967251448936233
24 67 1.262067381037147
24 68 1.4375723919740555
24 69 1.4070904178746295
24 70 1.3103410724555993
24 71 1.2414030513226986
24 72 1.1909332467425426
24 73 1.3566859577421224
24 74 1.2997882462205044
24 75 1.0741439376152364
24 76 1.1115925172522096
24 77 1.0789303242783361
24 78 1.285110006095802
24 79 1.0162385915744268
24 80 1.2346572613661282
24 81 1.3111284756274928
24 82 1.3144418868002168
24 83 1.2700941956312026
24 84 1.3184211687771303
24 85 1.2203159951511893
24 86 1.259301181074162
24 87 1.2893096715463812
24 88 1.260508965227519
24 89 1.181363072708776
25 26 1.2682366024148994
25 27 1.396127700779238
25 28 0.9548395901253857
25 29 1.3315215284112005
25 30 1.4836708570997512
25 31 1.065316601641465
25 32 1.4481168814804113
25 33 1.4386771869057016
25 34 1.1023441844024868
25 35 1.1012935306099596
25 36 1.2735226290302604
25 37 1.2162154122518922
25 38 1.2009322362084036
25 39 0.9408398830456219
25 40 1.2219524272017197
25 41 1.1958199867241088
25 42 1.4273210778657772
25 43 1.2992142275315608
25 44 1.1600577988355072
25 45 1.0763550664707942
25 46 1.028542103797112
25 47 1.291918156131745
25 48 1.4196642013055827
25 49 1.0843534603224796
25 50 1.2251603639765085
25 51 1.2738041764794565
25 52 1.3999003134328274
25 53 1.1691343421070153
25 54 1.068866532711152
25 55 1.1522135159385711
25 56 1.0368234579500222
25 57 1.0568661391529053
25 58 1.2201641095420044
25 59 1.1047336125510776
25 60 1.4292760834485725
25 61 1.2528830655674106
25 62 1.1923873144919053
25 63 1.2890241596080403
25 64 1.026331692911424
25 65 1.4040287487432157
25 66 1.0475714794980804
25 67 1.2126808069649748
25 68 1.2166974898289011
25 69 1.393011711880385
25 70 1.2275680945398708
25 71 1.1900106518693978
25 72 1.318621194500002
25 73 1.2868259764184113
25 74 1.215591600985963
25 75 0.9172631599448339
25 76 1.13533248988594
25 77 0.8791868051808651
25 78 1.2709004992868833
25 79 0.9870657077354915
25 80 1.178657962951587
25 81 1.3527225238614404
25 82 1.3616329507438092
25 83 1.1533666014030077
25 84 1.1601886251445666
25 85 1.2362499780616567
25 86 1.268210291532644
25 87 1.3363349569440883
25 88 1.1734373605752204
25 89 1.2268750216964517
26 27 1.3312795621120925
26 28 1.331042457746553
26 29 1.4326972498411543
26 30 1.3572881446622502
26 31 1.3920257036534314
26 32 1.3708827866235804
26 33 1.3225039151133906
26 34 1.3644910360291855
26 35 1.3850471314133737
26 36 1.4178137104266393
26 37 1.3887500953539518
26 38 1.3368136431022712
26 39 1.2523174793707483
26 40 1.4798447073272323
26 41 1.4408434078742922
26 42 1.337689427583683
26 43 1.2195503988365037
26 44 1.3423048066578525
26 45 1.3402218731584352
26 46 1.3113674328450782
26 47 1.4531809809776164
26 48 1.3502284408118301
26 49 1.10220246623161
26 50 1.2251843313719673
26 51 1.3021754342677012
26 52 1.375319215716746
26 53 1.3340079778887275
26 54 1.1662313158928137
26 55 1.1492123883083987
26 56 1.4312178631722317
26 57 1.2922345298201734
26 58 1.3474174846913571
26 59 1.427077084518852
26 60 1.3876390347671916
26 61 1.5207432010550088
26 62 1.4525460287716856
26 63 1.3951023272136729
26 64 1.4631205944133996
26 65 1.349174718318022
26 66 1.3477249882678173
26 67 1.3991287781932706
26 68 1.4720222303601753
26 69 1.2527646988004815
26 70 1.35173304913869
26 71 1.3399393177759154
26 72 1.33276641275777
26 73 1.387808480581177
26 74 1.3972709244635628
26 75 1.332568797150307
26 76 1.4555664460210154
26 77 1.302876974679484
26 78 1.3618520540250292
26 79 1.355309306720588
26 80 1.241891092312307
26 81 1.4137611959139391
26 82 1.3635929201491614
26 83 1.3797693090379541
26 84 1.292634102847259
26 85 1.3896213429575297
26 86 1.3955215582455398
26 87 1.343493231606698
26 88 1.3777192032802237
26 89 1.2756505686661592
27 28 1.3843527652830727
27 29 1.4313179902975486
27 30 1.2547433974462905
27 31 1.2676555457984902
27 32 1.3049439510509702
27 33 1.2780306563570722
27 34 1.2590347799953203
27 35 1.269703645057239
27 36 1.2972613950244414
27 37 1.2402296354482076
27 38 1.4731759857262428
27 39 1.360444019136367
27 40 1.3073264002799818
27 41 1.2918173689537973
27 42 1.3569081551668754
27 43 1.2454766040219674
27 44 1.2898895064058722
27 45 1.2919873586181718
27 46 1.321731646933609
27 47 1.3509450429951644
27 48 1.304274170755938
27 49 1.4176899127440032
27 50 1.2011726544042645
27 51 1.3809078509208181
27 52 1.3949476447832996
27 53 1.380198723748129
27 54 1.3907381250249682
27 55 1.3433895287643398
27 56 1.3766460719751978
27 57 1.2878495030028694
27 58 1.3971540861580354
27 59 1.3397458138356837
27 60 1.3189586617411813
27 61 1.3519270950597617
27 62 1.2960508296436342
27 63 1.266705910974718
27 64 1.3920308445582856
27 65 1.2478240617352914
27 66 1.372402028535569
27 67 1.2257352404864528
27 68 1.4190761622126975
27 69 1.3719363371524287
27 70 1.3344552615901915
27 71 1.251953201636163
27 72 1.260519254770521
27 73 1.3355812081144172
27 74 1.4365041323726242
27 75 1.2270900986770592
27 76 1.3237831348634004
27 77 1.425536628283772
27 78 1.1877757804431253
27 79 1.2310868282248388
27 80 1.424153426629765
27 81 1.3007758790767183
27 82 1.1878445048712136
27 83 1.2697281923590662
27 84 1.2981751730892381
27 85 1.2492432202583503
27 86 1.362492250592254
27 87 1.327564264599983
27 88 1.2756906680868918
27 89 1.3957160347994704
28 29 1.4550133255922555
28 30 1.502483228647811
28 31 1.0397061682674513
28 32 1.4360686094019668
28 33 1.4520108021662896
28 34 1.129009228693263
28 35 1.0780216065057269
28 36 1.17524162227628
28 37 1.238344335728316
28 38 1.2745530628471977
28 39 1.1209765226730255
28 40 1.1915163003094555
28 41 1.132124294805912
28 42 1.4221497673369357
28 43 1.3443727618037997
28 44 1.1544036714077994
28 45 1.10866614271133
28 46 1.1792913834240297
28 47 1.1901942371237044
28 48 1.3903533109171826
28 49 1.0913187623661962
28 50 1.3409050148453339
28 51 1.356193029408583
28 52 1.2692912792648758
28 53 1.1506739955503222
28 54 1.2224279232655044
28 55 1.2737960929744956
28 56 1.0106573175656812
28 57 1.0221398090095077
28 58 1.3026152817883576
28 59 1.084375233151851
28 60 1.3631319227637182
28 61 1.2063654792939296
28 62 1.0578737920632861
28 63 1.3192830783044756
28 64 0.9605132780778053
28 65 1.4048664063568965
28 66 0.9941842529500381
28 67 1.3463873008991711
28 68 1.3740360209150833
28 69 1.3410353873908036
28 70 1.1365423706878794
28 71 1.209829476918168
28 72 1.2972436027619472
28 73 1.338708490672326
28 74 1.248623620932031
28 75 1.01675740058693
28 76 1.0823556961527208
28 77 1.019452200013209
28 78 1.3181165912028585
28 79 0.9189449743373812
28 80 1.2009961048696842
28 81 1.349795650688154
28 82 1.3530050294182698
28 83 1.1937832976998703
28 84 1.2381976200580986
28 85 1.2196968402683444
28 86 1.2017277242107052
28 87 1.2904319544353284
28 88 1.331168298281938
28 89 1.1930960338730587
29 30 1.2107607637033662
29 31 1.4588654373176257
29 32 1.258726028917629
29 33 1.2724468807112739
29 34 1.4562530000686895
29 35 1.46684477961676
29 36 1.3935261415160534
29 37 1.435516832063505
29 38 1.3799203986594384
29 39 1.4041587878440982
29 40 1.4057502605134142
29 41 1.3240054459055803
29 42 1.2205964956334525
29 43 1.2570706632697357
29 44 1.3611632301444236
29 45 1.4303374861878801
29 46 1.411771333612424
29 47 1.3706627383651968
29 48 1.2538203110460144
29 49 1.4099577343451082
29 50 1.3240065614807757
29 51 1.4124085995313753
29 52 1.4549137585816931
29 53 1.4516693124135422
29 54 1.3400395162279237
29 55 1.3165761727413465
29 56 1.484163685471584
29 57 1.4570349255765944
29 58 1.451307902565516
29 59 1.4632953185201496
29 60 1.3478308107187176
29 61 1.3223173496061493
29 62 1.3892769488643772
29 63 1.366353888641815
29 64 1.5421866558237698
29 65 1.2318400393903857
29 66 1.485504612052736
29 67 1.428474058582298
29 68 1.3233130859493987
29 69 1.4484290609684167
29 70 1.4838209949733006
29 71 1.408922113667209
29 72 1.4369187343936236
29 73 1.4349570156415947
29 74 1.3516679328993317
29 75 1.3911069859384022
29 76 1.477287691293017
29 77 1.3781977235931058
29 78 1.485672332627499
29 79 1.3904319575844994
29 80 1.2915897575274116
29 81 1.3575674955324233
29 82 1.51304099111857
29 83 1.4304716774134083
29 84 1.3923535540600804
29 85 1.2676648637983123
29 86 1.3830907038569287
29 87 1.387528207501798
29 88 1.3555681980493357
29 89 1.4580103146665913
30 31 1.5507448074533188
30 32 0.6768867645563695
30 33 0.5248057588911283
30 34 1.4870640810255533
30 35 1.56220489405565
30 36 1.3866468373656646
30 37 1.453786858148863
30 38 1.526134574700082
30 39 1.4542810374231079
30 40 1.40722735344008
30 41 1.4521853222282677
30 42 0.669114475083944
30 43 1.1589275471438634
30 44 1.3902987904529858
30 45 1.4074053379427327
30 46 1.4920680521043481
30 47 1.4582230874269735
30 48 0.6973771637148933
30 49 1.468831349339256
30 50 1.2742083121479708
30 51 1.514178940941668
30 52 1.492073621030524
30 53 1.4564804782674556
30 54 1.4053867916038114
30 55 1.3754381311620638
30 56 1.6529061665292992
30 57 1.507768739087126
30 58 1.485480374896257
30 59 1.620691886404562
30 60 1.1069605098170912
30 61 1.4173508026313089
30 62 1.4004309956066843
30 63 1.406481688243421
30 64 1.528123877781427
30 65 0.7254387494348895
30 66 1.4689964103743753
30 67 1.5261237403985775
30 68 1.410012347414741
30 69 1.3922492654548866
30 70 1.5147493217031263
30 71 1.3732315863474711
30 72 1.4229913660006532
30 73 1.4904296207915033
30 74 1.4965189017543916
30 75 1.372392853450991
30 76 1.650442376285408
30 77 1.50080050396817
30 78 1.4540419059982435
30 79 1.461546193653939
30 80 1.3017671786549045
30 81 1.377174846735158
30 82 1.4935318640045812
30 83 1.362038477987003
30 84 1.3932538983939482
30 85 1.391146589416298
30 86 1.4332952661248557
30 87 1.3842231872946376
30 88 1.451077578907865
30 89 1.4929576237205704
31 32 1.4843019254714707
31 33 1.5445564745805163
31 34 1.2220917495147952
31 35 0.7949361635672898
31 36 1.1976515499807565
31 37 1.1289110527605597
31 38 1.1636831196518977
31 39 1.059976332317256
31 40 1.1511562761149479
31 41 1.063682344889213
31 42 1.5136922526971592
31 43 1.310100216905714
31 44 1.185193038582381
31 45 1.089161324234808
31 46 1.1574492042303264
31 47 1.2510382007370124
31 48 1.417321615812029
31 49 1.1475370114317454
31 50 1.3180569945188314
31 51 1.2604767562349501
31 52 1.2343557744351703
31 53 1.1745358297826374
31 54 1.2689751618141525
31 55 1.3347349410120666
31 56 0.7123864044215029
31 57 0.7876143397425264
31 58 1.1493416819071685
31 59 0.8087906399736784
31 60 1.3777600049841214
31 61 1.193105026864088
31 62 1.173672272253512
31 63 1.2544934505168952
31 64 1.1235306046381193
31 65 1.4690152304325783
31 66 1.055352073916801
31 67 1.2496708858028671
31 68 1.3377393706603053
31 69 1.4348923908784965
31 70 1.219939388726672
31 71 1.2342802281483762
31 72 1.2624921770865312
31 73 1.3393605050523272
31 74 1.2353022619142042
31 75 0.9860561045807569
31 76 0.7409976196651907
31 77 1.1418066258932813
31 78 1.3337124771099655
31 79 0.7079191980277362
31 80 1.2433865057520512
31 81 1.3233580041936692
31 82 1.2617272047705002
31 83 1.210310524656108
31 84 1.1303377217441477
31 85 1.2208829842696491
31 86 1.1773508959037065
31 87 1.441630500589228
31 88 1.2409483335878677
31 89 1.0699620172139916
32 33 0.6159440228656917
32 34 1.4598096476557592
32 35 1.5492579639543174
32 36 1.3545623779787554
32 37 1.4465117208731086
32 38 1.454767997052916
32 39 1.4117455165079908
32 40 1.3395427963834434
32 41 1.4003465570896962
32 42 0.7669305875590473
32 43 1.1097862579044029
32 44 1.3555968990063012
32 45 1.3920199543189844
32 46 1.436169282127548
32 47 1.3975070577154578
32 48 0.521044393673367
32 49 1.4493268966595119
32 50 1.1920546695301948
32 51 1.5322654042583372
32 52 1.4819276842720268
32 53 1.4063233838627132
32 54 1.410739634447312
32 55 1.372528246773225
32 56 1.6261061240082957
32 57 1.449313814515045
32 58 1.4391492953757756
32 59 1.6144685181349987
32 60 1.093104769218832
32 61 1.393427447587121
32 62 1.352512759226181
32 63 1.3434060529729008
32 64 1.4714194641676648
32 65 0.7215998525619184
32 66 1.4173941381815338
32 67 1.4182341796446682
32 68 1.3744974853156742
32 69 1.303041314493281
32 70 1.4509915242560392
32 71 1.420828850888006
32 72 1.387150622535773
32 73 1.3933964639096112
32 74 1.4956461058967767
32 75 1.2757607754125004
32 76 1.6206732437234903
32 77 1.5256109754605205
32 78 1.3941432364483914
32 79 1.4305494364203764
32 80 1.3075428163743095
32 81 1.3372560113034162
32 82 1.479634423418045
32 83 1.3927677634289013
32 84 1.4055428689409746
32 85 1.3811135331612787
32 86 1.3842895857639068
32 87 1.3771412460849626
32 88 1.4730451597935108
32 89 1.455255240840888
33 34 1.4602675213740606
33 35 1.5609736023546261
33 36 1.34860393160058
33 37 1.4703773382729077
33 38 1.502284419299279
33 39 1.3972380385268124
33 40 1.3399338233393385
33 41 1.4173405526669258
33 42 0.7184309975623443
33 43 1.1508970184173608
33 44 1.3180581874334376
33 45 1.3069629013546027
33 46 1.3835697834941885
33 47 1.4142300398939573
33 48 0.6684425673072236
33 49 1.4608247698923267
33 50 1.2309028487144242
33 51 1.549447350049957
33 52 1.4580414031564015
33 53 1.431715101329906
33 54 1.4151597098721231
33 55 1.3575535471467652
33 56 1.6617457977384567
33 57 1.4763701779974752
33 58 1.4734205068523654
33 59 1.6398068461957853
33 60 1.1168563069207826
33 61 1.4417512574283384
33 62 1.3621743388274636
33 63 1.3530032923271704
33 64 1.4751064801312757
33 65 0.6294622601609315
33 66 1.3815787747239583
33 67 1.4445426760429092
33 68 1.3844397804377553
33 69 1.2867442963231612
33 70 1.4245927718216795
33 71 1.4237359819803097
33 72 1.3912183640274607
33 73 1.4431959597210822
33 74 1.4906259025560693
33 75 1.301038096903523
33 76 1.6654857799738303
33 77 1.5129365392643062
33 78 1.3808039855193575
33 79 1.4615334639488633
33 80 1.2960850198160516
33 81 1.4162195754329727
33 82 1.4974963551550105
33 83 1.4186426835583343
33 84 1.4195699781660287
33 85 1.3382267757698003
33 86 1.3518722961770482
33 87 1.3178917111816577
33 88 1.424402331757626
33 89 1.4794598313422946
34 35 1.1082042434570902
34 36 1.3455272121521145
34 37 0.9330997374706791
34 38 1.3960788757249556
34 39 1.2545332063681227
34 40 1.2946620948468304
34 41 1.2947181862916024
34 42 1.3808276292931647
34 43 1.360604717629678
34 44 1.1909910790424392
34 45 1.2407678524399168
34 46 1.2677957917199423
34 47 1.3130428498781161
34 48 1.4481610636716251
34 49 1.30569794717863
34 50 1.2309397552688737
34 51 1.3639428288735154
34 52 1.3601733416030357
34 53 1.175627426663283
34 54 1.2583409988836218
34 55 1.2758676883919846
34 56 1.1346372310881383
34 57 1.0532158086907277
34 58 1.3913199914706427
34 59 1.2005823213263422
34 60 1.3508615551838887
34 61 1.2288961738056576
34 62 1.3010695359483146
34 63 1.1599681482711692
34 64 1.2273993810932724
34 65 1.4204982177418506
34 66 1.285771084385167
34 67 1.2083611835972106
34 68 1.3051832744473004
34 69 1.5378733247826746
34 70 1.2921754043401001
34 71 1.3034869169521854
34 72 1.2105150734391419
34 73 1.2703371520669189
34 74 1.3527493687134524
34 75 1.1268332190275248
34 76 1.2177466476575634
34 77 1.1586790072605258
34 78 1.1193769096763155
34 79 1.1831904681248513
34 80 1.3189809132275967
34 81 1.1682736127260405
34 82 1.2635321537580502
34 83 1.1345610499668675
34 84 1.3776455737603195
34 85 1.3308570689482584
34 86 1.293413451535348
34 87 1.1680737170914965
34 88 1.3358893167298864
34 89 1.3166856760338244
35 36 1.2122542442291218
35 37 1.0801815116257325
35 38 1.319954844012005
35 39 1.1262337506630573
35 40 1.2577543171438617
35 41 1.222687359453187
35 42 1.5027904778539622
35 43 1.372562836837176
35 44 1.134716027668665
35 45 1.1613858395519818
35 46 1.2404279006462586
35 47 1.2244807852695951
35 48 1.512572285304
35 49 1.191001611380889
35 50 1.3484794044256767
35 51 1.2998081068933902
35 52 1.2732484181265473
35 53 1.2511342133937693
35 54 1.1930494416931479
35 55 1.2080218003755046
35 56 0.6499619547322789
35 57 0.8836082822975154
35 58 1.1838490712091208
35 59 0.7927226697303337
35 60 1.4242144904777965
35 61 1.1400497264225926
35 62 1.246608037054551
35 63 1.3246327937613989
35 64 1.1336437322182913
35 65 1.5030054843581178
35 66 1.0824325159984303
35 67 1.2494999532566953
35 68 1.3741695337931907
35 69 1.380047485279913
35 70 1.2847842020798943
35 71 1.1367008194945138
35 72 1.244721279622798
35 73 1.3876588659779525
35 74 1.221729840511938
35 75 1.0051451152274624
35 76 0.7193110160962666
35 77 1.1895228348143037
35 78 1.3438682893424274
35 79 0.8656576717005618
35 80 1.3457687019878184
35 81 1.3268173331885547
35 82 1.277613247165405
35 83 1.192035308685478
35 84 1.164839224357853
35 85 1.2752511338069015
35 86 1.2661065451450393
35 87 1.3851022713398746
35 88 1.2454266160158227
35 89 1.117709684623933
36 37 1.2846037521397755
36 38 1.3841467468590563
36 39 1.141612403228751
36 40 0.8480982519102387
36 41 1.332606491452649
36 42 1.437014428253379
36 43 1.2232070223875615
36 44 1.2041295999197388
36 45 1.1656666527851467
36 46 1.1328340279322502
36 47 1.2457315403527522
36 48 1.3447949996226807
36 49 1.4293305273692225
36 50 1.3421512045121542
36 51 1.4572383709255436
36 52 1.2381499267348492
36 53 1.2456676347266178
36 54 1.3334869362818693
36 55 1.3688019609470208
36 56 1.2599379117335152
36 57 1.3052322751178498
36 58 1.3164097805247272
36 59 1.1596925685951758
36 60 1.4219904847657794
36 61 1.2785523194746968
36 62 1.048383541584783
36 63 1.4706878870796714
36 64 1.2369462948098782
36 65 1.3779799163405828
36 66 1.3224036202723837
36 67 1.346247037074481
36 68 1.375961948718477
36 69 1.4168839936694981
36 70 1.3209670732604575
36 71 1.3246448345685249
36 72 1.3274227955763989
36 73 1.2487180682303929
36 74 1.3801084818646803
36 75 1.142300400577748
36 76 1.1761608143717837
36 77 1.3207361189880131
36 78 1.4186793953622456
36 79 1.1071069840746386
36 80 1.2696349073685496
36 81 1.3275864803122754
36 82 1.2868527104323415
36 83 1.421702024797475
36 84 1.2542692349125
36 85 1.2051201164484753
36 86 1.1444809484723872
36 87 1.40183612914497
36 88 1.3138278430544115
36 89 1.4064663384833807
37 38 1.432440329237642
37 39 1.2557557173645597
37 40 1.2443318979795126
37 41 1.3174273012422297
37 42 1.3939549981808932
37 43 1.4091283939757027
37 44 1.1953909179563558
37 45 1.263385766933272
37 46 1.2709047653065495
37 47 1.3174155679132278
37 48 1.4528373112892576
37 49 1.385400371951478
37 50 1.241832283855384
37 51 1.3463358760537918
37 52 1.2716643822748643
37 53 1.3153311023357595
37 54 1.2780595689261347
37 55 1.3608669084960852
37 56 1.0608851212528783
37 57 1.0159065536604894
37 58 1.2778892507784512
37 59 1.1451611599098392
37 60 1.374610481258014
37 61 1.3219498433532695
37 62 1.3007146244971504
37 63 1.2369388541938189
37 64 1.3301921967482337
37 65 1.468680270943671
37 66 1.334447966194939
37 67 1.248881296125437
37 68 1.2633951555368854
37 69 1.6070134246364232
37 70 1.3145379722328734
37 71 1.3523795376087677
37 72 1.1752192214101105
37 73 1.19681551083688
37 74 1.3404162353042433
37 75 1.1825350799848016
37 76 1.1585827672174542
37 77 1.2646127910023996
37 78 1.1875804449444436
37 79 1.1424868046597174
37 80 1.4137081002162262
37 81 1.1884357654315256
37 82 1.1272152512007318
37 83 1.3089420227575994
37 84 1.3537186024426906
37 85 1.3823430991027683
37 86 1.3292567657762353
37 87 1.2204312618238804
37 88 1.3372553534641796
37 89 1.2211049756040802
38 39 1.2824369752780778
38 40 1.3569368910554167
38 41 1.3409888211240624
38 42 1.579886773866592
38 43 1.4544965410162953
38 44 1.3700539359117325
38 45 1.2795101967689613
38 46 1.386481198309057
38 47 1.4243779131339953
38 48 1.4519769157325249
38 49 1.2627230532793692
38 50 1.4327794697182652
38 51 1.221439379707179
38 52 1.43311743042686
38 53 1.3371533474234416
38 54 1.3030754600327779
38 55 1.2707813611002396
38 56 1.2344789690367532
38 57 1.2152808869909217
38 58 1.312238655518336
38 59 1.2293159096220785
38 60 1.3504124104886175
38 61 1.3604344204955392
38 62 1.197213798384487
38 63 1.3599514382833011
38 64 1.3342481914933126
38 65 1.5107507142519074
38 66 1.1928386094867471
38 67 1.395261551950537
38 68 1.2636360296857403
38 69 1.3718600842338815
38 70 1.3854113105283312
38 71 1.2238042903345965
38 72 1.4557441764614403
38 73 1.3731602715682585
38 74 1.391269230289972
38 75 1.3170021955662299
38 76 1.2537756772683868
38 77 1.1563555833854227
38 78 1.344159001546406
38 79 1.18915496311109
38 80 1.200717648520997
38 81 1.423759436716237
38 82 1.3647408866364499
38 83 1.285851353238388
38 84 1.2504396821547963
38 85 1.4056749795081405
38 86 1.474684768355352
38 87 1.4287700531715255
38 88 1.2265249359709947
38 89 1.2523531566623496
39 40 1.175806928556562
39 41 1.281984561966651
39 42 1.423830187338728
39 43 1.2088382852962503
39 44 1.1657942399961483
39 45 1.169684514678944
39 46 0.8586220791209828
39 47 1.2592205923592303
39 48 1.3626270464226269
39 49 1.059523411703645
39 50 1.2272090961171847
39 51 1.375924180407578
39 52 1.2134657637852315
39 53 1.3093354887434316
39 54 1.1717931276556348
39 55 1.2166381793134877
39 56 1.1049375676367095
39 57 1.1146026400213729
39 58 1.2118536873774437
39 59 1.1483174038665578
39 60 1.287539900857018
39 61 1.2340511488760797
39 62 1.2120359705207555
39 63 1.2618541644120658
39 64 1.1609217960263087
39 65 1.390489942648505
39 66 1.1639973468663276
39 67 1.298711886014263
39 68 1.3338638944907906
39 69 1.3165117968292837
39 70 1.311247531534188
39 71 1.2107858745757265
39 72 1.250326103890068
39 73 1.32509322666244
39 74 1.3720839097641941
39 75 1.030026311331279
39 76 1.0857713378851093
39 77 1.1257731869711733
39 78 1.3162471095230335
39 79 1.1252755611412084
39 80 1.2244818220068416
39 81 1.319636691051497
39 82 1.4041671374665712
39 83 1.144679975648942
39 84 1.2219301854308253
39 85 1.2864301501492175
39 86 1.257151048972954
39 87 1.3629581714733223
39 88 1.2486622187343153
39 89 1.2419196711129117
40 41 1.249722070760175
40 42 1.3794727003260747
40 43 1.2377251269912932
40 44 1.1442675720240263
40 45 1.0915204501779043
40 46 1.2102445465804739
40 47 1.249133983014355
40 48 1.360429244751797
40 49 1.3239475420762155
40 50 1.3044860589648557
40 51 1.4429480649714284
40 52 1.2395868203731686
40 53 1.290076878982165
40 54 1.3639967503098598
40 55 1.3718976589625174
40 56 1.2107998968029188
40 57 1.235986701573877
40 58 1.2423996366351555
40 59 1.2055380577546424
40 60 1.3439252645812276
40 61 1.359344038641338
40 62 1.0774738245303848
40 63 1.2562739935082108
40 64 1.2323475463915905
40 65 1.333697757410578
40 66 1.2671353489974786
40 67 1.3159584792336292
40 68 1.3314595068693365
40 69 1.4475825309931298
40 70 1.3114864582868513
40 71 1.392531033030672
40 72 1.3194798516365995
40 73 1.2643349789287626
40 74 1.3193751100940445
40 75 1.0861235355735137
40 76 1.2512037597337486
40 77 1.3162105699922468
40 78 1.253100328445997
40 79 1.0477635775064302
40 80 1.236618096350639
40 81 1.2771261614686509
40 82 1.330198315774005
40 83 1.3163817076711335
40 84 1.2480196391270095
40 85 1.2527304713019076
40 86 1.1553718226541412
40 87 1.3591175809860359
40 88 1.2466138469838854
40 89 1.3918045454671013
41 42 1.4059411893896925
41 43 1.313258925827527
41 44 1.1968079969126353
41 45 1.242601786379418
41 46 1.2420195727885215
41 47 1.196023284196344
41 48 1.3624782523091687
41 49 1.2165813481040757
41 50 1.305298574719695
41 51 1.4907076922510465
41 52 1.2654198126513683
41 53 1.28197019044573
41 54 1.3311680198113887
41 55 1.4259698860862204
41 56 1.143439624982831
41 57 1.216722009041066
41 58 1.2572484002343973
41 59 1.1778840527539258
41 60 1.3599752235875917
41 61 1.160512674872436
41 62 1.203780679015549
41 63 1.2883444463628453
41 64 1.0324701910384466
41 65 1.332203401172624
41 66 1.2157808382189568
41 67 1.1906907203642607
41 68 1.3152268059447543
41 69 1.4922024276947279
41 70 1.3454477697227432
41 71 1.2814532031754513
41 72 1.4336777657407824
41 73 1.247138980217391
41 74 1.0994805790510154
41 75 1.1393181399412968
41 76 1.13993139376418
41 77 1.2433975762467029
41 78 1.2716159186011469
41 79 1.0440342514376917
41 80 1.3368307141106488
41 81 1.3481251205731692
41 82 1.2986504087498092
41 83 1.2739511851630476
41 84 1.3934484543670038
41 85 1.1167971655392182
41 86 0.973493774677794
41 87 1.3979797108423846
41 88 1.2818634921007088
41 89 1.30022231608286
42 43 1.0851140194106497
42 44 1.332728708377823
42 45 1.3514458389834485
42 46 1.4219821088939242
42 47 1.377859702832421
42 48 0.8082890742337638
42 49 1.4143457894234714
42 50 1.2455584375892255
42 51 1.5415762337321592
42 52 1.4052509635761359
42 53 1.3879085740762422
42 54 1.4328221269455588
42 55 1.3824036049370263
42 56 1.6075696674126887
42 57 1.4368854607017985
42 58 1.4332337605820205
42 59 1.6295501681093885
42 60 1.068217747363118
42 61 1.3994005363476705
42 62 1.3851375796176457
42 63 1.362790219991013
42 64 1.4170016101737446
42 65 0.8177286963437642
42 66 1.4000329728085104
42 67 1.4778760778176232
42 68 1.3483401668239101
42 69 1.333426328844088
42 70 1.4649335209347039
42 71 1.4455185218483912
42 72 1.3307658003299379
42 73 1.492421637245752
42 74 1.418837170252967
42 75 1.3070386475449813
42 76 1.6301152514018846
42 77 1.4968671085665723
42 78 1.3717659309491597
42 79 1.4375299549183285
42 80 1.2907731213708347
42 81 1.3620983326268963
42 82 1.4790352779025464
42 83 1.361514684958644
42 84 1.4036543673342579
42 85 1.3580625116060205
42 86 1.3647047220223818
42 87 1.350247031259035
42 88 1.4358921595779512
42 89 1.5198639770000417
43 44 1.198775984188593
43 45 1.3765394321827693
43 46 1.2466582212952348
43 47 1.242492432897922
43 48 1.142702359847732
43 49 1.4113934540738335
43 50 1.0646495465213104
43 51 1.4832663849424559
43 52 1.347727513541547
43 53 1.4029722854591058
43 54 1.3826633404712132
43 55 1.3608560737906485
43 56 1.4230987478496957
43 57 1.3387364372021746
43 58 1.4267027634713472
43 59 1.4752863602429245
43 60 1.1888126301894577
43 61 1.3748966124047954
43 62 1.321943384800132
43 63 1.3996707882586237
43 64 1.2919515298472792
43 65 1.1271744957588816
43 66 1.3851767754355773
43 67 1.4145668306899688
43 68 1.4573296256787966
43 69 1.248558357887603
43 70 1.363488570178633
43 71 1.4354295557311392
43 72 1.3101896604281185
43 73 1.4589762840375484
43 74 1.3809674239645502
43 75 1.1983954119134281
43 76 1.4737059658276317
43 77 1.4331841154969083
43 78 1.3215420928801536
43 79 1.3437783936186662
43 80 1.3518166415183532
43 81 1.370069960217157
43 82 1.3624597994581509
43 83 1.3156048910604148
43 84 1.3880511326873823
43 85 1.2364207792466617
43 86 1.243170821936057
43 87 1.4738644511986927
43 88 1.2471424002264255
43 89 1.5148852722774633
44 45 1.2005521569736755
44 46 1.1686422689553324
44 47 1.216921676323085
44 48 1.37020420093756
44 49 1.3103890354389296
44 50 1.156727360231294
44 51 1.3402950171824912
44 52 1.2623962226305703
44 53 1.2207695080103274
44 54 1.307688933646391
44 55 1.3514632555596287
44 56 1.2125791566974733
44 57 1.1291594357714136
44 58 1.258476016352052
44 59 1.2404473356043693
44 60 1.2924336959135296
44 61 1.2862926145498352
44 62 1.20693509917443
44 63 1.247763196483247
44 64 1.1225758554871392
44 65 1.283194321583889
44 66 1.1888508669804603
44 67 1.1413717230731368
44 68 1.2906389361156474
44 69 1.3238394153024517
44 70 1.2229364774065756
44 71 1.3537573126093945
44 72 1.1569309417616822
44 73 1.2046600744410232
44 74 1.219810658606558
44 75 1.0444620585101803
44 76 1.240034065336959
44 77 1.2862409954209242
44 78 1.2093217771478204
44 79 1.1720035959888797
44 80 1.2707450652333174
44 81 1.2974163182714906
44 82 1.218644648681301
44 83 1.3103855785754748
44 84 1.2691257564487355
44 85 1.2332569730809049
44 86 1.1628055282445164
44 87 1.2345200420726774
44 88 1.286838645695232
44 89 1.2631594262880648
45 46 1.1853758493028077
45 47 1.231474160439399
45 48 1.295956182018498
45 49 1.2008085164733453
45 50 1.3196504588407827
45 51 1.3869228540872767
45 52 1.234501966777856
45 53 1.2760957016628367
45 54 1.2723551089527305
45 55 1.300688573065682
45 56 1.1578017531722744
45 57 1.1314726841710092
45 58 1.2353818942526318
45 59 1.1682183039615381
45 60 1.3564487490207824
45 61 1.325633638511119
45 62 0.9526231212354282
45 63 1.2858440173456345
45 64 1.2037246381919597
45 65 1.3162269058336924
45 66 1.0785871295651213
45 67 1.185103707071792
45 68 1.3116211810242946
45 69 1.366263436140834
45 70 1.1888065109917405
45 71 1.2640016859848269
45 72 1.2393502277559107
45 73 1.3376050368998695
45 74 1.2989091520320808
45 75 1.0574226666180868
45 76 1.198796653216821
45 77 1.2153882164168774
45 78 1.3024037205352579
45 79 0.9596337522246474
45 80 1.2642634829236108
45 81 1.2853912851416323
45 82 1.3211628209341497
45 83 1.3389325203239064
45 84 1.2103193521131932
45 85 1.2315425314882817
45 86 1.193108747580971
45 87 1.2901847342288428
45 88 1.142498914388839
45 89 1.2730292448759695
46 47 1.2455434551619113
46 48 1.387772657475063
46 49 1.2483240030133336
46 50 1.226238537723073
46 51 1.4014340935773464
46 52 1.1842617278833245
46 53 1.1952751094892298
46 54 1.3128527746552223
46 55 1.3183048003170528
46 56 1.1981393477972004
46 57 1.1440991406488192
46 58 1.2415048033390004
46 59 1.2120399299291955
46 60 1.4218975688195559
46 61 1.3175451489340084
46 62 1.2275456330131334
46 63 1.3115281407847066
46 64 1.0123585110037598
46 65 1.3885686052026087
46 66 1.2501623031804607
46 67 1.2414867225238564
46 68 1.292422989943267
46 69 1.3087128634177154
46 70 1.2298220736469208
46 71 1.3763333239127673
46 72 1.2619143817130327
46 73 1.2432035610605812
46 74 1.3108863854966402
46 75 1.124651647087747
46 76 1.2080081139412786
46 77 1.2550507538852838
46 78 1.2412518324576847
46 79 1.248592333466333
46 80 1.2171677536672612
46 81 1.3899063971732126
46 82 1.3186360587786248
46 83 1.308715170375719
46 84 1.2909957032127337
46 85 1.2915062826869983
46 86 1.1884332175591104
46 87 1.3080665208148925
46 88 1.299436419960766
46 89 1.3194723818206688
47 48 1.3578422666684087
47 49 1.3612315571126516
47 50 1.303928585751953
47 51 1.5792813554721947
47 52 1.212046677545147
47 53 1.2358060013070424
47 54 1.5160333070066587
47 55 1.524656017496232
47 56 1.2371233631327985
47 57 1.2404455922656383
47 58 1.424793939472123
47 59 1.3063958133670983
47 60 1.380300456546378
47 61 1.3029592721511791
47 62 1.2992896507512082
47 63 1.38958207121563
47 64 1.1662483785309643
47 65 1.4145299456164837
47 66 1.3125882541797442
47 67 1.234904627548872
47 68 1.4075769570345664
47 69 1.3705736302081635
47 70 1.2253375109398152
47 71 1.4077195546049244
47 72 1.2700163650223368
47 73 1.3471089054874221
47 74 1.2764738302130585
47 75 1.2025053309802394
47 76 1.2827657844510338
47 77 1.410583951535179
47 78 1.3471071050599854
47 79 1.236979745666258
47 80 1.3703926521911962
47 81 1.2375377614559975
47 82 1.347851331432387
47 83 1.3070669796864292
47 84 1.3613139901210523
47 85 1.2285639699556303
47 86 1.2382584793859297
47 87 1.3773041138755397
47 88 1.4261763871368467
47 89 1.3839289564393074
48 49 1.3876565851281442
48 50 1.2140676273691056
48 51 1.4889412568795732
48 52 1.4280387270293515
48 53 1.385357177694718
48 54 1.425211280331663
48 55 1.3954293158573645
48 56 1.542242394449627
48 57 1.4113470132360117
48 58 1.442807905350587
48 59 1.5457023879843093
48 60 1.0614789435645593
48 61 1.3736097235041325
48 62 1.3023262255231887
48 63 1.380041779169486
48 64 1.4305539575337138
48 65 0.7582994158073493
48 66 1.3596531662222466
48 67 1.4096651131184614
48 68 1.3789977199483356
48 69 1.3017948894793236
48 70 1.458017348341863
48 71 1.3825287869735203
48 72 1.3519926409834426
48 73 1.4036188071503461
48 74 1.4683693069452033
48 75 1.2519300248889085
48 76 1.548393150258465
48 77 1.46721859003284
48 78 1.400977032427744
48 79 1.3886283222919897
48 80 1.2519310025425598
48 81 1.3395461079926432
48 82 1.4474519141241051
48 83 1.3291086656529938
48 84 1.3550180544554011
48 85 1.3795594544917997
48 86 1.335478677839053
48 87 1.3702241180101262
48 88 1.4534953405589812
48 89 1.371741137777133
49 50 1.3513504632908286
49 51 1.3070388204243648
49 52 1.2928989241259952
49 53 1.2819876546802798
49 54 1.1649755492754925
49 55 1.1468653633655788
49 56 1.1641747698581169
49 57 1.1010588219533852
49 58 1.2484870644052901
49 59 1.1890092175489266
49 60 1.3434212957451954
49 61 1.2780083389493795
49 62 1.3223700599742139
49 63 1.2122067772570113
49 64 1.2864031910873992
49 65 1.451163487249307
49 66 1.191778909675926
49 67 1.4077256376094998
49 68 1.3513504762233681
49 69 1.339427765101669
49 70 1.3037842498531216
49 71 1.2339152429511493
49 72 1.3332107575655117
49 73 1.3218252408746782
49 74 1.2252096043101657
49 75 1.2299131722974448
49 76 1.1794534333686733
49 77 1.1337772170204177
49 78 1.316790637758645
49 79 1.1573935064015004
49 80 1.1908245426274626
49 81 1.513035822951796
49 82 1.3730371256051876
49 83 1.2434409878956483
49 84 1.29501858922323
49 85 1.3534270348568866
49 86 1.3469039710747883
49 87 1.346996058184285
49 88 1.2991655061426317
49 89 1.1172449663931454
50 51 1.4222346214062882
50 52 1.352275961959874
50 53 1.281172778943754
50 54 1.3740242187665166
50 55 1.3899833703434745
50 56 1.2998415752250583
50 57 1.3126986758542925
50 58 1.2666112084048367
50 59 1.3406091639156819
50 60 1.2685600133515946
50 61 1.3824947257643625
50 62 1.4000032476222382
50 63 1.291274750010137
50 64 1.4140428564886012
50 65 1.268845544840562
50 66 1.276242783681588
50 67 1.1754656230035179
50 68 1.3303296474709028
50 69 1.3583324433235902
50 70 1.336545638990091
50 71 1.383217850265119
50 72 1.1648944042496763
50 73 1.2536445841857011
50 74 1.3598528600483202
50 75 1.0877580858725895
50 76 1.3419192554716097
50 77 1.3759929778574262
50 78 1.2727773979378083
50 79 1.306878762841306
50 80 1.4053402459142712
50 81 1.2785595148105184
50 82 1.1363031344631336
50 83 1.2609654889121
50 84 1.3550089873966569
50 85 1.2794027317697951
50 86 1.247491337181909
50 87 1.2002817763392857
50 88 1.4697579769547544
50 89 1.3063354507455525
51 52 1.461366845300277
51 53 1.3365445099200086
51 54 1.310751940754198
51 55 1.2302119914550722
51 56 1.2380489310357652
51 57 1.1946324224816833
51 58 1.2545100828993254
51 59 1.253025318021047
51 60 1.441204811490255
51 61 1.403379118502209
51 62 1.4049337637470585
51 63 1.3142002942148217
51 64 1.4192554517410612
51 65 1.5275434317779428
51 66 1.2160916210233277
51 67 1.2983141616065428
51 68 1.2374794677067806
51 69 1.3999183630712897
51 70 1.2944999427508808
51 71 1.2997290880771488
51 72 1.3481408376580137
51 73 1.329417597503305
51 74 1.5173498360243318
51 75 1.3474907148626556
51 76 1.2279056850169465
51 77 1.1673294187016945
51 78 1.3343898034048245
51 79 1.2526172331833851
51 80 1.231657274390274
51 81 1.4694680292384823
51 82 1.309083208242054
51 83 1.4098416801136686
51 84 1.2272753488078019
51 85 1.384444100936203
51 86 1.4572615136212408
51 87 1.3582824981525388
51 88 1.233525982423016
51 89 1.1852925227120363
52 53 1.316943181650132
52 54 1.4666216149900448
52 55 1.4333689470285147
52 56 1.2797710261074355
52 57 1.2844342012264758
52 58 1.347840506177246
52 59 1.3075120946807233
52 60 1.427745633457886
52 61 1.276686377403153
52 62 1.3473616384417844
52 63 1.4060255396688608
52 64 1.2279483298753102
52 65 1.5109093662355766
52 66 1.3305567622927483
52 67 1.337204639839087
52 68 1.3685261082785847
52 69 1.316376718102372
52 70 1.2920805225346534
52 71 1.4320508141025035
52 72 1.0833740310534872
52 73 1.255764307403282
52 74 1.4096187161868694
52 75 1.3062758629639153
52 76 1.2866382163593535
52 77 1.368375247320141
52 78 1.3348879257044879
52 79 1.2935480607538212
52 80 1.3450041952127885
52 81 1.209761330151999
52 82 1.344998336204264
52 83 1.4452578730814682
52 84 1.3489221867551668
52 85 1.3578261892869168
52 86 1.3158769270037083
52 87 1.3105736871558817
52 88 1.4186435949066631
52 89 1.2885551559126907
53 54 1.3549066437834638
53 55 1.3238328374063388
53 56 1.2589418321326173
53 57 1.117749449379531
53 58 1.3525882347138345
53 59 1.2153615615177793
53 60 1.4086617613382209
53 61 1.3051940564756694
53 62 1.2937660624684446
53 63 1.2290327402548693
53 64 1.198847801857263
53 65 1.3807830350306922
53 66 1.2835744907610338
53 67 1.2976469015600083
53 68 1.3176794592877692
53 69 1.392326694987994
53 70 1.2057155770332093
53 71 1.4079931237892866
53 72 1.2695169499199437
53 73 1.2513352469391674
53 74 1.3040657996580156
53 75 1.2049030081002678
53 76 1.2711457202352325
53 77 1.2872389703904021
53 78 1.2595867510065872
53 79 1.1708234723879243
53 80 1.3188662323873899
53 81 1.335819577850858
53 82 1.2842358803607985
53 83 1.3284488560906527
53 84 1.3087094154498986
53 85 1.1962294245595662
53 86 1.183758529103893
53 87 1.4592812440750915
53 88 1.3853322812093118
53 89 1.2676453248584925
54 55 0.8293484777715433
54 56 1.189459702983761
54 57 1.238379994885238
54 58 1.365982246203125
54 59 1.1930107916459347
54 60 1.3355350487147541
54 61 1.3257924484275463
54 62 1.2788714454585015
54 63 1.3920504029796095
54 64 1.342715931612782
54 65 1.357876368592321
54 66 1.2284583245877707
54 67 1.4682586088487664
54 68 1.334749269693648
54 69 1.4731742156504544
54 70 1.3576818914764148
54 71 1.212209324167599
54 72 1.4281766634312383
54 73 1.3790864732756107
54 74 1.2397799437122277
54 75 1.1747511185773616
54 76 1.2235603343975556
54 77 1.1348216384871785
54 78 1.3896088102582105
54 79 1.2125999021752063
54 80 1.3170217937231679
54 81 1.3130243216873427
54 82 1.4426725083369487
54 83 1.3057370166417486
54 84 1.272811530486666
54 85 1.382253426964471
54 86 1.4289437151053326
54 87 1.3966020357717548
54 88 1.192648757354881
54 89 1.207931478032678
55 56 1.279746382318323
55 57 1.2151042242279386
55 58 1.4511510500268128
55 59 1.2630522773966462
55 60 1.3082066296651913
55 61 1.2682125243169877
55 62 1.3027618147362512
55 63 1.3337484054704813
55 64 1.4421307104482664
55 65 1.2962147486969617
55 66 1.2777809359979826
55 67 1.4641081008552068
55 68 1.3037650173428141
55 69 1.4112713184088668
55 70 1.3930320212983602
55 71 1.2403419888901064
55 72 1.378336853299399
55 73 1.3958087210288028
55 74 1.2995610062642309
55 75 1.2110212133635012
55 76 1.3091467315405947
55 77 1.1956810565930693
55 78 1.3787705746419505
55 79 1.2726817942745907
55 80 1.3053970114079765
55 81 1.3738553181417068
55 82 1.4403095012667966
55 83 1.3219115795670953
55 84 1.277344707902208
55 85 1.3637357197256148
55 86 1.400710002414413
55 87 1.3905380124466478
55 88 1.0872594342410105
55 89 1.193790840123244
56 57 0.904452036050159
56 58 1.1325955648775927
56 59 0.6053553775994787
56 60 1.4491976896546672
56 61 1.2375148519540138
56 62 1.2453513366431286
56 63 1.3076459634205906
56 64 1.0766029092493945
56 65 1.6031914718994789
56 66 1.066091622361547
56 67 1.238953489112668
56 68 1.318926878089676
56 69 1.4423357987942809
56 70 1.2547341072112925
56 71 1.241982327949109
56 72 1.2550714240528666
56 73 1.3918248643247402
56 74 1.1716385181217996
56 75 1.0479358459885477
56 76 0.5677860933764436
56 77 1.1168341553777483
56 78 1.3141205882809424
56 79 0.7452914037935144
56 80 1.3244456949955796
56 81 1.31675399856266
56 82 1.2065877691912945
56 83 1.118096157947281
56 84 1.204530769283713
56 85 1.2830530441008645
56 86 1.2509179642948665
56 87 1.404287387293882
56 88 1.294191063517821
56 89 1.003616026293975
57 58 1.2524181562193017
57 59 0.9756781053427306
57 60 1.3686850593685835
57 61 1.3016427675913174
57 62 1.2306061903744687
57 63 1.1379850069318376
57 64 1.1533198769901785
57 65 1.4314274753285294
57 66 1.0695412216241333
57 67 1.1711180161445034
57 68 1.2683026375307114
57 69 1.3791976294534112
57 70 1.208470760711759
57 71 1.2520378722327066
57 72 1.2264469813319943
57 73 1.3513125854985484
57 74 1.2533159156032152
57 75 0.9827415862066915
57 76 1.0187188400842728
57 77 1.10935605529062
57 78 1.2082115491951604
57 79 0.9108667745099409
57 80 1.170855523719433
57 81 1.3035498517846547
57 82 1.2722034270727935
57 83 1.2385904599082336
57 84 1.188925112392836
57 85 1.3194489115102996
57 86 1.2790244598617384
57 87 1.3680172705347047
57 88 1.2282078153798188
57 89 1.0646603336557416
58 59 1.1481978777005724
58 60 1.4418991888678903
58 61 1.32062159171198
58 62 1.2896650927293625
58 63 1.2790692165404283
58 64 1.327932806204249
58 65 1.4501394538223347
58 66 1.2076531186883739
58 67 1.2511316034163136
58 68 1.3447831379752684
58 69 1.3146460125424582
58 70 1.375955077610809
58 71 1.33056468202904
58 72 1.2991920809121844
58 73 1.309524351415115
58 74 1.2628022316567482
58 75 1.2194047504781567
58 76 1.1337805097496834
58 77 1.275449413550255
58 78 1.4053689118499726
58 79 1.1338230457667355
58 80 1.245004582870675
58 81 1.4304899420782293
58 82 1.2383819624244097
58 83 1.3053644778965725
58 84 1.367943463691185
58 85 1.3637593862724986
58 86 1.2868537314388684
58 87 1.3824119530801136
58 88 1.3192346394303127
58 89 1.213853333651164
59 60 1.5135229881898544
59 61 1.1981411095419547
59 62 1.195320026498608
59 63 1.356498801252233
59 64 1.202274163973406
59 65 1.575763587273749
59 66 1.0853915806799375
59 67 1.21781595359679
59 68 1.3777461331196055
59 69 1.4575082514928577
59 70 1.2893615053555572
59 71 1.2547061089168285
59 72 1.2576178928098736
59 73 1.326783575223318
59 74 1.2180828892319708
59 75 1.119513442022626
59 76 0.4544319571672477
59 77 1.1139793821806705
59 78 1.3086692308458505
59 79 0.776418646182237
59 80 1.3027666808111205
59 81 1.4053174656314682
59 82 1.2555870029109908
59 83 1.229277526380279
59 84 1.2438219931697148
59 85 1.3570439633614653
59 86 1.285563313804401
59 87 1.4019275501107251
59 88 1.2859420373535722
59 89 1.0505259771475823
60 61 1.3252691229215232
60 62 1.317053600581046
60 63 1.3447979683568154
60 64 1.3897233883741924
60 65 1.0948986054541532
60 66 1.4204984063649886
60 67 1.4904000636619221
60 68 1.392666436762996
60 69 1.3966630047429578
60 70 1.4269969178518747
60 71 1.3366446783230503
60 72 1.3318431686108292
60 73 1.3859094473455624
60 74 1.3462482050770495
60 75 1.3098239821333129
60 76 1.4816575209827574
60 77 1.3967403751516472
60 78 1.3694463102810752
60 79 1.372936773377521
60 80 1.3063275501355993
60 81 1.313280087651073
60 82 1.4562718214752308
60 83 1.1846736541020781
60 84 1.3769392758418317
60 85 1.4098022853638736
60 86 1.435919457485377
60 87 1.3284801100109913
60 88 1.3519027167000357
60 89 1.3961032918504468
61 62 1.2832577700383296
61 63 1.3905568292523711
61 64 1.277216036358308
61 65 1.3874040434940424
61 66 1.310436272803356
61 67 1.4083349488516954
61 68 1.3843226236379704
61 69 1.4521051694706828
61 70 1.430228611079461
61 71 1.3210777453571816
61 72 1.3314725209433542
61 73 1.1153517117033867
61 74 1.3293706171100175
61 75 1.241842442879439
61 76 1.1416089636040236
61 77 1.3248806251777758
61 78 1.4389634744939743
61 79 1.1884116902365596
61 80 1.3528504502302117
61 81 1.3576023255492387
61 82 1.4270560779294195
61 83 1.2747185684738291
61 84 1.3127949447718321
61 85 1.3273042778048196
61 86 1.2550628049875494
61 87 1.378410478803066
61 88 1.3385393011107165
61 89 1.2048435277840475
62 63 1.3659724281090904
62 64 1.1924214417799384
62 65 1.357153696816733
62 66 1.157678345046986
62 67 1.3420424081619542
62 68 1.3378417532892595
62 69 1.4332168140937582
62 70 1.2972473052073645
62 71 1.246502753275519
62 72 1.3481902915816542
62 73 1.29297678668186
62 74 1.3246766626043254
62 75 1.1458779831514598
62 76 1.1920734867264153
62 77 1.2595038013868163
62 78 1.3534343093297332
62 79 1.0661941766158025
62 80 1.2220728683834192
62 81 1.3199024329541613
62 82 1.2942140162009936
62 83 1.2983048266207966
62 84 1.2698634342053572
62 85 1.273327895036668
62 86 1.2051913701159582
62 87 1.4325065439757676
62 88 1.202761555425926
62 89 1.339388628157861
63 64 1.3682886814177024
63 65 1.3389439054867254
63 66 1.326695084891054
63 67 1.2480545494742683
63 68 1.2440240849054793
63 69 1.4483049368950571
63 70 1.3470736880363388
63 71 1.380660885650547
63 72 1.3644230553336667
63 73 1.3854126622544354
63 74 1.3288798500304486
63 75 1.2138799256864592
63 76 1.3492046575987073
63 77 1.2256313501092426
63 78 1.0959378427792492
63 79 1.2728399916719884
63 80 1.3828605176681545
63 81 1.4231936531059883
63 82 1.3596352268752359
63 83 1.2791304113560333
63 84 1.3841068442486446
63 85 1.2269336698189885
63 86 1.2595919644301936
63 87 1.3315428940293945
63 88 1.3072139852530917
63 89 1.2269227063838406
64 65 1.4519451282904148
64 66 1.132716998680581
64 67 1.2472109569647067
64 68 1.3310101831787022
64 69 1.3476583805526652
64 70 1.1676246982343887
64 71 1.3512198056398943
64 72 1.3788190725566825
64 73 1.319734206513347
64 74 1.2403583075478435
64 75 1.1279653283092448
64 76 1.180329236612456
64 77 1.1607447432114033
64 78 1.2718552700424202
64 79 1.1297844052699952
64 80 1.2941712008209105
64 81 1.386765129303933
64 82 1.4073579839418835
64 83 1.1964851164260808
64 84 1.295232324490813
64 85 1.2333658543559889
64 86 1.122225048812324
64 87 1.4115758813717045
64 88 1.3068384466121534
64 89 1.2852632529562646
65 66 1.358197500128199
65 67 1.395566116824574
65 68 1.3974868002358083
65 69 1.2895271555837902
65 70 1.4860021978603875
65 71 1.3809540962855749
65 72 1.443645429748906
65 73 1.4804591908852602
65 74 1.3988963679603958
65 75 1.2904618398315104
65 76 1.6032279768125999
65 77 1.4837835903569168
65 78 1.3855825203702448
65 79 1.3503116711160117
65 80 1.272932963145329
65 81 1.3964985850304616
65 82 1.5081568911964867
65 83 1.352349271156019
65 84 1.369603745659399
65 85 1.3157295178944128
65 86 1.2806853302347165
65 87 1.3408515793304467
65 88 1.4040837124299772
65 89 1.4463753081863007
66 67 1.2566465579431279
66 68 1.254925197799514
66 69 1.31938535035597
66 70 1.2406064708223947
66 71 1.1968626036038574
66 72 1.348497876963285
66 73 1.4144665301049493
66 74 1.3492475785210716
66 75 1.0184806849796346
66 76 1.055825240212939
66 77 1.0929882192271798
66 78 1.3510758819767346
66 79 1.0168465424115654
66 80 1.1765948546155047
66 81 1.3906140227520607
66 82 1.289182805734734
66 83 1.2834702134722116
66 84 1.1792972235011623
66 85 1.2577712820306444
66 86 1.2406436856921634
66 87 1.3461554510048757
66 88 1.206852786187358
66 89 1.1459619112123154
67 68 1.3039962042955535
67 69 1.3051607802157543
67 70 1.2177560206023972
67 71 1.3482293949901276
67 72 1.2814548503267111
67 73 1.2067263079678485
67 74 1.370365265448172
67 75 1.1072959316182818
67 76 1.253543349379496
67 77 1.2827725115774868
67 78 1.1069990264698295
67 79 1.2180731001583416
67 80 1.418885733982224
67 81 1.3163630374900368
67 82 1.3035023814398115
67 83 1.3363941828853314
67 84 1.3236632020629548
67 85 1.3197769110754225
67 86 1.2478099691870002
67 87 1.334357014781304
67 88 1.3180535640741076
67 89 1.3245677951123034
68 69 1.4107500832444921
68 70 1.333702517089184
68 71 1.263480201791353
68 72 1.3455621254466732
68 73 1.1833735768322953
68 74 1.3602540125813218
68 75 1.308183495438732
68 76 1.3729600098262866
68 77 1.241122777562092
68 78 1.2829603300066497
68 79 1.359047009377208
68 80 1.2182031109314733
68 81 1.4344255780705848
68 82 1.24532266950185
68 83 1.4238732541242607
68 84 1.2693066288465706
68 85 1.3676606428740141
68 86 1.391521185228503
68 87 1.4472810285752493
68 88 1.282206974420318
68 89 1.3062374890036206
69 70 1.307788139799743
69 71 1.4760692250174066
69 72 1.3014436079060818
69 73 1.4147830452828771
69 74 1.3441035946825293
69 75 1.3193929289246822
69 76 1.44792540388711
69 77 1.565434877785191
69 78 1.3291499329508218
69 79 1.4361576700812253
69 80 1.343736033584967
69 81 1.5071599882671047
69 82 1.3898460361956677
69 83 1.4058710166036807
69 84 1.4096652409933284
69 85 1.398478000705304
69 86 1.4964147095837463
69 87 1.412757439827319
69 88 1.4273088544117463
69 89 1.3952696241486495
70 71 1.4627249157166262
70 72 1.1387428782296096
70 73 1.2722104557374625
70 74 1.298961576798241
70 75 1.227706230423382
70 76 1.318274473229435
70 77 1.2429545277266487
70 78 1.338949069487681
70 79 1.2535206688534593
70 80 1.3823980625738563
70 81 1.4218350723709614
70 82 1.2479504987089047
70 83 1.3881279430546762
70 84 1.3030918147430886
70 85 1.2764715326677996
70 86 1.4032848657068269
70 87 1.3741230837452265
70 88 1.2500792982777513
70 89 1.2853953854528197
71 72 1.4736966053459233
71 73 1.479771695241912
71 74 1.3825730884525231
71 75 1.2642271211182756
71 76 1.2485554755982444
71 77 1.1061838640757904
71 78 1.3310965251035343
71 79 1.18758114334633
71 80 1.285782555365593
71 81 1.360742409663179
71 82 1.345874642761578
71 83 1.262991329092817
71 84 1.0470321820503075
71 85 1.3656169505834352
71 86 1.4142432178558122
71 87 1.3037530891810807
71 88 1.1738312158159263
71 89 1.212707657072635
72 73 1.241275999049365
72 74 1.320240091881114
72 75 1.2032595744442793
72 76 1.2650909624258124
72 77 1.3970265869089262
72 78 1.3791797041182772
72 79 1.2975398198026007
72 80 1.374649737842304
72 81 1.32240588037651
72 82 1.1203078128642665
72 83 1.377464474199071
72 84 1.368571527382348
72 85 1.4060243333958937
72 86 1.4247322424071713
72 87 1.311816803404535
72 88 1.3327160246154854
72 89 1.359454563510141
73 74 1.3486945300523563
73 75 1.2741439372612817
73 76 1.342341833990646
73 77 1.3699718645357326
73 78 1.2926982131619507
73 79 1.3816939108466257
73 80 1.2923987297675807
73 81 1.3041649692448791
73 82 1.3231773219502667
73 83 1.4114736212978385
73 84 1.4542677143642782
73 85 1.3948097432748612
73 86 1.328876570659268
73 87 1.2825829041902421
73 88 1.364891608333491
73 89 1.2594975954464658
74 75 1.231848970781095
74 76 1.2548132908871321
74 77 1.3465615604638943
74 78 1.3612619298085347
74 79 1.2292351588190114
74 80 1.337971643076351
74 81 1.4535047589075571
74 82 1.2964175303902115
74 83 1.2647867824907792
74 84 1.4864067477794567
74 85 1.3009529311842736
74 86 1.2716082914644478
74 87 1.45518140901009
74 88 1.325902941679161
74 89 1.2642654755964935
75 76 1.1119067185298699
75 77 1.1728120934995285
75 78 1.2183292175697085
75 79 0.9508570116720118
75 80 1.2232584369391104
75 81 1.188624106307924
75 82 1.2293265674906269
75 83 1.1788588016008577
75 84 1.1786693447425136
75 85 1.1344744707050545
75 86 1.1592815171242563
75 87 1.2702375402584405
75 88 1.2211069623788995
75 89 1.2301347829821097
76 77 1.176945492195331
76 78 1.3526186478286755
76 79 0.7690606692056905
76 80 1.299060447637605
76 81 1.3989339069475681
76 82 1.2145280856132687
76 83 1.2000556727232414
76 84 1.1733364381776397
76 85 1.2897336318204693
76 86 1.2448517415761047
76 87 1.408113707574325
76 88 1.3228083122057925
76 89 1.0532687370454024
77 78 1.3146705674527293
77 79 1.0517307764774566
77 80 1.214783516671444
77 81 1.3628818025578797
77 82 1.4234310342845904
77 83 1.1247001938785717
77 84 1.1961835978976936
77 85 1.3038610447844952
77 86 1.335236345765013
77 87 1.3178823152304426
77 88 1.1950051986854084
77 89 1.1879673948718599
78 79 1.3467018451682453
78 80 1.4376252206358255
78 81 1.3041633381790583
78 82 1.2811581130892464
78 83 1.391001314587454
78 84 1.410441233334036
78 85 1.2815019864210064
78 86 1.2804097168488375
78 87 1.1942170466484836
78 88 1.325311574445538
78 89 1.2970004690849264
79 80 1.2151926603804668
79 81 1.3341657258383026
79 82 1.2462142069632622
79 83 1.093424621047216
79 84 1.054404156760996
79 85 1.158311596188532
79 86 1.1840328889149783
79 87 1.3453617167183451
79 88 1.2718175583360494
79 89 1.1285425780663545
80 81 1.3735832568357822
80 82 1.443380814490753
80 83 1.292140441673456
80 84 1.2216329091139426
80 85 1.3432141178292734
80 86 1.3529322550985328
80 87 1.3484040337318477
80 88 1.3114522278290537
80 89 1.3349981488325213
81 82 1.438223360988926
81 83 1.2468181118356954
81 84 1.3346616840236256
81 85 1.4239950262607795
81 86 1.352653718504439
81 87 1.2737432143063603
81 88 1.3701424229740804
81 89 1.4106550221571097
82 83 1.3722136941500602
82 84 1.3420989873984226
82 85 1.2624258816659997
82 86 1.2955593907013423
82 87 1.2820156607310742
82 88 1.415894562262503
82 89 1.249940911836849
83 84 1.3012925760954235
83 85 1.3360955701067745
83 86 1.3601562019457927
83 87 1.3888529725998675
83 88 1.373660819391068
83 89 1.3026191431979748
84 85 1.4066912986099487
84 86 1.403919696536843
84 87 1.3689761234511992
84 88 1.3548861840722841
84 89 1.2014521986466824
85 86 0.825453300720649
85 87 1.362635019369803
85 88 1.280483804925172
85 89 1.3283717889884856
86 87 1.367810088256754
86 88 1.3152155059146968
86 89 1.3225415599493378
87 88 1.4688741953662383
87 89 1.3257447150664692
88 89 1.3989027154186326
