50 0
0 1 1.3951415597350323
0 2 1.3589966480093638
0 3 1.455394066179967
0 4 1.4309901181416587
0 5 1.4222112354873755
0 6 1.2210586231403737
0 7 1.111670444581975
0 8 1.2022666910435458
0 9 1.2500992031128626
0 10 1.3376168510511446
0 11 1.5006995897338666
0 12 1.4425029871317456
0 13 1.4137018715221692
0 14 1.3740035568574507
0 15 1.2454679233408972
0 16 1.2757814680756276
0 17 1.3692943505153017
0 18 1.3168927489348081
0 19 1.388249422294463
0 20 1.3436165494979506
0 21 1.2918157244341526
0 22 1.4483827799337246
0 23 1.2443357948211697
0 24 1.363988398906483
0 25 1.3155988569894683
0 26 1.1890257487045486
0 27 1.1352046645249627
0 28 1.2417125621674856
0 29 1.3387415605624424
0 30 1.374880069349028
0 31 1.2278168282592326
0 32 1.3940579515711806
0 33 1.4386196062974894
0 34 1.399630871335808
0 35 1.3503230771447523
0 36 1.4519764438821658
0 37 1.339673082297537
0 38 1.2891948920034912
0 39 0.9186812381398985
0 40 1.0329628053115731
0 41 1.42538434545759
0 42 1.263004533353361
0 43 1.169503471345286
0 44 1.3690314072316703
0 45 1.377482513386922
0 46 1.24403912053997
0 47 1.4006746976164364
0 48 1.1979680029260782
0 49 1.3312446139896115
1 2 1.1702724492864331
1 3 1.2239879681555725
1 4 1.1820205994259714
1 5 1.2859918732976965
1 6 1.233380858653945
1 7 1.373970580082146
1 8 1.4399736862523127
1 9 1.2562418469950225
1 10 1.1457939966811492
1 11 1.2745671508937135
1 12 1.232103517376366
1 13 1.4289726493453785
1 14 1.3056967654242697
1 15 1.2450503198060097
1 16 1.267061764105659
1 17 1.3343122087272596
1 18 1.1620068487054627
1 19 1.207429312668872
1 20 1.3196404905631394
1 21 1.1395164552926964
1 22 1.1620333051886003
1 23 1.2494981692437153
1 24 1.365865078847864
1 25 1.2856873452659818
1 26 1.4726625303916938
1 27 1.2869710240280339
1 28 1.2896863381753907
1 29 1.3097203220568243
1 30 1.204574810526042
1 31 1.220258037543418
1 32 1.2850360294105159
1 33 1.2521984780200115
1 34 1.3165720701071795
1 35 1.1887054506141483
1 36 1.2828575109789704
1 37 1.2676029313139712
1 38 1.2462710051556667
1 39 1.2833572951216816
1 40 1.2480758284568738
1 41 1.2613563548552147
1 42 1.117470896291389
1 43 1.3916118140091922
1 44 1.3285604824023476
1 45 1.2709944686269508
1 46 1.2702085303505812
1 47 1.2799916963474898
1 48 1.1971426542411343
1 49 1.3147746319031202
2 3 1.290688649632659
2 4 1.3225723364655548
2 5 1.2778086948618903
2 6 1.2359128894299487
2 7 1.3562773061024225
2 8 1.2629924508376418
2 9 1.2123277494501536
2 10 1.2383908622757487
2 11 1.2951859297294261
2 12 1.2923350572754133
2 13 1.3746324035453215
2 14 1.2469581395095906
2 15 1.21533456585506
2 16 1.3164670013786146
2 17 1.208905062288853
2 18 1.2723764613935225
2 19 1.269733602184478
2 20 1.2606174282505693
2 21 1.1180259695594572
2 22 1.1824330510000722
2 23 1.2630416975103023
2 24 1.3854425966698518
2 25 1.2936803703239885
2 26 1.2828730585456445
2 27 1.2044100910410869
2 28 1.3104088804309069
2 29 1.3157219409265313
2 30 0.9863610008049121
2 31 1.1617918329475616
2 32 1.1878703070663617
2 33 1.3144955479016271
2 34 1.4078848188895796
2 35 1.2772493035966956
2 36 1.1975543889066567
2 37 1.227353309591143
2 38 1.3873823428541596
2 39 1.3877051260764546
2 40 1.2373005977436047
2 41 1.2891141755828344
2 42 0.7889654750824928
2 43 1.2916642351549552
2 44 1.3097381296161548
2 45 1.323048041901628
2 46 1.149476454911894
2 47 1.2555111787987396
2 48 1.147765965748653
2 49 1.3161828333468422
3 4 1.3578613813332598
3 5 1.1831563977124884
3 6 1.3084866515609583
3 7 1.3377645232272202
3 8 1.401867118553597
3 9 1.246202509311983
3 10 1.3146134518570405
3 11 1.3132299768099542
3 12 1.265723710840002
3 13 1.4245717593181706
3 14 1.2876916502790205
3 15 1.2759857352936677
3 16 1.322230592212623
3 17 1.1852712687302565
3 18 1.3049814140470535
3 19 1.2546915356000368
3 20 1.2270533226156204
3 21 1.2584037065251286
3 22 1.269675319285474
3 23 1.2551689904473493
3 24 1.3069705569904444
3 25 1.2595991112462703
3 26 1.3772387164987323
3 27 1.308374919360113
3 28 1.2689239736926894
3 29 1.1735351822869706
3 30 1.3268566042831127
3 31 1.342790073189471
3 32 1.2402789182573992
3 33 1.2954343737406502
3 34 1.333793348513201
3 35 1.304292586712479
3 36 1.3161615161804694
3 37 1.300002471391336
3 38 1.2064807564507
3 39 1.3734732308500448
3 40 1.2943566533964979
3 41 1.3840764891988493
3 42 1.279489040942632
3 43 1.333276520438269
3 44 1.3279330921068544
3 45 1.3911025931749388
3 46 1.3243117347241156
3 47 1.313964142585769
3 48 1.3078816452663442
3 49 1.26745799365524
4 5 1.3014436079060818
4 6 1.435281802406855
4 7 1.4357903616328216
4 8 1.4187295598278427
4 9 1.3966164405453758
4 10 1.3238394153024517
4 11 1.3233259139588935
4 12 1.3390636086437875
4 13 1.4470673358803154
4 14 1.3786429080736828
4 15 1.366263436140834
4 16 1.4384189792113835
4 17 1.386304937214365
4 18 1.3202474022941344
4 19 1.3583324433235902
4 20 1.4423934563825873
4 21 1.2860194010221784
4 22 1.1642100694830864
4 23 1.3650474948869513
4 24 1.3999183630712897
4 25 1.5280280452518051
4 26 1.39261296220381
4 27 1.3545104441086357
4 28 1.3457718499619435
4 29 1.6070134246364232
4 30 1.388674347792001
4 31 1.4269306423714576
4 32 1.3617782309682158
4 33 1.2779375599470897
4 34 1.383488109085277
4 35 1.2533458753457387
4 36 1.3164485247666282
4 37 1.316472388926003
4 38 1.4011691119994198
4 39 1.450401592922015
4 40 1.4006589619950949
4 41 1.4188714965489113
4 42 1.2965384235507582
4 43 1.4273088544117463
4 44 1.2600011755829137
4 45 1.353224221265078
4 46 1.3674797135094507
4 47 1.402208039651289
4 48 1.4282284763287096
4 49 1.2109011315421234
5 6 1.2726961868509004
5 7 1.3611863975983307
5 8 1.3367209087770324
5 9 1.272224472205551
5 10 1.1569309417616822
5 11 1.2169904569745595
5 12 1.182349638794716
5 13 1.2986760200829144
5 14 1.4090499681443716
5 15 1.2393502277559107
5 16 1.3083267967900998
5 17 1.261660156197865
5 18 1.2575363051971138
5 19 1.1648944042496763
5 20 1.4229478120843613
5 21 1.2598048649687033
5 22 1.1911592086345928
5 23 1.2594058513277333
5 24 1.3481408376580137
5 25 1.2725308485070752
5 26 1.4711368440097252
5 27 1.3293517284959335
5 28 1.3227427655618167
5 29 1.1752192214101105
5 30 1.345425199229401
5 31 1.2133641388754304
5 32 1.221670151888642
5 33 1.1974722675419256
5 34 1.3143013700941781
5 35 1.3043223339303305
5 36 1.347507844796571
5 37 1.342153155454677
5 38 1.3759962352241204
5 39 1.3884202070677094
5 40 1.2198739184416096
5 41 1.3059155362386528
5 42 1.2669713485773713
5 43 1.3327160246154854
5 44 1.2378944765582005
5 45 1.3295620385167213
5 46 1.3814550661957128
5 47 1.2960715757470889
5 48 1.2423369119300094
5 49 1.1988568150961583
6 7 1.21572542296616
6 8 1.5698002612066042
6 9 1.1119313521632948
6 10 1.2325721890835035
6 11 1.341581688833162
6 12 1.179643255187624
6 13 1.3051231426307113
6 14 1.4492418516694066
6 15 1.0896112498544237
6 16 0.5720434821149943
6 17 1.1417552604887742
6 18 1.2563704846354573
6 19 1.2936535759775822
6 20 1.1445876172493188
6 21 1.1631417563233593
6 22 1.4210403825976319
6 23 1.0029361494504054
6 24 1.1443655758340066
6 25 1.1970963588122612
6 26 1.3744484549758473
6 27 1.1009487138948857
6 28 1.155324141676444
6 29 1.0999573822760138
6 30 1.2176121060035374
6 31 1.0917638560501768
6 32 1.287085267529626
6 33 1.2053044134904043
6 34 1.3702528065644188
6 35 1.4451964106939408
6 36 1.303864457480364
6 37 1.1609629426232773
6 38 1.1803854478763331
6 39 1.152863179780968
6 40 1.0088329855704439
6 41 1.1475619012455562
6 42 1.082058147728665
6 43 1.2924775963012136
6 44 1.407636012591334
6 45 1.175731094858581
6 46 1.193408710707382
6 47 1.134910600906177
6 48 0.7019729687389471
6 49 1.34546301447869
7 8 1.2904166261381846
7 9 1.3368949243957584
7 10 1.3591497454329893
7 11 1.3414305460830918
7 12 1.3257021859681235
7 13 1.3191632542539218
7 14 1.4570623682166643
7 15 1.3012438851086303
7 16 1.270937244836231
7 17 1.2423636767815804
7 18 1.2015111384457517
7 19 1.337399097755034
7 20 1.212583457443776
7 21 1.2716186302741006
7 22 1.4827306061091583
7 23 1.0996921697827484
7 24 1.3269542871472433
7 25 1.188668455777854
7 26 1.2693172533413752
7 27 1.169206198098975
7 28 1.1927387247902852
7 29 1.391372971161991
7 30 1.4003341914378948
7 31 1.1370773566090733
7 32 1.238759185041915
7 33 1.3026485411277868
7 34 1.1915593916084837
7 35 1.4228833297899641
7 36 1.3223770440416878
7 37 1.2745249309312858
7 38 1.3729887667644585
7 39 1.2193116724764146
7 40 1.055109534689773
7 41 1.3296061713843912
7 42 1.208771081987134
7 43 1.3636538782846535
7 44 1.324441231874821
7 45 1.253872470397268
7 46 1.2844055622062311
7 47 1.2915733332082344
7 48 1.2297178467791574
7 49 1.4592643476731555
8 9 1.3595448333227134
8 10 1.3153776437664997
8 11 1.4163788600205491
8 12 1.4323136469306674
8 13 1.4567615389244735
8 14 1.2860908612971007
8 15 1.3416147661294164
8 16 1.568096033521955
8 17 1.3109113827873868
8 18 1.397044975605736
8 19 1.3343057033036347
8 20 1.3256937776171964
8 21 1.3029672311130136
8 22 1.1337216879658034
8 23 1.3193599734223855
8 24 1.4511086618038131
8 25 1.4485879987288879
8 26 1.0061538288756535
8 27 1.27283479807244
8 28 1.3743416127332408
8 29 1.4726884979325072
8 30 1.3213187704872276
8 31 1.31969660180899
8 32 1.4533280718647434
8 33 1.456207621824529
8 34 1.469313060665729
8 35 1.2891683156577383
8 36 1.339644675202396
8 37 1.376020973873011
8 38 1.4866534053172569
8 39 1.3197988322199485
8 40 1.3341115183177046
8 41 1.5024160283508607
8 42 1.2764381165819643
8 43 1.279229447862703
8 44 1.3207238040280527
8 45 1.4187901176195499
8 46 1.3557590115586329
8 47 1.374841890016792
8 48 1.5155069104109948
8 49 1.3114048713872792
9 10 1.2221295276893374
9 11 1.300093986674543
9 12 1.2464936626297025
9 13 1.4597760216650006
9 14 1.4034789978890059
9 15 1.1446422826642042
9 16 1.2155292876002264
9 17 1.1581307481383034
9 18 1.2983604326382387
9 19 1.3038342975755464
9 20 1.1269748632458905
9 21 1.1498019553744947
9 22 1.3970346619469056
9 23 1.2676329434138414
9 24 1.2400825016383188
9 25 1.3200022320926965
9 26 1.32841360735723
9 27 1.0515926017048791
9 28 1.2035199359163244
9 29 1.2637384695431702
9 30 1.2411316264266372
9 31 1.1670015288100306
9 32 1.136231613761676
9 33 1.2992841397987627
9 34 1.3408922595416386
9 35 1.3731511105479546
9 36 1.3820132137310102
9 37 1.2416051398764656
9 38 1.2427019591687507
9 39 1.3661424684236128
9 40 1.1094774107585559
9 41 1.2313271637709735
9 42 1.1501470203332063
9 43 1.2556155686370754
9 44 1.3684686042394463
9 45 1.2700794923496894
9 46 1.3755644109242018
9 47 1.2492323405406094
9 48 1.15271160318208
9 49 1.2547434688401817
10 11 1.1030100522257675
10 12 1.1700769409821667
10 13 1.262411681604965
10 14 1.4043024675980402
10 15 1.2005521569736755
10 16 1.2878798517247614
10 17 1.1798997209104445
10 18 1.1766261572759598
10 19 1.156727360231294
10 20 1.273284392315387
10 21 1.190197244245336
10 22 1.312983292991953
10 23 1.0988707627870735
10 24 1.3402950171824912
10 25 1.2317014063786786
10 26 1.4218246046967022
10 27 1.155404839082253
10 28 1.267080002358355
10 29 1.1953909179563558
10 30 1.3568866554792371
10 31 1.161323106348182
10 32 1.1423406098028734
10 33 1.007716762449206
10 34 1.2097283997222614
10 35 1.4012262120683336
10 36 1.2562387165711528
10 37 1.2950291359921513
10 38 1.388366017750121
10 39 1.3002101297254096
10 40 1.1454442467859132
10 41 1.185123880539376
10 42 1.194517320385221
10 43 1.286838645695232
10 44 1.241054476828151
10 45 1.2174138678561266
10 46 1.5087798090964097
10 47 1.1987423244571207
10 48 1.22368472841814
10 49 1.3040806209991278
11 12 0.9596206758075082
11 13 1.2349532763210638
11 14 1.409890307078551
11 15 1.2156270519897132
11 16 1.3116548729684168
11 17 1.195883029188532
11 18 1.2517260011758637
11 19 1.3227416808421804
11 20 1.3129179626318712
11 21 1.2351680667700213
11 22 1.325727064062139
11 23 1.2773373930185128
11 24 1.4629807224266844
11 25 1.272431043853504
11 26 1.5142790449143213
11 27 1.3351591740355586
11 28 1.2643277793396264
11 29 1.3099973096511683
11 30 1.3555083832694335
11 31 1.1963644361062953
11 32 1.1479780651899956
11 33 0.6300162661682611
11 34 1.2502572161153571
11 35 1.3441953183348088
11 36 0.860866864933602
11 37 1.292924103449188
11 38 1.4309004765944464
11 39 1.4374338140523453
11 40 1.2627888489906358
11 41 1.2643992300153193
11 42 1.20625809575197
11 43 1.3232788777895805
11 44 1.3918389962341722
11 45 1.2757676478943738
11 46 1.4311534862532032
11 47 1.2779326598228438
11 48 1.286265774834772
11 49 1.2306075614523364
12 13 1.2875261570896732
12 14 1.3615434471635897
12 15 1.2027819951594376
12 16 1.2121912464771532
12 17 1.167724689490215
12 18 1.2900949983249055
12 19 1.256773748220342
12 20 1.2777937518373403
12 21 1.3403471799973106
12 22 1.3689707665997344
12 23 1.182717367514901
12 24 1.4588748208991225
12 25 1.3126013547047468
12 26 1.418218693616319
12 27 1.270508672639971
12 28 1.258195644378924
12 29 1.2125934415742723
12 30 1.3139031580562917
12 31 1.206996824027685
12 32 1.2081699995893118
12 33 0.8728283602279421
12 34 1.2289570773852072
12 35 1.4095711212569018
12 36 1.1566585442768051
12 37 1.1866340026701947
12 38 1.321411252774645
12 39 1.3860501384872834
12 40 1.3058347510937185
12 41 1.1588237350399158
12 42 1.2539131972189939
12 43 1.3872070105571792
12 44 1.3743602731444369
12 45 1.1926845517253306
12 46 1.318480300861169
12 47 1.1332082342574166
12 48 1.204979967897176
12 49 1.2137633196574846
13 14 1.5265745579196008
13 15 1.365979391530255
13 16 1.2631838011493677
13 17 1.4843799168843446
13 18 1.4121194557566916
13 19 1.3782595908830462
13 20 1.4077684596625606
13 21 1.241473438666585
13 22 1.4524987416518065
13 23 1.3424763176235714
13 24 1.4582931749512718
13 25 1.1419333705184782
13 26 1.3931344982678684
13 27 1.380496026331943
13 28 1.3388627225985819
13 29 1.3976143994383232
13 30 1.4214992254746155
13 31 1.3613246484842458
13 32 1.380018897688774
13 33 1.115444443019117
13 34 1.307492892851209
13 35 1.1784462010238088
13 36 1.3873996606161816
13 37 1.2880440988816486
13 38 1.5295321067752925
13 39 1.4547758192143432
13 40 1.2950581195938473
13 41 1.2644691928469107
13 42 1.3265350505694977
13 43 1.3706058004312882
13 44 1.374195553733955
13 45 1.3042352346076296
13 46 1.358047517975003
13 47 1.3561845270606465
13 48 1.2736490633861288
13 49 1.3720464567726112
14 15 1.3356909289152625
14 16 1.4979093704171167
14 17 1.363767073765286
14 18 1.3953377290454028
14 19 1.2953090038370756
14 20 1.4731431624043456
14 21 1.2688085776132558
14 22 1.065304921942624
14 23 1.3375139994462264
14 24 1.500444090153857
14 25 1.3635295040479947
14 26 1.4179498534566406
14 27 1.3445299308498155
14 28 1.5006174987625571
14 29 1.387649520992195
14 30 1.3247628999291736
14 31 1.4040306181934898
14 32 1.4290369068447155
14 33 1.4545455884254501
14 34 1.469937275400017
14 35 1.3103510737051784
14 36 1.2605687220956472
14 37 1.369374561421329
14 38 1.5034669102721812
14 39 1.3773158604975124
14 40 1.37984546669005
14 41 1.419568648382753
14 42 1.3461794342421574
14 43 1.421444236031308
14 44 1.3666379466809995
14 45 1.4790207340809656
14 46 1.2413347526800762
14 47 1.3012706815589878
14 48 1.5029482149323978
14 49 1.3224188490949216
15 16 1.1158236377104587
15 17 1.1329849848937523
15 18 1.2563803146579442
15 19 1.3196504588407827
15 20 1.1555870099183905
15 21 1.086830132381729
15 22 1.2558795524162616
15 23 1.0390199139299507
15 24 1.3869228540872767
15 25 1.3039421486285827
15 26 1.257069958910464
15 27 1.0321951530939235
15 28 1.2376106321893223
15 29 1.263385766933272
15 30 1.2945130439476191
15 31 1.0607684076798973
15 32 1.2606149293698399
15 33 1.1764756189945313
15 34 1.3383328422203957
15 35 1.3812090155815484
15 36 1.1896334276931837
15 37 1.109785679026369
15 38 1.3489470083455022
15 39 1.2827175372049031
15 40 1.0560876694595123
15 41 1.1702171411835625
15 42 1.0952224927821044
15 43 1.142498914388839
15 44 1.3038515853186572
15 45 1.2074541436829478
15 46 1.255385830213562
15 47 1.2340736087836044
15 48 1.1307010809468865
15 49 1.2602398449793055
16 17 1.2440613512005663
16 18 1.2802620424976623
16 19 1.3312267556701418
16 20 1.188600026857962
16 21 1.213300964253935
16 22 1.440420578588434
16 23 1.1425259442276081
16 24 1.2202878094800451
16 25 1.283003442587228
16 26 1.3774309387184254
16 27 1.1675097036320108
16 28 1.1842295511353031
16 29 1.1725061574350302
16 30 1.3073408309925953
16 31 1.1251878973936855
16 32 1.3509080592932547
16 33 1.204178883350814
16 34 1.373536015465053
16 35 1.445734463915001
16 36 1.2558339374269696
16 37 1.2510655465829856
16 38 1.2016692266003377
16 39 1.184648340740589
16 40 1.1184542227732246
16 41 1.1892310495519836
16 42 1.1205286242852022
16 43 1.2257696616163316
16 44 1.3867481861807434
16 45 1.2038385814105035
16 46 1.2237293126183093
16 47 1.2151460895397375
16 48 0.818491677297765
16 49 1.3379173615302715
17 18 1.2241684711691034
17 19 1.335288301732617
17 20 1.1558109394539784
17 21 1.2692538777211753
17 22 1.3375879612466632
17 23 1.0544063074471401
17 24 1.2773308192780721
17 25 1.2753843294919969
17 26 1.3752536779095508
17 27 1.194290273814654
17 28 1.232574333120991
17 29 1.2572696906179561
17 30 1.2633003115511645
17 31 1.0341573249047231
17 32 1.2432515817714587
17 33 1.1141856317799756
17 34 1.3427063832320687
17 35 1.5043443373828278
17 36 1.1785003841793982
17 37 1.2294474118375975
17 38 1.3671963785382113
17 39 1.222218142905925
17 40 1.193664280273593
17 41 1.1090993591540312
17 42 1.1685926136143117
17 43 1.3260746404469304
17 44 1.3050129996875492
17 45 1.192797699711754
17 46 1.2933059823517017
17 47 0.9128150767165775
17 48 1.2655219729877851
17 49 1.2817312254002249
18 19 1.1360373200552198
18 20 1.300212398004557
18 21 1.1819919949271778
18 22 1.4275997184145508
18 23 1.2642415601774075
18 24 1.3186534538334007
18 25 1.2907251885380375
18 26 1.4629905988296317
18 27 1.2063839749256298
18 28 1.2179089625177033
18 29 1.2028723736540354
18 30 1.3539479095161295
18 31 1.1330208101516708
18 32 1.051323346661967
18 33 1.1377467018983494
18 34 1.1438995742443903
18 35 1.3874402293406847
18 36 1.312037261295924
18 37 1.348331807307443
18 38 1.2419701653224502
18 39 1.2105386769979094
18 40 1.2414449388500988
18 41 1.23154156569896
18 42 1.2093695352757532
18 43 1.3184556205616393
18 44 1.3312040910542429
18 45 1.073211405427447
18 46 1.4511385081849189
18 47 1.2180915519793347
18 48 1.2878068837440366
18 49 1.2264754773534026
19 20 1.3261719167401265
19 21 1.2802105289792032
19 22 1.2211375061242182
19 23 1.26263441596079
19 24 1.4222346214062882
19 25 1.3134616143148525
19 26 1.3538212413088995
19 27 1.265212476054468
19 28 1.409802261789935
19 29 1.241832283855384
19 30 1.2985966939502067
19 31 1.2850804799260107
19 32 1.2134713105173172
19 33 1.2685278589093751
19 34 1.225587572263037
19 35 1.3239796289224959
19 36 1.4130378094227196
19 37 1.2556366278399247
19 38 1.2814457723834465
19 39 1.281057093991362
19 40 1.3429585215966515
19 41 1.3368219264551902
19 42 1.1964682682162362
19 43 1.4697579769547544
19 44 1.2771398042708335
19 45 1.2466439091236703
19 46 1.37223075692414
19 47 1.29188552687461
19 48 1.3672813979382021
19 49 1.2519096968207013
20 21 1.2330331499983773
20 22 1.403460692801724
20 23 1.2478952760083868
20 24 1.3244800309932494
20 25 1.311279816421167
20 26 1.2710682844794035
20 27 1.118683505254709
20 28 1.280572913221546
20 29 1.3238526469278395
20 30 1.2217624230514486
20 31 1.0763366959209184
20 32 1.2948335630489025
20 33 1.2522932673790803
20 34 1.3253015751505823
20 35 1.4084071035440104
20 36 1.3171901621925013
20 37 1.2703887215724172
20 38 1.2817956728453035
20 39 1.330637719814542
20 40 1.1688222431716289
20 41 1.2819948970440014
20 42 1.1686493708530117
20 43 1.285863871384247
20 44 1.4077526240797957
20 45 1.2211243360132285
20 46 1.3778598025716606
20 47 1.2987328456258036
20 48 1.213193361152009
20 49 1.384059366898256
21 22 1.1484397172930698
21 23 1.1345043343625456
21 24 1.325528340554458
21 25 1.1734826916457712
21 26 1.3704162298536553
21 27 1.1451819590103616
21 28 1.1794667708359732
21 29 1.321674250908179
21 30 1.2491432933858797
21 31 1.0943020919700581
21 32 1.2922598976403612
21 33 1.186832738444833
21 34 1.4065543013937094
21 35 1.0935516428994874
21 36 1.2422499931812208
21 37 1.1220966448239256
21 38 1.3682092562701516
21 39 1.3622045259112803
21 40 1.0329960228450927
21 41 1.332850695248356
21 42 0.9929148724400844
21 43 1.228912772005365
21 44 1.2651948940479831
21 45 1.3827080267101275
21 46 1.2095124136787612
21 47 1.2161461995979783
21 48 1.2109521284611278
21 49 1.1886300775211769
22 23 1.2439078961885213
22 24 1.4303408079308126
22 25 1.3559785757797884
22 26 1.299268623328908
22 27 1.3906355143263744
22 28 1.372456144499877
22 29 1.373186050335712
22 30 1.282600321987379
22 31 1.4012735602422626
22 32 1.4117524040947544
22 33 1.3842192853076045
22 34 1.4493048165236635
22 35 1.139606318669476
22 36 1.35735898632585
22 37 1.2823000349671663
22 38 1.4300621789705652
22 39 1.4440643080123303
22 40 1.3846910765637672
22 41 1.3751023339349722
22 42 1.1879931246942914
22 43 1.3497551347837076
22 44 1.312954077485866
22 45 1.4012415362054018
22 46 1.2285534093605948
22 47 1.3731962335400636
22 48 1.4388068512065608
22 49 1.289640514530642
23 24 1.1949901396250988
23 25 1.0889564961769798
23 26 1.340480359189126
23 27 0.9973523350014782
23 28 1.2215495297503578
23 29 1.195168836984916
23 30 1.2953328662385895
23 31 1.0571833854665453
23 32 1.2559252153366256
23 33 1.190081228465031
23 34 1.2112359764502572
23 35 1.4318706257336944
23 36 1.2530151628659447
23 37 1.062782199051237
23 38 1.3178678250546794
23 39 1.1261323083462114
23 40 1.0416542735238958
23 41 1.1666881641883737
23 42 1.170165768384522
23 43 1.2128490144984694
23 44 1.3335079215813779
23 45 1.1855034891043437
23 46 1.2757068656942836
23 47 1.0005730809409554
23 48 1.1188196181351608
23 49 1.240089212042498
24 25 1.3615658575252763
24 26 1.395855054590955
24 27 1.215292523365741
24 28 1.2295045053283713
24 29 1.3463358760537918
24 30 1.3736591047584237
24 31 1.2726802892924334
24 32 1.2773225431685427
24 33 1.456304742860246
24 34 1.3618640105929203
24 35 1.4694811290040284
24 36 1.4001452377349686
24 37 1.3329355739135371
24 38 1.2104437615760908
24 39 1.1846644999286673
24 40 1.2530976536109606
24 41 1.3093810850995422
24 42 1.3371082674763488
24 43 1.233525982423016
24 44 1.4244819737013412
24 45 1.367789660763729
24 46 1.4082400332482117
24 47 1.3578219250782928
24 48 1.2568778891584635
24 49 1.3789868290950238
25 26 1.3924465300993853
25 27 1.381479196655291
25 28 1.2502997698038472
25 29 1.1727985708498676
25 30 1.2818906166080122
25 31 1.3297375607158268
25 32 1.2678695371017072
25 33 1.1995443672175883
25 34 1.2756077530911518
25 35 1.388692101704204
25 36 1.3192942126146547
25 37 1.2373350448328984
25 38 1.2850532179479952
25 39 1.3061342699947878
25 40 1.1014227906567011
25 41 1.1937894357528613
25 42 1.2405266553474632
25 43 1.3844096212282533
25 44 1.452648263583501
25 45 1.3279189787617116
25 46 1.334269924826679
25 47 1.2608446668584674
25 48 1.202904395874183
25 49 1.3794506428131
26 27 1.2720834175503457
26 28 1.2662476286856934
26 29 1.4212461651199353
26 30 1.3764648300429063
26 31 1.4590712500920848
26 32 1.4466927633163442
26 33 1.4753154887023774
26 34 1.4619184373330056
26 35 1.353025615043441
26 36 1.4443759430587397
26 37 1.33055850267228
26 38 1.2594285648362642
26 39 1.3357806263632412
26 40 1.2850644055938565
26 41 1.4242691455911964
26 42 1.2248802328598904
26 43 1.2845618287989422
26 44 1.3813909655909813
26 45 1.3271489691758676
26 46 1.257573526045143
26 47 1.5481112899407174
26 48 1.3590836548034477
26 49 1.3946226491793134
27 28 1.1065024610354577
27 29 1.381062279424017
27 30 1.2438935072292987
27 31 1.0002136655750564
27 32 1.1752849672392205
27 33 1.2816159392419344
27 34 1.1878261112284265
27 35 1.3574430253659941
27 36 1.231921619785468
27 37 1.1751598767585478
27 38 1.310916078302152
27 39 1.1140987366553459
27 40 1.032673229680238
27 41 1.2383052846933096
27 42 1.1013524575919122
27 43 1.1909080762853244
27 44 1.2778231231314847
27 45 1.139268202219594
27 46 1.3049827548542345
27 47 1.1604398610555053
27 48 1.0844394672906092
27 49 1.2274386492993106
28 29 1.3235827418263792
28 30 1.310951732308225
28 31 1.2358581422517612
28 32 1.2843248280874109
28 33 1.2563847082731299
28 34 1.3557750224483773
28 35 1.25652461936004
28 36 1.2869376207775478
28 37 1.2565086541885384
28 38 1.271846435384382
28 39 1.2363324093987362
28 40 1.1552988384868585
28 41 1.229765159053859
28 42 1.1805321019947024
28 43 1.2687072490095452
28 44 1.3254676684472688
28 45 1.2923695481796258
28 46 1.2723470558081236
28 47 1.3254791840317195
28 48 1.1903854868367292
28 49 1.2737028993953916
29 30 1.329152742987144
29 31 1.269095000354341
29 32 1.251720518907667
29 33 1.2433507987165326
29 34 1.364984346310353
29 35 1.486546747099241
29 36 1.3809957214109325
29 37 1.3176742903755403
29 38 1.2241837833780604
29 39 1.2293446125853167
29 40 1.2651451222569876
29 41 1.179100158543887
29 42 1.323873238178206
29 43 1.3372553534641796
29 44 1.3956890153365453
29 45 1.258624743410703
29 46 1.3747975177715945
29 47 1.2348050066340261
29 48 1.0955635512766315
29 49 1.3306101484775945
30 31 1.218858155116885
30 32 1.236340925637498
30 33 1.4113340958258482
30 34 1.3591197841736167
30 35 1.3005151722517017
30 36 1.2424168272731737
30 37 1.3326732637213539
30 38 1.3856224621955133
30 39 1.3536899952466008
30 40 1.3202747676176925
30 41 1.2827818811100435
30 42 0.9857859404304147
30 43 1.3284095719738334
30 44 1.4088492514903068
30 45 1.2623910386629829
30 46 1.1948582836018848
30 47 1.2365465502975164
30 48 1.1103940097644698
30 49 1.2376302842751195
31 32 1.1913946129690975
31 33 1.160601830630033
31 34 1.243414018411632
31 35 1.3739374145518202
31 36 1.1513004717091595
31 37 1.2345773146529435
31 38 1.4122149122904428
31 39 1.2567573328281947
31 40 1.052593697900845
31 41 1.1537329849914193
31 42 1.0816203438191057
31 43 1.141137551346929
31 44 1.323345762819439
31 45 1.193249208291298
31 46 1.215021467423801
31 47 1.0221951702116945
31 48 1.1406837657606386
31 49 1.270609590167046
32 33 1.1113756356594444
32 34 0.9514820825864068
32 35 1.4185543311486795
32 36 1.2330990303842693
32 37 1.3141769545115507
32 38 1.2623022064261946
32 39 1.4029801773772048
32 40 1.2704704020689004
32 41 1.242612279498687
32 42 1.1720285352464455
32 43 1.2780555724259204
32 44 1.339304879047269
32 45 1.0975845869666545
32 46 1.4736776008250947
32 47 1.2517983036242841
32 48 1.2633024417941607
32 49 1.37749325859168
33 34 1.1735146671663765
33 35 1.3423989993424315
33 36 0.9800273576776896
33 37 1.219741611730124
33 38 1.3753076754130162
33 39 1.370750755968008
33 40 1.2094115019141662
33 41 1.1475700541269824
33 42 1.2142987241959347
33 43 1.3778555830921795
33 44 1.3133387305618167
33 45 1.1387744841310594
33 46 1.4451199131012342
33 47 1.1958168190393261
33 48 1.216008852076424
33 49 1.195305331984283
34 35 1.4260370121873491
34 36 1.33937109187176
34 37 1.416976180426717
34 38 1.346136538670826
34 39 1.3645219111900613
34 40 1.3726669622634404
34 41 1.2008345380585572
34 42 1.3418688337616549
34 43 1.4715251844814337
34 44 1.3463282374458563
34 45 1.1223865524409298
34 46 1.5165310777490069
34 47 1.2438307927810832
34 48 1.3418263049462207
34 49 1.4625973227480986
35 36 1.3880192172555579
35 37 1.395890248618079
35 38 1.4819763073522434
35 39 1.4472182229159836
35 40 1.371843101175914
35 41 1.3913445367277437
35 42 1.1496503203001764
35 43 1.3891879563221787
35 44 1.3721571154628562
35 45 1.4652813818995847
35 46 1.2953612023750272
35 47 1.410471322045105
35 48 1.3448607739741403
35 49 1.3043323908479165
36 37 1.2527261825207527
36 38 1.391214042512671
36 39 1.3397503219568896
36 40 1.1927795658944869
36 41 1.285899032405108
36 42 1.178813933982985
36 43 1.366075350779426
36 44 1.329210557614944
36 45 1.3130020963530389
36 46 1.2722325889189992
36 47 1.2751059050338815
36 48 1.2450390583948026
36 49 1.2820294121658578
37 38 1.3239027535018346
37 39 1.2807999714376852
37 40 1.1693624960888018
37 41 1.1912513731180443
37 42 1.204011667616965
37 43 1.311868589148528
37 44 1.3243110613032398
37 45 1.3017779330685528
37 46 1.2111609275228952
37 47 1.2303831907501803
37 48 1.2083196579453297
37 49 1.2411290495982676
38 39 1.2574241765933472
38 40 1.252082579257029
38 41 1.3352036166864656
38 42 1.368085487488472
38 43 1.2694298477687778
38 44 1.438236296995049
38 45 1.1808433320210692
38 46 1.3154890635648755
38 47 1.4421375459583792
38 48 1.190578708056539
38 49 1.3612450726716534
39 40 1.1064628021754028
39 41 1.3051041336822145
39 42 1.3171889806117338
39 43 1.263193118958007
39 44 1.4825811010891685
39 45 1.3519105623928132
39 46 1.2788793420294822
39 47 1.2458450694446475
39 48 1.234974859894781
39 49 1.303881389558608
40 41 1.2335710073798676
40 42 1.0788523596141035
40 43 1.186464654046038
40 44 1.4137907177145734
40 45 1.2510236144368372
40 46 1.1566034309995916
40 47 1.290385399475072
40 48 1.0934686819086628
40 49 1.297841397480634
41 42 1.2275960295820652
41 43 1.408823714499941
41 44 1.2675379764210817
41 45 1.1685164890106998
41 46 1.3123301811593886
41 47 1.0714779091917521
41 48 1.1862858895947366
41 49 1.3402592425103543
42 43 1.3087467409331164
42 44 1.3597249815128505
42 45 1.2203991921352366
42 46 1.1647530680876808
42 47 1.259904906658474
42 48 1.0358544052236769
42 49 1.3847949501302559
43 44 1.434940424509417
43 45 1.3162702966037052
43 46 1.279829097001851
43 47 1.362134673099977
43 48 1.2874518479322332
43 49 1.2602044293157844
44 45 1.3203368345385769
44 46 1.3960264783499354
44 47 1.358002511738325
44 48 1.4283611444189943
44 49 1.2102750657270638
45 46 1.371075099351823
45 47 1.259522668704335
45 48 1.1706195599978473
45 49 1.2962775974544547
46 47 1.3446142770252436
46 48 1.2103640654779484
46 49 1.2852688421821334
47 48 1.1930112738540624
47 49 1.2616914583815444
48 49 1.3415310147806219
