75 0
0 1 1.3196548180658856
0 2 1.2563094285182812
0 3 1.2102990467223398
0 4 1.2179521351699736
0 5 1.425074951016868
0 6 1.0918522021103292
0 7 0.9763512860201528
0 8 1.3688386630203606
0 9 1.385733698692571
0 10 1.413014843725424
0 11 1.3031314474444995
0 12 1.3642633839718266
0 13 1.3849779475820176
0 14 1.2065481024452613
0 15 1.2945876744550409
0 16 1.2646647063166774
0 17 1.4286423777246864
0 18 1.300473446133358
0 19 1.2754812433475764
0 20 1.2123757544389775
0 21 1.1686656302167155
0 22 1.3405738296835503
0 23 1.1490400841868953
0 24 1.3615130382533793
0 25 1.215844532286553
0 26 1.4011526685390963
0 27 1.3813492692061604
0 28 1.428164575950264
0 29 1.4448569002734106
0 30 1.3607480419873832
0 31 1.2422496850631812
0 32 1.416739440198849
0 33 1.2892988456707066
0 34 1.292756150835456
0 35 1.4292176863231083
0 36 1.239138221650252
0 37 1.414973475852398
0 38 1.0850960862432408
0 39 1.2955110817817235
0 40 1.454532478526702
0 41 1.1627425158364564
0 42 1.383680155363968
0 43 1.2579154952119098
0 44 1.1783417908922311
0 45 1.4859593698768525
0 46 1.404926799614724
0 47 1.12607016593151
0 48 1.2372232637198046
0 49 1.299362179523421
0 50 1.1207438419981015
0 51 1.306610708992134
0 52 1.1657056093790144
0 53 1.2777310787171396
0 54 1.3276380315247727
0 55 1.4241019316299144
0 56 0.9847805062892044
0 57 1.3022999311756729
0 58 1.0899694136808087
0 59 1.2482069430483724
0 60 1.4290171226739838
0 61 1.1165706780424522
0 62 1.301942188773782
0 63 1.3830510888818037
0 64 1.0373454117784011
0 65 1.4478725907335985
0 66 1.2644669769698567
0 67 1.2471718947129384
0 68 1.2929026669979014
0 69 1.327826294786347
0 70 1.0805751737995277
0 71 1.0387747932421891
0 72 1.1183147971218608
0 73 1.0714379194038455
0 74 1.318802414084599
1 2 1.2354784470261153
1 3 1.2895691293334763
1 4 1.26500755799283
1 5 1.298249835945895
1 6 1.2792671472810655
1 7 1.248239682984719
1 8 1.226534522218684
1 9 1.2430331480092607
1 10 1.24204266400914
1 11 1.4113667104181145
1 12 1.3481275203475973
1 13 1.363563355607819
1 14 1.2921155292326518
1 15 1.3247294313927818
1 16 1.1394599537492642
1 17 1.2619688374638174
1 18 1.3369372000929474
1 19 1.2073355965146
1 20 1.1143587483388502
1 21 1.3606502862816574
1 22 1.3014173870260073
1 23 1.281411793659751
1 24 1.4442594630498942
1 25 1.3521730697982586
1 26 1.3775563043618053
1 27 1.2563939579493861
1 28 1.4323448877050686
1 29 1.3490868456543366
1 30 1.0869168478808333
1 31 1.1620732092949604
1 32 1.3354100398045086
1 33 1.3162435368809569
1 34 1.2558340064635112
1 35 1.3991825062848315
1 36 1.2568899162441933
1 37 1.3361880561270754
1 38 1.418699871542052
1 39 1.372483032375837
1 40 1.4681261392500413
1 41 1.2770249397560869
1 42 1.1224741340900737
1 43 1.3590785166788826
1 44 1.2436086380437477
1 45 1.407045570689753
1 46 1.2762446221229078
1 47 1.2997647512130452
1 48 1.3434562011071214
1 49 1.3866879462296695
1 50 1.31085679096712
1 51 1.3420818380583261
1 52 1.2397390933832864
1 53 1.3136768297183148
1 54 1.2417406799091129
1 55 1.4285965212834588
1 56 1.2770609936236446
1 57 1.2913270245803115
1 58 1.2972162176067754
1 59 1.3847287411916591
1 60 1.3483163381552228
1 61 1.2790533015846037
1 62 1.1972651099607456
1 63 1.4283230936489426
1 64 1.1784153820889565
1 65 1.4281528780173156
1 66 1.3286857307892892
1 67 1.3728567182120985
1 68 1.2672942657490645
1 69 1.2331576574343361
1 70 1.3799736176011392
1 71 1.3490516747112675
1 72 1.2880311530646664
1 73 1.4113044127962744
1 74 0.6596161435672994
2 3 1.1815990656245057
2 4 1.2215742150268476
2 5 1.217565709020387
2 6 1.2693418667849288
2 7 1.196984104459229
2 8 1.1973456724186649
2 9 1.2475930642205515
2 10 1.4078583716264481
2 11 1.3109563911508542
2 12 1.4302123936721394
2 13 1.4856895609630987
2 14 1.204245158481218
2 15 1.3919603753394434
2 16 1.2979778402601645
2 17 1.2450357886396575
2 18 1.2723659376202756
2 19 1.2673791803242211
2 20 1.1622237939118163
2 21 1.2647159320889179
2 22 1.1731149065606559
2 23 1.1205995981632713
2 24 1.29274212675706
2 25 1.1339674175712884
2 26 1.235548075402274
2 27 1.3571815685161002
2 28 1.4125010922185477
2 29 1.3493870798616607
2 30 1.1752928004120176
2 31 1.3815226045033293
2 32 1.3090868776600981
2 33 1.2731316940841941
2 34 1.1391117721989819
2 35 1.3117223446105453
2 36 1.3474321841618135
2 37 1.2454952456142885
2 38 1.2610836654103934
2 39 1.3235526940390185
2 40 1.4124726847787341
2 41 1.1166512544948752
2 42 1.0569388026449609
2 43 1.1991096822653236
2 44 1.1166398582665644
2 45 1.4085118682514777
2 46 1.2670445924953326
2 47 1.25040249264267
2 48 1.3789600628765641
2 49 1.3871543216192566
2 50 1.149510202026325
2 51 1.3500638796233344
2 52 1.1597153768813604
2 53 1.2656372527464077
2 54 1.3137994313228536
2 55 1.4206334256769346
2 56 1.1980660162978867
2 57 1.0623458992835801
2 58 1.3127509256745964
2 59 1.3502546519352319
2 60 1.4427086153546607
2 61 1.1051967403893903
2 62 1.29833401619041
2 63 1.4904085611442064
2 64 1.2674972965940392
2 65 1.3085519945775357
2 66 1.2829627498831222
2 67 1.1246701592877373
2 68 1.2271275766157113
2 69 1.2736805966963636
2 70 1.163447602801996
2 71 1.0950344944028125
2 72 0.9335236534589719
2 73 1.256089173451573
2 74 1.2286390287069722
3 4 1.3077760401674428
3 5 1.383250937236179
3 6 1.3453733652819069
3 7 1.2021633799909848
3 8 1.3799740194975212
3 9 1.2917923299351481
3 10 1.4121977812144555
3 11 1.3277014709516268
3 12 1.3732761704863465
3 13 1.3763739554905354
3 14 1.1486680387688937
3 15 1.4235205889170017
3 16 1.3527958454979423
3 17 1.4492332422847187
3 18 1.4736776008250947
3 19 1.2953612023750272
3 20 1.2906339372615134
3 21 1.3412519428701466
3 22 1.429859894654201
3 23 1.1340811064901513
3 24 1.3130506913286675
3 25 1.1869691096291648
3 26 1.335013826435901
3 27 1.3285374136341077
3 28 1.3937534297460261
3 29 1.294969082815344
3 30 1.2117940828751559
3 31 1.3603857221628397
3 32 1.318480300861169
3 33 1.3092223343805804
3 34 1.303557991805859
3 35 1.3010706313536928
3 36 1.301988707214976
3 37 1.4004564516754376
3 38 1.2645963936457796
3 39 1.4003799289954693
3 40 1.4154312140170795
3 41 1.169715240079508
3 42 1.3195496505041548
3 43 1.3699140902860183
3 44 1.1720051200023627
3 45 1.4696177589278665
3 46 1.3162618268519959
3 47 1.2106082321860039
3 48 1.3416969456497911
3 49 1.334269924826679
3 50 1.200778054026243
3 51 1.302144518883315
3 52 1.2182545245808614
3 53 1.3650195026397993
3 54 1.3959448155729408
3 55 1.3209515808824248
3 56 1.2364353355445836
3 57 1.2722948890835044
3 58 1.260513079640372
3 59 1.3736863919405762
3 60 1.4590851978024948
3 61 1.1553406667009642
3 62 1.330111953075615
3 63 1.358047517975003
3 64 1.1729308394579454
3 65 1.4148581858224172
3 66 1.254031123191812
3 67 1.1822057120356106
3 68 1.344514419746995
3 69 1.3810796090662756
3 70 1.192001699482345
3 71 1.1478422287911492
3 72 1.1672830114597033
3 73 1.2021077699696605
3 74 1.265969624178539
4 5 1.4565658374920072
4 6 1.3325376177412147
4 7 1.3722881272012608
4 8 1.4440796839042573
4 9 1.4200669313962717
4 10 1.4065861232672592
4 11 1.3997939141115554
4 12 1.2660441614343192
4 13 1.2771526899987926
4 14 1.1753555630113695
4 15 1.3845180786944842
4 16 1.3482644330813538
4 17 1.3532556091994201
4 18 1.210476024605111
4 19 1.3652317480176177
4 20 1.1462738767785814
4 21 1.2511839104925564
4 22 1.1543090278809656
4 23 1.194117951993735
4 24 1.2289662369415912
4 25 1.2055049766750754
4 26 1.1569074616664499
4 27 1.4879121961637392
4 28 1.2486715158518555
4 29 1.3153688005319382
4 30 1.2514594949246034
4 31 1.2602869298978172
4 32 1.2233841890205033
4 33 1.3217599755839264
4 34 1.3596759456945757
4 35 1.2657036726543747
4 36 1.1983435259774347
4 37 1.3814431806252234
4 38 1.3003026771169142
4 39 1.0624046044640776
4 40 1.4106643364317246
4 41 1.250236920915772
4 42 1.2279262426048736
4 43 1.3823209422427625
4 44 1.105144343283844
4 45 1.3385506460634955
4 46 1.4067937753666404
4 47 1.2461311589859398
4 48 1.359024527892534
4 49 1.2835882180553888
4 50 1.2402924842627316
4 51 1.3397574460548165
4 52 1.2643705932031601
4 53 0.9503243150426404
4 54 1.3652261844497784
4 55 1.2235940129659977
4 56 1.2782588332988025
4 57 1.2974241470334453
4 58 1.3898290506786617
4 59 1.3476981356270454
4 60 1.402379145243388
4 61 1.1724889814267487
4 62 1.3600280660630588
4 63 1.3463040585995985
4 64 1.3567966340594182
4 65 1.4203479864366235
4 66 1.3648278621352494
4 67 1.2311985443319613
4 68 1.094491174356979
4 69 1.334023663914008
4 70 1.156194025472577
4 71 1.1370130004978047
4 72 1.2515947319896392
4 73 1.3407249810804023
4 74 1.2654054110426394
5 6 1.4783667374816367
5 7 1.3590848383765892
5 8 0.5955106634737674
5 9 0.9634714958498104
5 10 1.199979766045851
5 11 1.4295240768748119
5 12 1.4739539006727016
5 13 1.5233970546442068
5 14 1.4078643975847964
5 15 1.500293521752842
5 16 1.332453495760821
5 17 1.2458906131275356
5 18 1.4484033817247313
5 19 1.3470911194000776
5 20 1.3457186012834343
5 21 1.4854934840257494
5 22 1.4101406103647036
5 23 1.5959951989533567
5 24 1.4750644513400175
5 25 1.6011258936637842
5 26 1.3147881276021596
5 27 1.359342021265313
5 28 1.5286371119893811
5 29 1.460417662497624
5 30 1.0165625568242767
5 31 1.3333086393524443
5 32 1.509627408578483
5 33 1.363385961007864
5 34 1.1791762108929453
5 35 1.4889307396897604
5 36 1.343578363448752
5 37 1.2694805544681425
5 38 1.4087490728826422
5 39 1.384491382231688
5 40 1.481085878305287
5 41 1.5631492130524591
5 42 1.230036857155654
5 43 1.3715120781075862
5 44 1.4583629904805469
5 45 1.5006441096139802
5 46 0.8907229715789817
5 47 1.3924246523372168
5 48 1.4291112683685696
5 49 1.4510100408476334
5 50 1.438718717855141
5 51 1.5312279579527253
5 52 1.387322254293787
5 53 1.4584406777607826
5 54 1.4692344662299044
5 55 1.5081826939382432
5 56 1.3589300448150288
5 57 1.2985482174224074
5 58 1.4941416740608624
5 59 1.5125342706032687
5 60 1.4421203160403036
5 61 1.4465775050894967
5 62 1.2900569140724796
5 63 1.5550362414127377
5 64 1.4046226626427025
5 65 1.3525033794501518
5 66 1.4142488847795442
5 67 1.6299704554873025
5 68 1.4287685868312212
5 69 1.1522084172001337
5 70 1.4896143179151329
5 71 1.445358572342303
5 72 1.3282683469338796
5 73 1.4014467563174697
5 74 1.2489817133162755
6 7 1.093439129991544
6 8 1.4219390292780776
6 9 1.3952795962954905
6 10 1.3882711138823889
6 11 1.4635886530383744
6 12 1.4821429956364167
6 13 1.3250650407127182
6 14 1.2457677248086712
6 15 1.3476843658399211
6 16 1.3636955922144112
6 17 1.3915626324744315
6 18 1.3638437674100752
6 19 1.3729896134434227
6 20 1.2224966182399823
6 21 1.140263020971831
6 22 1.338404202321867
6 23 1.090769931973445
6 24 1.3694797031553376
6 25 1.1337930276905548
6 26 1.425433600289847
6 27 1.3377368275956472
6 28 1.4609727575205007
6 29 1.4128374726980564
6 30 1.3947570226291082
6 31 1.3360555208301892
6 32 1.3986070823405155
6 33 1.3046064245048625
6 34 1.2884875384155263
6 35 1.3677164915057929
6 36 1.317495029623431
6 37 1.4552909739350806
6 38 1.2733218258581807
6 39 1.4813137141157504
6 40 1.4669267266461627
6 41 1.08617070344949
6 42 1.4322004619872193
6 43 1.2916947285300016
6 44 1.3361691104439826
6 45 1.4199381123938928
6 46 1.4127383467571122
6 47 1.151486920362381
6 48 1.3688417827493526
6 49 1.371841038926189
6 50 1.319111397954754
6 51 1.330443698263968
6 52 1.3095387047936262
6 53 1.301550429291339
6 54 1.3674451238922514
6 55 1.413552854396103
6 56 0.9319388780089174
6 57 1.3037524824981277
6 58 1.0998960059881122
6 59 1.4230656827179125
6 60 1.4377098007007465
6 61 1.2816717834007523
6 62 1.4206611368216062
6 63 1.432098292276442
6 64 0.932302028850398
6 65 1.4484829330985811
6 66 1.3432681666323367
6 67 1.16971248797044
6 68 1.3642023299851118
6 69 1.3921520730199215
6 70 1.1140054101633232
6 71 1.1795885990569126
6 72 1.1698466491177597
6 73 1.2720311050223063
6 74 1.2768012070309056
7 8 1.3272519111908565
7 9 1.340428431273813
7 10 1.4622798921037445
7 11 1.4039838107587896
7 12 1.4758676670235544
7 13 1.4171479815330392
7 14 1.2790242119809951
7 15 1.3851217309519703
7 16 1.3734687188367187
7 17 1.3175035510682214
7 18 1.4279678456036609
7 19 1.2990757270522417
7 20 1.2533178953714015
7 21 1.3628013592141313
7 22 1.4228683748237714
7 23 1.180084883894394
7 24 1.365763117301042
7 25 1.27220847315147
7 26 1.480655777438042
7 27 1.317550344000368
7 28 1.4664322204688216
7 29 1.4734552250030308
7 30 1.3178752013116772
7 31 1.3458173637006965
7 32 1.4208853010936044
7 33 1.321805104659284
7 34 1.2737140899960397
7 35 1.4277962165259708
7 36 1.334417982303058
7 37 1.4239569953911038
7 38 1.3241505536820561
7 39 1.4535360507892618
7 40 1.5478209978984632
7 41 1.172614677673764
7 42 1.3498479483426464
7 43 1.2768200137429282
7 44 1.296969084058557
7 45 1.5332848371039567
7 46 1.3625158524575884
7 47 1.2508246696346543
7 48 1.3168658124713866
7 49 1.3726767242562492
7 50 1.2336473707122826
7 51 1.407565860187958
7 52 1.2460644562672645
7 53 1.3437734872266445
7 54 1.4430374615959907
7 55 1.3803441516189243
7 56 1.0188670829144502
7 57 1.350324732015435
7 58 1.2246669446349712
7 59 1.3944073476710221
7 60 1.5165780161625069
7 61 1.2710673458279047
7 62 1.2796269203304067
7 63 1.4325624100866892
7 64 1.0481011549802797
7 65 1.4611858301047405
7 66 1.3325018597539608
7 67 1.2147646587172591
7 68 1.3912047127623857
7 69 1.3785542386150604
7 70 1.1522916414707352
7 71 1.2088320436526867
7 72 1.171983714526122
7 73 1.2677912620555265
7 74 1.258193077051306
8 9 0.9492532660782204
8 10 1.1144433879680262
8 11 1.3689301386276154
8 12 1.451381749591469
8 13 1.549429324055076
8 14 1.415287315820519
8 15 1.4796220061704322
8 16 1.3261900284352546
8 17 1.2467097378111083
8 18 1.414847318545527
8 19 1.2877237206618133
8 20 1.282739694857035
8 21 1.4423370476262574
8 22 1.3843649605637516
8 23 1.574896216738582
8 24 1.4539488430323537
8 25 1.598078715992616
8 26 1.3919656336505053
8 27 1.3878733880049652
8 28 1.5347131320813505
8 29 1.397748087618551
8 30 1.0103801159702523
8 31 1.3250995146425761
8 32 1.4250730147550843
8 33 1.3015055760381198
8 34 1.208333002453449
8 35 1.4659317027967356
8 36 1.332799590920716
8 37 1.2554141146143036
8 38 1.3925632513645771
8 39 1.359413095734552
8 40 1.4688382874782349
8 41 1.5407620809042117
8 42 1.1670988484337408
8 43 1.3337791017279366
8 44 1.4433591981778855
8 45 1.457097477645866
8 46 0.9486787255112356
8 47 1.415324804292557
8 48 1.3915470920591033
8 49 1.5356384243430719
8 50 1.35650172212407
8 51 1.5288341135629269
8 52 1.3684690679954452
8 53 1.3817769036278094
8 54 1.4340494450809156
8 55 1.4950540572731583
8 56 1.332011035503945
8 57 1.2543248751208074
8 58 1.4612043096584355
8 59 1.465600134112299
8 60 1.4836454241182673
8 61 1.4185483315768437
8 62 1.2882766983136937
8 63 1.5491322635880644
8 64 1.3869638244503788
8 65 1.3832924040640777
8 66 1.453316940090545
8 67 1.6203948396100119
8 68 1.3873042044046318
8 69 1.1705057111890957
8 70 1.4598639656014336
8 71 1.4296201664267547
8 72 1.3008779167050886
8 73 1.4026500015944818
8 74 1.1884658022713748
9 10 1.2634976469511707
9 11 1.4290808528951566
9 12 1.5252292631275357
9 13 1.5185694838158563
9 14 1.4441756095946114
9 15 1.3991193978362801
9 16 1.3289603363535623
9 17 1.2223354835103906
9 18 1.5069288207042277
9 19 1.1560478326637078
9 20 1.323941276173346
9 21 1.3658394496121926
9 22 1.3773497166441955
9 23 1.492499130126109
9 24 1.5965554298335112
9 25 1.5309303463429937
9 26 1.4019245813697943
9 27 1.377611156485193
9 28 1.5403907234931642
9 29 1.4447788480865875
9 30 1.108320651584558
9 31 1.2781772206529611
9 32 1.5386490848703136
9 33 1.3033905658154203
9 34 1.3063361322502731
9 35 1.397779265460236
9 36 1.3158817113166446
9 37 1.2806089280621915
9 38 1.4575440685532057
9 39 1.354311608363053
9 40 1.5052892293532132
9 41 1.4844843324116022
9 42 1.30472157340273
9 43 1.336911408761447
9 44 1.397128239989628
9 45 1.584348720629145
9 46 0.844539407468956
9 47 1.4459154712767766
9 48 1.4481815537870868
9 49 1.4300350867911973
9 50 1.3390858846538356
9 51 1.4269332939735488
9 52 1.241881520035748
9 53 1.3981093017145154
9 54 1.3959473393295203
9 55 1.462028420014262
9 56 1.2510762604530699
9 57 1.337907580608146
9 58 1.433958706477577
9 59 1.3839562902715314
9 60 1.4453032099838596
9 61 1.4153133503237856
9 62 1.2241113229880078
9 63 1.5075735520919304
9 64 1.320607423277685
9 65 1.3771048880359333
9 66 1.3776454971908285
9 67 1.5395551430229117
9 68 1.4023158232128057
9 69 1.2479953119827552
9 70 1.4260122396616608
9 71 1.389969853432009
9 72 1.267892955805948
9 73 1.3868746774347307
9 74 1.2305700749738304
10 11 1.3170646492916047
10 12 1.3169667826140559
10 13 1.3184159815303744
10 14 1.281365972068249
10 15 1.433809263944928
10 16 1.3288124870593696
10 17 1.3624031734395308
10 18 1.3888318894798446
10 19 1.2457513231080852
10 20 1.3241814612370315
10 21 1.3868433270798912
10 22 1.3381803547119255
10 23 1.562428295981229
10 24 1.333322576661229
10 25 1.5611146037494286
10 26 1.3181970285235212
10 27 1.2661246635006314
10 28 1.362695839999064
10 29 1.3575566577676683
10 30 1.1519846045605215
10 31 1.32296587935929
10 32 1.2854524832027698
10 33 1.3384001349993255
10 34 1.3262920070834507
10 35 1.3480762495269034
10 36 1.2300722692258774
10 37 1.1983381638274373
10 38 1.3603988370112647
10 39 1.3237932763951608
10 40 1.2300090094316232
10 41 1.5425536145106997
10 42 1.1666978056624293
10 43 1.4187501561658096
10 44 1.3455590097330805
10 45 1.3132450024637645
10 46 1.203721469563242
10 47 1.4183685407121278
10 48 1.3817007735726423
10 49 1.405946974191726
10 50 1.3199633684419572
10 51 1.3782740237190405
10 52 1.3750180279288704
10 53 1.3082495712491933
10 54 1.3748489178766827
10 55 1.3537768866849145
10 56 1.3728356546396225
10 57 1.3047548126533308
10 58 1.4285287127030317
10 59 1.4443327876225873
10 60 1.339001182475635
10 61 1.4477174081927162
10 62 1.3639402793924444
10 63 1.3382896003744211
10 64 1.2880123187436203
10 65 1.381295509305697
10 66 1.4378280933355263
10 67 1.555018569162276
10 68 1.3338424806856555
10 69 1.1162423287423868
10 70 1.4213356653998068
10 71 1.399896683884279
10 72 1.3977019435737819
10 73 1.4753590073245486
10 74 1.17835936760641
11 12 1.3009743717793336
11 13 1.3377810993497905
11 14 1.2539744403302067
11 15 1.3282740282878036
11 16 1.3271238872967308
11 17 1.342451341386234
11 18 1.2467080282776168
11 19 1.334057767236249
11 20 1.3127378336770228
11 21 1.3099567720097929
11 22 1.376272392713154
11 23 1.2378828001517987
11 24 1.280772716478194
11 25 1.2423245011446795
11 26 1.3487183214592
11 27 1.3657540971852142
11 28 1.367750057220326
11 29 1.3503880232048042
11 30 1.40817558885173
11 31 1.405757301752232
11 32 1.1876135288321004
11 33 1.4420627301957032
11 34 1.3736010437675026
11 35 1.1416283319714682
11 36 1.3893336878350013
11 37 1.5095643904858074
11 38 1.2977966706905562
11 39 1.2305291770108173
11 40 1.0976835394149103
11 41 1.240176835324565
11 42 1.2926831086349666
11 43 1.3388483928572152
11 44 1.2588150616118492
11 45 1.227720604821202
11 46 1.3618350780256832
11 47 1.321712215236352
11 48 1.3731337322605877
11 49 1.3272433639169474
11 50 1.3005288822925627
11 51 1.4374676433765927
11 52 1.3423414811324268
11 53 1.3871860668626532
11 54 1.2620363916905393
11 55 1.375882784566743
11 56 1.4100018889149881
11 57 1.2887508653047512
11 58 1.4177674095884034
11 59 1.3317387721440521
11 60 1.145847316342634
11 61 1.2556489151438335
11 62 1.4779446426163014
11 63 1.311203733089875
11 64 1.4437586787252072
11 65 1.1037746454842514
11 66 1.3868230951015321
11 67 1.2602634790463945
11 68 1.360532239106293
11 69 1.3048620631283168
11 70 1.388909543524182
11 71 1.2522705808239702
11 72 1.2719364741301982
11 73 1.3911171502691686
11 74 1.3895695190788786
12 13 1.1575561076764909
12 14 1.3163021315034427
12 15 1.4152047011836757
12 16 1.3703939363217528
12 17 1.4539701822399356
12 18 1.2679413942360485
12 19 1.3152210670833653
12 20 1.3655881494758153
12 21 1.3901998765727204
12 22 1.3618582309132077
12 23 1.3531769201704285
12 24 1.355579104300806
12 25 1.3731254006137505
12 26 1.2826789814168584
12 27 1.369304386205163
12 28 1.3129617940660052
12 29 1.146977736679637
12 30 1.288358102347576
12 31 1.3562917793716134
12 32 1.271554199670755
12 33 1.2457527314890096
12 34 1.394283738663397
12 35 1.2647463125876925
12 36 1.3677473618777651
12 37 1.4510081135145363
12 38 1.3532362040408892
12 39 1.4068540343130698
12 40 1.3584184130601749
12 41 1.3946454712129768
12 42 1.2612293878849785
12 43 1.528825413513723
12 44 1.1345034339679518
12 45 1.0870229304673746
12 46 1.4489571141422861
12 47 1.3627598831488976
12 48 1.420435925043769
12 49 1.2563318527651413
12 50 1.332240418726674
12 51 1.5134922486091826
12 52 1.372913304106612
12 53 1.3712105747467993
12 54 1.3361299481665856
12 55 1.3032967010558567
12 56 1.461482678726722
12 57 1.1921897628644027
12 58 1.364149315695794
12 59 1.3247184843303799
12 60 1.224870365563917
12 61 1.2439502093760382
12 62 1.4318828918110493
12 63 1.344732266049839
12 64 1.5019553059659068
12 65 1.2348416866931544
12 66 1.315883361050749
12 67 1.3609862392920014
12 68 1.325527568701757
12 69 1.4127222831913462
12 70 1.411212574061614
12 71 1.305175535904318
12 72 1.4151534233744665
12 73 1.451167935131545
12 74 1.3257564769936836
13 14 1.137971601761476
13 15 1.4696763917587443
13 16 1.3858631418351028
13 17 1.4324164874765295
13 18 1.2536585088075856
13 19 1.3760261340929818
13 20 1.2945659466548016
13 21 1.3187239779304325
13 22 1.301409647961928
13 23 1.200781867063591
13 24 1.110766782069242
13 25 1.304533843971703
13 26 1.2185725303013208
13 27 1.160489272505677
13 28 1.1380013516194176
13 29 1.0908986592353584
13 30 1.3770815072410454
13 31 1.2540672700524966
13 32 1.1276121971992414
13 33 1.2919071337274832
13 34 1.3976872408363161
13 35 1.214131383491189
13 36 1.2171133928521383
13 37 1.509164507980043
13 38 1.219528767931334
13 39 1.4238480692168478
13 40 1.314286996783567
13 41 1.3170519499539963
13 42 1.292050645298964
13 43 1.3828159633390482
13 44 1.1049266487274914
13 45 1.256951271156373
13 46 1.502654250843103
13 47 1.179362604756026
13 48 1.4763203818553396
13 49 1.0926671599867994
13 50 1.2231061549477051
13 51 1.334175657248582
13 52 1.3202727178614588
13 53 1.2460284165671816
13 54 1.3565565897149856
13 55 1.064925021584654
13 56 1.3808190008784678
13 57 1.3224034492862915
13 58 1.2355200469999845
13 59 1.5212494016306026
13 60 1.2110187149572265
13 61 1.2266140362331686
13 62 1.3974918708474682
13 63 1.1556065224867154
13 64 1.3655322688186207
13 65 1.3784635905142586
13 66 1.3431264243758072
13 67 1.278303625452814
13 68 1.2250531322112925
13 69 1.4177664592686454
13 70 1.2729047906109772
13 71 1.2170077911461958
13 72 1.410726384517346
13 73 1.361042098118898
13 74 1.3792436246767303
14 15 1.3943333422501354
14 16 1.243417511530245
14 17 1.5117923103966853
14 18 1.1735515915419448
14 19 1.2923959602674184
14 20 1.2088168928902536
14 21 1.2022915311442324
14 22 1.237863328871149
14 23 0.9871020792185785
14 24 1.0509179806222302
14 25 1.0988688893258804
14 26 1.0349442955909904
14 27 1.1671087863353777
14 28 1.195353138457606
14 29 1.150329499053611
14 30 1.2653583218159634
14 31 1.2824982769713704
14 32 1.0695115950773884
14 33 1.285654302954874
14 34 1.1959868824126068
14 35 1.261041466849088
14 36 1.1896438048325182
14 37 1.5290888706412873
14 38 1.13005260649672
14 39 1.2970501681784896
14 40 1.2861376576649415
14 41 1.0342598378271346
14 42 1.1506937247445053
14 43 1.2208035892229543
14 44 0.9234663219324131
14 45 1.384788162378586
14 46 1.4111569956123995
14 47 1.0517979262800452
14 48 1.3422021996952669
14 49 1.2550179094017424
14 50 0.9711263452091581
14 51 1.1909046366827418
14 52 1.1073146124813065
14 53 1.1427288006209775
14 54 1.2677275567011081
14 55 1.1910128479285025
14 56 1.3540276183544149
14 57 1.1768866535946676
14 58 1.1820441286687842
14 59 1.3878187838509002
14 60 1.3629412182560892
14 61 1.0416870970284047
14 62 1.2810014817257873
14 63 1.2463970570336238
14 64 1.2120124077121053
14 65 1.472585137753998
14 66 1.1728958164540029
14 67 1.0762683389023375
14 68 1.1773254994275315
14 69 1.3714448801468546
14 70 1.0538086447351607
14 71 0.9945263533292922
14 72 1.1486667867260374
14 73 1.3213528974655562
14 74 1.2687889915207142
15 16 1.36052184369648
15 17 1.3254519753623684
15 18 1.3132532622820807
15 19 1.5222626130283163
15 20 1.3401194979143134
15 21 1.2198244267740252
15 22 1.3544573173263161
15 23 1.3852225289234064
15 24 1.4417289380427192
15 25 1.3641314230314492
15 26 1.3917350104772874
15 27 1.4095430817365957
15 28 1.4083274125591885
15 29 1.647011843837534
15 30 1.4799637539212809
15 31 1.2726426869779153
15 32 1.4650177037062988
15 33 1.629153737937533
15 34 1.4529118243141477
15 35 1.3959440067027642
15 36 1.3695962529021002
15 37 1.4673837043334712
15 38 1.3773835758847743
15 39 1.302731014827776
15 40 1.346364063933529
15 41 1.3206020776228926
15 42 1.3525767558223922
15 43 1.2653329362983918
15 44 1.3794559052095368
15 45 1.3782755812814746
15 46 1.406666323534807
15 47 1.3729475202210724
15 48 1.2188774942153278
15 49 1.418727039817797
15 50 1.3488538774283305
15 51 1.3974570810822635
15 52 1.329169895931319
15 53 1.3814446410767547
15 54 0.8102579993148843
15 55 1.44321087562821
15 56 1.3569628397555609
15 57 1.4221039456401958
15 58 1.4074033257796852
15 59 1.0787292898376313
15 60 1.383387709399874
15 61 1.285863375886218
15 62 1.3629375723671864
15 63 1.4289998760114024
15 64 1.3867401809261857
15 65 1.4352602552833134
15 66 1.349107671607551
15 67 1.3709888259461536
15 68 1.378068545477021
15 69 1.314702709912177
15 70 1.3809660731781517
15 71 1.3817938683709385
15 72 1.3580809750639644
15 73 1.3741608837662014
15 74 1.3581332980755734
16 17 1.3066124819788496
16 18 1.3575388269470572
16 19 1.245386748175545
16 20 1.2076351678967006
16 21 1.2529383235396965
16 22 1.378507668801133
16 23 1.2281428397569816
16 24 1.3243063522815142
16 25 1.2981072914766398
16 26 1.364552484742648
16 27 1.1624640052247068
16 28 1.355712016417631
16 29 1.321287977758129
16 30 1.2655342797208415
16 31 1.353205011781855
16 32 1.3403155225448897
16 33 1.2894228729915447
16 34 1.3372801178788307
16 35 1.3573221311991979
16 36 1.3787117231570165
16 37 1.336348078013367
16 38 1.3020205102874123
16 39 1.4269207553207945
16 40 1.3292430111290514
16 41 1.2474215582903718
16 42 1.258955296179147
16 43 1.2430405684722272
16 44 1.2180979450118965
16 45 1.4254317115683874
16 46 1.3308882818520307
16 47 1.1666750731263442
16 48 1.3630507634203068
16 49 1.2981661906932083
16 50 1.2229757503671579
16 51 1.0544034236583406
16 52 1.1961194843428364
16 53 1.4661703865579114
16 54 1.3322896624364682
16 55 1.4050793286605165
16 56 1.3313119487141816
16 57 1.2681898306697597
16 58 1.1476964507744694
16 59 1.3925316857946788
16 60 1.3230986216986824
16 61 1.2904066521199993
16 62 0.9296212232629482
16 63 1.2899274272942476
16 64 1.3019486927565878
16 65 1.360014427144883
16 66 1.0566092164044145
16 67 1.2820776593015728
16 68 1.342581878721698
16 69 1.3517167162711785
16 70 1.311680849182538
16 71 1.2038318904114702
16 72 1.3204202825445168
16 73 1.2565788594306502
16 74 1.1284628636492233
17 18 1.358524222684366
17 19 1.368194194195838
17 20 1.2482993087919874
17 21 1.371000841943714
17 22 1.333071458684556
17 23 1.4160088404313207
17 24 1.4065422379812458
17 25 1.4516898969032586
17 26 1.4523816234280893
17 27 1.3049253014437765
17 28 1.4893606562864024
17 29 1.4852405763229546
17 30 1.2761072616802676
17 31 1.3622821367205122
17 32 1.3782222852788213
17 33 1.4406333623588794
17 34 1.3688401064371634
17 35 1.364475538299435
17 36 1.3483883167377495
17 37 1.3105686800556113
17 38 1.4538017145193614
17 39 1.320712843489067
17 40 1.417616870428498
17 41 1.3932749915190763
17 42 1.217031837749218
17 43 1.286273141642747
17 44 1.42653561730477
17 45 1.4653632559781429
17 46 1.2928775537510029
17 47 1.4312661647878624
17 48 1.345757340078565
17 49 1.4574162211364152
17 50 1.427242166853477
17 51 1.4119947257888241
17 52 1.3250838594137018
17 53 1.3298352741894321
17 54 1.3623478922617784
17 55 1.3591975855331466
17 56 1.2752098665300808
17 57 1.3461653481780937
17 58 1.3953250021779828
17 59 1.3805195084667474
17 60 1.3883875528856573
17 61 1.4087752853910085
17 62 1.2885827352360026
17 63 1.4922738625799838
17 64 1.3987217589376881
17 65 1.3203709539673172
17 66 1.3768313849584672
17 67 1.4369837904236897
17 68 1.3130248891973892
17 69 1.27935615519534
17 70 1.3920280642474139
17 71 1.3951321413755498
17 72 1.3593267435477099
17 73 1.4271042073595002
17 74 1.3261895232750565
18 19 1.4185543311486795
18 20 1.2371951450137673
18 21 1.2606661171241942
18 22 1.2818918291938937
18 23 1.2315008937252234
18 24 1.1645850702968479
18 25 1.311492997822548
18 26 1.163527254196096
18 27 1.2595123734687979
18 28 1.210792404477308
18 29 1.252115896965378
18 30 1.4094805707467075
18 31 1.289325876725391
18 32 1.2081699995893118
18 33 1.3612238860876056
18 34 1.3599274813631486
18 35 1.2995104148298604
18 36 1.3740700262924206
18 37 1.5399454474335557
18 38 1.1815430154899473
18 39 1.2761943668809346
18 40 1.3217722668489083
18 41 1.271010126033937
18 42 1.226222670587307
18 43 1.2834831039966381
18 44 1.1062019938235268
18 45 1.2103707131354495
18 46 1.3831547895195224
18 47 1.3119719099952365
18 48 1.305024606276955
18 49 1.2678695371017072
18 50 1.2259076001942129
18 51 1.3082589790322838
18 52 1.2958030498816544
18 53 1.1948350920898492
18 54 1.2007293992858232
18 55 1.279568347503274
18 56 1.4422101534796208
18 57 1.2636093884605915
18 58 1.2503685506502291
18 59 1.2422761683804715
18 60 1.2862532967200944
18 61 1.1360940866548417
18 62 1.3757661922965074
18 63 1.380018897688774
18 64 1.4335727658504196
18 65 1.3727519023157448
18 66 1.2802401549174849
18 67 1.2862417855550639
18 68 1.217011947586155
18 69 1.3792485934235714
18 70 1.2582267355922236
18 71 1.2324800732110444
18 72 1.2962499720014162
18 73 1.3233358263721342
18 74 1.3081264713484724
19 20 1.3682889318055154
19 21 1.3242470262094148
19 22 1.3651034726585842
19 23 1.3046623237878066
19 24 1.3872234122363867
19 25 1.3858563338973526
19 26 1.3506055859915276
19 27 1.3433042365043313
19 28 1.382747297962587
19 29 1.3095053833945003
19 30 1.2119227367051522
19 31 1.3032413933888471
19 32 1.4095711212569018
19 33 1.2652924850246698
19 34 1.2749978510614832
19 35 1.3834978069426387
19 36 1.3623571704360333
19 37 1.3135709129016513
19 38 1.5099233559135659
19 39 1.3752583962753169
19 40 1.5078905060571066
19 41 1.324525202999053
19 42 1.3314510240524962
19 43 1.459533111880487
19 44 1.230844233568752
19 45 1.4258228785458513
19 46 1.327579172090862
19 47 1.4175198261471744
19 48 1.4189184736161173
19 49 1.388692101704204
19 50 1.2997527444996972
19 51 1.429026337935089
19 52 1.073773460520425
19 53 1.3733680452626769
19 54 1.4973212037476922
19 55 1.3462224867362758
19 56 1.2951249279429755
19 57 1.2387027469547292
19 58 1.3595104198306782
19 59 1.4276853228236865
19 60 1.4303447057001433
19 61 1.4664035239140811
19 62 1.3651667823834306
19 63 1.1784462010238088
19 64 1.324220073863526
19 65 1.3746928101869884
19 66 1.4057638840395785
19 67 1.3377264998870435
19 68 1.4024250882821623
19 69 1.321657222433472
19 70 1.2747934740674334
19 71 1.2672781521139054
19 72 1.2721051581576204
19 73 1.4746190681726856
19 74 1.2437651356894956
20 21 1.3345384584889148
20 22 1.1422409123665362
20 23 1.2183413286883782
20 24 1.2794482450530582
20 25 1.2398607144198124
20 26 1.289909868274822
20 27 1.2705618557583673
20 28 1.3692474212330885
20 29 1.2878904437445928
20 30 1.1923203109757003
20 31 1.3122597116357029
20 32 1.217573987981059
20 33 1.2927531287838416
20 34 1.2280851621789444
20 35 1.317529985137855
20 36 1.2899260554778167
20 37 1.2640125435550151
20 38 1.1723834556030017
20 39 1.2841291192927367
20 40 1.3525679140269449
20 41 1.195785451187299
20 42 1.0172082017356308
20 43 1.2523162272835053
20 44 1.1957271504425038
20 45 1.415224163159383
20 46 1.3318740731912886
20 47 1.1791080839262544
20 48 1.3299578156193765
20 49 1.2977489319195707
20 50 1.0927618730748987
20 51 1.2757317499517231
20 52 1.079866090994147
20 53 1.211646286120728
20 54 1.2466549292003388
20 55 1.3204116649490176
20 56 1.1943027397671004
20 57 1.1773484348647847
20 58 1.2850443280162223
20 59 1.3776799926172922
20 60 1.319818922935987
20 61 1.1228446727872912
20 62 1.1706231557049813
20 63 1.43307180261814
20 64 1.203305803104044
20 65 1.393909996887414
20 66 1.3050517748958512
20 67 1.2529590632640903
20 68 1.1075047941337501
20 69 1.2840383681780305
20 70 1.2301290556887485
20 71 1.1457802141968232
20 72 1.2168164676384956
20 73 1.332573799065579
20 74 1.2030757113847141
21 22 1.3918045454671013
21 23 1.0938899474403443
21 24 1.2790004207908041
21 25 1.12587698175907
21 26 1.3225415599493378
21 27 1.3095657485679986
21 28 1.3409430162212805
21 29 1.3839289564393074
21 30 1.4114830620827477
21 31 1.3307300133499869
21 32 1.3577144031515664
21 33 1.3907225497622806
21 34 1.434661583083886
21 35 1.2423142799482503
21 36 1.2639814795165776
21 37 1.5259211975119935
21 38 1.2666503415169719
21 39 1.2269227063838406
21 40 1.3736021480180152
21 41 1.0727056447123389
21 42 1.2831269821093514
21 43 1.2135867182380298
21 44 1.0862843889271425
21 45 1.2602957685105691
21 46 1.4179869535496712
21 47 1.1844733426801113
21 48 1.2701701689749052
21 49 1.2614846782067153
21 50 1.2191548913856571
21 51 1.2999045957233442
21 52 1.1902331852765653
21 53 1.3069505658167122
21 54 1.2441513270681064
21 55 1.3198221141365234
21 56 1.1636512175722642
21 57 1.2876613333723064
21 58 1.2545508156608043
21 59 1.2405726046010508
21 60 1.3205117068471908
21 61 1.1924772239335564
21 62 1.3349981488325213
21 63 1.319307521519861
21 64 1.2359047188777534
21 65 1.372550190113568
21 66 1.2344903242895575
21 67 1.0532687370454024
21 68 1.3516747782129872
21 69 1.2747143074781888
21 70 1.2331448329433408
21 71 1.1401920123295943
21 72 1.155490916701341
21 73 1.212707657072635
21 74 1.3125236333570938
22 23 1.2406969715709633
22 24 1.2715230923500807
22 25 1.2385114559194577
22 26 1.1553718226541412
22 27 1.27933139106349
22 28 1.3316439313008757
22 29 1.249133983014355
22 30 1.2946455325648165
22 31 1.3025792222833243
22 32 1.2981181915068958
22 33 1.2940060406814355
22 34 1.2219990310554183
22 35 1.3104859519286325
22 36 1.2853971301920046
22 37 1.261543205087775
22 38 1.2729812461806453
22 39 1.2562739935082108
22 40 1.331771456050628
22 41 1.335503281859685
22 42 1.1231900574385458
22 43 1.2463572344415688
22 44 1.2145319408329656
22 45 1.4208344888138136
22 46 1.382129923512486
22 47 1.3213871352522517
22 48 1.3734909111346167
22 49 1.2767602582498483
22 50 1.11207057018875
22 51 1.3465174592094118
22 52 1.2304872341356259
22 53 1.198906476444334
22 54 1.324876844118323
22 55 1.2023871240762212
22 56 1.3814120509011527
22 57 1.2153335343791034
22 58 1.3590837895566568
22 59 1.3513153939041538
22 60 1.3336440635767033
22 61 1.194976647851771
22 62 1.236618096350639
22 63 1.346616664766324
22 64 1.3825461381379593
22 65 1.3735746569794554
22 66 1.3755834538656317
22 67 1.2512037597337486
22 68 0.5802374272708042
22 69 1.2579406718704915
22 70 1.2307175454609165
22 71 1.261499732051908
22 72 1.1512961098708931
22 73 1.392531033030672
22 74 1.3515490139907258
23 24 1.1929571369562142
23 25 0.6040050871395228
23 26 1.2281727936631057
23 27 1.2950278757343556
23 28 1.2707921797844077
23 29 1.234229849799321
23 30 1.3774898475271815
23 31 1.3621458713084702
23 32 1.2183412772318094
23 33 1.2438007389472883
23 34 1.2949231547595905
23 35 1.100751271273783
23 36 1.2703821383051013
23 37 1.5349820041958946
23 38 1.1988871093151297
23 39 1.3456758425192943
23 40 1.3719093570035026
23 41 0.6471148835444067
23 42 1.2844909790603407
23 43 1.2077559881017261
23 44 0.9521242939943536
23 45 1.3368815819384279
23 46 1.5611464378969513
23 47 1.0585469218225543
23 48 1.2855378134341036
23 49 1.218555304984028
23 50 1.0479967187574726
23 51 1.264965946725088
23 52 1.0754323170940516
23 53 1.2686018771141387
23 54 1.3411827783692138
23 55 1.2416314774807509
23 56 1.2599450265734027
23 57 1.1998242544308233
23 58 1.038420305533938
23 59 1.333486906284528
23 60 1.3516385380397709
23 61 1.0354833206099254
23 62 1.3517980886050929
23 63 1.2563144238596413
23 64 1.1819771725793362
23 65 1.3386623253395318
23 66 1.1979797389912148
23 67 0.5894346918519358
23 68 1.204802059786227
23 69 1.474638349051617
23 70 1.0528630238102616
23 71 0.9976638463487965
23 72 1.0311992450831482
23 73 1.241900644297483
23 74 1.2808590219578364
24 25 1.191681142655803
24 26 1.2444664165983979
24 27 1.1749841378892627
24 28 1.0727323920517422
24 29 1.259328899737288
24 30 1.424774697798703
24 31 1.403817617175482
24 32 0.9984274019225444
24 33 1.3128888003483854
24 34 1.2967305789168462
24 35 1.2681047157802392
24 36 1.27795180508167
24 37 1.461805878792774
24 38 1.1546826080947912
24 39 1.3268263510424583
24 40 1.393504347681513
24 41 1.2094146097034457
24 42 1.1897551611500616
24 43 1.1592995993289652
24 44 1.07226255499585
24 45 1.2644482460507418
24 46 1.5105504368200962
24 47 1.2492184801594077
24 48 1.4191039926254114
24 49 1.2560092203148658
24 50 1.1553298516491317
24 51 1.2536125100761097
24 52 1.2604114162851698
24 53 1.2016023365946051
24 54 1.3331125405915578
24 55 0.9765561106690094
24 56 1.3564346769456
24 57 1.34383551425701
24 58 1.2507361931559637
24 59 1.3857787452031345
24 60 1.3949104934893033
24 61 1.1595039532201947
24 62 1.3417611265632385
24 63 1.1549891339568128
24 64 1.329531910281421
24 65 1.4010441706743948
24 66 1.3189857073128985
24 67 1.147967773441099
24 68 1.2112418746810028
24 69 1.354964629625801
24 70 1.1608039253337505
24 71 1.122364045426746
24 72 1.2906712050736726
24 73 1.365324779682858
24 74 1.4052922629331421
25 26 1.270483347753643
25 27 1.3680187668620594
25 28 1.2862715070141635
25 29 1.3266076735897876
25 30 1.502256033646851
25 31 1.3702594099597698
25 32 1.2841096932650768
25 33 1.326471401817867
25 34 1.3508390888801942
25 35 1.2567203982344932
25 36 1.3092066897741559
25 37 1.5082751802475234
25 38 1.211773201182418
25 39 1.319146433965506
25 40 1.4071692757365464
25 41 0.6523358454923569
25 42 1.329832471086875
25 43 1.232958753232626
25 44 1.0525257300602815
25 45 1.3365949837618964
25 46 1.5516988104536218
25 47 1.1665318513906626
25 48 1.2318683815289915
25 49 1.270761569406949
25 50 1.1629678382624908
25 51 1.2975668299857297
25 52 1.1512847378829445
25 53 1.282743245004185
25 54 1.352557917309821
25 55 1.2991876384713816
25 56 1.2649347310099306
25 57 1.1971383128077742
25 58 1.0989301804372202
25 59 1.3005794640430928
25 60 1.374505153360212
25 61 1.0476260074478538
25 62 1.3835198453074704
25 63 1.2954737290267977
25 64 1.1971099113960153
25 65 1.3326086538255904
25 66 1.2911465162911944
25 67 0.5169260598887743
25 68 1.2441652858699674
25 69 1.4267829982358697
25 70 1.1094765100064683
25 71 1.0449515884997749
25 72 1.0706952280867836
25 73 1.1606987439255227
25 74 1.3955947040878156
26 27 1.3216226333428345
26 28 1.2305479024072679
26 29 1.2382584793859297
26 30 1.2527602617986222
26 31 1.3790355981830889
26 32 1.2445267297700013
26 33 1.2915728591416835
26 34 1.1486843499406727
26 35 1.3431947269256004
26 36 1.1831436479994661
26 37 1.462500198678712
26 38 1.2612023922027624
26 39 1.2595919644301936
26 40 1.3642002494431436
26 41 1.341537043365007
26 42 1.186840121721621
26 43 1.38787867215568
26 44 1.1258558896978483
26 45 1.3648286839746817
26 46 1.3934802806208468
26 47 1.2307253607298174
26 48 1.3636656184240448
26 49 1.2860142817546156
26 50 1.2204049036482123
26 51 1.384730658871775
26 52 1.2609949638849327
26 53 1.1390664013526564
26 54 1.3791222949929365
26 55 1.2450860586645935
26 56 1.4707421979171929
26 57 1.2449667294286573
26 58 1.3520066017347905
26 59 1.4569318298991583
26 60 1.3872907183349428
26 61 1.1547132434301446
26 62 1.3529322550985328
26 63 1.2454131756425317
26 64 1.4541378725969067
26 65 1.3823570470686652
26 66 1.3890055686446914
26 67 1.2448517415761047
26 68 1.1699658514252476
26 69 1.3570171136596216
26 70 1.3080371784251534
26 71 1.233532256558625
26 72 1.3120273670437823
26 73 1.4142432178558122
26 74 1.3945866723615277
27 28 1.2655326292774933
27 29 1.2771845959027195
27 30 1.3599960013417596
27 31 1.281432012380334
27 32 1.3078062319768358
27 33 1.287305407034453
27 34 1.282489723759374
27 35 1.3382422805204823
27 36 1.3240425558283977
27 37 1.4807160692117092
27 38 1.2662145335194055
27 39 1.4062508993997254
27 40 1.3936961439431303
27 41 1.2909874038582905
27 42 1.1681480324355562
27 43 1.1855290289241842
27 44 1.208636089539877
27 45 1.4303968256817359
27 46 1.3551245828136012
27 47 1.152324324852244
27 48 1.4447078617336226
27 49 1.3627463208855441
27 50 1.2111313521630462
27 51 1.1379440897142412
27 52 1.1924577738670172
27 53 1.4419850146509845
27 54 1.306496599878186
27 55 1.2004878037381943
27 56 1.3470053630167498
27 57 1.3119053624215624
27 58 1.1918010748593273
27 59 1.4269814071633906
27 60 1.3732026565527693
27 61 1.2598407655367632
27 62 1.106331286414723
27 63 1.42159916891252
27 64 1.2482792389272865
27 65 1.4298185884706482
27 66 1.1235000172028633
27 67 1.3317471161072405
27 68 1.2605308082789428
27 69 1.3354374600824745
27 70 1.232047755588255
27 71 1.2631816385996066
27 72 1.2836110589590122
27 73 1.370673869585361
27 74 1.1757755166384152
28 29 1.395401059194034
28 30 1.442597089745623
28 31 1.3946297433879087
28 32 1.0253147976909327
28 33 1.3201007877781132
28 34 1.3737741962076158
28 35 1.381687031850782
28 36 1.351400880264003
28 37 1.500402536251457
28 38 1.2318731171764346
28 39 1.36983230035407
28 40 1.3524395694444389
28 41 1.355877800494153
28 42 1.374947408304789
28 43 1.2967109221601363
28 44 1.1396981880626738
28 45 1.239682133032997
28 46 1.4989725907255036
28 47 1.2846445914239348
28 48 1.4196863778078759
28 49 1.2406978615879285
28 50 1.2646423794668218
28 51 1.3860038960785965
28 52 1.3422934025527251
28 53 1.23459490552418
28 54 1.3791849345851486
28 55 1.088256652375713
28 56 1.4677258380162965
28 57 1.3627614781175346
28 58 1.2463782072887617
28 59 1.3619432530130857
28 60 1.480572671875833
28 61 1.3108617202620918
28 62 1.4600313322142382
28 63 0.9954222939851405
28 64 1.3615441431088884
28 65 1.4727994818479027
28 66 1.3786953544826612
28 67 1.2819382386044613
28 68 1.2860689047782379
28 69 1.4458409146263307
28 70 1.2533339696024846
28 71 1.2836021314122903
28 72 1.362616088870095
28 73 1.365267847367891
28 74 1.4199535233236182
29 30 1.3177284167195402
29 31 1.4159099411835292
29 32 1.0544235520972463
29 33 1.0586680495689125
29 34 1.3465438657230802
29 35 1.245692020485071
29 36 1.363707488835173
29 37 1.5168576048689033
29 38 1.2361429822279624
29 39 1.38958207121563
29 40 1.2584327195176088
29 41 1.2993468728982582
29 42 1.2117916766723384
29 43 1.4379906022742481
29 44 1.154996078349401
29 45 1.2607265929206677
29 46 1.4888415681008493
29 47 1.2801731096503755
29 48 1.463633259266246
29 49 1.324698796717885
29 50 1.192865870455579
29 51 1.3009306586636677
29 52 1.3373383254939002
29 53 1.301987435715668
29 54 1.4418320524459376
29 55 1.2084321026920435
29 56 1.493202371079117
29 57 1.1882709733900068
29 58 1.3383471319825686
29 59 1.482031954539348
29 60 1.2350681556633183
29 61 1.1859767150422005
29 62 1.3703926521911962
29 63 1.3743904296250655
29 64 1.4556876240293704
29 65 1.4314848299489429
29 66 1.3816504421248839
29 67 1.2827657844510338
29 68 1.1784189068762998
29 69 1.520099662217617
29 70 1.3710686031830646
29 71 1.2896318328581082
29 72 1.367994657460175
29 73 1.4077195546049244
29 74 1.2797813378124727
30 31 1.2795481887432663
30 32 1.3290721627609805
30 33 1.2951288901568867
30 34 1.1801698928840985
30 35 1.366961605961158
30 36 1.3371839860081818
30 37 1.208305523836788
30 38 1.3737646355534059
30 39 1.3631372645195603
30 40 1.4516381794228328
30 41 1.4307003523891446
30 42 1.1395166148188025
30 43 1.3854259267920892
30 44 1.2351113872068067
30 45 1.429518699037936
30 46 1.1071810210719781
30 47 1.3614513082322746
30 48 1.3825743833897286
30 49 1.3550205549946748
30 50 1.3189251711850454
30 51 1.4610973502869855
30 52 1.3137893759191288
30 53 1.3245422736838515
30 54 1.365240131599061
30 55 1.4471405910798292
30 56 1.3515631449427772
30 57 1.1641006866458543
30 58 1.4341514967456699
30 59 1.432971918483307
30 60 1.4677449920669283
30 61 1.3601679700950058
30 62 1.259695712392245
30 63 1.5138033437500809
30 64 1.3577012588646078
30 65 1.409514554055789
30 66 1.3777230966025302
30 67 1.4626432680185153
30 68 1.2457970611250249
30 69 1.1673544654001127
30 70 1.420743698256524
30 71 1.3695682714551725
30 72 1.2908272480037295
30 73 1.4613311247643574
30 74 1.0361961388829222
31 32 1.3647441278674939
31 33 1.3986193843202421
31 34 1.4680510299914769
31 35 1.400262297044057
31 36 1.3105407811581107
31 37 1.3819125936062584
31 38 1.3502225989857293
31 39 1.2802780956306143
31 40 1.437452639301385
31 41 1.3742023560911305
31 42 1.2845365472273986
31 43 1.3489784696446274
31 44 1.2417814402493672
31 45 1.4951799150507512
31 46 1.363896930370621
31 47 1.2938945425458606
31 48 1.318980152705358
31 49 1.3374022443513651
31 50 1.328467117625066
31 51 1.4047818064540003
31 52 1.331558001416203
31 53 1.363281525269921
31 54 1.2303172909377318
31 55 1.3300383095959822
31 56 1.2799641385884515
31 57 1.2601903483324468
31 58 1.2584014525987979
31 59 1.2285469716212087
31 60 1.4502129056665312
31 61 1.2918783871009982
31 62 1.2710308373054517
31 63 1.4625943880350911
31 64 1.3345440634503882
31 65 1.4821109735920908
31 66 1.3912126315020714
31 67 1.3664697204626741
31 68 1.2554360686862482
31 69 1.2642467693417905
31 70 1.279851713497806
31 71 1.2825832021626036
31 72 1.3560800072700043
31 73 1.3154879302390645
31 74 1.2484635094433791
32 33 1.3294677505209307
32 34 1.3394940887848332
32 35 1.2459708931683424
32 36 1.3120055419641687
32 37 1.5047842008572332
32 38 1.2006672365027313
32 39 1.3376527995080416
32 40 1.2182750589973885
32 41 1.236379668748796
32 42 1.1222966040463327
32 43 1.3070380437890687
32 44 1.1089362079895149
32 45 1.2600071640043249
32 46 1.4930432985868205
32 47 1.2663982685063522
32 48 1.3780921195106801
32 49 1.3126013547047468
32 50 1.1609548227714845
32 51 1.3538973711801987
32 52 1.3066638293760349
32 53 1.139720236185146
32 54 1.2939756779747509
32 55 1.122076848535284
32 56 1.4351876608906906
32 57 1.264672418758945
32 58 1.3166388830410842
32 59 1.3390613344242754
32 60 1.3251552948367404
32 61 1.1636904042132017
32 62 1.4145205526822886
32 63 1.2875261570896732
32 64 1.3833468756952747
32 65 1.356530655780353
32 66 1.3407891803220917
32 67 1.2558423283039633
32 68 1.2373181650571485
32 69 1.428310073826431
32 70 1.2809382356891812
32 71 1.18456594975558
32 72 1.334782294444204
32 73 1.3624298170666516
32 74 1.3080999245210063
33 34 1.1815404906781177
33 35 1.3921964534594158
33 36 1.3552244439908867
33 37 1.419343205684669
33 38 1.2004394216864493
33 39 1.3519951066304323
33 40 1.4953637068955334
33 41 1.364266688307429
33 42 1.2719670586068348
33 43 1.3446729323053983
33 44 1.2089273450994138
33 45 1.4388983786560674
33 46 1.3602528793912438
33 47 1.216591178516628
33 48 1.44378219186581
33 49 1.2724392360860022
33 50 1.2815890312118488
33 51 1.3881388854955101
33 52 1.3466330278932843
33 53 1.4118765240596232
33 54 1.4808284122247082
33 55 1.3027172312479838
33 56 1.3017840181504132
33 57 1.2404695709156264
33 58 1.2111109259179864
33 59 1.416626059489377
33 60 1.4722548783258718
33 61 1.229485656093052
33 62 1.3678607990080955
33 63 1.3680288947893695
33 64 1.2000180903554318
33 65 1.4730242026866172
33 66 1.3989516913252051
33 67 1.35064078695822
33 68 1.2408758004115694
33 69 1.4320341369171028
33 70 1.2559624508626404
33 71 1.2555483895152786
33 72 1.3624619516058991
33 73 1.387709092495346
33 74 1.2603429967483237
34 35 1.3921915637184388
34 36 1.28039892428789
34 37 1.3568454097515468
34 38 1.223741369430142
34 39 1.3523079092305184
34 40 1.445667187385828
34 41 1.3475137821927594
34 42 1.204682352707577
34 43 1.2325091052969617
34 44 1.2648908059825155
34 45 1.4672695174565649
34 46 1.2859370974273907
34 47 1.1885897465256505
34 48 1.4133483287992699
34 49 1.2759207067203078
34 50 1.2050676170788217
34 51 1.433424369708697
34 52 1.1996367460277426
34 53 1.306928883828441
34 54 1.4036126727477227
34 55 1.3871927331465672
34 56 1.3254134533169675
34 57 1.2448515901139297
34 58 1.3663094205466826
34 59 1.4944966887321511
34 60 1.4230121765256822
34 61 1.2570888224700298
34 62 1.2936579483995967
34 63 1.3361327287851852
34 64 1.2731983415089545
34 65 1.4531306916904942
34 66 1.355855450079749
34 67 1.3611373724249256
34 68 1.2239673772343813
34 69 1.2604684923796798
34 70 1.2357162843463283
34 71 1.2367489542395458
34 72 1.1622353293122625
34 73 1.3827886573583814
34 74 1.2721977616930809
35 36 1.3347327110935827
35 37 1.476124994206819
35 38 1.3379312567112955
35 39 1.3268994920586863
35 40 1.2022308810521145
35 41 1.200203057821043
35 42 1.2822442855131853
35 43 1.338449133879286
35 44 1.247772675233193
35 45 1.1392487000950062
35 46 1.4303880309517834
35 47 1.3195163803286165
35 48 1.4250921348309786
35 49 1.2692541346275976
35 50 1.200844440464406
35 51 1.3626638298943865
35 52 1.2701010480631105
35 53 1.2745893814500537
35 54 1.3434385242256655
35 55 1.2567014317759027
35 56 1.3718002199669164
35 57 1.3271280078864325
35 58 1.3470880517404171
35 59 1.3747599592318211
35 60 1.0881895147671106
35 61 1.3095567807498554
35 62 1.4167994427157895
35 63 1.2629770605533892
35 64 1.3666234876507446
35 65 1.1055471888203376
35 66 1.2874168486174296
35 67 1.203866166350397
35 68 1.335355412232502
35 69 1.4216063092324496
35 70 1.3149014666881447
35 71 1.2880986997639143
35 72 1.2627484806556093
35 73 1.374296293990304
35 74 1.34758605821905
36 37 1.4396757804742955
36 38 1.3943475141394381
36 39 1.257298596855893
36 40 1.3675463986324723
36 41 1.3087179555133046
36 42 1.2565465361400403
36 43 1.3450923722310226
36 44 1.2498267903464233
36 45 1.3492914969978906
36 46 1.3509813526783443
36 47 1.2955365137265171
36 48 1.3781845702776472
36 49 1.2757009105612847
36 50 1.3483657474624509
36 51 1.3180255776792593
36 52 1.3419872803711033
36 53 1.1994027672610799
36 54 1.340135369222019
36 55 1.288456810883704
36 56 1.2931123100200952
36 57 1.3141412660230865
36 58 1.4325147701711416
36 59 1.4435094108765132
36 60 1.3772296716790593
36 61 1.3345529574283506
36 62 1.287178622342401
36 63 1.2862405773566659
36 64 1.3003540486151577
36 65 1.3439122623326025
36 66 1.3912133247368794
36 67 1.3012429602131799
36 68 1.2688217734091534
36 69 1.2952361537220023
36 70 1.3471760511753068
36 71 1.323676675971915
36 72 1.269852343398974
36 73 1.4612226635014056
36 74 1.3052788012553869
37 38 1.5175067474302302
37 39 1.4995415384940012
37 40 1.496330255961664
37 41 1.5153113829984435
37 42 1.2479370892732295
37 43 1.3515599714639743
37 44 1.51471082168117
37 45 1.54590024468812
37 46 1.3383679053924946
37 47 1.466482276935172
37 48 1.4281212469647289
37 49 1.4406575629986877
37 50 1.392801109999353
37 51 1.42187728321123
37 52 1.367536044457118
37 53 1.3848941663844403
37 54 1.5278586364579543
37 55 1.4098035871781773
37 56 1.352047509145976
37 57 1.3197567967485415
37 58 1.4268286767177383
37 59 1.4474088104979306
37 60 1.4885226024014082
37 61 1.4327622592660403
37 62 1.3067644487051715
37 63 1.4287580687453192
37 64 1.3791193539394107
37 65 1.4950521208758547
37 66 1.4425717699597598
37 67 1.498692373598302
37 68 1.3402591770074443
37 69 1.1838304758279257
37 70 1.3915564923308705
37 71 1.4362600647185062
37 72 1.3894809818284986
37 73 1.389897031873751
37 74 1.4381583861600733
38 39 1.272470272156119
38 40 1.3201526738232923
38 41 1.1948408309543725
38 42 1.3191787964046688
38 43 1.0861312717556657
38 44 1.1056907340656044
38 45 1.3058359615214836
38 46 1.4088792697665256
38 47 1.1044392648421186
38 48 1.3636561105847549
38 49 1.218087073044333
38 50 1.0184812496238207
38 51 1.3201553266980546
38 52 1.2695814441709368
38 53 1.3003793275602664
38 54 1.2974837632508354
38 55 1.273986620692379
38 56 1.269986832857458
38 57 1.2708759999309862
38 58 1.092008411290215
38 59 1.2471329022900475
38 60 1.3490914217182797
38 61 0.9582391971044198
38 62 1.3183297783948011
38 63 1.4302719863973419
38 64 1.2188550005528669
38 65 1.4352708133130216
38 66 1.2680971919040036
38 67 1.2104157222674823
38 68 1.1148837825248792
38 69 1.3757111703012324
38 70 1.1265949450061161
38 71 0.9788471119514366
38 72 1.183208727131346
38 73 1.1362237172767324
38 74 1.345941479162457
39 40 1.3002556465095318
39 41 1.3452603172481477
39 42 1.2121499475160296
39 43 1.3861142751750863
39 44 1.192774662507297
39 45 1.3642612222435506
39 46 1.3620746878292065
39 47 1.3363258578988542
39 48 1.2079140353572222
39 49 1.2944898968995113
39 50 1.340379676243231
39 51 1.4135355607122506
39 52 1.3632998866968966
39 53 1.219692932063456
39 54 1.2109851852471327
39 55 1.3866518790163378
39 56 1.386930541458408
39 57 1.3592384513003588
39 58 1.5306177190561323
39 59 1.229618456127951
39 60 1.3071806063840636
39 61 1.1863676669915713
39 62 1.3828605176681545
39 63 1.4237935304146954
39 64 1.423298881820986
39 65 1.4112547799932327
39 66 1.4148248601187312
39 67 1.3492046575987073
39 68 1.1871405747407506
39 69 1.195464321236261
39 70 1.2400112215321217
39 71 1.2589256416860382
39 72 1.2796660422601989
39 73 1.380660885650547
39 74 1.2932404907440005
40 41 1.4076190920615943
40 42 1.3212034068016811
40 43 1.434095691317293
40 44 1.4015984319025407
40 45 1.2113524434567449
40 46 1.4094153839799557
40 47 1.4097599450392537
40 48 1.3977872605349997
40 49 1.2501403392862842
40 50 1.282421728827066
40 51 1.3131776005835643
40 52 1.3863101529880855
40 53 1.443724924212627
40 54 1.30778744179451
40 55 1.3821982028547373
40 56 1.4665498776970531
40 57 1.348519927570372
40 58 1.4280947597689595
40 59 1.3815984844002844
40 60 1.066560448451519
40 61 1.3624621769263412
40 62 1.4539820490060735
40 63 1.3528698910117674
40 64 1.4461422735380243
40 65 1.2137260249594701
40 66 1.299416795830575
40 67 1.3435124236789076
40 68 1.2783344664123004
40 69 1.3777734766831962
40 70 1.4486540498900238
40 71 1.3940421374007117
40 72 1.345238518131438
40 73 1.4485732394316955
40 74 1.3865183445588791
41 42 1.27977953631457
41 43 1.1787996415109152
41 44 1.0209675487827519
41 45 1.338790514750491
41 46 1.5192714521247102
41 47 1.146721512825558
41 48 1.1546891206279533
41 49 1.2936525070944644
41 50 1.1357410101365866
41 51 1.2770224063405091
41 52 1.0960093045761659
41 53 1.2993313368568564
41 54 1.2543148408415494
41 55 1.318383195709036
41 56 1.190862364788053
41 57 1.172546763456444
41 58 1.1165947861552048
41 59 1.244196844767101
41 60 1.3705769443961562
41 61 1.016631191310687
41 62 1.3250936436482026
41 63 1.3784876552307732
41 64 1.118338905382002
41 65 1.4067573040919075
41 66 1.189285001595498
41 67 0.682694793063641
41 68 1.3383308077286797
41 69 1.4071676129689064
41 70 1.096087179845918
41 71 0.9452382079858604
41 72 1.0410679334463413
41 73 1.2207859381310286
41 74 1.2912274469341518
42 43 1.3367314750292798
42 44 1.1371022385925011
42 45 1.3140622152469628
42 46 1.2791107875268948
42 47 1.2921859651270389
42 48 1.3129248631628243
42 49 1.407130521109523
42 50 1.0975690402496414
42 51 1.3801866113733736
42 52 1.0724239126002628
42 53 1.1580398932833615
42 54 1.2439893084641638
42 55 1.2034325842338904
42 56 1.3885322601080838
42 57 1.115441517896739
42 58 1.4140765016037726
42 59 1.3817728049388756
42 60 1.3637540796791985
42 61 1.079446299286865
42 62 1.206302676963538
42 63 1.4249672932957909
42 64 1.376080846727449
42 65 1.3105868210595297
42 66 1.2618989188110437
42 67 1.2837266400828908
42 68 1.1019946133913354
42 69 1.2343805435890445
42 70 1.3137677889352448
42 71 1.2000130581969914
42 72 1.2370641947574539
42 73 1.3703171266007617
42 74 1.0807761147452557
43 44 1.2427705044096868
43 45 1.4196969150886365
43 46 1.3477249368400965
43 47 1.213143546944632
43 48 1.3031694182991773
43 49 1.2947257195412722
43 50 1.1752042448513351
43 51 1.2457950881937845
43 52 1.2356940245038284
43 53 1.3370850998968848
43 54 1.265758966320156
43 55 1.2276920646653968
43 56 1.2162629055030192
43 57 1.3461714990915683
43 58 1.1782300165577109
43 59 1.1499328446663537
43 60 1.416159049421024
43 61 1.1171817982846042
43 62 1.134736649896856
43 63 1.445496616269368
43 64 1.1590884396167174
43 65 1.4036057029502447
43 66 1.2816472059834947
43 67 1.217881098809466
43 68 1.2580824449300423
43 69 1.2616353386011008
43 70 1.205901927184174
43 71 1.1599841999752267
43 72 1.141385175416888
43 73 1.286644772847114
43 74 1.330331036081297
44 45 1.3306221073874407
44 46 1.37998249839269
44 47 1.1147147169780047
44 48 1.27289293848503
44 49 1.1614944752846947
44 50 1.0568797975319337
44 51 1.293859502306227
44 52 1.1154738285744266
44 53 1.1906908324220824
44 54 1.2699743289846643
44 55 1.1812992783924883
44 56 1.2961964155723855
44 57 1.1211322102545178
44 58 1.120173585501652
44 59 1.2926639409617195
44 60 1.317965566023877
44 61 0.9159873903561373
44 62 1.248180931743409
44 63 1.2095336544306194
44 64 1.2709267947149734
44 65 1.3616299715410363
44 66 1.199032407960438
44 67 1.0276835204965395
44 68 1.167339851453198
44 69 1.3885138016279988
44 70 1.0519126557193579
44 71 0.7880913382008724
44 72 1.139967467512461
44 73 1.2392341324702427
44 74 1.2147445633649523
45 46 1.4859300656259367
45 47 1.4257765661553956
45 48 1.3635015477137584
45 49 1.354386822089708
45 50 1.3424722607139805
45 51 1.5120093908225247
45 52 1.4597074257797422
45 53 1.341094050472874
45 54 1.2909542786642334
45 55 1.2993255751936934
45 56 1.5084023672805198
45 57 1.260666384309199
45 58 1.4205763384087777
45 59 1.3946038869489246
45 60 1.1582002987368627
45 61 1.4223193859429795
45 62 1.5209529190856745
45 63 1.2743281612246526
45 64 1.4896186036948083
45 65 1.1819524430986457
45 66 1.4096057950335839
45 67 1.3044499055526457
45 68 1.3916510643205235
45 69 1.4781218315900297
45 70 1.4340252904803867
45 71 1.4515794724960784
45 72 1.429273629752464
45 73 1.438923177404875
45 74 1.3492989884723936
46 47 1.453303663719268
46 48 1.3968527986629442
46 49 1.4416644118462125
46 50 1.3878299734353257
46 51 1.4348986975480216
46 52 1.369700491051935
46 53 1.450742992875049
46 54 1.3653061271573586
46 55 1.5239359439114166
46 56 1.2625693369726707
46 57 1.3408803118691444
46 58 1.4218484124934492
46 59 1.4377150823339404
46 60 1.4823197067150997
46 61 1.4127240680441597
46 62 1.2075015197476546
46 63 1.5706169604367013
46 64 1.3242907233210937
46 65 1.318719346852369
46 66 1.3741355362646068
46 67 1.5463551898958703
46 68 1.4223208880944522
46 69 1.211860920924077
46 70 1.4890793009506662
46 71 1.391252389887558
46 72 1.298002670030125
46 73 1.408259454907846
46 74 1.2353756499036255
47 48 1.41154617651985
47 49 1.2170148291083323
47 50 1.1943104643138618
47 51 1.2410908555923215
47 52 1.1274093118815909
47 53 1.359288423282032
47 54 1.3350290047284132
47 55 1.2973183970136195
47 56 1.1914853607661442
47 57 1.2364023397186408
47 58 1.0877549751708635
47 59 1.435847839727136
47 60 1.3375231776340366
47 61 1.084545617394392
47 62 1.252622444589274
47 63 1.2749211810974144
47 64 1.0940813554394908
47 65 1.4093246245515596
47 66 1.1862027890603533
47 67 1.1591360086823592
47 68 1.2604556845435895
47 69 1.4738907550693054
47 70 1.0125610987041096
47 71 1.0348293595133233
47 72 1.2201614227778468
47 73 1.208169330320515
47 74 1.258555075102186
48 49 1.366094571334429
48 50 1.3350920514820175
48 51 1.448844319689587
48 52 1.3799613590136053
48 53 1.3851179932118405
48 54 1.2671951000429553
48 55 1.4287712998029873
48 56 1.327926023774589
48 57 1.3513734384096945
48 58 1.2688031014168863
48 59 1.1285833636996347
48 60 1.4288566699760132
48 61 1.2657321359940341
48 62 1.3099622978086953
48 63 1.4188599301646105
48 64 1.3224344803392603
48 65 1.4782954177315177
48 66 1.2740793906098233
48 67 1.2579627982365924
48 68 1.3807531456288542
48 69 1.2967612958544745
48 70 1.4009456650499503
48 71 1.3174606295031568
48 72 1.3059468676425525
48 73 1.325258402628425
48 74 1.3637418719397791
49 50 1.3094394627227777
49 51 1.4266981644965404
49 52 1.30116434294765
49 53 1.3617506357107145
49 54 1.3411444703823732
49 55 1.2858625740869687
49 56 1.3104012989115115
49 57 1.2574176113380553
49 58 1.2594980184409883
49 59 1.3763425753857645
49 60 1.1078245443508903
49 61 1.2649881254993989
49 62 1.3641980079615947
49 63 1.1419333705184782
49 64 1.3206977330906915
49 65 1.337362191149245
49 66 1.2389604659798679
49 67 1.1922718834200396
49 68 1.1954046904086564
49 69 1.310165125849874
49 70 1.313484651447388
49 71 1.2584903309935025
49 72 1.2317393213239134
49 73 1.331345794664297
49 74 1.3993253277596345
50 51 1.287935514813867
50 52 0.9563230830895834
50 53 1.1934567906746136
50 54 1.2908027191056393
50 55 1.1534324279188308
50 56 1.2674371457987184
50 57 1.1556210860863148
50 58 1.129017462471203
50 59 1.3611311414082483
50 60 1.3621153021278427
50 61 1.059124355792021
50 62 1.1780398238281662
50 63 1.2700686663342067
50 64 1.2156456111270222
50 65 1.3984225125721996
50 66 1.1605928415109255
50 67 1.1310576017734468
50 68 1.0353209113433803
50 69 1.397466274849009
50 70 1.108423886470658
50 71 0.9929613709223436
50 72 1.0930061742109534
50 73 1.1639309889850689
50 74 1.2849432849637408
51 52 1.3141617031471136
51 53 1.4423234259119784
51 54 1.2696431856022095
51 55 1.3818184607282833
51 56 1.3294626848304083
51 57 1.502798414616113
51 58 1.2268143802854836
51 59 1.3382271442120646
51 60 1.284286091753988
51 61 1.340063465148351
51 62 1.0697409994025902
51 63 1.36865910050184
51 64 1.315805548152357
51 65 1.4724860677610971
51 66 0.999756761303985
51 67 1.290001154195463
51 68 1.3731952496184296
51 69 1.4781896273210373
51 70 1.312397225806016
51 71 1.279780911361014
51 72 1.2898696737274766
51 73 1.3112476865821867
51 74 1.3540728697106206
52 53 1.2027153838869025
52 54 1.3766521448975377
52 55 1.2081459605139007
52 56 1.2317485643414607
52 57 1.1606846823624595
52 58 1.1553619108173991
52 59 1.387690344486048
52 60 1.356652037080303
52 61 1.1242187548410556
52 62 1.2304657446208476
52 63 1.2473317163188922
52 64 1.2282293143056653
52 65 1.3323845303479722
52 66 1.1632607035258735
52 67 1.1076279301469152
52 68 1.2155206059057977
52 69 1.3584691227831978
52 70 1.0910228158649573
52 71 1.0259672405769127
52 72 1.0302314808966102
52 73 1.2200169596861645
52 74 1.2362876601272725
53 54 1.3748956826921321
53 55 1.188300260652849
53 56 1.3442586797210365
53 57 1.2797750508472947
53 58 1.382298363321529
53 59 1.399322526619949
53 60 1.4107073689851772
53 61 1.1407306447741452
53 62 1.4194240952292614
53 63 1.316488932982739
53 64 1.368597771008928
53 65 1.4168952512803765
53 66 1.4438145371394193
53 67 1.3050908769149323
53 68 1.1659588392007385
53 69 1.3520585729752173
53 70 1.2597708646766026
53 71 1.254164338910735
53 72 1.2733449183758985
53 73 1.3224602375546703
53 74 1.2947275571101913
54 55 1.4864660377069423
54 56 1.4185269836105359
54 57 1.3770219824900585
54 58 1.371021970569835
54 59 1.0021612044397554
54 60 1.2819293941264593
54 61 1.214586158149415
54 62 1.2825938705263673
54 63 1.4952758828522879
54 64 1.378575576279671
54 65 1.3905703619122787
54 66 1.2690580550655348
54 67 1.3416383842790374
54 68 1.3354586667090065
54 69 1.2990664644177339
54 70 1.410355256635735
54 71 1.3332834044688753
54 72 1.3309142981474238
54 73 1.3586068923371275
54 74 1.2734621862302784
55 56 1.3821959317992474
55 57 1.3449805715224765
55 58 1.264597114196237
55 59 1.3952612415848376
55 60 1.4333958273798537
55 61 1.2479958994664728
55 62 1.341170470464583
55 63 1.1533046308563446
55 64 1.395047019197964
55 65 1.325078172663883
55 66 1.3950900510248225
55 67 1.2698390160441382
55 68 1.141761030092901
55 69 1.5438225549150495
55 70 1.2194798213979976
55 71 1.251890964525775
55 72 1.3411204734164839
55 73 1.419148568721624
55 74 1.4034458858061363
56 57 1.300066326602552
56 58 1.1335578684003034
56 59 1.335110505468132
56 60 1.4652299787131684
56 61 1.2344606428323965
56 62 1.3069870116405593
56 63 1.424942275600663
56 64 0.7773964909416745
56 65 1.3634121936616417
56 66 1.2969163349892656
56 67 1.2910232159429367
56 68 1.3547157179903095
56 69 1.2794656137906848
56 70 1.167344111217124
56 71 1.1419399325681348
56 72 1.2077976476362267
56 73 1.2059790961640573
56 74 1.2809262557353587
57 58 1.3117710049245963
57 59 1.432392883193677
57 60 1.3463802904816193
57 61 1.139941250103705
57 62 1.35757723810949
57 63 1.4404318768061697
57 64 1.330411943436743
57 65 1.3424936431628722
57 66 1.2528292653438944
57 67 1.1750061891437718
57 68 1.1779735905329638
57 69 1.294032150479684
57 70 1.2298898259339754
57 71 1.160363411443442
57 72 1.1490397205834402
57 73 1.3115923131122844
57 74 1.2725397493249266
58 59 1.3143999082779916
58 60 1.4359275348212734
58 61 1.1430704518749562
58 62 1.251157652417244
58 63 1.3187155499375354
58 64 1.0875331637783476
58 65 1.450218227982694
58 66 1.1181495090661393
58 67 1.11435953046242
58 68 1.3445871255706137
58 69 1.5055149578524523
58 70 1.0448317771944151
58 71 1.0893536257596568
58 72 1.18589560254031
58 73 1.0937669518949007
58 74 1.3415584467544077
59 60 1.3474396053103692
59 61 1.1950663328518705
59 62 1.3261728024489576
59 63 1.5036366174805837
59 64 1.3802403687665918
59 65 1.3747528282095587
59 66 1.3314765507758444
59 67 1.2948249901327782
59 68 1.3585534575584877
59 69 1.3168441152619357
59 70 1.3838154062458132
59 71 1.3074992041244526
59 72 1.3230753274314546
59 73 1.287954808094742
59 74 1.3681961195163133
60 61 1.3299623626032233
60 62 1.4142942692998004
60 63 1.265680338150554
60 64 1.4391669666499032
60 65 1.083825218946875
60 66 1.270318474354426
60 67 1.3541527231280714
60 68 1.31406481062226
60 69 1.3500477506274118
60 70 1.4198557229217148
60 71 1.3805555703836299
60 72 1.341041808165042
60 73 1.3687988254105619
60 74 1.4006955726727102
61 62 1.2726405710867525
61 63 1.4715552504625524
61 64 1.183708538160184
61 65 1.3764049300394199
61 66 1.2701137394274982
61 67 1.0669451405339365
61 68 1.1074555007727742
61 69 1.300752678952509
61 70 0.975765787056186
61 71 0.8485199543207049
61 72 1.1459367992652831
61 73 1.162697001779578
61 74 1.2572472412012492
62 63 1.4492728591802575
62 64 1.3436920450050236
62 65 1.4110712937506982
62 66 1.1175910664322026
62 67 1.299060447637605
62 68 1.2482694281404854
62 69 1.293900333464626
62 70 1.3218704851901049
62 71 1.314832788729383
62 72 1.3285050558256828
62 73 1.285782555365593
62 74 1.2393304388871436
63 64 1.3709461484616496
63 65 1.4063687531576194
63 66 1.4000797253689015
63 67 1.2409794981452051
63 68 1.3722634381159768
63 69 1.4673188031122286
63 70 1.3094599798203048
63 71 1.3211850253961055
63 72 1.3941686327466365
63 73 1.4230155740633672
63 74 1.4918232993321296
64 65 1.4517610716149985
64 66 1.3365863232829476
64 67 1.2616352537090925
64 68 1.3768636006530404
64 69 1.2711145572406324
64 70 1.101405682980901
64 71 1.1186864585516687
64 72 1.2520536983620834
64 73 1.2326417409483847
64 74 1.1772217557676161
65 66 1.3306182819730636
65 67 1.3039696025783716
65 68 1.400280377116559
65 69 1.4272772227203072
65 70 1.463519395436352
65 71 1.3972115598467856
65 72 1.3759224306774709
65 73 1.4129432387744452
65 74 1.4207216289145703
66 67 1.220522379641586
66 68 1.363751799542987
66 69 1.4107051550078424
66 70 1.2749467956736311
66 71 1.1768710737445882
66 72 1.1327222444806775
66 73 1.1879005429258804
66 74 1.318286754030879
67 68 1.2485735720680768
67 69 1.4181816356500723
67 70 1.1291781990749752
67 71 1.054893925531341
67 72 1.0641641062831824
67 73 1.2485554755982444
67 74 1.4056940525800479
68 69 1.2680601141785213
68 70 1.2072022190156444
68 71 1.2222747102240423
68 72 1.1823809571398594
68 73 1.3355822964700907
68 74 1.2923522134542127
69 70 1.4204240977152613
69 71 1.3694540848541206
69 72 1.2752563847214387
69 73 1.3670520978145622
69 74 1.2817694057682036
70 71 0.8640397917352788
70 72 1.1343032788649696
70 73 1.1965271197343512
70 74 1.3766111731269293
71 72 1.041868934116643
71 73 1.1111022405768882
71 74 1.3254298985527453
72 73 1.2051149224897386
72 74 1.2550629230305574
73 74 1.4353795037625308
