30 0
0 1 1.3272777098639645
0 2 1.2927888984458726
0 3 1.137132219043458
0 4 1.4623133439818545
0 5 1.2572484002343973
0 6 1.281984561966651
0 7 1.293692045392521
0 8 1.4473491795831317
0 9 1.160512674872436
0 10 1.1274480642708777
0 11 1.1811419557753058
0 12 1.4399062051395006
0 13 1.1628714754509455
0 14 1.2919185101009985
0 15 1.3504779569575487
0 16 1.3123172795313505
0 17 1.3791925300872443
0 18 1.1319385352965112
0 19 1.2537711931819748
0 20 1.299948990699779
0 21 1.0477710190939085
0 22 1.1136848471839822
0 23 1.203780679015549
0 24 1.1382467973813686
0 25 1.0664207094904834
0 26 1.0658985157900094
0 27 1.2119180136649694
0 28 1.2434338790315755
0 29 1.4151675183996595
1 2 1.322686890894595
1 3 1.2117345905248262
1 4 1.238097428772553
1 5 1.3274191110610298
1 6 1.3320573011863097
1 7 1.3249004147737808
1 8 1.276145955333329
1 9 1.3735094357223396
1 10 1.3382929986560812
1 11 1.3995691603980753
1 12 1.465636561002628
1 13 1.2583889344046086
1 14 1.3827613253723716
1 15 1.4269814071633906
1 16 1.3285823962368224
1 17 1.2467329872402786
1 18 1.4750140794568802
1 19 1.4177184990684493
1 20 1.36211613691304
1 21 1.3030004173580398
1 22 1.2569944766809515
1 23 1.298104017836038
1 24 1.2580427633606754
1 25 1.2384076882558108
1 26 1.2926639409617195
1 27 1.2404502522163645
1 28 1.3060488066842322
1 29 1.362704536254189
2 3 1.3248604347800583
2 4 1.369258368491997
2 5 1.410915486412408
2 6 1.3400176304730411
2 7 1.3246812006292275
2 8 1.3511155739816043
2 9 1.415282256660339
2 10 1.432755031181271
2 11 1.2891910089851177
2 12 1.4726919070284903
2 13 1.4035292384487155
2 14 1.2839306279837739
2 15 1.2831418561295598
2 16 1.3612431293308858
2 17 1.3889889222377754
2 18 1.238652936120001
2 19 1.466277636654708
2 20 1.3181262609911875
2 21 1.211159953083833
2 22 1.3485077673659907
2 23 1.3923635499058324
2 24 1.4021999971537225
2 25 1.3541210822797591
2 26 1.319088494546268
2 27 1.3564746676386545
2 28 1.326684831212052
2 29 1.4742838391353412
3 4 1.3534686299723582
3 5 1.2504838050573017
3 6 1.2762844447433166
3 7 1.4785490465770044
3 8 1.4337106580277064
3 9 1.2766503116016843
3 10 1.0979704534540433
3 11 1.3607204858264985
3 12 1.5019017385449358
3 13 1.0242658772376552
3 14 1.3596077208865753
3 15 1.2471604092320414
3 16 1.3687190683180352
3 17 1.2812273763522903
3 18 1.259791712919365
3 19 1.2653628909901844
3 20 1.4826517111275732
3 21 1.2314407308430169
3 22 1.0786511701669927
3 23 1.1637707347230686
3 24 1.1710938840822314
3 25 1.0912991022717635
3 26 1.2031786888669442
3 27 1.1710057284630182
3 28 1.4794612537884708
3 29 1.498011501263768
4 5 1.358518592154476
4 6 1.3148886625219147
4 7 1.3131487501535135
4 8 1.2833315908185061
4 9 1.4215057081098057
4 10 1.3030830165196337
4 11 1.3841228203982294
4 12 1.3877122167735485
4 13 1.1936210167885986
4 14 1.4238159830571646
4 15 1.3381122340223994
4 16 1.402712011194551
4 17 1.2525485348060539
4 18 1.4983595839185957
4 19 1.4089477963984325
4 20 1.3590567429163154
4 21 1.4271276858308592
4 22 1.313999059228886
4 23 1.3331971983364235
4 24 1.3392406828130827
4 25 1.3343111981562905
4 26 1.4142297755600204
4 27 1.3245979203684564
4 28 1.3151469845295096
4 29 1.3346931426284374
5 6 1.2118536873774437
5 7 1.3122818449501952
5 8 1.2899278078063163
5 9 1.32062159171198
5 10 1.1061058571861186
5 11 1.3640495088806435
5 12 1.5677210062147737
5 13 1.0603637403955724
5 14 1.33090940503267
5 15 1.2922415856663176
5 16 1.2805102739376983
5 17 1.3795675589727636
5 18 1.3352129804041457
5 19 0.8749149234945302
5 20 1.3793703011389171
5 21 1.2703512347139285
5 22 1.1115020032377732
5 23 1.2896650927293625
5 24 1.2479709494254267
5 25 1.1595530885567789
5 26 1.2125335242806403
5 27 1.1650365919036425
5 28 1.3668652661423184
5 29 1.3837582381114735
6 7 1.2584814220111247
6 8 1.3119510677276802
6 9 1.2340511488760797
6 10 1.0338114347195835
6 11 1.284180430388067
6 12 1.460732487119394
6 13 1.105886604682911
6 14 1.2413431318677552
6 15 1.2651612039070361
6 16 1.238651102716787
6 17 1.2619930290925152
6 18 1.2077428499118912
6 19 1.1632905385342716
6 20 1.270951020241077
6 21 1.3162156363879756
6 22 1.0790428858372334
6 23 1.2120359705207555
6 24 1.1681786305811568
6 25 1.1056759587775238
6 26 1.0613959910008937
6 27 1.1323899337848902
6 28 1.187654712746559
6 29 1.3445608887505867
7 8 1.3098063226627856
7 9 1.4221587120382493
7 10 1.2689727019246209
7 11 1.2255646535502005
7 12 1.433217959746649
7 13 1.2467996291443038
7 14 1.1650502861275225
7 15 1.2347729947202422
7 16 1.3630863947072538
7 17 1.2112684715876783
7 18 1.373250451806958
7 19 1.3055216488463064
7 20 1.3546103069315374
7 21 1.2882829569286287
7 22 1.2179689442095916
7 23 1.2868273039721947
7 24 1.40965379307901
7 25 1.2785558549660576
7 26 1.2068743386525083
7 27 1.1792233658528386
7 28 0.6443553329178889
7 29 1.4001530555542439
8 9 1.3331441564525797
8 10 1.378096592872681
8 11 1.3942011995726569
8 12 1.4589652448906674
8 13 1.3294557380317125
8 14 1.2496778950542258
8 15 1.4070184898162978
8 16 1.4104753386700581
8 17 1.2724374888614527
8 18 1.3600418686323208
8 19 1.3151734457102469
8 20 1.3474198942121782
8 21 1.3049702883947063
8 22 1.3508178452604618
8 23 1.3522734748178813
8 24 1.3275452203313776
8 25 1.3811762258599916
8 26 1.286728454366336
8 27 1.2895363945655218
8 28 1.3049859118383917
8 29 1.413835301090574
9 10 1.1702664817350867
9 11 1.3671315560617106
9 12 1.446670107838825
9 13 1.246399593053741
9 14 1.2968516699984416
9 15 1.3394750105021522
9 16 1.3633212467231244
9 17 1.370506256794296
9 18 1.3570485020516172
9 19 1.3176054405303708
9 20 1.3176650896042568
9 21 1.3224411150077513
9 22 1.1844276777866947
9 23 1.2832577700383296
9 24 1.2025007903829992
9 25 1.1936320002813015
9 26 1.2375646946208905
9 27 1.2237255750390725
9 28 1.4496160634168211
9 29 1.3945607611729247
10 11 1.3372081832625269
10 12 1.564318295085502
10 13 0.9177126878900118
10 14 1.2154319917001875
10 15 1.212563369213918
10 16 1.334250182171476
10 17 1.2072151349247633
10 18 1.329332540559129
10 19 1.020747835025843
10 20 1.3830043958581273
10 21 1.2487512187236343
10 22 0.7763610858476734
10 23 1.1829493903313346
10 24 1.0696012549888456
10 25 0.7365992107508578
10 26 0.9583267696586336
10 27 0.9873625762092016
10 28 1.2197715774914537
10 29 1.404084655313628
11 12 1.3422216430293494
11 13 1.3578262476691445
11 14 1.2866642781868682
11 15 1.3126482561398862
11 16 1.3734417553018843
11 17 1.3575426234131807
11 18 1.3114937353167277
11 19 1.3313481222633916
11 20 1.144029336150779
11 21 1.1292885819923646
11 22 1.3112914054853226
11 23 1.2122751583902815
11 24 1.3550436196164184
11 25 1.3086548314956143
11 26 1.1801971013191204
11 27 1.3353428441340751
11 28 1.2589270790257217
11 29 1.370285056366482
12 13 1.6170793047642038
12 14 1.4304124955434967
12 15 1.3583917257547993
12 16 1.3795784851376618
12 17 1.3748594678353119
12 18 1.3365787857988254
12 19 1.6032283363403612
12 20 1.2648762568014513
12 21 1.4058973284321674
12 22 1.6939441891154376
12 23 1.3622348295440494
12 24 1.4449063532974469
12 25 1.6891260889421662
12 26 1.4693962900886783
12 27 1.6138750902828682
12 28 1.4463648228239705
12 29 0.8961394558011255
13 14 1.3592724568947168
13 15 1.2711338915282642
13 16 1.2227916599848274
13 17 1.2506746127372905
13 18 1.3115820906720914
13 19 1.0887868405138659
13 20 1.404508333537928
13 21 1.3426547947713232
13 22 0.8766941277293391
13 23 1.175330984192517
13 24 1.107348993111522
13 25 0.8669137493730491
13 26 1.2225963250231586
13 27 0.9945567146637697
13 28 1.2739202669907
13 29 1.4870674421520955
14 15 1.1151602643195337
14 16 1.3887054040229272
14 17 1.195180507947054
14 18 1.1878421520110944
14 19 1.2607128832057657
14 20 1.3081427617208696
14 21 1.224570401402181
14 22 1.1366808286803018
14 23 1.2124346475877914
14 24 1.3332580001189884
14 25 1.2193467922933086
14 26 1.1138324300943097
14 27 1.281639189469217
14 28 1.2571796528307102
14 29 1.4673763807244735
15 16 1.390986885293236
15 17 1.183669021480719
15 18 1.1872264667273478
15 19 1.288828715564411
15 20 1.4159389537707843
15 21 1.2056423338830062
15 22 1.2338999225630547
15 23 1.2413004898718558
15 24 1.2465544268886675
15 25 1.2816230684815206
15 26 1.208636089539877
15 27 1.2487217189581177
15 28 1.3416545678860772
15 29 1.35200334814592
16 17 1.4094631010780208
16 18 1.363657002013945
16 19 1.390726603585326
16 20 0.9732118853905328
16 21 1.3828449163721057
16 22 1.3279470621414724
16 23 1.2970114368520402
16 24 1.2892646315799854
16 25 1.3698181624089187
16 26 1.4561568783373324
16 27 1.3908328826147838
16 28 1.3314512133904326
16 29 1.2518609337932352
17 18 1.3325410911358915
17 19 1.3503925395351803
17 20 1.3879387240410546
17 21 1.2088028879650201
17 22 1.1851846768790348
17 23 1.2229341899227821
17 24 1.3569962550192327
17 25 1.1992053609754254
17 26 1.1382951046415413
17 27 1.138895993599991
17 28 1.178384028887517
17 29 1.3636970434289473
18 19 1.347879713142035
18 20 1.4148230613665411
18 21 1.104162879028194
18 22 1.28388520373926
18 23 1.228703409695612
18 24 1.2418593822174713
18 25 1.304863444900668
18 26 1.1777675679050863
18 27 1.2887127408093355
18 28 1.3352954745746615
18 29 1.484328388678091
19 20 1.3484042345624803
19 21 1.2994217409401982
19 22 1.0162902492827637
19 23 1.2746286618360592
19 24 1.2713892801975901
19 25 1.0601659006626385
19 26 1.1491767798087382
19 27 1.1208202904871842
19 28 1.3388243209634336
19 29 1.4626090627094122
20 21 1.3699640605549874
20 22 1.4731617513648068
20 23 1.2735444915961636
20 24 1.3991354288909192
20 25 1.4240837041270242
20 26 1.3604553194368345
20 27 1.4663458843236676
20 28 1.3131946778990395
20 29 1.2210131517258394
21 22 1.1925754650144587
21 23 1.2844799798015996
21 24 1.3233206624788796
21 25 1.2113157126461145
21 26 1.1081102254705555
21 27 1.218738888986447
21 28 1.2941931104625581
21 29 1.3995047189122884
22 23 1.2043575035897296
22 24 1.148196291293726
22 25 0.5686785668293814
22 26 0.9870079635716519
22 27 0.8576683512782097
22 28 1.2009193780825373
22 29 1.5140812126800414
23 24 1.2300704066937445
23 25 1.188249624282249
23 26 1.179031742750937
23 27 1.2824654819927517
23 28 1.3295886012755023
23 29 1.4081327945192754
24 25 1.1336857252723322
24 26 1.085923243929021
24 27 1.22929038140625
24 28 1.3345871431163936
24 29 1.3445242122663763
25 26 0.9179240789161239
25 27 0.8329143763585662
25 28 1.1886022477818388
25 29 1.5533493580617885
26 27 1.1047909049249922
26 28 1.1542066143302225
26 29 1.4015004088512466
27 28 1.1901478111311083
27 29 1.4781659045346425
28 29 1.381656746649449
