90 0
0 1 0.9870079635716519
0 2 1.1258558896978483
0 3 1.2588150616118492
0 4 1.4451806799421971
0 5 1.268995383466975
0 6 1.085923243929021
0 7 0.9599632658901451
0 8 0.9648314984984536
0 9 1.0721883216456956
0 10 1.2588151835577814
0 11 0.9984981474037177
0 12 1.3494120847887956
0 13 1.1524139180458242
0 14 1.2351113872068067
0 15 1.3173662212423995
0 16 1.4748438674787057
0 17 1.1081102254705555
0 18 1.2612543654408406
0 19 1.2436086380437477
0 20 1.1614458070722253
0 21 1.1396981880626738
0 22 1.1525507946299962
0 23 1.2985629001150376
0 24 1.1292748258008252
0 25 1.2225963250231586
0 26 1.51471082168117
0 27 1.3627837438071395
0 28 1.2672910805305604
0 29 1.4093890407641452
0 30 1.2290501053106266
0 31 1.3306221073874407
0 32 1.3185210731389232
0 33 1.1701796591315965
0 34 1.2025489995119996
0 35 1.3183045619764366
0 36 1.100606822524361
0 37 1.120173585501652
0 38 1.2098145739622508
0 39 1.247772675233193
0 40 1.0383188295919403
0 41 1.3311398599845263
0 42 1.166567948064619
0 43 1.3587926624970954
0 44 1.4068887712653846
0 45 1.3367930929321998
0 46 1.058700416628602
0 47 1.42653561730477
0 48 1.1949913987000005
0 49 1.0849858998454005
0 50 1.0967478239981567
0 51 1.4027126155100356
0 52 1.2145193817582667
0 53 1.27289293848503
0 54 1.051596575069199
0 55 1.2400750397789049
0 56 1.31334153814144
0 57 1.0711123985755153
0 58 1.2166740347624294
0 59 1.174830290505723
0 60 1.1047909049249922
0 61 1.3302784682681488
0 62 1.0726823237853398
0 63 1.1098284320968526
0 64 1.2453451695992805
0 65 1.2866639260347015
0 66 0.9587677392508498
0 67 1.3595759662105382
0 68 1.1813308611546567
0 69 1.0774778860171872
0 70 1.1064453146274338
0 71 1.2609424868218895
0 72 1.1630538419479812
0 73 1.2603826590738287
0 74 1.0549614149791942
0 75 1.2504737727742057
0 76 1.0188986489720795
0 77 1.3724893388798114
0 78 1.1913036182045547
0 79 1.1201987573257288
0 80 1.4693962900886783
0 81 1.1057975449730995
0 82 1.1285942710452646
0 83 0.9749302075604496
0 84 1.1906908324220824
0 85 1.0276835204965395
0 86 1.3616299715410363
0 87 1.2124401837889263
0 88 1.1138324300943097
0 89 1.2754496878075356
1 2 1.1977717268123784
1 3 1.1890831450095496
1 4 1.6458021471088338
1 5 1.1519974706895368
1 6 1.148196291293726
1 7 0.5867030685816886
1 8 0.8951847778415729
1 9 1.2306653562346321
1 10 1.3111413067817437
1 11 1.0896387023664744
1 12 1.2286453178705687
1 13 0.7657420991945623
1 14 1.4420088857058344
1 15 1.4248771883521028
1 16 1.565848247485521
1 17 1.1925754650144587
1 18 1.3052705890227256
1 19 1.3704733672701361
1 20 1.3375229412990144
1 21 1.1963442230605934
1 22 1.1393926135857466
1 23 1.3424432576696237
1 24 1.252309881521109
1 25 0.8766941277293391
1 26 1.5569374509795473
1 27 1.2770564728491658
1 28 1.313903586503026
1 29 1.2565100980989943
1 30 1.2217704880109805
1 31 1.33787898552093
1 32 1.2992878071414924
1 33 1.0829740183328826
1 34 1.2051219687786952
1 35 1.3117755747755404
1 36 1.1894943949762466
1 37 0.9832347136083265
1 38 1.1611001161807384
1 39 1.1794948138729555
1 40 0.6002828258197036
1 41 1.3292936409494323
1 42 1.2129517723591376
1 43 1.2163023705966887
1 44 1.5745098965167525
1 45 1.2914183021519001
1 46 1.1596974060357592
1 47 1.4158635409961307
1 48 1.2280851409359943
1 49 1.1188163746631656
1 50 1.2246348861467262
1 51 1.4430204791020926
1 52 1.1815136768503285
1 53 1.214892317637489
1 54 1.1044007555378186
1 55 1.4065046817994347
1 56 1.3058247970985768
1 57 1.2721769165911003
1 58 1.2489974243981705
1 59 1.2040144127031502
1 60 0.8576683512782097
1 61 1.2534265328728367
1 62 1.2599101514989193
1 63 1.197690877782727
1 64 1.1763549293282083
1 65 1.2630553255470978
1 66 0.6523083552454386
1 67 1.2629659698775326
1 68 1.3048925143577355
1 69 1.061379460394067
1 70 1.1086872424185226
1 71 1.1841494594345627
1 72 1.0144633161041923
1 73 1.38061703300906
1 74 1.229186912207395
1 75 1.1851802814740462
1 76 1.1249236530734148
1 77 1.376766066856642
1 78 1.3145356130830819
1 79 1.3253001351455747
1 80 1.6939441891154376
1 81 1.1941545835700802
1 82 1.0152872425364476
1 83 0.9160137156608811
1 84 1.2895867306035846
1 85 0.6458641570739816
1 86 1.3714391080340247
1 87 1.2592831091969074
1 88 1.1366808286803018
1 89 1.3487074817278575
2 3 1.3487183214592
2 4 1.4221841587046806
2 5 1.4447504459421145
2 6 1.2902298882007084
2 7 1.2521157446948699
2 8 1.2079985405664455
2 9 1.2354126416722149
2 10 1.455722687764077
2 11 1.1252701516221004
2 12 1.4582585918849273
2 13 1.268255021676467
2 14 1.2527602617986222
2 15 1.2285219035476032
2 16 1.4054151886578519
2 17 1.086731968550972
2 18 1.4376787978710657
2 19 1.3775563043618053
2 20 1.3318551301296238
2 21 1.2305479024072679
2 22 1.276859457586125
2 23 1.3547030607701005
2 24 1.1307579651208772
2 25 1.271807731709645
2 26 1.462500198678712
2 27 1.4279995806403911
2 28 1.2683828826909527
2 29 1.4731684845418518
2 30 1.2614684041202289
2 31 1.3648286839746817
2 32 1.391521185228503
2 33 1.3786707336174648
2 34 1.3048829733798943
2 35 1.3858601676119016
2 36 1.1389629463295246
2 37 1.3520066017347905
2 38 1.2044828129993412
2 39 1.3431947269256004
2 40 1.316648338838867
2 41 1.3978584362142477
2 42 1.1493953714107465
2 43 1.405414605039816
2 44 1.435017430975047
2 45 1.4677069449228493
2 46 1.0584183815254422
2 47 1.4523816234280893
2 48 1.320569037408057
2 49 1.2700646890998657
2 50 1.192436953685389
2 51 1.4266022273759231
2 52 1.407477443877614
2 53 1.3636656184240448
2 54 1.3054757937391055
2 55 1.3143472758908699
2 56 1.447116861034354
2 57 1.1993888729767752
2 58 1.2716082914644478
2 59 1.2768551745611818
2 60 1.272406049275254
2 61 1.3928141985264826
2 62 1.2713629951105259
2 63 1.0961547835370913
2 64 1.403919696536843
2 65 1.343139902174406
2 66 1.2374507130038543
2 67 1.4572615136212408
2 68 1.366218703198145
2 69 1.3474305347596889
2 70 1.2778671936438328
2 71 1.3453278844727155
2 72 1.2996078671821611
2 73 1.307055743872987
2 74 1.183630487537252
2 75 1.4795934219572369
2 76 1.2581279582445364
2 77 1.3874140696478827
2 78 1.3680221418195193
2 79 1.2348917312499816
2 80 1.4056655707918426
2 81 1.236796148546191
2 82 1.2480327536427398
2 83 1.2702076120628785
2 84 1.1390664013526564
2 85 1.2448517415761047
2 86 1.3823570470686652
2 87 1.263369199665144
2 88 1.2966889770988812
2 89 1.3722974241780228
3 4 1.3647215629504508
3 5 1.4641442074560471
3 6 1.204291496499932
3 7 1.245943510709772
3 8 1.2781309390140099
3 9 1.3113196978333281
3 10 1.2851968491419024
3 11 1.268640504656096
3 12 1.3651905687521273
3 13 1.2807032694255878
3 14 1.40817558885173
3 15 1.2608383427072885
3 16 1.4059290652388525
3 17 1.2411620445922822
3 18 1.395899317234759
3 19 1.4113667104181145
3 20 1.1917430785594951
3 21 1.367750057220326
3 22 1.385495968488992
3 23 1.294533051426378
3 24 1.2290578428578878
3 25 1.2722486636218668
3 26 1.5095643904858074
3 27 1.3281415868522073
3 28 1.3838789542883994
3 29 1.410457978262262
3 30 1.3736396393823893
3 31 1.227720604821202
3 32 1.34844084521372
3 33 1.2843208578373682
3 34 1.3714477276793218
3 35 1.4702082708000164
3 36 1.2840016494839046
3 37 1.4177674095884034
3 38 1.1460199374721673
3 39 1.1416283319714682
3 40 1.2075977297664577
3 41 1.3459455670796203
3 42 1.315986755572682
3 43 1.4122559450112993
3 44 1.39909133738194
3 45 1.3102670368255958
3 46 1.2704557241949541
3 47 1.342451341386234
3 48 1.3685493007266656
3 49 1.2529524504275602
3 50 1.314610846767681
3 51 1.33047624608675
3 52 1.4085376543994335
3 53 1.3731337322605877
3 54 1.2518101998960716
3 55 1.3129570052419868
3 56 1.2234097378770143
3 57 1.2919325080341542
3 58 1.3528264032784458
3 59 1.2537915973364777
3 60 1.2450517096332492
3 61 1.0683600258424797
3 62 1.3308611725236381
3 63 1.3142799943089865
3 64 1.3796360958590215
3 65 1.2978946179957036
3 66 1.24903061180401
3 67 1.2823400360732151
3 68 1.2935755433088816
3 69 1.3081092537472003
3 70 1.2318378650816242
3 71 1.415050126636014
3 72 1.3259796616253547
3 73 1.4109158072069696
3 74 1.394398064577595
3 75 1.3312162471971927
3 76 1.2820649923075178
3 77 1.406998488654323
3 78 1.2648482867848765
3 79 1.3371687746064498
3 80 1.45436319439584
3 81 1.3037076346608611
3 82 1.3121219226661118
3 83 1.2684590559705913
3 84 1.3871860668626532
3 85 1.2602634790463945
3 86 1.1037746454842514
3 87 1.3021501673081248
3 88 1.3207237276326846
3 89 1.4804508945758221
4 5 1.4389971617400361
4 6 1.385736825320448
4 7 1.6681523942975431
4 8 1.4317061362417183
4 9 1.4509218007619402
4 10 1.2609038613778702
4 11 1.45641331286631
4 12 1.28575227403803
4 13 1.5890234186423313
4 14 1.0646185506787949
4 15 1.3515827779955634
4 16 0.9752521598486594
4 17 1.4159294085073482
4 18 1.4428267520101776
4 19 1.273544733883418
4 20 1.4015344820161433
4 21 1.4915174160204887
4 22 1.4806037815582398
4 23 1.3480970491063256
4 24 1.3913575915117034
4 25 1.6085240450126521
4 26 1.2740965350125697
4 27 1.2677752157598086
4 28 1.3232316387699683
4 29 1.428181695460649
4 30 1.416945277703386
4 31 1.4864944156807145
4 32 1.391880606794395
4 33 1.5335867854937544
4 34 1.4607257867713228
4 35 1.3459456457467018
4 36 1.2449657854780858
4 37 1.4919426481004259
4 38 1.350076958472506
4 39 1.4703066758873857
4 40 1.6691066290772945
4 41 1.4808929075431216
4 42 1.3893874562051973
4 43 1.4669606016924046
4 44 0.7318828231172301
4 45 1.401901206685831
4 46 1.339580804534837
4 47 1.2574662939272585
4 48 1.4300069709221954
4 49 1.4005159171911832
4 50 1.4757721604845015
4 51 1.1243990348319155
4 52 1.3919149167434786
4 53 1.4001196861812744
4 54 1.3586740002571507
4 55 1.2364008523426748
4 56 1.3730660062672173
4 57 1.3319006435742444
4 58 1.4962693087499814
4 59 1.3797444029855268
4 60 1.5595197937207215
4 61 1.3192844145580787
4 62 1.3986321597438314
4 63 1.430322836380546
4 64 1.4204022402091052
4 65 1.3175896774809748
4 66 1.5934416177485318
4 67 1.5079131479228276
4 68 1.2070051411598546
4 69 1.43560778488335
4 70 1.4602036894352644
4 71 1.429058441440538
4 72 1.4847429525611724
4 73 1.430247728822484
4 74 1.3363117134682112
4 75 1.3340381172871387
4 76 1.4086145762493765
4 77 1.3299632337595282
4 78 1.4007007881952354
4 79 1.398622428620118
4 80 0.7568093258082639
4 81 1.4677233335146385
4 82 1.5652297104628126
4 83 1.564276955114887
4 84 1.441509137788706
4 85 1.682337529357036
4 86 1.3503898508936611
4 87 1.4456190775883409
4 88 1.3733951272369842
4 89 1.2554140636414943
5 6 1.2020496770964388
5 7 1.1011873570938329
5 8 1.0433673292003585
5 9 1.329362031245798
5 10 1.26835572211186
5 11 1.2102277141734716
5 12 1.181361946032152
5 13 1.1476830313044537
5 14 1.4059671890060985
5 15 1.4749294978536152
5 16 1.3928871649199546
5 17 1.3656390988325593
5 18 1.3268657108964044
5 19 1.2793455927559254
5 20 1.4144621404861744
5 21 1.3671625719002571
5 22 1.34831883649969
5 23 1.3508776520774826
5 24 1.437076472088147
5 25 1.1839680716741856
5 26 1.4145755493956123
5 27 1.2163573468257345
5 28 1.4517913560097042
5 29 1.1230738401513056
5 30 1.3391324635781294
5 31 1.495545871362939
5 32 1.374060303429419
5 33 1.2358306462187116
5 34 1.2990293779837603
5 35 1.2441825702606595
5 36 1.257988652667455
5 37 1.1053703139587865
5 38 1.3741965559340865
5 39 1.3479160679340834
5 40 1.1668902986125549
5 41 1.4344433583314709
5 42 1.3425380069119128
5 43 0.7669441439797272
5 44 1.3749591204984761
5 45 1.1084074028930475
5 46 1.27021187192288
5 47 1.3663769872199503
5 48 1.4338762567489622
5 49 1.3515144611311856
5 50 1.4062316929732672
5 51 1.3426985020760176
5 52 1.291543297830851
5 53 1.2993587402281175
5 54 1.3545774923379932
5 55 1.4077758727378447
5 56 1.4197851167592694
5 57 1.3629927644739095
5 58 1.2386793188082086
5 59 1.3206463111823428
5 60 1.178990171269454
5 61 1.2572832011311184
5 62 1.3698088863611548
5 63 1.4293677553181823
5 64 1.2536233217002828
5 65 1.3235286021810913
5 66 1.1419214687617174
5 67 1.3231256242657485
5 68 1.275009561234608
5 69 1.238843816462756
5 70 1.3427138838747192
5 71 1.321564423066317
5 72 1.227879871737249
5 73 1.3802922654326715
5 74 1.352034813263361
5 75 0.8531163546902049
5 76 1.2595189539926308
5 77 1.2630372364431242
5 78 1.3847734554114854
5 79 1.459059646809242
5 80 1.574843740617245
5 81 1.2900771814786045
5 82 1.2780805034040152
5 83 1.1319738834117774
5 84 1.3152060429944823
5 85 1.1028129499488688
5 86 1.4272289268554017
5 87 1.3186281873532923
5 88 1.3792615528766214
5 89 1.2768337005623305
6 7 1.1651847726354143
6 8 1.0776010635813855
6 9 1.2803283067284832
6 10 1.3667774485122728
6 11 1.168807814374904
6 12 1.290612587162453
6 13 1.0878673822561487
6 14 1.3064748178700534
6 15 1.3728372988622985
6 16 1.3725886459111027
6 17 1.3233206624788796
6 18 1.3558853697966349
6 19 1.3057079549315314
6 20 1.237367489627102
6 21 1.4112416629156386
6 22 1.3273392197635865
6 23 1.262506164358372
6 24 1.2962300958747122
6 25 1.107348993111522
6 26 1.4572681429900947
6 27 1.278608337957287
6 28 1.4060347529846502
6 29 1.3140437649159753
6 30 1.3985215645417912
6 31 1.4637991879678318
6 32 1.2817911766043162
6 33 1.1698774799848202
6 34 1.4592780220861647
6 35 1.3368908114046745
6 36 1.245222492770654
6 37 1.2224289028752264
6 38 1.2325383229937728
6 39 1.2549043815403427
6 40 1.1976010397913577
6 41 1.2577956524916383
6 42 1.281591982477364
6 43 1.2817898706088766
6 44 1.3368747454283434
6 45 1.2687660218196744
6 46 1.0882303057471985
6 47 1.3632349364801393
6 48 1.3600406759190047
6 49 1.1424788430337272
6 50 1.2950747373118832
6 51 1.351855628557095
6 52 1.2513271641894506
6 53 1.2880494413601726
6 54 1.2530416308623475
6 55 1.2758255537815872
6 56 1.268553685959317
6 57 1.4028120070870311
6 58 1.2995787136428576
6 59 1.1368183153328215
6 60 1.22929038140625
6 61 1.3384996532354108
6 62 1.2792192346544546
6 63 1.3108676394518233
6 64 1.2397781095198823
6 65 1.3077005300772453
6 66 1.185696636015073
6 67 1.3440620859886756
6 68 1.2933928628274771
6 69 1.1520480451491495
6 70 1.2483831580699445
6 71 1.2043297489864835
6 72 1.2155328017862514
6 73 1.3418753721717034
6 74 1.2300246533188397
6 75 1.2068633647782931
6 76 1.287559403064253
6 77 1.4209625567023152
6 78 1.2831055845295583
6 79 1.4832117916783456
6 80 1.4449063532974469
6 81 1.2716950950949675
6 82 1.283439816798539
6 83 1.0738067459117282
6 84 1.2959498292173102
6 85 1.1927588995792153
6 86 1.3538699880141536
6 87 1.1941063511337187
6 88 1.3332580001189884
6 89 1.2847865698696497
7 8 0.9309764311244708
7 9 1.1995778006797637
7 10 1.3213782852710365
7 11 1.1039684177984557
7 12 1.274921650866816
7 13 0.8175003222816346
7 14 1.4561289616997761
7 15 1.4418293036146286
7 16 1.600291556131284
7 17 1.2424749547425908
7 18 1.3540263239501982
7 19 1.3252032819998234
7 20 1.310419597813534
7 21 1.2464728944962749
7 22 1.1925323015802443
7 23 1.3287155571206177
7 24 1.246702061456099
7 25 0.8828168698434149
7 26 1.5027246586586525
7 27 1.300345366408505
7 28 1.3576952697213513
7 29 1.261643038749834
7 30 1.2043783258724732
7 31 1.3518203469164456
7 32 1.3835714666578718
7 33 1.0955700240826873
7 34 1.262717190236664
7 35 1.3685649702923546
7 36 1.2251972529807629
7 37 1.083175027247321
7 38 1.181608535189089
7 39 1.1957919324884467
7 40 0.6165233161620405
7 41 1.3476352631134805
7 42 1.208951946895833
7 43 1.1665366125641885
7 44 1.5957793325499903
7 45 1.2441370431242398
7 46 1.160606654631257
7 47 1.402757945672884
7 48 1.285820221657102
7 49 1.1844904292263485
7 50 1.2372728604930872
7 51 1.4175419558949571
7 52 1.2692272185120979
7 53 1.2715016133571333
7 54 1.1860985983989225
7 55 1.4286288445192967
7 56 1.4192296208401156
7 57 1.2670876862379248
7 58 1.1937809144687068
7 59 1.2225586235698158
7 60 0.8447436240952765
7 61 1.2139652464266941
7 62 1.2063067249141626
7 63 1.2509936874608139
7 64 1.2507467699322852
7 65 1.3949329425244408
7 66 0.6105998882662963
7 67 1.2708395736665639
7 68 1.2421636210260907
7 69 1.1200787892214692
7 70 1.1795814297983818
7 71 1.2540109483100927
7 72 1.0360219727493247
7 73 1.3909211634189247
7 74 1.1968414200650506
7 75 1.1695652889257926
7 76 1.1640325922717965
7 77 1.3324737931334087
7 78 1.2635672931625905
7 79 1.3401472957952578
7 80 1.684980908306834
7 81 1.2051977577813002
7 82 1.0443333235082926
7 83 0.9161703566795173
7 84 1.2445168439736407
7 85 0.5442954132580317
7 86 1.3410057281813326
7 87 1.1940347595405036
7 88 1.2287128210011669
7 89 1.3831714053157622
8 9 1.1079777600202203
8 10 1.260241771452833
8 11 1.027393093476764
8 12 1.2277889730231504
8 13 0.9890852680490234
8 14 1.3287314748004475
8 15 1.3812970134951932
8 16 1.3543719612825826
8 17 1.2034217823481412
8 18 1.276025496655376
8 19 1.3071110582518761
8 20 1.3030984932144032
8 21 1.2685160804535558
8 22 1.1261621596424243
8 23 1.3239267356455517
8 24 1.2330913554891771
8 25 1.0306779529926928
8 26 1.455330309823713
8 27 1.2226783173632014
8 28 1.3935921888879674
8 29 1.253680422135222
8 30 1.2104998099294222
8 31 1.4601079972029891
8 32 1.2912222099436472
8 33 1.0655321937101825
8 34 1.3000335933343934
8 35 1.1205915906963693
8 36 1.0521598547849147
8 37 1.0018018686530203
8 38 1.2125958505556451
8 39 1.3638910800028459
8 40 0.9891222305952105
8 41 1.3252614348425893
8 42 1.050337583083401
8 43 1.1532589115965466
8 44 1.4106679445942651
8 45 1.224818197853107
8 46 1.0978104888815925
8 47 1.3947279221372233
8 48 1.301992843868421
8 49 1.1663264564600375
8 50 1.2428515309574044
8 51 1.3533601819641836
8 52 1.1554450494843194
8 53 1.2622133818193644
8 54 1.1455812592610606
8 55 1.3261901647317822
8 56 1.2300778042040024
8 57 1.2207487917433444
8 58 1.1912745184565339
8 59 1.2193618514701607
8 60 0.9823829398684725
8 61 1.2799509343798476
8 62 1.240551982298387
8 63 1.2618403696677947
8 64 1.1660922448010407
8 65 1.1470424795709342
8 66 0.9385989905752303
8 67 1.2960465294293906
8 68 1.3143813807857831
8 69 1.072680671388943
8 70 1.1880886048413197
8 71 1.197219272470854
8 72 1.165734886936142
8 73 1.2606920610520858
8 74 1.170070557819151
8 75 1.0945281187246099
8 76 1.030295438169663
8 77 1.340496632524256
8 78 1.290058127296231
8 79 1.335239940707458
8 80 1.5359262886501455
8 81 1.2463471577031944
8 82 1.0065820985568197
8 83 1.0170035161048154
8 84 1.3137142833499205
8 85 0.9677607561588909
8 86 1.3806180475142606
8 87 1.2652519210017223
8 88 1.215582218945959
8 89 1.2306447450947418
9 10 1.3358625313093175
9 11 1.1076205554637142
9 12 1.2545983059697463
9 13 1.162242568914452
9 14 1.2235819052604604
9 15 1.269212234848162
9 16 1.3213885454583292
9 17 1.171029843782531
9 18 1.319537585871787
9 19 1.1909931959368307
9 20 1.245655476042577
9 21 1.307590913680317
9 22 1.0246691668237182
9 23 1.2922049675028155
9 24 1.1204850493178393
9 25 1.165971469075274
9 26 1.3115633950748355
9 27 1.2084554621598245
9 28 1.3071627944716935
9 29 1.3104203896177178
9 30 1.2626297887780609
9 31 1.3775283630305466
9 32 1.2289051522830496
9 33 1.1669023461900703
9 34 1.338520181853407
9 35 1.2536098460408913
9 36 1.089542692316307
9 37 1.218154197991642
9 38 1.268189940258456
9 39 1.3189741022101595
9 40 1.1439806094695975
9 41 1.1619538639181877
9 42 1.079478938565085
9 43 1.3564201065546382
9 44 1.3938154483042826
9 45 1.3567220722817108
9 46 1.048230162148366
9 47 1.4162302440060803
9 48 1.2650282433371454
9 49 1.1659970805896456
9 50 1.2756341213746032
9 51 1.3257061664369236
9 52 1.2644189652346975
9 53 1.3160415877491056
9 54 1.1801120876806408
9 55 1.1464412548378562
9 56 1.2395226661078054
9 57 1.2178216634253065
9 58 1.2826704786333343
9 59 1.2518423860230694
9 60 1.1823888468099504
9 61 1.323811182579271
9 62 1.1960451837917954
9 63 1.188426354066388
9 64 1.2147708397060382
9 65 1.2686251555407642
9 66 1.1468579201516482
9 67 1.3244078363192755
9 68 1.269931693421149
9 69 1.174155148719304
9 70 1.2042050539348386
9 71 1.2294869756738669
9 72 1.268178903366063
9 73 1.2942064357714615
9 74 1.2400029597389515
9 75 1.3394645937235836
9 76 0.9362932162675028
9 77 1.3693056496927447
9 78 1.2583247953144872
9 79 1.3455046219289284
9 80 1.4136476970995795
9 81 1.244302286600481
9 82 1.1986106423473766
9 83 1.189626200405049
9 84 1.2828024843446462
9 85 1.1814022848213703
9 86 1.4334700117368067
9 87 1.3687945958068912
9 88 1.312289816039557
9 89 1.159692706415918
10 11 1.4354388625900056
10 12 1.322748869496606
10 13 1.3401885097843351
10 14 1.2416023091431907
10 15 1.365348580172372
10 16 1.3276088319217985
10 17 1.365976969982091
10 18 1.3812333677945805
10 19 1.214046435903059
10 20 1.3727674303871662
10 21 1.3821884754300515
10 22 1.3591857275925887
10 23 1.3718754050033732
10 24 1.386559332010913
10 25 1.327491062872211
10 26 1.3721409007683123
10 27 1.275943331127249
10 28 1.4282471972529323
10 29 1.2912829531246992
10 30 1.4040331594636446
10 31 1.4565112237991948
10 32 1.3558775354903168
10 33 1.2371670306618436
10 34 1.25173357051426
10 35 1.255261572121972
10 36 1.2226910457480606
10 37 1.2393436311054333
10 38 1.3013271943013036
10 39 1.365343881380689
10 40 1.2654410312036044
10 41 1.326096239828604
10 42 1.4374816175492775
10 43 1.308973068926464
10 44 1.2630097341060436
10 45 1.3694380699940212
10 46 1.328068007859228
10 47 0.8594985194237351
10 48 1.378659513812483
10 49 1.2429013493390233
10 50 1.4002649332784396
10 51 1.2940571077891008
10 52 1.2196220150976866
10 53 1.3179394447745238
10 54 1.3253031046720283
10 55 1.3345125970699694
10 56 1.2485507208763258
10 57 1.2485830639280056
10 58 1.3859391493315767
10 59 1.417935913474369
10 60 1.4013532045884942
10 61 1.2248226380170484
10 62 1.357883340518306
10 63 1.4135810314609214
10 64 1.3696174574379258
10 65 1.1835620799628725
10 66 1.320959765092659
10 67 1.3301793994156477
10 68 1.2188404302902056
10 69 1.2367975169660643
10 70 1.4003583313422705
10 71 1.3272316748607946
10 72 1.3703167255912807
10 73 1.3698485339445876
10 74 1.375221333039519
10 75 1.304331031609302
10 76 1.3310159068495557
10 77 1.354454306343692
10 78 1.3514362994280225
10 79 1.3367271213345366
10 80 1.32551713723483
10 81 1.512078293358134
10 82 1.4110197813978032
10 83 1.3257880468395116
10 84 1.4546802770405853
10 85 1.3302254038569754
10 86 1.2728697782078617
10 87 1.509528902571781
10 88 1.318811516801545
10 89 1.1511217678537775
11 12 1.2940897546297518
11 13 1.1706901620286188
11 14 1.3465415594384682
11 15 1.3806948836906667
11 16 1.3727159274262635
11 17 1.1681143067828397
11 18 1.3373240485456652
11 19 1.3364459545075003
11 20 1.28257346117331
11 21 1.2176157101016907
11 22 1.2346517738660938
11 23 1.2753305657595104
11 24 1.1938440896032483
11 25 1.2428716762721697
11 26 1.4565672608128122
11 27 1.255329575877183
11 28 1.4418256618739769
11 29 1.3768722348761684
11 30 1.262306947509379
11 31 1.4600346067276564
11 32 1.3200503014496738
11 33 1.18959443095386
11 34 1.4557082029126973
11 35 1.363028170244915
11 36 1.1105749951541986
11 37 1.2484980830466046
11 38 1.273891040337999
11 39 1.303784460959514
11 40 1.1660661366210368
11 41 1.4083522391062873
11 42 1.0590458142271648
11 43 1.351003029869944
11 44 1.4371713738398642
11 45 1.2870285804723798
11 46 1.11723316085852
11 47 1.541719149950513
11 48 1.3384526704669593
11 49 1.210200242601959
11 50 1.195102350658345
11 51 1.3994793421758278
11 52 1.251047264472978
11 53 1.367088847477998
11 54 1.193937736504126
11 55 1.2739774070454262
11 56 1.434817075207169
11 57 1.1942977359924656
11 58 1.2781032635286516
11 59 1.1994729962210597
11 60 1.138606175159463
11 61 1.318546279404832
11 62 1.1657234585133656
11 63 1.1961675876063782
11 64 1.2203765768330603
11 65 1.262359219965596
11 66 1.10059265849372
11 67 1.325647104075472
11 68 1.2855987202344488
11 69 1.191656530992363
11 70 1.206496758634931
11 71 1.20579648933082
11 72 1.166438303198372
11 73 1.1995395695761777
11 74 1.1419029087538988
11 75 1.2783290367878353
11 76 1.085863984769676
11 77 1.3718947197861493
11 78 1.2943427524379827
11 79 1.3770180492793522
11 80 1.4555644975982909
11 81 1.2214252987958467
11 82 1.2158177598036712
11 83 1.1291266450228548
11 84 1.3045004004158842
11 85 1.1300501191880477
11 86 1.4037592747373127
11 87 1.3235892085714005
11 88 1.3079836419773385
11 89 1.2882368697320112
12 13 1.2315415140279784
12 14 1.255492473160643
12 15 1.390314656669085
12 16 1.2132441828419736
12 17 1.3493465836737528
12 18 1.2408829148756817
12 19 1.2355035365424865
12 20 1.3616765003238391
12 21 1.414654409868071
12 22 1.3026101282526616
12 23 1.3097373201107607
12 24 1.3504171255940114
12 25 1.257006854877055
12 26 1.1705988433730021
12 27 0.7074392967810501
12 28 1.3727838217001045
12 29 1.1604270639453302
12 30 1.3279467759043224
12 31 1.420483794579108
12 32 1.3216049118703135
12 33 1.3859434140218632
12 34 1.4046396789329831
12 35 1.1617053559872923
12 36 1.1974171122282193
12 37 1.1372310610484067
12 38 1.3557116037246453
12 39 1.3623130180893441
12 40 1.2639423572296258
12 41 1.2519209464183885
12 42 1.390481034761933
12 43 1.248402973630486
12 44 1.278355785723581
12 45 1.183795410299241
12 46 1.2839850250975333
12 47 1.3153572075840718
12 48 1.3174116825704172
12 49 1.2314983923244724
12 50 1.4411764577166837
12 51 1.138701618419305
12 52 1.2071876385398703
12 53 1.2646203372579645
12 54 1.4298251319038469
12 55 1.2915039040118095
12 56 1.2212850610324635
12 57 1.4007903378888935
12 58 1.3446887661725822
12 59 1.3032795419423604
12 60 1.313924813754326
12 61 1.3163855821157164
12 62 1.2977542098257377
12 63 1.2843541114506152
12 64 1.1981139790434054
12 65 1.273883362944302
12 66 1.2212861536455908
12 67 1.3238509746198215
12 68 1.211506098603423
12 69 1.3078013873810033
12 70 1.260164789086303
12 71 1.3159070485231081
12 72 1.2998979183358073
12 73 1.3463926251114222
12 74 1.4300629523954635
12 75 1.160636828354874
12 76 1.2767904637410497
12 77 1.292380054970787
12 78 1.3214934349402199
12 79 1.585164939967437
12 80 1.4296075377840558
12 81 1.4681330649752855
12 82 1.1656435930168645
12 83 1.2895431369527415
12 84 1.369860848966039
12 85 1.2299042270746634
12 86 1.3964657261081357
12 87 1.4992642146213246
12 88 1.3591905330871783
12 89 1.1777325923520292
13 14 1.3997184087924501
13 15 1.3141383320926139
13 16 1.5334063538490572
13 17 1.2530670771035528
13 18 1.3685643506117646
13 19 1.3236896981061719
13 20 1.3511819136741716
13 21 1.283166233546527
13 22 1.2118151744197512
13 23 1.3448387804943434
13 24 1.2243264098234914
13 25 0.5840259554926184
13 26 1.4480406787143072
13 27 1.237627663394216
13 28 1.3765492668897064
13 29 1.2923576557177576
13 30 1.2368092036586125
13 31 1.3679864910889412
13 32 1.2423948441915165
13 33 1.026783775887515
13 34 1.2448456396573024
13 35 1.2681465220447277
13 36 1.2249285800074126
13 37 1.0994712217056568
13 38 1.2365940429538904
13 39 1.1614335843926467
13 40 0.8205084323898602
13 41 1.298985007020805
13 42 1.14613493828679
13 43 1.2085037303414674
13 44 1.5358710830363167
13 45 1.3762506940690085
13 46 1.0899254388161954
13 47 1.464838288557667
13 48 1.3203355103057939
13 49 1.1579907707629606
13 50 1.267869281799179
13 51 1.4280854987991076
13 52 1.2501289849786452
13 53 1.2482195730120682
13 54 1.1995702937663573
13 55 1.337551727275139
13 56 1.3611683318623717
13 57 1.2974959264627117
13 58 1.2646817269533994
13 59 1.253348608988381
13 60 0.9391035181782857
13 61 1.3317628405615065
13 62 1.180408287516895
13 63 1.246724873340524
13 64 1.1655980942967084
13 65 1.2818422923230068
13 66 0.7185953891231744
13 67 1.2556340623086235
13 68 1.2603127108010348
13 69 1.078504803435537
13 70 1.1663594707690326
13 71 1.194110065432689
13 72 1.0567958900793564
13 73 1.385014514722307
13 74 1.2401362651343304
13 75 1.2297931889657152
13 76 1.1418306792058766
13 77 1.40233493426159
13 78 1.2737597937642071
13 79 1.4369088763315923
13 80 1.6242496109484794
13 81 1.211927071255671
13 82 1.1391628553221675
13 83 0.9679437047916706
13 84 1.2988307016984293
13 85 0.7395272187178837
13 86 1.4227476938022532
13 87 1.27323401666035
13 88 1.251534928423146
13 89 1.2741271677003232
14 15 1.322551961674738
14 16 1.1343235152222164
14 17 1.2981256133283259
14 18 1.404134126585292
14 19 1.0869168478808333
14 20 1.3424463518391236
14 21 1.442597089745623
14 22 1.3251228570826228
14 23 1.225632142091003
14 24 1.2178792276998294
14 25 1.4375232189372407
14 26 1.208305523836788
14 27 1.181142104065284
14 28 1.2421757741210047
14 29 1.401419870800424
14 30 1.3845276374696525
14 31 1.429518699037936
14 32 1.388253720996963
14 33 1.4459970836638256
14 34 1.4605198057706181
14 35 1.1461441136273833
14 36 1.161411376269269
14 37 1.4341514967456699
14 38 1.3225610499194516
14 39 1.366961605961158
14 40 1.4620618521810609
14 41 1.3468286920392802
14 42 1.3769627566687836
14 43 1.3886627344545392
14 44 1.0617491403079664
14 45 1.3299870405163792
14 46 1.1919775060467364
14 47 1.2761072616802676
14 48 1.3926651252411524
14 49 1.2149401382148266
14 50 1.423352789178038
14 51 1.2351729467098123
14 52 1.3736133351634527
14 53 1.3825743833897286
14 54 1.298355154758883
14 55 0.9642453008154205
14 56 1.3570547455063717
14 57 1.3182024399116279
14 58 1.2962526575984072
14 59 1.3399305526515335
14 60 1.4191965050802955
14 61 1.3554993847019396
14 62 1.3469818599351535
14 63 1.301387728041866
14 64 1.4216327222902683
14 65 1.3617891306237357
14 66 1.4100423040424988
14 67 1.5054923670084042
14 68 1.179884931755143
14 69 1.2590411937270858
14 70 1.3685191544924553
14 71 1.3807191687848603
14 72 1.3644309525716585
14 73 1.3939172311865968
14 74 1.157109589963236
14 75 1.2768842398034261
14 76 1.2951143294733305
14 77 1.2791065580411909
14 78 1.3870470810666122
14 79 1.3715698979739852
14 80 1.0962893057211913
14 81 1.4080772619050457
14 82 1.3920204968617713
14 83 1.3006706113521411
14 84 1.3245422736838515
14 85 1.4626432680185153
14 86 1.409514554055789
14 87 1.4505982691939694
14 88 1.3557199462680056
14 89 1.2732506509593913
15 16 1.3393790414529732
15 17 1.2884255201329826
15 18 1.4110982826756993
15 19 1.327004966059244
15 20 1.3027389706690033
15 21 1.3180475820050852
15 22 1.3248992170344804
15 23 1.3735407593091344
15 24 1.1765310635648365
15 25 1.3602206232178886
15 26 1.3182961837294256
15 27 1.3837119081340366
15 28 1.2766909319465496
15 29 1.4652937718234929
15 30 1.3341110329510788
15 31 1.192092596890044
15 32 1.3454457634123973
15 33 1.3814799332990626
15 34 1.2124906417783474
15 35 1.281618646202353
15 36 1.2411358962398225
15 37 1.4089626238246902
15 38 1.1624734768631069
15 39 1.256902544203852
15 40 1.4686047485135467
15 41 1.327163997127849
15 42 1.3145602132327134
15 43 1.4486144537127243
15 44 1.3704747148784087
15 45 1.4782206379482346
15 46 1.1882702167986883
15 47 1.3570585283300571
15 48 1.214545683596236
15 49 1.3434870700763115
15 50 1.2765638197677056
15 51 1.1893077717831328
15 52 1.388440502438454
15 53 1.41991483304029
15 54 1.277264907633569
15 55 1.2636671507512638
15 56 1.3675242322759786
15 57 1.2750757573904088
15 58 1.3623039576853078
15 59 1.3493098028675072
15 60 1.4220100972287333
15 61 1.3960380590514136
15 62 1.280807170234563
15 63 1.2076820134282251
15 64 1.4106424751843678
15 65 1.2872611308169526
15 66 1.4289860902710656
15 67 1.351237091328655
15 68 1.401767955105217
15 69 1.3894366350013936
15 70 1.3262342236442153
15 71 1.4766037273250026
15 72 1.4141098849221347
15 73 1.3247009542372752
15 74 1.279464457022556
15 75 1.4892996953636946
15 76 1.301728849947486
15 77 1.4111196640337398
15 78 1.238809921308083
15 79 1.2768346232707275
15 80 1.2701233978969626
15 81 1.2865784760851264
15 82 1.3468078202472786
15 83 1.3887116117415508
15 84 1.2902840122668942
15 85 1.4460605961273658
15 86 1.332033623762468
15 87 1.317354827579568
15 88 1.280388420897966
15 89 1.3663715847796845
16 17 1.4224080094161808
16 18 1.5004686496248743
16 19 1.2779019713791255
16 20 1.3792382652760429
16 21 1.3756817115790592
16 22 1.3664099829112337
16 23 1.3689700551268211
16 24 1.3688525917066408
16 25 1.4948574539171537
16 26 1.1075102836646082
16 27 1.1331584726048491
16 28 1.4181058844934746
16 29 1.4311248184123502
16 30 1.424328842209316
16 31 1.5020882708898464
16 32 1.448287059933954
16 33 1.4869795360469171
16 34 1.5462481159336545
16 35 1.1882010926831414
16 36 1.276386950050168
16 37 1.479422123753153
16 38 1.477412580683607
16 39 1.4395927265043906
16 40 1.6177836589424888
16 41 1.3917899830960256
16 42 1.392660798857273
16 43 1.4396722705580474
16 44 1.0926841814810353
16 45 1.2229832039049924
16 46 1.3535760388003077
16 47 1.279645807013058
16 48 1.3929575507750753
16 49 1.3688581301743006
16 50 1.4318954764485583
16 51 1.0776075239976222
16 52 1.3328070587397844
16 53 1.4575504126563537
16 54 1.4267527032964342
16 55 1.2683862472300969
16 56 1.3516080635776149
16 57 1.353792678222751
16 58 1.462175093445212
16 59 1.3171885046503151
16 60 1.5111267850458892
16 61 1.3039165292747557
16 62 1.506222493680591
16 63 1.3275985228647367
16 64 1.3269161095377153
16 65 1.35770242107258
16 66 1.5735327793063327
16 67 1.5365817214548716
16 68 1.3718056427688237
16 69 1.4289634391893604
16 70 1.4788824339878313
16 71 1.3801276159167573
16 72 1.505072760086489
16 73 1.3607431326510728
16 74 1.4579735259221247
16 75 1.3442690354604905
16 76 1.3774401047684321
16 77 1.2395042518908694
16 78 1.3916608095374317
16 79 1.5014498516321637
16 80 1.1557748696620722
16 81 1.5215398658340664
16 82 1.4536721947350786
16 83 1.476285645498173
16 84 1.4164689755465238
16 85 1.6148801192748556
16 86 1.4281970961701838
16 87 1.495800158086172
16 88 1.4551019897054471
16 89 1.2773146252416971
17 18 1.3475329625190116
17 19 1.2423383651947169
17 20 1.4219195034456504
17 21 1.210865451723989
17 22 1.267200864304299
17 23 1.3513387312639202
17 24 1.188592469251214
17 25 1.3426547947713232
17 26 1.4504288166215076
17 27 1.4003349670940832
17 28 1.2644434572309198
17 29 1.4177125539822244
17 30 1.2962479904183066
17 31 1.3045946044135937
17 32 1.3323433985072488
17 33 1.3208776779461417
17 34 1.2937894662966432
17 35 1.2875232459565547
17 36 1.2555748676911835
17 37 1.2786367469313724
17 38 1.2815194952698146
17 39 1.2641109609576004
17 40 1.2422222916744179
17 41 1.3492356871516378
17 42 1.2344620760295901
17 43 1.3363528115800942
17 44 1.3879484710495544
17 45 1.278458356158379
17 46 1.066516603251945
17 47 1.377643268291077
17 48 1.2748402656544353
17 49 1.1995087105011815
17 50 1.1277807033343668
17 51 1.3711190566791922
17 52 1.38851989927736
17 53 1.3354682666710433
17 54 1.2578200019226249
17 55 1.2388304890384465
17 56 1.358795877344375
17 57 1.1082490380222167
17 58 1.145788634326084
17 59 1.2392550604363837
17 60 1.218738888986447
17 61 1.3525304336056336
17 62 1.2756904018099446
17 63 1.0565901572146472
17 64 1.3755793914747427
17 65 1.2680387124677417
17 66 1.2097992015775354
17 67 1.4388994431524336
17 68 1.3840123534055624
17 69 1.353218070242039
17 70 1.2259528418068275
17 71 1.334133162608519
17 72 1.313611734930686
17 73 1.380613691049489
17 74 1.1727797162526261
17 75 1.3697953084827508
17 76 1.2188114785942727
17 77 1.3702696622909474
17 78 1.2255721043147967
17 79 1.2795309074110932
17 80 1.4058973284321674
17 81 1.1929688841149155
17 82 1.1957263547836887
17 83 1.2344696940982764
17 84 1.12032855458807
17 85 1.3013106056934116
17 86 1.365139652116044
17 87 1.311905868098153
17 88 1.224570401402181
17 89 1.3567961626251246
18 19 1.402813222931021
18 20 1.3390843323461288
18 21 1.2996784272176327
18 22 1.292310261661723
18 23 1.4263186576711684
18 24 1.5394169782568936
18 25 1.3197526250624805
18 26 1.4679265350512625
18 27 1.322156915610272
18 28 1.3362834396736347
18 29 1.3108798521379021
18 30 1.420094809750786
18 31 1.3704848956062532
18 32 1.157201279383665
18 33 1.3508809954176513
18 34 1.3250640241857665
18 35 1.3354804386249282
18 36 1.3179650248052732
18 37 1.211599320518149
18 38 1.3912741641073016
18 39 1.44842170708943
18 40 1.2765038305717258
18 41 1.2809390102483798
18 42 1.322314906227331
18 43 1.393344512266563
18 44 1.3728364766476155
18 45 1.3563932311691482
18 46 1.3561485453049333
18 47 1.4200446023003748
18 48 1.470043577505675
18 49 1.3718663555229689
18 50 1.382239258842806
18 51 1.494052031789955
18 52 1.3879736922588461
18 53 1.2944270652454954
18 54 1.4125896870956627
18 55 1.428138543350279
18 56 1.189521008740051
18 57 1.369302017858571
18 58 1.4111927207752324
18 59 1.424251258959975
18 60 1.3236604706016741
18 61 1.4280114668670583
18 62 1.1772657193682032
18 63 1.4063018804552048
18 64 1.309746398959728
18 65 1.3435717656485238
18 66 1.3158684186488694
18 67 1.1445494763184156
18 68 1.2974613630116991
18 69 1.2788968044104596
18 70 1.2027070330158118
18 71 1.3486073933871074
18 72 1.3841384373069443
18 73 1.3552411904669857
18 74 1.3808659965322636
18 75 1.30695006448252
18 76 1.2781893832810285
18 77 1.3845448812161094
18 78 1.4154071941775386
18 79 1.4355629401066485
18 80 1.4680766300182864
18 81 1.3028515393289852
18 82 1.2422745547302758
18 83 1.2588561010506483
18 84 1.3645671852718633
18 85 1.3121777328322195
18 86 1.5128623224224969
18 87 1.3950760301674765
18 88 1.3631012932268907
18 89 1.3087603533378356
19 20 1.3409192139920652
19 21 1.4323448877050686
19 22 1.277853890895832
19 23 1.3022194804391491
19 24 1.2113539479507176
19 25 1.3472172228018318
19 26 1.3361880561270754
19 27 1.2165268576666244
19 28 1.1933272041836156
19 29 1.2667161883853915
19 30 1.2480446032566623
19 31 1.407045570689753
19 32 1.3848794895760175
19 33 1.3226326875203085
19 34 1.3707353655807948
19 35 1.2446929080122655
19 36 1.2344155547306348
19 37 1.2972162176067754
19 38 1.2902024540071604
19 39 1.3991825062848315
19 40 1.3494790413100954
19 41 1.1901887810842695
19 42 1.376813033618752
19 43 1.258016434371626
19 44 1.2904681489826986
19 45 1.2752214960030959
19 46 1.1657218537731961
19 47 1.2619688374638174
19 48 1.3963199879452888
19 49 1.321838697804309
19 50 1.414434318003588
19 51 1.3112137485638466
19 52 1.3249034083106197
19 53 1.3434562011071214
19 54 1.321174723669062
19 55 1.1375585127673289
19 56 1.3238912004169947
19 57 1.316111308584347
19 58 1.3191731772855788
19 59 1.3027291717911629
19 60 1.3557817910860075
19 61 1.339022405999444
19 62 1.356415234113827
19 63 1.3352750262229314
19 64 1.4014015651058862
19 65 1.3967189536164462
19 66 1.2765222272397307
19 67 1.3602228045210794
19 68 1.2565994207078701
19 69 1.2174118634866042
19 70 1.2249836674097205
19 71 1.3171473422561815
19 72 1.3158338898393571
19 73 1.3484383116365766
19 74 1.326325554256332
19 75 1.2524594093618346
19 76 1.3623395610250129
19 77 1.3322094601311352
19 78 1.3963737321808398
19 79 1.4161582996482394
19 80 1.263845754772728
19 81 1.3118521022345597
19 82 1.2691973478269702
19 83 1.2918532222490071
19 84 1.3136768297183148
19 85 1.3728567182120985
19 86 1.4281528780173156
19 87 1.386993002344971
19 88 1.3780884433710805
19 89 1.203783226274358
20 21 1.3458017429765778
20 22 1.300002471391336
20 23 1.3522985898725128
20 24 1.2005266891697324
20 25 1.3150946178967862
20 26 1.483123687935679
20 27 1.2784292037007365
20 28 1.2897822753756787
20 29 1.4423511822010353
20 30 1.2883894387010053
20 31 1.2238697393299451
20 32 1.2320088576074673
20 33 1.325176161062644
20 34 1.338982914256889
20 35 1.5069342849585783
20 36 1.3197660885744127
20 37 1.4828688811696553
20 38 1.3227473182067517
20 39 1.2749027952090046
20 40 1.3084866515609583
20 41 1.3089314389976936
20 42 1.2404073350528433
20 43 1.3725508740438577
20 44 1.3956808706041415
20 45 1.4404684795696283
20 46 1.2765153775111613
20 47 1.350562311610049
20 48 1.4053409051803885
20 49 1.2881458454818737
20 50 1.3324035236583767
20 51 1.4205335567971666
20 52 1.3177678700221933
20 53 1.368896887635002
20 54 1.3591055465815818
20 55 1.269675319285474
20 56 1.2361062335253927
20 57 1.2961883414290376
20 58 1.3916220359649976
20 59 1.316784564871557
20 60 1.2319175306614012
20 61 1.1720293429494022
20 62 1.2801273194751237
20 63 1.2412422946366342
20 64 1.2616518314303944
20 65 1.5196991074667427
20 66 1.315386138551787
20 67 1.3069705569904444
20 68 1.338844224812243
20 69 1.2115190411700791
20 70 1.256815313984517
20 71 1.3390333383640443
20 72 1.396258265726212
20 73 1.1811407957524906
20 74 1.2948451511143186
20 75 1.3896196809835033
20 76 1.3339588507712266
20 77 1.3038687561520739
20 78 1.324065376972151
20 79 1.2944116782469641
20 80 1.395625283488281
20 81 1.2721790664431356
20 82 1.314987499282715
20 83 1.1933120383460265
20 84 1.2699970456407468
20 85 1.290950758558621
20 86 1.198245997025295
20 87 1.1696207187975245
20 88 1.4827889362575664
20 89 1.3797163972374749
21 22 1.2547183414669278
21 23 1.3738941025437885
21 24 1.3317895171377987
21 25 1.3133962479041819
21 26 1.500402536251457
21 27 1.4236862320597208
21 28 1.3738544992495265
21 29 1.4827529538975521
21 30 1.2329496004811795
21 31 1.239682133032997
21 32 1.3455938656748898
21 33 1.3734904642712658
21 34 1.2902280460341895
21 35 1.351095268424554
21 36 1.2908109167222894
21 37 1.2463782072887617
21 38 1.3878604776499115
21 39 1.381687031850782
21 40 1.275779911602908
21 41 1.4114380451796489
21 42 1.254996134614472
21 43 1.445887628479014
21 44 1.5235773094287957
21 45 1.3979897539310209
21 46 1.2131128678546776
21 47 1.4893606562864024
21 48 1.1776510787853853
21 49 1.3397565609115736
21 50 1.0272619353902885
21 51 1.4049217267500667
21 52 1.3906552506208287
21 53 1.4196863778078759
21 54 1.264774239745022
21 55 1.3899985488604458
21 56 1.475196177073759
21 57 0.8653538531886249
21 58 1.3474182684441502
21 59 1.3106676553929741
21 60 1.2642788680852484
21 61 1.5073162854934286
21 62 1.2328502882305012
21 63 1.1465518160644232
21 64 1.3996779668466155
21 65 1.3460644275901985
21 66 1.2185807464350467
21 67 1.4541885479446424
21 68 1.4026840750609988
21 69 1.3604323615652956
21 70 1.3797804838121175
21 71 1.4578040464911397
21 72 1.4556443422708398
21 73 1.4005119341170285
21 74 1.3017051162140767
21 75 1.419220271231005
21 76 1.2675066402463828
21 77 1.4183958187745445
21 78 1.2759175820323658
21 79 1.3029579943531882
21 80 1.5074350871009097
21 81 1.326636647751678
21 82 1.2991715588151032
21 83 1.3054707957072282
21 84 1.23459490552418
21 85 1.2819382386044613
21 86 1.4727994818479027
21 87 1.3166197545579015
21 88 1.2006842468652585
21 89 1.4543885559339966
22 23 1.2935312377817276
22 24 1.20764060021195
22 25 1.2259139720217755
22 26 1.3976199661838593
22 27 1.3197962088475819
22 28 1.2309354736869609
22 29 1.3672542093963056
22 30 1.2790073711414378
22 31 1.341284100491521
22 32 1.3069128295585102
22 33 1.238724230544947
22 34 1.3304942893142702
22 35 1.3050315426455668
22 36 1.2028845230566303
22 37 1.2063334032067803
22 38 1.410197354990271
22 39 1.3690428976894904
22 40 1.1609629426232773
22 41 1.2367751566042489
22 42 1.1408969510429496
22 43 1.3552524105177097
22 44 1.435436756543497
22 45 1.4073357949251952
22 46 1.2009020821068488
22 47 1.458818344352529
22 48 1.268665888239627
22 49 1.1977170690220555
22 50 1.2506977535882364
22 51 1.358699938648811
22 52 1.3427573518762164
22 53 1.2668407857691828
22 54 1.2306062560886755
22 55 1.2823000349671663
22 56 1.2825877039658553
22 57 1.2397854652881537
22 58 1.4115616634202033
22 59 1.2754424465923737
22 60 1.1244771652579038
22 61 1.4581771509134893
22 62 1.2816717435036096
22 63 1.1958874186378834
22 64 1.2267719557632417
22 65 1.299325922871026
22 66 1.2056630715601795
22 67 1.3329355739135371
22 68 1.3516879071927521
22 69 1.1428752008127687
22 70 1.2695866632853747
22 71 1.3179704338307328
22 72 1.3223040836272546
22 73 1.3243522896587756
22 74 1.2505793268408179
22 75 1.3493327895534526
22 76 1.0750094708667057
22 77 1.4567593945275772
22 78 1.4288654292320742
22 79 1.3709718102420605
22 80 1.4791480312037566
22 81 1.2968725074592478
22 82 1.1903912690795044
22 83 1.131724381606766
22 84 1.2724158038869415
22 85 1.1943067989967686
22 86 1.4786151870058266
22 87 1.2649926341067286
22 88 1.261453372429243
22 89 1.3149997921042698
23 24 1.3361236173957733
23 25 1.3318929002958335
23 26 1.3996700314043196
23 27 1.3109644064538062
23 28 1.3591180720573017
23 29 1.2768390269670804
23 30 1.3529452107160298
23 31 1.4252448834503193
23 32 1.5161434841087784
23 33 1.3640979868306842
23 34 1.3784064059064314
23 35 1.3108024401275213
23 36 1.2625633252705435
23 37 1.3799903248622396
23 38 1.316893321473392
23 39 1.2635546487014977
23 40 1.3567801224411538
23 41 1.3419370135514077
23 42 1.2616309949080606
23 43 1.308934714758004
23 44 1.4572282725234558
23 45 1.3084288799757635
23 46 1.2689334165144512
23 47 1.3600095005594552
23 48 1.3499534752930054
23 49 1.231376297292444
23 50 1.3551491409748773
23 51 1.4075366427835512
23 52 1.3245083205224908
23 53 1.3731572562960184
23 54 1.390625975037036
23 55 1.1176640274521683
23 56 1.4844942795518712
23 57 1.3651250991211603
23 58 1.38789255756042
23 59 1.3104689331385373
23 60 1.3062823685440363
23 61 1.336802934762463
23 62 1.4115377840393224
23 63 1.2991733292671999
23 64 1.5056138665044174
23 65 1.3055676267044956
23 66 1.3356200813795873
23 67 1.402873711906393
23 68 1.2884421334536968
23 69 1.2731248920102092
23 70 1.346594674473197
23 71 1.2765132939978372
23 72 1.4483836272506252
23 73 1.3245355998191437
23 74 1.329490234729537
23 75 1.274474890605809
23 76 1.3319458650913474
23 77 1.3898905468460376
23 78 1.3030266016541212
23 79 1.3145888869587268
23 80 1.3344468651654307
23 81 1.364199552081171
23 82 1.330362882433407
23 83 1.3442869372213884
23 84 1.293125163544559
23 85 1.392636706994335
23 86 1.3005471108832622
23 87 1.312534884315738
23 88 1.4114611960330616
23 89 1.4019069283966352
24 25 1.2841315487781253
24 26 1.3667964215156292
24 27 1.2788241449501505
24 28 1.2594336329218938
24 29 1.4408363960007047
24 30 1.1991855715112267
24 31 1.1957405382017035
24 32 1.3548031980976063
24 33 1.2455555098979338
24 34 1.422695784040236
24 35 1.3519846115272067
24 36 1.1630027444666862
24 37 1.3216336780112037
24 38 1.1985438760347435
24 39 1.2886343166878715
24 40 1.2896409438886334
24 41 1.3424877512408624
24 42 1.2772256194996463
24 43 1.4389654257593676
24 44 1.3500581472355861
24 45 1.4513164810452297
24 46 1.1339015934797139
24 47 1.3640763355897376
24 48 1.2346444162379129
24 49 1.2654000804521213
24 50 1.2889447003506513
24 51 1.2480335948678671
24 52 1.361068346271515
24 53 1.3191449989321813
24 54 1.1326599833852793
24 55 1.0737212061462464
24 56 1.3310480753238305
24 57 1.2568376246747408
24 58 1.336422572916513
24 59 1.3032870386470878
24 60 1.2738131221525142
24 61 1.3430446488117622
24 62 1.3029459617194838
24 63 1.1200312506767525
24 64 1.3238640893404163
24 65 1.307401768284813
24 66 1.232981063259903
24 67 1.4398533387060781
24 68 1.3319876869811371
24 69 1.2726979479869127
24 70 1.318349686634921
24 71 1.3801302537338054
24 72 1.3084671156724006
24 73 1.3275836889552677
24 74 1.2194391587660764
24 75 1.4248604424267106
24 76 1.1875581360366638
24 77 1.3883079977459665
24 78 1.2447840979257234
24 79 1.238134639176918
24 80 1.3845972839836687
24 81 1.2089913644366084
24 82 1.2232182828903557
24 83 1.2450626333300692
24 84 1.2449818718086592
24 85 1.2211408299658029
24 86 1.3051437405552138
24 87 1.2353243806121026
24 88 1.2252042964437542
24 89 1.349369774674179
25 26 1.4447851441548885
25 27 1.2065969455187424
25 28 1.4329999459493779
25 29 1.2715141351352859
25 30 1.3098055037098546
25 31 1.378786228368307
25 32 1.230633262300308
25 33 0.9684003185375127
25 34 1.2453578660016262
25 35 1.3270331301918274
25 36 1.2162714096164304
25 37 1.1685741323783
25 38 1.2769331243799114
25 39 1.2193538745808918
25 40 0.8880610093972082
25 41 1.2943946606017116
25 42 1.1599242412546786
25 43 1.2298298145969129
25 44 1.53490042426174
25 45 1.3648978265110059
25 46 1.0892738075964365
25 47 1.4315046217187548
25 48 1.426842638916818
25 49 1.1910893445991275
25 50 1.3325332871024425
25 51 1.4276538887827466
25 52 1.2183065442056957
25 53 1.2457823752884831
25 54 1.331278479772876
25 55 1.4212094021250425
25 56 1.3309264549641635
25 57 1.3394264171771024
25 58 1.3019182136508045
25 59 1.328474765679728
25 60 0.9945567146637697
25 61 1.2431942686430597
25 62 1.2316728734252063
25 63 1.27697428383305
25 64 1.1821789946450945
25 65 1.3098576307200758
25 66 0.8400284172019317
25 67 1.2212200570588223
25 68 1.3002852354226881
25 69 1.0281344457856747
25 70 1.133701441464548
25 71 1.1089174474626153
25 72 1.1749961084682632
25 73 1.332273765422421
25 74 1.2716808050963582
25 75 1.289104787479477
25 76 1.2059234268125985
25 77 1.413279699650547
25 78 1.3806741517289765
25 79 1.5006307626178421
25 80 1.6170793047642038
25 81 1.2601983706704134
25 82 1.1176093338039503
25 83 1.0446376468426908
25 84 1.3327200229159555
25 85 0.8225986285202093
25 86 1.380761498614813
25 87 1.2427385314360766
25 88 1.3592724568947168
25 89 1.239054966424087
26 27 1.1503794570373262
26 28 1.4493246026431055
26 29 1.2492852750481307
26 30 1.3662562456328167
26 31 1.54590024468812
26 32 1.5142323580345196
26 33 1.5243637738473972
26 34 1.4469199832960546
26 35 1.1946215619565848
26 36 1.3301430238528968
26 37 1.4268286767177383
26 38 1.404308136623242
26 39 1.476124994206819
26 40 1.5416188018368937
26 41 1.3864311575532042
26 42 1.4123118025337977
26 43 1.4306492029779514
26 44 1.2293303290981474
26 45 1.3214952526794626
26 46 1.4208563577076274
26 47 1.3105686800556113
26 48 1.4391975433251818
26 49 1.2840628038771218
26 50 1.5033229640427748
26 51 1.0777551512772152
26 52 1.4228054023231702
26 53 1.4281212469647289
26 54 1.4569558376423501
26 55 1.2081465378398677
26 56 1.4086136713157746
26 57 1.4964735207515008
26 58 1.3591621049008853
26 59 1.3356296174167375
26 60 1.5490094548477766
26 61 1.3533404978314687
26 62 1.4442834735189838
26 63 1.4459404546256382
26 64 1.3727271620954673
26 65 1.3439701510786697
26 66 1.526968485535579
26 67 1.4476022843906233
26 68 1.3145615781908133
26 69 1.4493395948740493
26 70 1.4681926772286575
26 71 1.4473556537016627
26 72 1.4370158674447355
26 73 1.4661133028424953
26 74 1.4085907139021543
26 75 1.4020535200832893
26 76 1.3682684280285509
26 77 1.471771533622098
26 78 1.3834607973332669
26 79 1.4915939165778611
26 80 1.2778864343767784
26 81 1.532189888557055
26 82 1.4158578663862469
26 83 1.5066457479970323
26 84 1.3848941663844403
26 85 1.498692373598302
26 86 1.4950521208758547
26 87 1.5389573585318528
26 88 1.4513749580627249
26 89 1.3003518220132573
27 28 1.3251965296225707
27 29 1.1921315021921923
27 30 1.3500824514379035
27 31 1.486929695412308
27 32 1.364341064655499
27 33 1.271918225976244
27 34 1.4467957811403809
27 35 1.1032043412194934
27 36 1.1823492372228046
27 37 1.1995070810684039
27 38 1.317983195205737
27 39 1.382530445913314
27 40 1.306134165200833
27 41 1.2588790047862348
27 42 1.3634851402715462
27 43 1.2416049147246397
27 44 1.218771232800835
27 45 1.2895501081680465
27 46 1.3134296210508278
27 47 1.2896624059991904
27 48 1.3578289841751428
27 49 1.257079017751548
27 50 1.460281846878371
27 51 1.1065925090677822
27 52 1.2194898498722213
27 53 1.3105581602739589
27 54 1.3972600555917145
27 55 1.178687152707943
27 56 1.2570595274927046
27 57 1.3622253810555602
27 58 1.3850203513440351
27 59 1.3564577991679587
27 60 1.3755385432209337
27 61 1.2884824170142415
27 62 1.3513658262174169
27 63 1.3534215697215215
27 64 1.2800978670157543
27 65 1.2686024356104408
27 66 1.3161497903472028
27 67 1.3447240659472384
27 68 1.2964419215643497
27 69 1.2923240318818232
27 70 1.2904562128015378
27 71 1.2753862208829445
27 72 1.371173227805404
27 73 1.3634806317058823
27 74 1.4031126003836514
27 75 1.2441047071415612
27 76 1.2744274905022706
27 77 1.3674783470811736
27 78 1.362464410822365
27 79 1.6080266032779404
27 80 1.3428433717950627
27 81 1.4790198149847023
27 82 1.2267435778928648
27 83 1.2834634815936754
27 84 1.3904167125515592
27 85 1.2962267769252471
27 86 1.399531618847725
27 87 1.486095657773585
27 88 1.3824186098066937
27 89 1.222694002547189
28 29 1.350506685313562
28 30 1.3288049387259604
28 31 1.3473633974396728
28 32 1.3715709711080843
28 33 1.495883544897903
28 34 1.4161090415040845
28 35 1.3471064850025876
28 36 1.4019029583191829
28 37 1.4124435685118
28 38 1.2925614188583014
28 39 1.3978163681540596
28 40 1.3976366992880465
28 41 1.2220284777684378
28 42 1.398395584074154
28 43 1.4179984708331526
28 44 1.3182226832109971
28 45 1.5106514718190025
28 46 1.234594369954102
28 47 1.3461758449576646
28 48 1.3568644578788394
28 49 1.2871320497150065
28 50 1.3688273073107071
28 51 1.3081883416625701
28 52 1.3789909689384414
28 53 1.3310796760024424
28 54 1.244294220121152
28 55 1.2190642249079904
28 56 1.306369041666
28 57 1.3630621130856324
28 58 1.3686153187621422
28 59 1.3353565525760058
28 60 1.2747822734404433
28 61 1.4078697478730848
28 62 1.3991919211878936
28 63 1.3197147874428192
28 64 1.3832914335358735
28 65 1.3352336504716462
28 66 1.325123171783034
28 67 1.4417950562555988
28 68 1.25652486713532
28 69 1.3744880600625622
28 70 1.1939571986645197
28 71 1.3440368503749247
28 72 1.3624881672851965
28 73 1.3766140545617125
28 74 1.249788710122336
28 75 1.4686955603678438
28 76 1.302845385607203
28 77 1.3793077839323444
28 78 1.367069030227878
28 79 1.369334084149467
28 80 1.3888493862466056
28 81 1.23541070975734
28 82 1.3202039451064034
28 83 1.2839739317620709
28 84 1.3410564160497853
28 85 1.3903246630171933
28 86 1.4216713354723851
28 87 1.3656552252842986
28 88 1.2671592896842554
28 89 1.3535470065100657
29 30 1.330880972119421
29 31 1.5247922353428467
29 32 1.3642413027304956
29 33 1.3810686132411165
29 34 1.304624220519394
29 35 1.1555735944690337
29 36 1.29798189895536
29 37 1.179139190156687
29 38 1.4150132309380583
29 39 1.452352858746373
29 40 1.2804206022327858
29 41 1.402008100469749
29 42 1.3551887208014328
29 43 1.0657046084487671
29 44 1.4451200521417722
29 45 1.1486134817927454
29 46 1.3781709399206108
29 47 1.324015213580985
29 48 1.4504550631784339
29 49 1.2862435610304053
29 50 1.4940182136751556
29 51 1.242384067957164
29 52 1.2651454348740498
29 53 1.3282055312002383
29 54 1.371676906051857
29 55 1.4611143980300816
29 56 1.267873296274861
29 57 1.4649434771944922
29 58 1.2988732042202977
29 59 1.2808233907436808
29 60 1.3710429082725233
29 61 1.3392320045860218
29 62 1.3997628259294383
29 63 1.4670669216034
29 64 1.2897978733129898
29 65 1.3032657795410965
29 66 1.2991331219904971
29 67 1.2109171381453754
29 68 1.3416409213949947
29 69 1.3583974411446806
29 70 1.3421949605261059
29 71 1.3674057886678632
29 72 1.2702006537090555
29 73 1.3849209201532982
29 74 1.4373084685904498
29 75 1.0544535140555396
29 76 1.3305607274984423
29 77 1.400345879984451
29 78 1.4431724402516
29 79 1.5006584409560884
29 80 1.464799117128653
29 81 1.4186073364786151
29 82 1.2396617001323214
29 83 1.3202164495523898
29 84 1.351892810883597
29 85 1.3028600995177737
29 86 1.446100350557682
29 87 1.4249951550328215
29 88 1.400683847682603
29 89 1.2714201249954986
30 31 1.3884067993493376
30 32 1.3689454053946364
30 33 1.3411396570571965
30 34 1.3499044779716234
30 35 1.4140020176225823
30 36 1.2936258540311305
30 37 1.314901247029504
30 38 1.3155765829061048
30 39 1.3810123518471227
30 40 1.2624794636559744
30 41 1.3015720763196188
30 42 1.2498015776076044
30 43 1.3868623667709734
30 44 1.447756209546484
30 45 1.3260354818568407
30 46 1.241102118154453
30 47 1.397840256426623
30 48 1.248911380714633
30 49 1.2881667724891566
30 50 1.3746145868770545
30 51 1.2983861551210234
30 52 1.4696892234003134
30 53 1.4373656306914906
30 54 1.3238069704656865
30 55 1.3179119700655308
30 56 1.4141071951328876
30 57 1.2482431775051976
30 58 1.2494225860782961
30 59 1.3587368856356423
30 60 1.2117619158538977
30 61 1.3958080422186105
30 62 1.3038070203798495
30 63 1.2396229943940076
30 64 1.4266598846230463
30 65 1.3515448130062881
30 66 1.2326529155767014
30 67 1.4601747218288115
30 68 1.3259681646798558
30 69 1.303862499718869
30 70 1.3717152108767172
30 71 1.4322601453620922
30 72 1.3379697880476005
30 73 1.2587390538048402
30 74 1.2726682328453824
30 75 1.3811608282198393
30 76 1.251869043363367
30 77 1.4901639023339437
30 78 1.304190454652789
30 79 1.2607587221796894
30 80 1.4589024297359616
30 81 1.3012057368528887
30 82 1.2404759343767404
30 83 1.3649038939858382
30 84 1.3085116171235616
30 85 1.2474723604466773
30 86 1.3746693026930343
30 87 1.26205416381582
30 88 1.372664389897629
30 89 1.252788649389526
31 32 1.3367350521153407
31 33 1.369943309496982
31 34 1.1929971391026784
31 35 1.4266428705050238
31 36 1.4306789821055201
31 37 1.4205763384087777
31 38 1.3286016523836206
31 39 1.1392487000950062
31 40 1.3094243990788763
31 41 1.4433518416191748
31 42 1.4610070402163453
31 43 1.4671747440904312
31 44 1.515080338839219
31 45 1.5450768333685205
31 46 1.3791271494469282
31 47 1.4653632559781429
31 48 1.3523770561653483
31 49 1.482044597928773
31 50 1.1634978862492076
31 51 1.4204126038280822
31 52 1.4328881018181163
31 53 1.3635015477137584
31 54 1.2848759515517432
31 55 1.4194444672409823
31 56 1.41266714738666
31 57 1.2331650391131583
31 58 1.2625627151497854
31 59 1.477340659998289
31 60 1.3168771328439255
31 61 1.2420006585665255
31 62 1.3810916241872642
31 63 1.1575056776541637
31 64 1.4399108590056429
31 65 1.4712931894677734
31 66 1.3375912240605525
31 67 1.3841714848622964
31 68 1.4452616471899438
31 69 1.3802039426762123
31 70 1.2267843891001986
31 71 1.4988418836691166
31 72 1.4362259837350655
31 73 1.450320057966467
31 74 1.4062233167014424
31 75 1.5112153225690794
31 76 1.382946658101297
31 77 1.3064187740015598
31 78 1.3424253976571732
31 79 1.3017164997781554
31 80 1.497238173088569
31 81 1.2529992805456334
31 82 1.2242458292562988
31 83 1.2974560835803546
31 84 1.341094050472874
31 85 1.3044499055526457
31 86 1.1819524430986457
31 87 1.2306967602619279
31 88 1.243099535346142
31 89 1.5141824044928194
32 33 1.212477358010884
32 34 1.3414413465254367
32 35 1.3985363869858363
32 36 1.3291024385317198
32 37 1.2907912885711785
32 38 1.315282597127301
32 39 1.3694102738529788
32 40 1.2721542766642173
32 41 1.2349283029716909
32 42 1.2279820583744498
32 43 1.38657933871168
32 44 1.3766847781946867
32 45 1.4122346598604798
32 46 1.2471842655017973
32 47 1.4387674062748956
32 48 1.3845551032667422
32 49 1.3698838370405166
32 50 1.37598942672853
32 51 1.4326751102274822
32 52 1.3026846420465588
32 53 1.2002204121449238
32 54 1.3707145291207057
32 55 1.4109802693559355
32 56 1.1516569736524833
32 57 1.3125905018888895
32 58 1.3602540125813218
32 59 1.43571120142773
32 60 1.2844725825646206
32 61 1.401435264342585
32 62 1.2880979832404182
32 63 1.281255823614232
32 64 1.2693066288465706
32 65 1.4601239602940446
32 66 1.318272935031566
32 67 1.2374794677067806
32 68 1.4464312347223598
32 69 1.2414139776332211
32 70 1.2471877032203444
32 71 1.324399293269348
32 72 1.3737339051247364
32 73 1.276895165461034
32 74 1.3664961206368667
32 75 1.391902812718098
32 76 1.2436812139249607
32 77 1.428094178225267
32 78 1.3810501197633052
32 79 1.4308001325796724
32 80 1.4157825883235855
32 81 1.3488068485234084
32 82 1.3269959900248722
32 83 1.2724358008351315
32 84 1.4407209923004427
32 85 1.3729600098262866
32 86 1.4506217685962248
32 87 1.408159903039117
32 88 1.3944969792825794
32 89 1.2164363634449495
33 34 1.2452208380419465
33 35 1.284508213996658
33 36 1.1709455281309606
33 37 1.1963063106052612
33 38 1.253902926062038
33 39 1.2969669108571034
33 40 0.9482822925399347
33 41 1.296409984884358
33 42 1.1724902123589054
33 43 1.2805206773774442
33 44 1.3949503415884643
33 45 1.3776417336050357
33 46 1.2196541869225355
33 47 1.4412366198023214
33 48 1.4269431851387728
33 49 1.2567554476332616
33 50 1.3252776819185965
33 51 1.4686443121585722
33 52 1.1723222325099594
33 53 1.2528025955414637
33 54 1.2603601248069047
33 55 1.3917511111701086
33 56 1.327296228032692
33 57 1.246477446453084
33 58 1.348545884467929
33 59 1.3449429488873499
33 60 1.2237734939958003
33 61 1.286730413520195
33 62 1.2475638673034948
33 63 1.3681628456409691
33 64 1.211262269218078
33 65 1.2698863840973842
33 66 1.0893095994577429
33 67 1.2606264331740762
33 68 1.45660890972549
33 69 1.1233060540338387
33 70 1.1555069270159322
33 71 1.1855534657746203
33 72 1.2531266043223122
33 73 1.366705324884693
33 74 1.2443719001862839
33 75 1.3144309492289667
33 76 1.1911949717575303
33 77 1.52236890126107
33 78 1.359919658764713
33 79 1.4297940480775952
33 80 1.4791780137896051
33 81 1.3052359794806674
33 82 1.180476172065894
33 83 1.173005264426366
33 84 1.399833664753948
33 85 1.0934957130188163
33 86 1.3454237461132617
33 87 1.274242517081471
33 88 1.3172866470633355
33 89 1.235389074270529
34 35 1.272415722599439
34 36 1.2490928901248817
34 37 1.2413704325583244
34 38 1.212880710909186
34 39 1.2556205155091058
34 40 1.1791311657197303
34 41 1.3927035088911728
34 42 1.3151267559856874
34 43 1.2591847583583655
34 44 1.4527098792173636
34 45 1.51084657129314
34 46 1.3602958532325706
34 47 1.3903728630007706
34 48 1.3555853804167302
34 49 1.4419602902712088
34 50 1.3191545597183139
34 51 1.4307671687012748
34 52 1.249165762934954
34 53 1.3780384616867076
34 54 1.229808199668232
34 55 1.4940107158517069
34 56 1.3665987717968722
34 57 1.2976240447428238
34 58 1.3737767817305548
34 59 1.3138464660135145
34 60 1.3256232197647861
34 61 1.2881032667411727
34 62 1.2888086317826666
34 63 1.2754561805629105
34 64 1.357635977022575
34 65 1.3656029486120358
34 66 1.2668848181018064
34 67 1.3281111542455508
34 68 1.3540081890983642
34 69 1.3332870596797277
34 70 1.153004370868882
34 71 1.3395478312836309
34 72 1.3377670055614996
34 73 1.388913490592829
34 74 1.3592026351363358
34 75 1.3515091222787234
34 76 1.2572044217177194
34 77 1.4195920454788133
34 78 1.2533278581142573
34 79 1.1859599519721837
34 80 1.4514303829999617
34 81 1.288393941768938
34 82 1.2783318227257399
34 83 1.2508397181754314
34 84 1.256340989833371
34 85 1.2588224894877367
34 86 1.3525983252865248
34 87 1.3376625100526047
34 88 1.18945086120503
34 89 1.4162614181863957
35 36 1.160409517150441
35 37 1.1609270054768404
35 38 1.36362166929906
35 39 1.4112263388203448
35 40 1.3206354347062823
35 41 1.3945029540543252
35 42 1.3305931889782676
35 43 1.2214864963946568
35 44 1.3447798971002851
35 45 1.3143672982466656
35 46 1.2882484380717514
35 47 1.3081662671134031
35 48 1.338236388977682
35 49 1.2138374239264624
35 50 1.3797072153932437
35 51 1.2279563741258772
35 52 1.2243678157741658
35 53 1.2804172065943238
35 54 1.2784665614216626
35 55 1.2715701879269732
35 56 1.3336256477814221
35 57 1.3575855935229344
35 58 1.2324618778193237
35 59 1.351263443794216
35 60 1.4584188370491589
35 61 1.3807388522409907
35 62 1.3333616041570746
35 63 1.353798430163948
35 64 1.2635596940287965
35 65 1.1934136607602102
35 66 1.3772893559698691
35 67 1.3823881081542695
35 68 1.394820804225971
35 69 1.335807454263616
35 70 1.295390801450014
35 71 1.3829723139045382
35 72 1.3514743194511174
35 73 1.4414735582774325
35 74 1.3816999126849416
35 75 1.2654462082630507
35 76 1.1779370523549826
35 77 1.3715798075829466
35 78 1.3605313104962375
35 79 1.478892618554074
35 80 1.3636203964096603
35 81 1.3779694638720057
35 82 1.2170372874070412
35 83 1.2926631565419795
35 84 1.3312043849172022
35 85 1.4001803951692338
35 86 1.464023596662653
35 87 1.4855740289481967
35 88 1.285501997448049
35 89 1.2629616774856436
36 37 1.1999671182625273
36 38 1.226416526104446
36 39 1.4330378816817073
36 40 1.2267390211414462
36 41 1.2864557936087777
36 42 1.1280707038046398
36 43 1.3418639527875809
36 44 1.2660039164948276
36 45 1.3680197336888509
36 46 1.0995667910583347
36 47 1.312064180242146
36 48 1.225244119073114
36 49 1.1803782901332758
36 50 1.3052260999437202
36 51 1.309030057394436
36 52 1.150462223085753
36 53 1.3393455989822944
36 54 1.0754163199178168
36 55 1.237687561068026
36 56 1.2688283243795084
36 57 1.1851837040031907
36 58 1.2710592108319179
36 59 1.2325446043529869
36 60 1.2930352702595067
36 61 1.2848546970269341
36 62 1.1741479632312457
36 63 1.2120480193125382
36 64 1.1537056725439343
36 65 1.0856568593255882
36 66 1.1864481016443085
36 67 1.3648557964770955
36 68 1.1299666744647892
36 69 1.2460110594056986
36 70 1.2694425408864685
36 71 1.2027746393363947
36 72 1.2406661347819328
36 73 1.2966631476814963
36 74 1.159495966206838
36 75 1.2886745424054864
36 76 1.070123040321649
36 77 1.3505084527135578
36 78 1.2894329964150222
36 79 1.3448133559145397
36 80 1.3410365419903079
36 81 1.2815406019868218
36 82 1.2272495351253805
36 83 1.3137856358608744
36 84 1.1988141754401698
36 85 1.2417474702122495
36 86 1.3618693082170934
36 87 1.2760315774091804
36 88 1.1774050723635818
36 89 1.2243252209577173
37 38 1.2588331156671124
37 39 1.3470880517404171
37 40 1.031527125591701
37 41 1.3147175023822482
37 42 1.3242925524433298
37 43 1.1516713649006514
37 44 1.4828098884677214
37 45 1.2685393796237665
37 46 1.2718478756390124
37 47 1.3953250021779828
37 48 1.1230547460688567
37 49 1.313965783815316
37 50 1.2970693738640418
37 51 1.428171780950155
37 52 1.1156904535612204
37 53 1.2688031014168863
37 54 1.2634592796238366
37 55 1.368194174970186
37 56 1.3474922013823014
37 57 1.2788664597104087
37 58 1.3296101901061779
37 59 1.3366919341925827
37 60 1.231292296562492
37 61 1.3349839548496085
37 62 1.3168548243419183
37 63 1.3248712889916572
37 64 1.2684298530987064
37 65 1.140481337101827
37 66 1.0824210497527624
37 67 1.336834522868447
37 68 1.3417954491246806
37 69 1.1862410633671914
37 70 1.2130334405938803
37 71 1.2376796717637513
37 72 1.2185239018105236
37 73 1.4485431090294032
37 74 1.3947579293164716
37 75 1.1601245861526275
37 76 1.2002086113117068
37 77 1.427841022768241
37 78 1.3898589211932437
37 79 1.405979073030315
37 80 1.5055695184068336
37 81 1.3373588947274198
37 82 1.0684759672366346
37 83 1.2015993227224575
37 84 1.382298363321529
37 85 1.11435953046242
37 86 1.450218227982694
37 87 1.3586385701249213
37 88 1.1051220948291967
37 89 1.2734804638769053
38 39 1.2176905620268899
38 40 1.2177008138672116
38 41 1.357622478522203
38 42 1.2711313005801579
38 43 1.3817038241403723
38 44 1.3518084626767846
38 45 1.435533544717212
38 46 1.186847058588091
38 47 1.296129988445009
38 48 1.3542605182397964
38 49 1.2096185228799583
38 50 1.3679074801028728
38 51 1.3114898437539382
38 52 1.2302287243586492
38 53 1.2463253886958074
38 54 1.2354857426939916
38 55 1.1902432000904293
38 56 1.2885390438139392
38 57 1.351962724849011
38 58 1.388003996873149
38 59 1.3070839846051465
38 60 1.2258218694560838
38 61 1.1345243485078653
38 62 1.2660253292239976
38 63 1.307967915022824
38 64 1.3213097114883665
38 65 1.2914218695699364
38 66 1.1958760352857836
38 67 1.2994009137383988
38 68 1.2614818245222073
38 69 1.1768801127736808
38 70 1.1817449436665002
38 71 1.3453391053544879
38 72 1.1908817679853598
38 73 1.4309556789140156
38 74 1.2815710126229423
38 75 1.3778655883929538
38 76 1.286837352381549
38 77 1.2999776290755412
38 78 1.2805861155427931
38 79 1.2214746748429266
38 80 1.4034777278003854
38 81 1.2195935573318077
38 82 1.2881840155663735
38 83 1.233874634001305
38 84 1.3576912982652622
38 85 1.1935898614036655
38 86 1.2018096407048648
38 87 1.321939189926158
38 88 1.2664652656782174
38 89 1.2689893433799089
39 40 1.1582420737349701
39 41 1.3615065686854402
39 42 1.3708674585356442
39 43 1.356592010804186
39 44 1.5015713996787254
39 45 1.3781643098739322
39 46 1.2978821619979881
39 47 1.364475538299435
39 48 1.2929476846568093
39 49 1.2787766861322032
39 50 1.2411422049581295
39 51 1.4082869110376652
39 52 1.312861819184458
39 53 1.4250921348309786
39 54 1.3087634056764652
39 55 1.3831105769261685
39 56 1.4585601118137677
39 57 1.3598689236566048
39 58 1.3228517069095922
39 59 1.2236553479765377
39 60 1.1585604749150706
39 61 1.043383899702844
39 62 1.2720878684560797
39 63 1.1918052297469337
39 64 1.3737703774023917
39 65 1.3729976695365107
39 66 1.174474700207885
39 67 1.396626528753468
39 68 1.3372897735474318
39 69 1.2246223324577974
39 70 1.2504856008273215
39 71 1.2911293139161932
39 72 1.3561545348546706
39 73 1.3648957390183116
39 74 1.3937465944296556
39 75 1.3747769323532983
39 76 1.2544475941723254
39 77 1.241892369093618
39 78 1.1426900791939756
39 79 1.2408952002203135
39 80 1.4369768332338348
39 81 1.3011366957419104
39 82 1.2646641298894803
39 83 1.1041355944751399
39 84 1.2745893814500537
39 85 1.203866166350397
39 86 1.1055471888203376
39 87 1.2443144114118945
39 88 1.3332238061450503
39 89 1.421243448269335
40 41 1.3145585604182033
40 42 1.211258817924454
40 43 1.2211850903211607
40 44 1.5661496799376498
40 45 1.27684727689738
40 46 1.1794285177450141
40 47 1.3752662239841087
40 48 1.2693195444447285
40 49 1.155945662354426
40 50 1.2635244119910833
40 51 1.4800953226837508
40 52 1.2194718467717909
40 53 1.2340643482218006
40 54 1.1738909229793326
40 55 1.4210403825976319
40 56 1.3146140540660478
40 57 1.2853260795839323
40 58 1.3030168930682786
40 59 1.2634172767549177
40 60 0.9112818933257697
40 61 1.2217876728468196
40 62 1.188722625375095
40 63 1.259520991067596
40 64 1.1685049977796038
40 65 1.3294800377145386
40 66 0.7074433964453991
40 67 1.1443655758340066
40 68 1.260783491620493
40 69 1.115410590753884
40 70 1.1037980214205787
40 71 1.2283686750177865
40 72 1.0658748949280996
40 73 1.3571115446793662
40 74 1.2547170870687425
40 75 1.1968119286090049
40 76 1.0910198299585887
40 77 1.4018790544724093
40 78 1.2691738096252807
40 79 1.335949857832398
40 80 1.6795598075283715
40 81 1.2149847330192525
40 82 1.0609455253935258
40 83 0.8893494304649017
40 84 1.2745672659103242
40 85 0.7081859543728287
40 86 1.3484619205190262
40 87 1.2361347994140266
40 88 1.2232943789212607
40 89 1.3164298451143785
41 42 1.3523807644296941
41 43 1.4178154771524858
41 44 1.4571183118685247
41 45 1.384007601569886
41 46 1.3478290448727583
41 47 1.300379186491163
41 48 1.2991307755185237
41 49 1.3054033633695594
41 50 1.408949332248365
41 51 1.4468437661945623
41 52 1.312211294185677
41 53 1.3058443825735766
41 54 1.3114176099008377
41 55 1.3122188118605782
41 56 1.1606353133837166
41 57 1.3901025398619047
41 58 1.3741953501512143
41 59 1.294942870818267
41 60 1.3415676600001933
41 61 1.3964877722056332
41 62 1.3641556883966828
41 63 1.2515324176378462
41 64 1.3725591025067345
41 65 1.3252819152968425
41 66 1.308073174636037
41 67 1.37775545053938
41 68 1.4225169187766422
41 69 1.30666291127888
41 70 1.222555283346382
41 71 1.2303512995421635
41 72 1.4554828923215928
41 73 1.3766087328022576
41 74 1.4022869059482586
41 75 1.4462441586101797
41 76 1.336528357961181
41 77 1.4145003443988675
41 78 1.3422328423642698
41 79 1.4309852034056825
41 80 1.4524223880056222
41 81 1.3191666753852935
41 82 1.3234666446993901
41 83 1.2941404601789137
41 84 1.3988495712458826
41 85 1.3587423076259695
41 86 1.457250568555842
41 87 1.4098277001430704
41 88 1.38201241879366
41 89 1.3768965091630816
42 43 1.3099157780728177
42 44 1.362200843621295
42 45 1.3773340057937533
42 46 1.1252909141710183
42 47 1.523386087620577
42 48 1.421243765216596
42 49 1.224261735984431
42 50 1.2868358586003568
42 51 1.4298732402976044
42 52 1.3244752527720334
42 53 1.3529763666433419
42 54 1.2875723666394008
42 55 1.2623558430073805
42 56 1.3344679472712855
42 57 1.268399867493284
42 58 1.287667577133679
42 59 1.3183641200487985
42 60 1.0983741452537417
42 61 1.365520058790241
42 62 1.2343900862843142
42 63 1.235365764433832
42 64 1.231127009505021
42 65 1.3725242173189722
42 66 1.1540678874847672
42 67 1.3224501646789062
42 68 1.367847869953601
42 69 1.2775258403415108
42 70 1.2974481028350178
42 71 1.3491600341430143
42 72 1.3249991907423833
42 73 1.242850326369162
42 74 1.1752844817970014
42 75 1.3365897902911725
42 76 1.1488935506885132
42 77 1.402164096232267
42 78 1.350110311051342
42 79 1.3321999847903834
42 80 1.381816147473538
42 81 1.288104091109639
42 82 1.2459086810968647
42 83 1.2797732196471385
42 84 1.261738976475153
42 85 1.241724689360586
42 86 1.4848872790677508
42 87 1.292748620326939
42 88 1.458484722664784
42 89 1.3033945120295078
43 44 1.4039708127093153
43 45 1.0542895607540599
43 46 1.3703637028488203
43 47 1.3666466528827794
43 48 1.433455497349226
43 49 1.3632746307593748
43 50 1.463224974312768
43 51 1.4120569675512058
43 52 1.3538182598864652
43 53 1.2849219484274115
43 54 1.3890919507606976
43 55 1.432142892285008
43 56 1.4499990379535088
43 57 1.420351478008978
43 58 1.2232389197990474
43 59 1.2612057749128398
43 60 1.2601924344594027
43 61 1.282968961902559
43 62 1.433458387269398
43 63 1.4264639669134496
43 64 1.3589320956115287
43 65 1.3680279324149502
43 66 1.1862638847335254
43 67 1.2479460185636735
43 68 1.3422887856362342
43 69 1.3285795842044044
43 70 1.343976017088965
43 71 1.38211498705987
43 72 1.2284627344009889
43 73 1.4045810061611694
43 74 1.3897323711109602
43 75 0.8176011430075331
43 76 1.3112288008527868
43 77 1.3291538919022388
43 78 1.3789856102135296
43 79 1.4422031159595012
43 80 1.5052808011928713
43 81 1.3374867140631947
43 82 1.2657279414868416
43 83 1.2304290020743474
43 84 1.3816019096686578
43 85 1.201348987208254
43 86 1.4403565899468618
43 87 1.3505914535426644
43 88 1.4197505591741988
43 89 1.3924608589960779
44 45 1.3590464660703985
44 46 1.2864822149849477
44 47 1.2267831546321573
44 48 1.4686895346950586
44 49 1.3285163543634575
44 50 1.5082966966231823
44 51 1.1430975193140356
44 52 1.4290075523131616
44 53 1.3555609823856667
44 54 1.368119203685399
44 55 1.2052658885276197
44 56 1.2311137093817985
44 57 1.3482424720189001
44 58 1.4645943263516177
44 59 1.3658133430389694
44 60 1.5290768729428552
44 61 1.4146863115386512
44 62 1.3697555252398117
44 63 1.4638267300916046
44 64 1.3198905837287491
44 65 1.3617466638276878
44 66 1.5542418642016549
44 67 1.4711637507100652
44 68 1.192305933950429
44 69 1.4459864155451434
44 70 1.3912837972226877
44 71 1.4467773865679476
44 72 1.4562774135983005
44 73 1.5142641510686257
44 74 1.3070237677703518
44 75 1.3155386721298075
44 76 1.4000322794054083
44 77 1.4018696276601352
44 78 1.4779999096318988
44 79 1.426755467910987
44 80 0.8779782351080037
44 81 1.460869927089219
44 82 1.4710359647222668
44 83 1.4844221327451044
44 84 1.404102485725442
44 85 1.576390785077399
44 86 1.39822715861085
44 87 1.4038813995051806
44 88 1.4097912870234524
44 89 1.2335836062300076
45 46 1.389434932226412
45 47 1.4048346551628852
45 48 1.315131923143751
45 49 1.2351738048539271
45 50 1.3951397731296662
45 51 1.297665133582389
45 52 1.4046127901642342
45 53 1.3551480406641854
45 54 1.4436313801732035
45 55 1.433542324256874
45 56 1.3919311078112437
45 57 1.3865092473997285
45 58 1.3163751392916068
45 59 1.1878664975048037
45 60 1.319504313205451
45 61 1.331532124365089
45 62 1.4442930464568307
45 63 1.3983736596634064
45 64 1.3546626337390815
45 65 1.374958795280611
45 66 1.2818923413457002
45 67 1.346992394642777
45 68 1.4137281596989197
45 69 1.3446619265744506
45 70 1.3281255648361538
45 71 1.4133270827648414
45 72 1.2677669018041147
45 73 1.3827874986107849
45 74 1.4063710504444396
45 75 0.920304583089545
45 76 1.3531354460003933
45 77 1.252043909255832
45 78 1.3002589655236583
45 79 1.4408153093347873
45 80 1.461696637825714
45 81 1.4073785530637786
45 82 1.3415668697752838
45 83 1.3064218402803378
45 84 1.326358836736133
45 85 1.3629059953082483
45 86 1.4634607732751972
45 87 1.3726620408502213
45 88 1.4459780961623876
45 89 1.299556506854148
46 47 1.340885912492254
46 48 1.2741395342625306
46 49 1.1458551910081003
46 50 1.1796127781644317
46 51 1.2327338011085085
46 52 1.2774523443852208
46 53 1.3131674442132328
46 54 1.2008056863745047
46 55 1.1987591941437548
46 56 1.3075629231850951
46 57 1.1567962175874678
46 58 1.192504592932312
46 59 1.313462722141067
46 60 1.0144956422328066
46 61 1.3710555373480997
46 62 1.104821739223411
46 63 1.144576116922859
46 64 1.2658159379026932
46 65 1.3025893186001987
46 66 1.1110466693860714
46 67 1.357633372978464
46 68 1.2074351241173393
46 69 1.1461895638257138
46 70 1.1728043182327041
46 71 1.2379139166587954
46 72 1.2658437983548405
46 73 1.2705824456416097
46 74 1.07045875428511
46 75 1.3506302744748075
46 76 1.1405480884235002
46 77 1.3803376949863233
46 78 1.2898087542574475
46 79 1.28576159333647
46 80 1.3540842930404184
46 81 1.1515571317237259
46 82 1.1516693950729344
46 83 1.1514104388440616
46 84 1.1588961803828022
46 85 1.1795081000092782
46 86 1.3783288143023031
46 87 1.189240151361714
46 88 1.2703150926676314
46 89 1.178858206000698
47 48 1.41016201382041
47 49 1.2883346183333826
47 50 1.4109673050210862
47 51 1.2134989199291886
47 52 1.3828361088134946
47 53 1.345757340078565
47 54 1.4192606625376019
47 55 1.3271506109170166
47 56 1.2556015476747737
47 57 1.3766524183789517
47 58 1.3446672870708127
47 59 1.4039172216897693
47 60 1.45630988529595
47 61 1.2379980501826158
47 62 1.4162537581909505
47 63 1.3977656906393838
47 64 1.3998321286773312
47 65 1.3638285774285013
47 66 1.4366648247102185
47 67 1.3830587307155449
47 68 1.2270565761913765
47 69 1.3883179485229271
47 70 1.477946068516429
47 71 1.388362455638937
47 72 1.379659001328751
47 73 1.4387276155390039
47 74 1.4052442254813435
47 75 1.3472408261787523
47 76 1.4492382660061602
47 77 1.2576607548050214
47 78 1.3903434795591674
47 79 1.339237127242014
47 80 1.2820449646039014
47 81 1.4218086519004793
47 82 1.4065288316646196
47 83 1.3890915957162249
47 84 1.3298352741894321
47 85 1.4369837904236897
47 86 1.3203709539673172
47 87 1.3835782459257822
47 88 1.498459675109861
47 89 1.2904748203968615
48 49 1.3096540572944395
48 50 1.2456511969706245
48 51 1.359337234995137
48 52 1.3674892127875007
48 53 1.4459169999016048
48 54 1.1800938088923305
48 55 1.3245266069571118
48 56 1.4597407294081532
48 57 1.1884688056345887
48 58 1.4279236416199912
48 59 1.2291476193274011
48 60 1.3419875696669017
48 61 1.4313143729351403
48 62 1.301540489379659
48 63 1.1855645691835364
48 64 1.3608420700680135
48 65 1.176903502042237
48 66 1.287468732173498
48 67 1.4549943670747478
48 68 1.3611634643550514
48 69 1.3370988693109818
48 70 1.3867342048727886
48 71 1.3836720794308377
48 72 1.4477234506488503
48 73 1.3660758820988688
48 74 1.3769621494368909
48 75 1.4524520770104392
48 76 1.2284342492258131
48 77 1.3656888734984587
48 78 1.1325400045164409
48 79 1.1224121836677752
48 80 1.3755300321268007
48 81 1.4419986766500144
48 82 1.2849559282114795
48 83 1.3914914209272888
48 84 1.3993322869426117
48 85 1.380503628268784
48 86 1.398299083241468
48 87 1.318150573660244
48 88 1.0510808324120353
48 89 1.4538036288337723
49 50 1.3575513918058215
49 51 1.285320084348191
49 52 1.3066486533745763
49 53 1.2937285899086888
49 54 1.1979574300558076
49 55 1.168947533360934
49 56 1.1766875016429952
49 57 1.2835001880460604
49 58 1.2662243138551805
49 59 1.176154767693547
49 60 1.2074325476221874
49 61 1.328945733308747
49 62 1.2956039780065098
49 63 1.2868512963585546
49 64 1.204394216407544
49 65 1.1875733609039032
49 66 1.1590051987221572
49 67 1.3465277728500726
49 68 1.2063008706455538
49 69 1.1325710844361958
49 70 1.240820703837371
49 71 1.3067104455767584
49 72 1.1554390733341753
49 73 1.3306351362526765
49 74 1.2808365627579121
49 75 1.3044075099958121
49 76 1.1485885486343426
49 77 1.369806769453802
49 78 1.2488103055155446
49 79 1.3319322307809598
49 80 1.3779898767258283
49 81 1.2573105041697277
49 82 1.2752320376572408
49 83 1.138802450680616
49 84 1.2504337334937559
49 85 1.219882644974238
49 86 1.325545800459457
49 87 1.359699889857512
49 88 1.3158426787580595
49 89 1.17026937585576
50 51 1.4579146423862088
50 52 1.2632679070129715
50 53 1.4526343249227052
50 54 1.1375958964896047
50 55 1.3967040108047581
50 56 1.4060146421362842
50 57 1.0605318550131433
50 58 1.2649316820860659
50 59 1.2329634763807409
50 60 1.251871374458443
50 61 1.4539396749866007
50 62 1.2203481151826976
50 63 1.0588391140028466
50 64 1.3590337291166832
50 65 1.2379589370497548
50 66 1.2390099280801263
50 67 1.4398001241843623
50 68 1.4921112081992882
50 69 1.3615126691650778
50 70 1.2747581932250627
50 71 1.2305767350201433
50 72 1.374502402318116
50 73 1.386107773595459
50 74 1.3025153181487281
50 75 1.4530446644129897
50 76 1.2730310214643703
50 77 1.3663778384125653
50 78 1.2696261424586759
50 79 1.2799870695555087
50 80 1.4827951143303877
50 81 1.2326502123353922
50 82 1.2677989453704661
50 83 1.2591983969912979
50 84 1.1383562313201239
50 85 1.2928606415957729
50 86 1.4294102891308316
50 87 1.2712997894660292
50 88 1.1304149779519048
50 89 1.3792183615611344
51 52 1.390176956348324
51 53 1.3130256185003206
51 54 1.331526231950649
51 55 1.2827301331524839
51 56 1.2966418468012522
51 57 1.3285786078293285
51 58 1.3693275330340633
51 59 1.3798492930519262
51 60 1.388483026596035
51 61 1.3308268855940697
51 62 1.3959600553355005
51 63 1.3369810945308378
51 64 1.3239551582883933
51 65 1.3200631802406755
51 66 1.4793620181483471
51 67 1.4103983971948713
51 68 1.3192754085145866
51 69 1.415405450437756
51 70 1.388297021799262
51 71 1.4423295818688269
51 72 1.4531838443402656
51 73 1.4108221422804057
51 74 1.351229973549879
51 75 1.3209974128717357
51 76 1.2710195676970202
51 77 1.3597198395586143
51 78 1.3099271708041378
51 79 1.4605184917927205
51 80 1.257721730062782
51 81 1.4826188577869193
51 82 1.3158488871775686
51 83 1.370902226631593
51 84 1.3686160779033127
51 85 1.4910991437890424
51 86 1.4000861555656239
51 87 1.3793491124030097
51 88 1.3541113913620313
51 89 1.278739170366943
52 53 1.2954725765098445
52 54 1.1939114207751358
52 55 1.3824472378903017
52 56 1.2717072466740487
52 57 1.379226430142493
52 58 1.464146198627241
52 59 1.280835312311725
52 60 1.2562694458578836
52 61 1.2455488042525469
52 62 1.2801886384377763
52 63 1.2949905104141461
52 64 1.119532574014754
52 65 1.1134564032612937
52 66 1.2318540482165323
52 67 1.2224899037887547
52 68 1.3701752555541367
52 69 1.223086710920287
52 70 1.1854649272843314
52 71 0.8816561120861445
52 72 1.3263518280409994
52 73 1.2690103022818662
52 74 1.300653226890364
52 75 1.4131566749009001
52 76 1.287289911673362
52 77 1.3437563874253355
52 78 1.3155162991751543
52 79 1.4044219018247697
52 80 1.4518773685340747
52 81 1.461382970476926
52 82 1.2654837924621447
52 83 1.2397346663014959
52 84 1.4529708309412293
52 85 1.2647076608188945
52 86 1.3384006198849467
52 87 1.4089737536495768
52 88 1.1772444252678465
52 89 1.1389101711693501
53 54 1.34339053541632
53 55 1.3186639239525353
53 56 1.2959163387202184
53 57 1.3996426861449323
53 58 1.380067906462212
53 59 1.5164555951495184
53 60 1.2599896692761994
53 61 1.3482437549416535
53 62 1.332275890130069
53 63 1.2745741864228124
53 64 1.3106465238319644
53 65 1.3615584983774027
53 66 1.2841234438127858
53 67 1.1662410220911572
53 68 1.3989225224999091
53 69 1.1976110454923858
53 70 1.1945327188456585
53 71 1.385102362106585
53 72 1.314536428597759
53 73 1.4565220654942286
53 74 1.3086746638754532
53 75 1.3024387621695515
53 76 1.278885138977096
53 77 1.4783728230918818
53 78 1.364378428562614
53 79 1.503400706797188
53 80 1.5175957813396823
53 81 1.239260249985766
53 82 1.2996470826781217
53 83 1.2147324104733102
53 84 1.3851179932118405
53 85 1.2579627982365924
53 86 1.4782954177315177
53 87 1.4045932959970409
53 88 1.37320284285512
53 89 1.305877993457809
54 55 1.3320810113338024
54 56 1.3387602633693763
54 57 1.308949451675971
54 58 1.3740787394484546
54 59 1.2238492356830704
54 60 1.2282438128490099
54 61 1.3131181021607559
54 62 1.230265775310285
54 63 1.1420407536389083
54 64 1.1377361690851582
54 65 1.1179702996428165
54 66 1.198889922731304
54 67 1.3589746820398327
54 68 1.2679947868701529
54 69 1.3270583223929329
54 70 1.1652547904170885
54 71 1.2049534925107541
54 72 1.2589141187309911
54 73 1.4222014738244415
54 74 1.1659721719929943
54 75 1.3428797407416173
54 76 1.1085766189316804
54 77 1.4084801082466265
54 78 1.2110987540168738
54 79 1.2048302953464152
54 80 1.4392758182935121
54 81 1.1925128315027798
54 82 1.2661180168344963
54 83 1.159571816891404
54 84 1.3071734913197703
54 85 1.2505349748226875
54 86 1.4397589387286835
54 87 1.2736247447098425
54 88 0.7285602383875879
54 89 1.3471072247364961
55 56 1.3630516085310078
55 57 1.2771351484005913
55 58 1.3708792076456626
55 59 1.3891976757520894
55 60 1.3710267240486058
55 61 1.374911222429939
55 62 1.4085674665562262
55 63 1.3434801182402767
55 64 1.4695231414357517
55 65 1.2864016557461875
55 66 1.3776957406691739
55 67 1.4303408079308126
55 68 1.2145902991425843
55 69 1.2292751823310233
55 70 1.2933827665003008
55 71 1.4362263926976961
55 72 1.365121990005461
55 73 1.4242733696079681
55 74 1.2787822857307103
55 75 1.4008890222031594
55 76 1.2530178712415698
55 77 1.419198654880805
55 78 1.3042285189496223
55 79 1.4330695007873486
55 80 1.2670826042867267
55 81 1.3518567875002747
55 82 1.3922871819803306
55 83 1.3068238656116296
55 84 1.3271566818036846
55 85 1.4485816653826753
55 86 1.3551493990943702
55 87 1.3820961388281108
55 88 1.381772285588291
55 89 1.3416122051690897
56 57 1.3678943100100216
56 58 1.3566856792823172
56 59 1.3669113922696081
56 60 1.3508475478859443
56 61 1.379134588056722
56 62 1.4439547619822208
56 63 1.3583072151902849
56 64 1.2110983362361318
56 65 1.3026767961006345
56 66 1.376687618347771
56 67 1.2514537491141884
56 68 1.3383160269329775
56 69 1.2938914002181723
56 70 1.2927086277057285
56 71 1.36846407231091
56 72 1.3619012416069862
56 73 1.33806953334238
56 74 1.5763336925046858
56 75 1.3720636895419467
56 76 1.2808713246077137
56 77 1.382438508884587
56 78 1.4781487887180427
56 79 1.4025237488007665
56 80 1.413523194425159
56 81 1.3257076603890914
56 82 1.3209285982457815
56 83 1.2601131360405435
56 84 1.3695037300313249
56 85 1.354620892722315
56 86 1.3427666100137494
56 87 1.40649293745362
56 88 1.4068324407782014
56 89 1.2974598506382875
57 58 1.283534543420858
57 59 1.3203139615915833
57 60 1.2455395436686147
57 61 1.4011591782490844
57 62 1.202023754590873
57 63 1.1596658617743059
57 64 1.365086658716797
57 65 1.2642623523917977
57 66 1.2019636880051658
57 67 1.4937797815166554
57 68 1.2972557054855116
57 69 1.2588517241843333
57 70 1.300141370755559
57 71 1.4536912567956357
57 72 1.3513852708032972
57 73 1.3325474297936097
57 74 1.2225342175182543
57 75 1.352515295716086
57 76 1.2564053644893922
57 77 1.3415366293858473
57 78 1.3110453922813654
57 79 1.1716861253400523
57 80 1.3382012984869456
57 81 1.3114705932709556
57 82 1.3237352105917795
57 83 1.2272772897930686
57 84 1.2435441609650884
57 85 1.306482096324103
57 86 1.317281979297637
57 87 1.271402678402872
57 88 1.211465991003207
57 89 1.385186289045255
58 59 1.3678977980655203
58 60 1.2351733927213893
58 61 1.3054827508983105
58 62 1.404986689204719
58 63 1.2375377501668001
58 64 1.4864067477794567
58 65 1.3726063803631259
58 66 1.253577563993601
58 67 1.5173498360243318
58 68 1.3787542145643885
58 69 1.3805963301427973
58 70 1.402686296867016
58 71 1.418789963718515
58 72 1.3370926917551456
58 73 1.4001172437480105
58 74 1.3400731729639097
58 75 1.2791202209304977
58 76 1.2761630680804779
58 77 1.3695954807380544
58 78 1.393989840490296
58 79 1.3137332390026961
58 80 1.5081484552213587
58 81 1.3101470354262355
58 82 1.208393447241107
58 83 1.3036920085020722
58 84 1.2655024801626342
58 85 1.2548132908871321
58 86 1.3486917088980928
58 87 1.2909573015425015
58 88 1.4247337648866292
58 89 1.3330728122883746
59 60 1.3451027105421132
59 61 1.3205223673926554
59 62 1.2080164243003488
59 63 1.305586695933795
59 64 1.2768607242403909
59 65 1.260684826949033
59 66 1.1623145464089266
59 67 1.396342728431233
59 68 1.252673842784639
59 69 1.3455619847211677
59 70 1.2918718554045807
59 71 1.1706861616207145
59 72 1.249724660531244
59 73 1.2768457017826182
59 74 1.2369237979642067
59 75 1.1965299711549695
59 76 1.2278320916011622
59 77 1.3789937302548003
59 78 1.152112540843978
59 79 1.3042076353478036
59 80 1.4152865246940067
59 81 1.3755716282944905
59 82 1.3539430286403342
59 83 1.2333510845542186
59 84 1.2454688335423765
59 85 1.2639198935067564
59 86 1.3905664400739581
59 87 1.2779170170922216
59 88 1.3393131968164438
59 89 1.4205521139562833
60 61 1.2737416034333395
60 62 1.1816164806036988
60 63 1.1961674906835658
60 64 1.2444154789114374
60 65 1.3717695281983078
60 66 0.8623023982912918
60 67 1.2969349739039742
60 68 1.2685356119031415
60 69 1.0202484380921861
60 70 1.1420807636792076
60 71 1.1980373091106824
60 72 1.1562149570256066
60 73 1.2743815437388428
60 74 1.1869337056298708
60 75 1.2668632684924288
60 76 1.1466056302414922
60 77 1.3042143149704217
60 78 1.3085934963048707
60 79 1.247323426025626
60 80 1.6138750902828682
60 81 1.1962601410889628
60 82 1.0949324910944267
60 83 0.864845985234473
60 84 1.2770086901175974
60 85 0.8533218319720272
60 86 1.3538629742701223
60 87 1.227621729853841
60 88 1.281639189469217
60 89 1.2694346318045704
61 62 1.3982387830725609
61 63 1.3263494620007032
61 64 1.2472676803574545
61 65 1.3849208936145803
61 66 1.2477830067536309
61 67 1.350937618128235
61 68 1.2172717665280646
61 69 1.2407311193620887
61 70 1.238915419135339
61 71 1.2668637033601708
61 72 1.3342085361424114
61 73 1.3850089240258612
61 74 1.3707191186217924
61 75 1.2934481326483338
61 76 1.3318460113439592
61 77 1.1765344577054981
61 78 1.3401528292864429
61 79 1.3114665085268231
61 80 1.4310191674333728
61 81 1.3518312670813575
61 82 1.2670806411857567
61 83 1.2215672031563436
61 84 1.4396420294568641
61 85 1.2624549664129565
61 86 1.0233440832931735
61 87 1.3000644136412924
61 88 1.3564138130577352
61 89 1.386096950454107
62 63 1.2197659079118737
62 64 1.1913296073929909
62 65 1.3028524335946494
62 66 1.1267625904219662
62 67 1.182322704151919
62 68 1.1969693233757164
62 69 1.2514078661703658
62 70 1.212845464955774
62 71 1.259868813766842
62 72 1.3238585125147886
62 73 1.373095149432361
62 74 1.1079266700629902
62 75 1.3619631114830315
62 76 1.200509571663695
62 77 1.3911580408796083
62 78 1.2365267481987177
62 79 1.3004053542636662
62 80 1.4211279942147241
62 81 1.2474340244715298
62 82 1.223040421664526
62 83 1.1489764463436742
62 84 1.2293961639090423
62 85 1.143038100018006
62 86 1.4270174223682484
62 87 1.3193696885879036
62 88 1.238910634975958
62 89 1.1456086050540801
63 64 1.3343183279149442
63 65 1.298645706391127
63 66 1.260351422948312
63 67 1.4563182629120819
63 68 1.4192078552137934
63 69 1.287694867501961
63 70 1.2159568026099103
63 71 1.2476869710062848
63 72 1.4023688172532782
63 73 1.2914752565715122
63 74 1.1637552206178547
63 75 1.471399853432942
63 76 1.2290666093484084
63 77 1.286615898597606
63 78 1.2669948379375107
63 79 1.2408230681261547
63 80 1.4238936672075446
63 81 1.175421534131145
63 82 1.2264296962428196
63 83 1.185047141707514
63 84 1.1485684294970266
63 85 1.2902674555269726
63 86 1.3699073249045264
63 87 1.244146874605534
63 88 1.1788156759497672
63 89 1.28560634718215
64 65 1.2889752157300278
64 66 1.128585831891503
64 67 1.2272753488078019
64 68 1.1735103099009045
64 69 1.233760216762604
64 70 1.2585664702593171
64 71 1.201658830606729
64 72 1.2265201140700928
64 73 1.3369173368031173
64 74 1.2874294980786585
64 75 1.2950718366802716
64 76 1.1805692452363443
64 77 1.2230723895609557
64 78 1.3794312696375237
64 79 1.4619496923701496
64 80 1.4900480073121365
64 81 1.2662884692295242
64 82 1.2580780848782749
64 83 1.1946047342543156
64 84 1.3642436186981588
64 85 1.1733364381776397
64 86 1.4507570162756611
64 87 1.3146547534955835
64 88 1.241208084831699
64 89 1.2340090370831602
65 66 1.3472048033418536
65 67 1.416196256652335
65 68 1.3351745075177102
65 69 1.3306759712195997
65 70 1.3182945977933465
65 71 1.1313762755298742
65 72 1.449141729453603
65 73 1.3253022479035177
65 74 1.3792458012650413
65 75 1.384863611103336
65 76 1.1815898072664561
65 77 1.4428883625448357
65 78 1.2925792853274345
65 79 1.4002852889312731
65 80 1.4031924564345817
65 81 1.4339776904173267
65 82 1.3422323546574373
65 83 1.403668424320298
65 84 1.4883820139042747
65 85 1.3914097944411983
65 86 1.3818183732257363
65 87 1.510187874592186
65 88 1.0179881629989969
65 89 1.2150550459979197
66 67 1.2396585425586724
66 68 1.142156618665565
66 69 1.0375413875315325
66 70 1.1142966979138649
66 71 1.2328706565046088
66 72 0.938596057873547
66 73 1.3564366169253481
66 74 1.1747169237518549
66 75 1.1360751742750044
66 76 1.10410605021934
66 77 1.2520630445162317
66 78 1.2644033222753417
66 79 1.3259479330055985
66 80 1.6393994395089517
66 81 1.1410828652076705
66 82 1.030922576070828
66 83 0.9418619296264097
66 84 1.2587111742612396
66 85 0.5967996532848515
66 86 1.3538980067269968
66 87 1.2182283257199937
66 88 1.221174003498357
66 89 1.3602370283660874
67 68 1.347374895230345
67 69 1.2415224246552623
67 70 1.1734563440438501
67 71 1.3440727583091654
67 72 1.3260475974081196
67 73 1.3652820537651191
67 74 1.3725373390939755
67 75 1.2989290389938695
67 76 1.2659863908128497
67 77 1.4939623132717197
67 78 1.359242771993732
67 79 1.4800593841798555
67 80 1.5464637103554972
67 81 1.3257994070983934
67 82 1.2917874639787104
67 83 1.1799906967607583
67 84 1.3987231203065724
67 85 1.2279056850169465
67 86 1.4174871829336035
67 87 1.3862148856069136
67 88 1.386098119491791
67 89 1.2429959895300777
68 69 1.2573291172741627
68 70 1.340101787726372
68 71 1.3608068645860791
68 72 1.185845186125612
68 73 1.4239944749900224
68 74 1.222601802410918
68 75 1.2748209034125408
68 76 1.2082593124813983
68 77 1.267216292197818
68 78 1.2725566288962216
68 79 1.35280873063749
68 80 1.3518171115396722
68 81 1.3574318184576906
68 82 1.3695076922145994
68 83 1.2621911699132187
68 84 1.3574723856852071
68 85 1.2063542654518997
68 86 1.3424786436623954
68 87 1.3450862106996513
68 88 1.2984546524711131
68 89 1.335902059353508
69 70 1.0979184313042327
69 71 1.1724211176913504
69 72 1.202048893484842
69 73 1.236863757544551
69 74 1.233771538408869
69 75 1.2601861620885038
69 76 1.1020449137883583
69 77 1.4051855989576527
69 78 1.400376929156799
69 79 1.3335372257788636
69 80 1.4570145604344173
69 81 1.1981146699567913
69 82 1.2364772973560585
69 83 0.9101925563991485
69 84 1.3061976022139856
69 85 1.1270908269779372
69 86 1.371266743526139
69 87 1.25254406862435
69 88 1.346972369993239
69 89 1.2014700395761249
70 71 1.167165152876342
70 72 1.2100794345865562
70 73 1.3495127842707912
70 74 1.201542012167579
70 75 1.312026638800192
70 76 1.2561681219107557
70 77 1.4099395703283397
70 78 1.3685678291712937
70 79 1.376054649403206
70 80 1.5218288972620329
70 81 1.1123672472035455
70 82 1.1187648814268585
70 83 1.0506796587986147
70 84 1.3073739417567747
70 85 1.1765646019306473
70 86 1.3769766467245945
70 87 1.2858169582155001
70 88 1.1795873468864149
70 89 1.2103610945013734
71 72 1.3986409558758368
71 73 1.1986666588084631
71 74 1.2665328317849565
71 75 1.4669439280286114
71 76 1.2200704861636984
71 77 1.3993608693850268
71 78 1.301445267402516
71 79 1.439066473931818
71 80 1.4443300143846394
71 81 1.4055363810333477
71 82 1.275341856945207
71 83 1.228897917921151
71 84 1.4236249338119915
71 85 1.2788909256268641
71 86 1.4801480952057242
71 87 1.3551538046565874
71 88 1.2722993673215162
71 89 1.1669024417627203
72 73 1.4557758005977406
72 74 1.2264545200989516
72 75 1.2053218478381957
72 76 1.2270696961159724
72 77 1.3426033453993533
72 78 1.3440220930989162
72 79 1.3541181577601398
72 80 1.535120655297182
72 81 1.041956687191897
72 82 1.3257693107469697
72 83 1.1362784621088533
72 84 1.2438863285097046
72 85 0.995265027036817
72 86 1.4250580616093527
72 87 1.2746179054800286
72 88 1.2958814284897777
72 89 1.3349352742526184
73 74 1.2849227940068915
73 75 1.3848894889499546
73 76 1.2288006851919535
73 77 1.4310122584504572
73 78 1.2172255364643312
73 79 1.2768921733341272
73 80 1.400050374859514
73 81 1.372777071490413
73 82 1.389420688405884
73 83 1.2762088259317745
73 84 1.3872604061553222
73 85 1.4267874243298604
73 86 1.3225748845399667
73 87 1.3339492350844055
73 88 1.5182843982483527
73 89 1.2466296030684203
74 75 1.2983304516716365
74 76 1.273780744529673
74 77 1.4177166843804918
74 78 1.3049564843996604
74 79 1.3374302230550954
74 80 1.373486159725787
74 81 1.2001622589767447
74 82 1.25651021931599
74 83 1.173804197811405
74 84 1.277492423860622
74 85 1.2218373181732158
74 86 1.4789692434196104
74 87 1.2101642963567198
74 88 1.231050425001001
74 89 1.2576437174121609
75 76 1.266880031650331
75 77 1.2673599301062692
75 78 1.42243861017603
75 79 1.4547472966073507
75 80 1.445833152236283
75 81 1.306754593890588
75 82 1.2535658069696776
75 83 1.139658967587366
75 84 1.3219697250949847
75 85 1.1964095344270318
75 86 1.4193020567060883
75 87 1.317291727605644
75 88 1.3696931629560387
75 89 1.3208947614023674
76 77 1.4215225901986959
76 78 1.0875124162265415
76 79 1.3332890669547708
76 80 1.4197291781673347
76 81 1.1940993109591749
76 82 1.2349822757312545
76 83 1.0838068087591188
76 84 1.301758756050456
76 85 1.215021850083612
76 86 1.4777620338042303
76 87 1.2467124167123247
76 88 1.1820744182806504
76 89 1.2745674085972902
77 78 1.3842318845874142
77 79 1.3107141484866345
77 80 1.3636606604919828
77 81 1.3547141495918358
77 82 1.3615210175491814
77 83 1.353081551734283
77 84 1.3494318969833095
77 85 1.3145536103728317
77 86 1.2736230111121098
77 87 1.3547476604697024
77 88 1.4201061881997166
77 89 1.4301551309012233
78 79 1.271354962141781
78 80 1.418654326175974
78 81 1.352423294228724
78 82 1.3779892590985565
78 83 1.325939313882084
78 84 1.3241565376344395
78 85 1.3490519410587007
78 86 1.4187973528057825
78 87 1.3902280914199379
78 88 1.278046854568077
78 89 1.4047384447890567
79 80 1.3100530827430554
79 81 1.3205825741665116
79 82 1.3212701406631322
79 83 1.3406125115436187
79 84 1.2701987351985926
79 85 1.3812796956518345
79 86 1.2269991608250908
79 87 1.2682266288457655
79 88 1.2764818541447407
79 89 1.4469931820000852
80 81 1.492458900678548
80 82 1.5643936376510306
80 83 1.60682873395171
80 84 1.4260430894368814
80 85 1.7302213883642512
80 86 1.3876458140103887
80 87 1.4065257441501358
80 88 1.4304124955434967
80 89 1.3756312957468357
81 82 1.3100833168574464
81 83 1.1162507057692397
81 84 0.9868906061333167
81 85 1.219953480221188
81 86 1.424126522306081
81 87 1.1795013808996355
81 88 1.275157658383839
81 89 1.4380753268726307
82 83 1.1737257725542847
82 84 1.3130278083223879
82 85 1.066673481941514
82 86 1.316580687206808
82 87 1.270548268677908
82 88 1.244674195427787
82 89 1.264352125394858
83 84 1.2077266482090614
83 85 0.9614348796596544
83 86 1.3817038974500337
83 87 1.1508871421785165
83 88 1.2173290527971172
83 89 1.2552956670995208
84 85 1.3050908769149323
84 86 1.4168952512803765
84 87 1.1770731113554336
84 88 1.3765858213929627
84 89 1.4398504809556196
85 86 1.3039696025783716
85 87 1.2704662153967263
85 88 1.2549516031146366
85 89 1.3269280854783057
86 87 1.3145586175311337
86 88 1.4207066330781357
86 89 1.4282233396398696
87 88 1.3362923696795312
87 89 1.4591858375038098
88 89 1.3677807436225111
