90 0
0 1 1.3024202825283362
0 2 1.279984211954279
0 3 1.5188718878309206
0 4 1.3397851139310375
0 5 1.275839253720085
0 6 1.3028600995177737
0 7 1.2159022913789972
0 8 1.339279167146114
0 9 1.2804206022327858
0 10 1.4239884424714295
0 11 1.1716002622296728
0 12 1.1725148020763645
0 13 1.3480650328335195
0 14 1.179139190156687
0 15 1.2168796071979702
0 16 1.1555735944690337
0 17 1.0584447337667087
0 18 1.4223445378631976
0 19 1.3567737210580955
0 20 0.9542447559873918
0 21 1.3541639974765665
0 22 1.3411486318661674
0 23 1.3427037638956785
0 24 1.5417180050258223
0 25 1.287608786952002
0 26 1.2997223577444263
0 27 1.2898503744486494
0 28 1.3923955986040524
0 29 1.2893421990803267
0 30 1.32155898460005
0 31 1.1486134817927454
0 32 1.4765041583502523
0 33 1.3531796761903951
0 34 1.4335266838513474
0 35 1.3124818241141571
0 36 1.1604270639453302
0 37 1.3663608014303086
0 38 1.4188669633735607
0 39 0.9862273812032692
0 40 1.357327498049823
0 41 1.3624200908123125
0 42 1.4998787703401204
0 43 1.2811831075561495
0 44 1.3429195176812856
0 45 1.2629052941045193
0 46 1.3387893060643947
0 47 1.3944275989186226
0 48 1.2986905774887363
0 49 1.3710429082725233
0 50 1.094638300261566
0 51 1.2509142051413888
0 52 1.3798405806286091
0 53 1.2746777994970329
0 54 1.3484137679118215
0 55 1.1935243504215993
0 56 1.3080344086142286
0 57 1.5068840857102221
0 58 1.42188054935149
0 59 1.4428517583009175
0 60 1.2752018698750698
0 61 1.3617148648954225
0 62 1.3551887208014328
0 63 1.4538344950459083
0 64 1.4409062950620095
0 65 1.3080500249072873
0 66 1.3642413027304956
0 67 1.2833376750922607
0 68 1.4084976338637556
0 69 0.9347216332222448
0 70 1.5258869128154375
0 71 1.4216140467069465
0 72 1.4072035121579747
0 73 1.0382611095959642
0 74 1.322498612822563
0 75 1.307337737910141
0 76 1.3421949605261059
0 77 1.4335092824259974
0 78 1.4652937718234929
0 79 1.2912829531246992
0 80 1.116285345982019
0 81 1.4391723105528527
0 82 1.4238811314834936
0 83 1.2639821242381661
0 84 1.2502176584132547
0 85 1.401474483571671
0 86 1.3561760915262693
0 87 1.3439145631609908
0 88 1.1230738401513056
0 89 1.3687429324719205
1 2 1.2786780620566347
1 3 1.2666043047405178
1 4 1.2600718014400227
1 5 1.2248221170697584
1 6 1.2374584293209268
1 7 1.2699778458253892
1 8 1.3881628787492675
1 9 1.2247267718969848
1 10 1.4045872111309539
1 11 1.1373778504560943
1 12 1.1933869131893355
1 13 1.325504497729779
1 14 1.169275961366449
1 15 1.168328878065243
1 16 1.1926737032427557
1 17 1.2262546370673706
1 18 1.206564402045339
1 19 1.3689649305553813
1 20 1.3400079038001032
1 21 1.1222593902215832
1 22 1.2276858612900234
1 23 1.2997241274246116
1 24 1.3113679617288452
1 25 1.2592826463774938
1 26 1.2191074114981317
1 27 1.1948969744367461
1 28 1.4307002921200715
1 29 1.3264731697694696
1 30 1.230385694587796
1 31 1.3382204969152725
1 32 1.3082505286228916
1 33 1.192853194250625
1 34 1.2083456230656975
1 35 1.2931215685802786
1 36 1.1737456852159438
1 37 1.201473812546211
1 38 1.3127779835638902
1 39 1.2737597927225681
1 40 1.295398555890461
1 41 1.4291134249498536
1 42 1.3472670660234
1 43 1.1282258391187556
1 44 1.2917591547538587
1 45 1.308397360775133
1 46 1.4175367080216414
1 47 1.3426450380461092
1 48 1.1928890179240892
1 49 1.377769215926907
1 50 1.3460936728290747
1 51 1.2482558893917592
1 52 1.2717884530625825
1 53 1.3926848210728753
1 54 1.3887344065752245
1 55 1.1808053318018645
1 56 1.1934242459169782
1 57 1.3485821229611499
1 58 1.175761987088848
1 59 1.310581287686158
1 60 1.240948536777365
1 61 1.3216633468177725
1 62 1.2727491479383692
1 63 1.3839780969851827
1 64 1.3861649834670455
1 65 1.1992750412901207
1 66 1.4152754941189551
1 67 1.194902382500898
1 68 1.423660402653629
1 69 1.2974754030729683
1 70 1.4603380177909322
1 71 1.2874938188705627
1 72 1.523634446973763
1 73 1.2635501288005007
1 74 1.2324990167153238
1 75 1.206835358778093
1 76 1.2691982411080949
1 77 1.2665507730901364
1 78 1.2983813755699671
1 79 1.2942918623278956
1 80 1.174694566837189
1 81 1.431186258763428
1 82 1.3906709628520202
1 83 1.1884015603603373
1 84 1.0444527356183178
1 85 1.342453717117356
1 86 1.2614308304420778
1 87 1.4192961619185593
1 88 1.2435402374055193
1 89 1.3059406025687337
2 3 1.3146224160028608
2 4 1.101664147282964
2 5 1.229752255943689
2 6 1.1903957665291742
2 7 1.2403722038373586
2 8 1.423113672399065
2 9 1.1486111417331246
2 10 1.4725446757369798
2 11 1.1785851147191804
2 12 1.1576891258784499
2 13 1.2129048507590932
2 14 1.2263628008322947
2 15 1.0501077717923075
2 16 1.339453262169522
2 17 1.280671785355094
2 18 1.3194393413393324
2 19 1.2325690372639435
2 20 1.2459547174198211
2 21 1.3353298539503515
2 22 1.1574089319785643
2 23 1.273632025576742
2 24 1.2755155011350847
2 25 1.2099675990353616
2 26 1.266976568998738
2 27 1.205704734843445
2 28 1.2471707615499872
2 29 1.1966943513215729
2 30 1.2404231086267536
2 31 1.3433538038608401
2 32 1.3221068248902543
2 33 1.2360937529991054
2 34 1.2091584686833234
2 35 1.2401357814830056
2 36 1.171651832315689
2 37 1.2149086610523376
2 38 1.2499117764150176
2 39 1.3561970770094771
2 40 1.3329179965428075
2 41 1.3785765302571105
2 42 1.4739045485654805
2 43 1.1751806705535408
2 44 1.2634628129121714
2 45 1.2893680215413432
2 46 1.3245456199248247
2 47 1.3414778932822808
2 48 1.3359407070815401
2 49 1.1537185819636246
2 50 1.3480944042530667
2 51 1.18176592004376
2 52 1.2865098239707757
2 53 1.2506331551759677
2 54 1.2983358284598596
2 55 1.2129708180672207
2 56 1.1880956880531872
2 57 1.2890829800321382
2 58 1.1869894404154746
2 59 1.4602464507956046
2 60 1.105157953260954
2 61 1.3963545248964295
2 62 1.190667894772818
2 63 1.0958865812842817
2 64 1.2584541176338333
2 65 1.2368955826539458
2 66 1.2597767399090014
2 67 1.226692983248681
2 68 1.2808393564204423
2 69 1.2361393313114983
2 70 1.3368991117848417
2 71 1.373426902228255
2 72 1.215097655490265
2 73 1.2485587010623964
2 74 1.3589661305764198
2 75 1.193724573080737
2 76 1.2666191545255034
2 77 1.2480938792852339
2 78 1.370973901435084
2 79 1.2235444683590222
2 80 1.1474822358634964
2 81 1.2416657854605435
2 82 1.4459636571274166
2 83 1.2736264897572795
2 84 1.26629144884597
2 85 1.2429147044957747
2 86 1.3053105339275373
2 87 1.3263633840038223
2 88 1.236689972817918
2 89 1.3145700091196322
3 4 1.141839169795217
3 5 1.4426009656489347
3 6 1.2590722446443696
3 7 1.2299220150000028
3 8 1.4071159160024973
3 9 1.3231507644558798
3 10 1.3799809017271216
3 11 1.2721428199118743
3 12 1.346951979192988
3 13 1.4285013783670644
3 14 1.3459353212084741
3 15 1.3113572865881267
3 16 1.2828938880022507
3 17 1.3670134157686702
3 18 1.254034429445433
3 19 1.3851956920133799
3 20 1.562797199812053
3 21 1.2422753257706285
3 22 1.2524338690301724
3 23 1.2390651039877154
3 24 1.2772406291663836
3 25 1.2779674867867976
3 26 1.2970078843836232
3 27 1.2793048125757522
3 28 1.3685706156242798
3 29 1.280015205055067
3 30 1.2542520551389784
3 31 1.4736443032820778
3 32 1.255655640059875
3 33 1.2939788433895123
3 34 1.3132057662795262
3 35 1.3682241052285284
3 36 1.285825496420025
3 37 1.2126634888366226
3 38 1.4550342898538275
3 39 1.4539771723734314
3 40 1.2496138626347042
3 41 1.350184050273189
3 42 1.2225963279837007
3 43 1.1816372530990367
3 44 1.319167669793769
3 45 1.1829259344977683
3 46 1.199060614220207
3 47 1.43592470458143
3 48 1.2664089151807836
3 49 1.1808240172005615
3 50 1.41259480662782
3 51 1.2788347174121166
3 52 1.3976458625828427
3 53 1.4589259372408656
3 54 1.355624412569628
3 55 1.2614152121840077
3 56 1.254987743709769
3 57 1.4604071178458753
3 58 1.2211090281992052
3 59 1.276672519440433
3 60 1.435001111706752
3 61 1.2174555425562006
3 62 1.3367484708765776
3 63 1.4116356613183354
3 64 1.169994901413244
3 65 1.2358253256651537
3 66 1.4089051486801216
3 67 1.237197499871826
3 68 1.4157383885510937
3 69 1.4035696583066057
3 70 1.4246377925747846
3 71 1.2358229725015342
3 72 1.2718085684914688
3 73 1.2994006685475905
3 74 1.2864020520851387
3 75 1.1897541602703976
3 76 1.252962745115673
3 77 1.2508770794419704
3 78 1.2845750977881978
3 79 1.3931952026182661
3 80 1.4103452266787868
3 81 1.4175677160676172
3 82 1.3695389602141912
3 83 1.2562794302584024
3 84 1.2587705257043924
3 85 1.3326130009065504
3 86 1.2333033259234594
3 87 1.272041751547297
3 88 1.3694162458930943
3 89 1.5222585459398248
4 5 1.2233510738714268
4 6 1.03542399963967
4 7 1.3220681038393332
4 8 1.4429339195870627
4 9 0.9398603940379064
4 10 1.4761909288309056
4 11 1.1194555637022838
4 12 1.145329983194287
4 13 1.261556827248016
4 14 1.1777899871375355
4 15 1.1487524250750498
4 16 1.2396596448140902
4 17 1.3068672998981163
4 18 1.2404165729241752
4 19 1.1595004982831718
4 20 1.3095777692611712
4 21 1.2972501413986564
4 22 1.1467054983946807
4 23 1.2293667872402296
4 24 1.3183476723810525
4 25 1.2780684249862442
4 26 1.2027216772419835
4 27 1.0237555525426958
4 28 1.1687181824771828
4 29 1.2341675644528984
4 30 1.0862786249090834
4 31 1.3277709610635224
4 32 1.2864711028212823
4 33 1.1159715297545187
4 34 1.226375296598035
4 35 1.2548739236486044
4 36 1.2246222315911621
4 37 1.1530981884200728
4 38 1.3449095117233556
4 39 1.322062057427844
4 40 1.3889000226211525
4 41 1.2844041377469662
4 42 1.5252855409267712
4 43 1.0652949717461264
4 44 1.2208652188758595
4 45 1.3799987961846716
4 46 1.0839740665945659
4 47 1.3728539484462672
4 48 1.3271802094663845
4 49 1.0590733221772344
4 50 1.2017406108797781
4 51 1.088686366489346
4 52 1.3788743967164774
4 53 1.2621268049030798
4 54 1.280682598769684
4 55 1.0464565666051169
4 56 1.1612356547478542
4 57 1.3125280446599452
4 58 1.2418179432821022
4 59 1.4952836505026488
4 60 1.2644537195524712
4 61 1.2946482447564565
4 62 1.2064356750813494
4 63 1.3306872140819068
4 64 1.29871212264572
4 65 1.197589577355534
4 66 1.2551114403806354
4 67 1.1547406630605652
4 68 1.3704847130273332
4 69 1.2683930199273974
4 70 1.4111947244359504
4 71 1.4584679530641893
4 72 1.205300771854124
4 73 1.2241916784506957
4 74 1.2821742317018299
4 75 1.0362500479252745
4 76 1.20835165053056
4 77 1.153734901679139
4 78 1.4013446702190604
4 79 1.2269299594435057
4 80 1.229893316431145
4 81 1.368084145283696
4 82 1.4222111863178493
4 83 1.1769223892276028
4 84 1.1307815107982597
4 85 1.2580884213039494
4 86 1.0608289125942139
4 87 1.265561400789764
4 88 1.2668030106009005
4 89 1.2816338283863051
5 6 1.1225348469099647
5 7 1.280472672457113
5 8 1.387036451850099
5 9 1.053770955536069
5 10 1.4637754018278242
5 11 1.0774637557893751
5 12 1.0918671352541034
5 13 1.2302044181805596
5 14 1.1193195464599224
5 15 0.9588654766086041
5 16 1.286072803261476
5 17 1.3317871062333153
5 18 1.1019979646499398
5 19 1.162956630173721
5 20 1.2826971828250158
5 21 1.1545686261805903
5 22 1.2422424610571154
5 23 1.3303932889275736
5 24 1.220326858508431
5 25 1.2514142921900304
5 26 1.1240800982335035
5 27 1.0402564735140118
5 28 1.3128276058772386
5 29 1.2138951012282215
5 30 1.0511365132577486
5 31 1.3400979143075877
5 32 1.4075581476825203
5 33 1.0190202987313017
5 34 1.0098116331791445
5 35 1.3354932615891444
5 36 1.3741223547352663
5 37 1.083936755835598
5 38 1.0739360129580244
5 39 1.3466385796351525
5 40 1.4414917620069851
5 41 1.2187376398971512
5 42 1.589485803009399
5 43 1.0405359182718037
5 44 1.2238913808186322
5 45 1.4798358671922411
5 46 1.3441134784314124
5 47 1.3561387392026794
5 48 1.2846947368128006
5 49 1.1615625079823781
5 50 1.35352535435506
5 51 1.0897555797584124
5 52 1.1147914353327737
5 53 1.2048582911151446
5 54 1.0877030823119171
5 55 1.1989726842088266
5 56 1.279828103195375
5 57 1.0679397519949305
5 58 1.1502785126376436
5 59 1.514504437856751
5 60 1.2061642688465715
5 61 1.338483647123629
5 62 1.1684027894332647
5 63 1.2811293467274714
5 64 1.3079858162549012
5 65 1.1518184855166278
5 66 1.3552249784657937
5 67 1.2049454518069531
5 68 1.2647116051702452
5 69 1.3509939490600766
5 70 1.3661710902348883
5 71 1.5518644836767463
5 72 1.1247825444377153
5 73 1.351649972291233
5 74 1.229611369385525
5 75 1.1770964623155602
5 76 1.2495009525194551
5 77 1.1359893826270964
5 78 1.399010259046825
5 79 1.3580402710499075
5 80 1.2435324499312317
5 81 1.322635248170425
5 82 1.399113652284431
5 83 1.2208074342714976
5 84 1.1013922372188394
5 85 1.1832612275743146
5 86 1.1701733543274848
5 87 1.3570262504242911
5 88 1.2800299645050315
5 89 0.854784327162786
6 7 1.2820776593015728
6 8 1.4970206184724644
6 9 0.7081859543728287
6 10 1.477287691293017
6 11 1.11872822682769
6 12 0.8290219478126757
6 13 1.2617820930578316
6 14 1.11435953046242
6 15 1.054893925531341
6 16 1.4001803951692338
6 17 1.3127728229883469
6 18 1.2485735720680768
6 19 1.3533788290689546
6 20 1.2994771336484081
6 21 1.2234716029682693
6 22 1.1085044907948172
6 23 1.3785375340969965
6 24 1.359273106140469
6 25 1.228478952195085
6 26 0.8606007023010838
6 27 0.5931175318806268
6 28 1.2145280856132687
6 29 1.08832049058084
6 30 0.5106418393739167
6 31 1.3629059953082483
6 32 1.3157620701713475
6 33 1.0762683389023375
6 34 1.180329236612456
6 35 1.3249535689140486
6 36 1.2299042270746634
6 37 1.220231476190024
6 38 1.4034592332912776
6 39 1.3066576267603203
6 40 1.6288617727683652
6 41 1.3720694011148944
6 42 1.665397926135479
6 43 1.0669451405339365
6 44 1.2869888292408123
6 45 1.5254255390260252
6 46 1.342286880253029
6 47 1.343766476966794
6 48 1.475504347106735
6 49 0.8533218319720272
6 50 1.2662795200466326
6 51 0.6066994753802342
6 52 1.2494074480263513
6 53 1.318274473229435
6 54 1.1922718834200396
6 55 1.1021888136932076
6 56 1.151085607422737
6 57 1.2801182676590184
6 58 1.273170596873258
6 59 1.6654857799738303
6 60 1.2485554755982444
6 61 1.409385215800137
6 62 1.241724689360586
6 63 1.2758301344737464
6 64 1.2650909624258124
6 65 1.1688266598637382
6 66 1.3729600098262866
6 67 1.1713998789318556
6 68 1.3401391850811557
6 69 1.2562925543814722
6 70 1.4272772013901034
6 71 1.6203948396100119
6 72 1.2711457202352325
6 73 1.2435966952748903
6 74 1.277059011577867
6 75 0.7398136398877023
6 76 1.1765646019306473
6 77 1.2232627551429764
6 78 1.4460605961273658
6 79 1.3302254038569754
6 80 1.2471718947129384
6 81 1.342341833990646
6 82 1.4905495398677078
6 83 1.1772111872572206
6 84 1.055825240212939
6 85 1.2558423283039633
6 86 1.1435601490404774
6 87 1.3664697204626741
6 88 1.1028129499488688
6 89 1.3028417838439852
7 8 1.2886979896628072
7 9 1.2834640660222725
7 10 1.2948355887897232
7 11 1.2460761900064488
7 12 1.2113390793233885
7 13 1.3741447105925548
7 14 1.1476964507744694
7 15 1.2038318904114702
7 16 1.1914951289606817
7 17 1.2731406009339172
7 18 1.342581878721698
7 19 1.4177971271121397
7 20 1.3497536305125235
7 21 1.2248584640032536
7 22 1.2144108207567377
7 23 1.4146704635173284
7 24 1.3762277921140271
7 25 1.3021034432568934
7 26 1.3024982663536104
7 27 1.3289087760774967
7 28 1.3897098254864653
7 29 1.3183894103895863
7 30 1.2977169233917205
7 31 1.3128611757583042
7 32 1.3003699917921245
7 33 1.243417511530245
7 34 1.3016745856343617
7 35 1.4237305790357002
7 36 1.1887102022635976
7 37 1.311054749345551
7 38 1.3792398196495144
7 39 1.2652211098615052
7 40 1.335240943138538
7 41 1.2948069908038642
7 42 1.3168571207461983
7 43 1.2904066521199993
7 44 1.3026428709134534
7 45 1.1873415534362195
7 46 1.3245028908966592
7 47 1.3223865453042039
7 48 1.314775827673268
7 49 1.2869466354336405
7 50 1.3256925823703252
7 51 1.2106417921892572
7 52 1.3266311408593365
7 53 1.3878070798793813
7 54 1.2981661906932083
7 55 1.1691606802521146
7 56 1.303214954044986
7 57 1.3447644745310972
7 58 1.2918112626114175
7 59 1.3748439925048197
7 60 1.2565788594306502
7 61 1.2037397988139686
7 62 1.3299721613307947
7 63 1.3628465267383416
7 64 1.1983965741579699
7 65 1.2779410931234807
7 66 1.4112047047937046
7 67 1.2730016747029786
7 68 1.4106244154667795
7 69 1.3175325999439198
7 70 1.4071804504136398
7 71 1.3261900284352546
7 72 1.2946939517359295
7 73 1.272247727375532
7 74 1.3022636841985225
7 75 1.277047117756184
7 76 1.2215276673650988
7 77 1.2885979077553646
7 78 1.427673017398055
7 79 1.1607030902628503
7 80 1.2646647063166774
7 81 1.3554036817111532
7 82 1.4293880953375537
7 83 1.1975597491842132
7 84 1.2266730994668225
7 85 1.3403155225448897
7 86 1.115814262649313
7 87 1.353205011781855
7 88 1.2960846204041159
7 89 1.3542289897546564
8 9 1.3578947666396863
8 10 1.373023417111294
8 11 1.3826486172260886
8 12 1.4065778747268982
8 13 1.3518068809724157
8 14 1.3760593629180584
8 15 1.419590579442328
8 16 1.3304587647217048
8 17 1.395389455745972
8 18 1.377711580754196
8 19 1.4825537589772069
8 20 1.40392836117402
8 21 1.2475812932725732
8 22 1.3802227469307522
8 23 1.3105507999573907
8 24 1.3311327077459918
8 25 1.4182252304148846
8 26 1.4454806100664996
8 27 1.4378935680945575
8 28 1.346292327099964
8 29 1.3357664836280387
8 30 1.421857965853085
8 31 1.2750596906037772
8 32 1.4235469860053516
8 33 1.3946329487136266
8 34 1.5017932201368476
8 35 1.3129426023148403
8 36 1.306008252492273
8 37 1.378100430335712
8 38 1.4316723297015648
8 39 1.3301457435093984
8 40 1.3755311923309272
8 41 1.2598160837661707
8 42 1.420847080394449
8 43 1.3243502486179068
8 44 1.2546480242515117
8 45 1.3698819236645636
8 46 1.203915229554735
8 47 1.2991999747908538
8 48 1.3684045795878903
8 49 1.370659713917441
8 50 1.4444806591728232
8 51 1.4011454909811374
8 52 1.379869683227918
8 53 1.4025042456887815
8 54 1.2934055021763404
8 55 1.385882603543389
8 56 1.3461522234078975
8 57 1.4063189742675108
8 58 1.4051659247903054
8 59 1.3239614100853558
8 60 1.2648612182567753
8 61 1.3708225031364967
8 62 1.3802539889411298
8 63 1.2635632275600204
8 64 1.3597325295290803
8 65 1.336678193989196
8 66 1.2407549562586038
8 67 1.3384485117981986
8 68 1.4276097925855842
8 69 1.3701029133099305
8 70 1.2708710804746564
8 71 1.375632460528164
8 72 1.395899422797498
8 73 1.3295070728827172
8 74 1.3685984088026129
8 75 1.3471191985063466
8 76 1.388221308367547
8 77 1.4773120475501809
8 78 1.4175353376632212
8 79 1.3554234783561279
8 80 1.2979347719231178
8 81 1.3799232471840548
8 82 1.383609165479923
8 83 1.4390587966722312
8 84 1.2774767935878313
8 85 1.356107247607125
8 86 1.3721210119813274
8 87 1.3606196679968239
8 88 1.4491796777924584
8 89 1.462925084067252
9 10 1.4854731482877477
9 11 1.1059826482621606
9 12 0.9105602120328553
9 13 1.2209821246151857
9 14 1.031527125591701
9 15 1.0599954964728382
9 16 1.3206354347062823
9 17 1.2848561790030302
9 18 1.2021984543848239
9 19 1.1963771565077972
9 20 1.292938934140196
9 21 1.1410985231703663
9 22 1.13532684835496
9 23 1.3824226887507374
9 24 1.3235084303977451
9 25 1.2533169851418402
9 26 0.9600575002482322
9 27 0.6861533432961203
9 28 1.2008818571636177
9 29 1.1095988504753318
9 30 0.6901696163665273
9 31 1.27684727689738
9 32 1.2062056027064134
9 33 1.091057453969483
9 34 1.159763055313357
9 35 1.2885534063206423
9 36 1.2639423572296258
9 37 1.1631417563233593
9 38 1.3232323893590128
9 39 1.2859083416665862
9 40 1.5968324576139323
9 41 1.333829150661836
9 42 1.6695843172815066
9 43 1.0205669981522716
9 44 1.2104789868823638
9 45 1.5698002612066042
9 46 1.2771754146775394
9 47 1.2818067652917813
9 48 1.4582561326480645
9 49 0.9112818933257697
9 50 1.220871825404968
9 51 0.7034520759404453
9 52 1.2634998636262422
9 53 1.209195884357658
9 54 1.1970963588122612
9 55 1.1009487138948857
9 56 1.144088903635708
9 57 1.2052212117139518
9 58 1.3401469785922846
9 59 1.6586399412072876
9 60 1.2209360143908157
9 61 1.34546301447869
9 62 1.211258817924454
9 63 1.2589817955745746
9 64 1.2726961868509004
9 65 1.193306901057441
9 66 1.2721542766642173
9 67 1.115602113759191
9 68 1.3702528065644188
9 69 1.220340989458811
9 70 1.389045617067564
9 71 1.5888945945902713
9 72 1.2444625992113434
9 73 1.152863179780968
9 74 1.199868386719578
9 75 0.8402076234480325
9 76 1.1037980214205787
9 77 1.190279751389862
9 78 1.4686047485135467
9 79 1.2654410312036044
9 80 1.1691543206756776
9 81 1.3408714484646658
9 82 1.4492418516694066
9 83 1.155324141676444
9 84 1.0891770573883204
9 85 1.179643255187624
9 86 1.1119313521632948
9 87 1.3223881385674825
9 88 1.1668902986125549
9 89 1.2211414592474916
10 11 1.3660858019409003
10 12 1.3772975898096604
10 13 1.4627511117278613
10 14 1.345843111257427
10 15 1.4096186397198491
10 16 1.386588454973343
10 17 1.3174058405200726
10 18 1.4016487545047989
10 19 1.56715399856601
10 20 1.4419403264092006
10 21 1.4229384545229413
10 22 1.34093299556828
10 23 1.3959461412453404
10 24 1.4062110026572698
10 25 1.3766666454394325
10 26 1.4449490084890904
10 27 1.4789555022341951
10 28 1.51304099111857
10 29 1.3896701035274917
10 30 1.4587659688192576
10 31 1.3064263480795864
10 32 1.489602441455404
10 33 1.4144712635615513
10 34 1.5421866558237698
10 35 1.4500219716689797
10 36 1.32735915685093
10 37 1.4770462906913453
10 38 1.4703970650006264
10 39 1.2769365614640604
10 40 1.263981315333628
10 41 1.3591404110706473
10 42 1.3375412291125248
10 43 1.3683824740642432
10 44 1.4164596618507934
10 45 1.3240720951857727
10 46 1.3930999456826463
10 47 1.442375911674036
10 48 1.178407981540808
10 49 1.4667075550863384
10 50 1.2794174217504704
10 51 1.424099845382122
10 52 1.4711930272827731
10 53 1.4838209949733006
10 54 1.497615502395773
10 55 1.347365476761886
10 56 1.1979544946311977
10 57 1.5275639018906912
10 58 1.4381397634044302
10 59 1.2724468807112739
10 60 1.408922113667209
10 61 1.3729573763270164
10 62 1.4255377801369318
10 63 1.4543210016781587
10 64 1.4369187343936236
10 65 1.4065316786497803
10 66 1.3233130859493987
10 67 1.3784577270188527
10 68 1.4662694014975741
10 69 1.3882576653428076
10 70 1.5068983117406125
10 71 1.209659079895191
10 72 1.4516693124135422
10 73 1.3720509092712365
10 74 1.3245856619659837
10 75 1.3946949897356316
10 76 1.4402677622462499
10 77 1.4048946694615656
10 78 1.4254388648937548
10 79 1.4904530875932618
10 80 1.3590499681490908
10 81 1.4349570156415947
10 82 1.3041201870701045
10 83 1.515252344702014
10 84 1.485504612052736
10 85 1.5434689248266664
10 86 1.3061205517574406
10 87 1.3178508560476965
10 88 1.3584353419697022
10 89 1.5342369313307453
11 12 1.0747640958163645
11 13 1.1177714844914926
11 14 1.0532103246236808
11 15 0.7192462340278252
11 16 1.1989736963220872
11 17 1.0259152463169543
11 18 1.108358085184426
11 19 1.2357078445398746
11 20 1.2731407816579423
11 21 1.179929906511205
11 22 1.2093452378308713
11 23 1.2028537986287604
11 24 1.3135296682821298
11 25 1.2227137596978572
11 26 1.0884038641096236
11 27 1.0512846418958262
11 28 1.3527084007121493
11 29 1.195118537181268
11 30 1.0466576683844713
11 31 1.232805123946303
11 32 1.4173935946761465
11 33 1.0265627184324584
11 34 1.1310601793033899
11 35 1.2761863283282524
11 36 1.2456500236632229
11 37 1.08349999407066
11 38 1.2710946445423295
11 39 1.167504432563946
11 40 1.3475339543849503
11 41 1.3963803172858185
11 42 1.437243572136122
11 43 0.8365185471680063
11 44 1.1728975798714523
11 45 1.2972973414656817
11 46 1.300867907810073
11 47 1.3516528463569273
11 48 1.189320254076013
11 49 1.1800135063204555
11 50 1.1401486166635046
11 51 1.0616172438901523
11 52 1.162532528564099
11 53 1.2103989060059779
11 54 1.2818986900996732
11 55 0.9561543654996381
11 56 1.0567206798608528
11 57 1.2743855930428116
11 58 1.1500432446002213
11 59 1.4150667108727257
11 60 1.1563719765709812
11 61 1.2518559156882496
11 62 1.150496831274987
11 63 1.3484710652133738
11 64 1.340829540425417
11 65 1.1444861800466621
11 66 1.3380996389492434
11 67 1.0939735485518045
11 68 1.2962866735247036
11 69 1.1470593148308599
11 70 1.4321907977417097
11 71 1.3988282082754213
11 72 1.26693714925426
11 73 1.12697132087519
11 74 1.1299887610280641
11 75 1.0787231777831883
11 76 1.189840534963938
11 77 1.1417746339950117
11 78 1.3500206453711703
11 79 1.3481268648645532
11 80 0.9991038423573108
11 81 1.4045846231761434
11 82 1.3467317923934818
11 83 1.1599971955757409
11 84 1.1022779150667488
11 85 1.2718685729169272
11 86 1.163682587268252
11 87 1.1936399670999909
11 88 1.0687018718639079
11 89 1.3125290858902237
12 13 1.1976797896609235
12 14 1.058351689246784
12 15 0.982213722850041
12 16 1.3621796237698856
12 17 1.153635093196448
12 18 1.2981727949633748
12 19 1.2946448942911752
12 20 1.2112695818233243
12 21 1.177919248495333
12 22 1.0827124056392958
12 23 1.3282363797672303
12 24 1.3235710365628388
12 25 1.159025750955716
12 26 1.0069302828261455
12 27 0.8612645698743427
12 28 1.302985995878743
12 29 1.1253146209224367
12 30 0.7758814313649102
12 31 1.2193773522797022
12 32 1.322177074529197
12 33 0.9868623544937022
12 34 1.1101247558749094
12 35 1.2864444519131792
12 36 1.249302855244763
12 37 1.1868537738769638
12 38 1.3501116281714705
12 39 1.1110369121831563
12 40 1.4428544834471546
12 41 1.3676125442639357
12 42 1.5397875881108487
12 43 1.0903151357777847
12 44 1.2387447765757282
12 45 1.4529666364058191
12 46 1.2976535070550896
12 47 1.3568441923736232
12 48 1.254484239509405
12 49 0.9736168333609201
12 50 1.1923234336420987
12 51 0.7985942375508871
12 52 1.17358942597486
12 53 1.2983787069569408
12 54 1.2244951953896306
12 55 1.023811368160499
12 56 1.1307462278437037
12 57 1.2369397965819808
12 58 1.2687522283946542
12 59 1.542110959557397
12 60 1.1650244973962738
12 61 1.3951268812664566
12 62 1.1225178544136072
12 63 1.2930207678582326
12 64 1.3860038962475967
12 65 1.1334532194383282
12 66 1.3007071767258176
12 67 1.111837419985311
12 68 1.2865151238514378
12 69 1.1023602752348616
12 70 1.4415193911712931
12 71 1.4709366961082457
12 72 1.2137033310008531
12 73 1.1339551016552998
12 74 1.2434611695858202
12 75 0.8629934592832138
12 76 1.1600405536213394
12 77 1.240300201662489
12 78 1.46142726129983
12 79 1.2957053291359146
12 80 1.1267018092469039
12 81 1.3545510392311018
12 82 1.4404242385211676
12 83 1.2114296016485244
12 84 1.022662685002923
12 85 1.208346797248778
12 86 1.1194840468587486
12 87 1.3169072284721093
12 88 1.072086308234295
12 89 1.2854111335667668
13 14 1.3505194768246993
13 15 1.1196962806879978
13 16 1.3615364703233863
13 17 1.3139658553891889
13 18 1.2838153314893268
13 19 1.1892438053190926
13 20 1.3056276695691964
13 21 1.3115492400243627
13 22 1.197243806684878
13 23 1.2683733508595625
13 24 1.1649516841699432
13 25 1.3140291108736035
13 26 1.167813116666145
13 27 1.1986770964333309
13 28 1.2906484812546808
13 29 1.251102033774146
13 30 1.2201708030039207
13 31 1.2712029521003072
13 32 1.3682446798429189
13 33 1.1200079498458297
13 34 1.1489569981613423
13 35 1.25973083533907
13 36 1.3243921279265345
13 37 1.1750606429912127
13 38 1.2525626924445585
13 39 1.323879466930141
13 40 1.3969516683894196
13 41 1.352579792003395
13 42 1.4901398320652606
13 43 1.1417468638932502
13 44 1.074277143393178
13 45 1.419764605083651
13 46 1.2904702053640804
13 47 1.1751081405976824
13 48 1.329311488634135
13 49 1.2148069985686623
13 50 1.335344598533542
13 51 1.2505272166774437
13 52 1.1854428627352944
13 53 1.0995977559537689
13 54 1.281928106820653
13 55 1.1324728177238397
13 56 1.2601550318426156
13 57 1.2402417723015988
13 58 1.13444320546141
13 59 1.439716396614395
13 60 1.3064008748989846
13 61 1.1960339964828235
13 62 1.1649361782903047
13 63 1.2956108665260777
13 64 1.3161026414839205
13 65 1.166092829673336
13 66 1.3147396055810343
13 67 1.0898653649247696
13 68 1.3240151133618963
13 69 1.3165680747577488
13 70 1.327373392735323
13 71 1.4818265600525122
13 72 1.1141962882765297
13 73 1.284629772485404
13 74 1.2116380241580367
13 75 1.245033127629719
13 76 1.186990201732837
13 77 1.29253794657009
13 78 1.257703948121694
13 79 1.4197006105816454
13 80 1.1688270217223187
13 81 1.3489227895225513
13 82 1.3659660352676024
13 83 1.2263828728473791
13 84 1.2255838627532551
13 85 1.1840580333335915
13 86 1.2102079952820257
13 87 1.4468766951644956
13 88 1.27658882695663
13 89 1.3228818336142496
14 15 1.0893536257596568
14 16 1.1609270054768404
14 17 1.0469981605584981
14 18 1.3445871255706137
14 19 1.3158337217863165
14 20 1.2779147656028254
14 21 1.3288694303131146
14 22 1.2758981510467649
14 23 1.4077913420111192
14 24 1.4291889978292047
14 25 1.372922989201985
14 26 1.2514990123742915
14 27 1.1017103744792809
14 28 1.3444761332196267
14 29 1.1514495043137951
14 30 1.0865913947861987
14 31 1.2685393796237665
14 32 1.3580902922463238
14 33 1.1820441286687842
14 34 1.2047060130549743
14 35 1.2388582258366656
14 36 1.1372310610484067
14 37 1.2090037908772142
14 38 1.3115396340914984
14 39 1.1871212582721737
14 40 1.4439755212650816
14 41 1.3481167515627162
14 42 1.5360125646369676
14 43 1.1430704518749562
14 44 1.3111335631196357
14 45 1.3861247088069508
14 46 1.35703580884371
14 47 1.35639304808091
14 48 1.337380211740032
14 49 1.231292296562492
14 50 1.07608237048319
14 51 1.034751191038039
14 52 1.2633931799688778
14 53 1.3274708038011938
14 54 1.2594980184409883
14 55 1.055417608463167
14 56 1.254396019199271
14 57 1.2799866887371236
14 58 1.304710352248355
14 59 1.495734722951893
14 60 1.0937669518949007
14 61 1.37224956481938
14 62 1.3242925524433298
14 63 1.4138688747736672
14 64 1.353453839660328
14 65 1.2997747478736188
14 66 1.2907912885711785
14 67 1.2044112258058477
14 68 1.3066156406224139
14 69 1.1352190116693561
14 70 1.4298736165380843
14 71 1.4612043096584355
14 72 1.3464989087498755
14 73 1.1632505825219228
14 74 1.2642419799335223
14 75 1.1107247444116537
14 76 1.2130334405938803
14 77 1.1426814739060898
14 78 1.4089626238246902
14 79 1.2393436311054333
14 80 1.0899694136808087
14 81 1.407804135239252
14 82 1.4586709743927733
14 83 1.2790177071531237
14 84 1.114614498927057
14 85 1.3166388830410842
14 86 1.1444518094856884
14 87 1.2584014525987979
14 88 1.1053703139587865
14 89 1.2969311636258958
15 16 1.2793385704696536
15 17 1.1746133081588308
15 18 1.2222747102240423
15 19 1.2429090357361625
15 20 1.2408109875658193
15 21 1.0992838971904662
15 22 1.155555531182427
15 23 1.211985584499172
15 24 1.2785187005376704
15 25 1.080679655129564
15 26 1.18937358707865
15 27 0.9918878300799067
15 28 1.2884169246623551
15 29 1.1103070153759438
15 30 1.0259058475001657
15 31 1.2566989914712297
15 32 1.3754937813257995
15 33 0.9945263533292922
15 34 1.032657571023724
15 35 1.3082166726162503
15 36 1.2746370734076944
15 37 1.071539958554495
15 38 1.2198831230230969
15 39 1.234912642686528
15 40 1.3875143259727265
15 41 1.341400107438102
15 42 1.4739330566877311
15 43 0.8485199543207049
15 44 1.1889253647336304
15 45 1.3742003046458753
15 46 1.3286124005023912
15 47 1.306947833846446
15 48 1.1843015288904304
15 49 1.2544996127700685
15 50 1.2206596950410094
15 51 1.0319648078379335
15 52 1.1574527116934656
15 53 1.244550886449246
15 54 1.2584903309935025
15 55 0.9647668276790422
15 56 1.0913639200210061
15 57 1.1701367221632168
15 58 1.2287471767415807
15 59 1.452367738544411
15 60 1.1111022405768882
15 61 1.2932557688441138
15 62 1.1400143313618776
15 63 1.2651461205851855
15 64 1.3212965386717244
15 65 1.0760491013399807
15 66 1.3547087585434645
15 67 1.0992097589878522
15 68 1.3069597966378461
15 69 1.198394941732307
15 70 1.39842568520102
15 71 1.4296201664267547
15 72 1.2125710126533886
15 73 1.134054748136127
15 74 1.1881395150313732
15 75 1.1038910227040977
15 76 1.1782424280201373
15 77 1.1568536045074607
15 78 1.3264918858842556
15 79 1.2688712811923435
15 80 1.0387747932421891
15 81 1.324549240770539
15 82 1.3621902653715126
15 83 1.1232285412702931
15 84 1.0465718069377754
15 85 1.18456594975558
15 86 1.1415881466476856
15 87 1.2825832021626036
15 88 1.1214888853942242
15 89 1.2126634408380585
16 17 1.201549115639354
16 18 1.3075575853698296
16 19 1.2796267455244628
16 20 1.3084082323813193
16 21 1.2592897857109075
16 22 1.2933245556390425
16 23 1.3203131389402014
16 24 1.4369962824351497
16 25 1.2791648822964978
16 26 1.2833041820904083
16 27 1.3590878166899625
16 28 1.4402065322220858
16 29 1.2681354779074099
16 30 1.40876135326428
16 31 1.3143672982466656
16 32 1.4221246370347662
16 33 1.302325894214122
16 34 1.297205371081538
16 35 1.2326792793685548
16 36 1.1617053559872923
16 37 1.2756003764323396
16 38 1.3661788990904296
16 39 1.2695051092838836
16 40 1.288176334798215
16 41 1.3518048100072553
16 42 1.312842118208095
16 43 1.2308696735905236
16 44 1.339493533045561
16 45 1.1459909090309321
16 46 1.338879217257989
16 47 1.330321417440873
16 48 1.271887913550021
16 49 1.4584188370491589
16 50 1.221679409692832
16 51 1.3873813579631733
16 52 1.2927654715719927
16 53 1.2991178469585432
16 54 1.2676396114101214
16 55 1.1882232340081729
16 56 1.3020861143686888
16 57 1.3633843146891014
16 58 1.305215318368048
16 59 1.3433556909951085
16 60 1.3752205300578242
16 61 1.286064349882011
16 62 1.3305931889782676
16 63 1.492407441195136
16 64 1.3557333605707154
16 65 1.2733288396397833
16 66 1.3985363869858363
16 67 1.178223326951031
16 68 1.368732938142706
16 69 1.18518809737473
16 70 1.4395223692481323
16 71 1.3307995204802125
16 72 1.2666079413145246
16 73 1.2173476563412895
16 74 1.208375307854909
16 75 1.4136360583706349
16 76 1.295390801450014
16 77 1.294690012636862
16 78 1.281618646202353
16 79 1.255261572121972
16 80 1.283877037745826
16 81 1.3952533920297194
16 82 1.2699876241017272
16 83 1.2487524646329096
16 84 1.2787082016008788
16 85 1.320964116147837
16 86 1.28258822532068
16 87 1.3967102863503809
16 88 1.2441825702606595
16 89 1.3387381700597953
17 18 1.4301167659893763
17 19 1.325713822827682
17 20 1.1697823272805217
17 21 1.351592467531985
17 22 1.3459396249232067
17 23 1.2700879804933523
17 24 1.4351190423392262
17 25 1.3394253688927684
17 26 1.3122658536059237
17 27 1.275698255076973
17 28 1.5264895162283
17 29 1.2898673138785153
17 30 1.282767505797868
17 31 1.1147661785303125
17 32 1.4451759127919193
17 33 1.3067725128243362
17 34 1.3731886063146983
17 35 1.242549070176229
17 36 1.2404382894342052
17 37 1.299346178594801
17 38 1.3599164704526092
17 39 0.9649380608629297
17 40 1.3774236890676033
17 41 1.5150691234273577
17 42 1.4033862878996657
17 43 1.1919887680367907
17 44 1.329806259680342
17 45 1.258930818741376
17 46 1.3535641790645208
17 47 1.4186348291871236
17 48 1.1984821286084897
17 49 1.3586802247996286
17 50 0.9099408249532952
17 51 1.206340675695532
17 52 1.3049200230796458
17 53 1.3325289591790692
17 54 1.492260018285454
17 55 1.0581143829382218
17 56 1.217430706016682
17 57 1.4303439911067162
17 58 1.4158000277885905
17 59 1.4040198487702318
17 60 1.1312417776823915
17 61 1.3174512517557084
17 62 1.3487069656989101
17 63 1.37871522593567
17 64 1.4069104094890934
17 65 1.3094326905645364
17 66 1.380611303276042
17 67 1.2572076343049903
17 68 1.386636617505711
17 69 0.8031168034747512
17 70 1.5322140410374394
17 71 1.378296612750631
17 72 1.3522632756309547
17 73 1.0051346472029248
17 74 1.2578330212670616
17 75 1.319048301078139
17 76 1.3320840237476348
17 77 1.3538199444933685
17 78 1.4333901396949835
17 79 1.3472723101180817
17 80 0.9809591975645715
17 81 1.491789864056407
17 82 1.3989541971624608
17 83 1.1994263155497056
17 84 1.2015596900008731
17 85 1.4004278856641856
17 86 1.2433004445036775
17 87 1.2652396643871016
17 88 0.9863087048292464
17 89 1.3627650254289383
18 19 1.2509888269378497
18 20 1.450892614658244
18 21 1.1798397003991532
18 22 1.196019816631884
18 23 1.3294153593499474
18 24 1.150439051772924
18 25 1.3316714587719252
18 26 1.088576700776918
18 27 1.1910508871942813
18 28 1.311446325702194
18 29 1.3111462140829158
18 30 1.1636512259574787
18 31 1.3666576847903849
18 32 1.327603720862467
18 33 1.1773254994275315
18 34 1.1551560390068154
18 35 1.4466868532322052
18 36 1.3518129597014845
18 37 1.170438136116587
18 38 1.1558872465468721
18 39 1.3869888846209597
18 40 1.3099253888125577
18 41 1.3235043844794177
18 42 1.4133168007325507
18 43 1.1074555007727742
18 44 1.311829180455279
18 45 1.3419302422095567
18 46 1.3532122772964423
18 47 1.4146410249252928
18 48 1.3392420777966405
18 49 1.199202002846513
18 50 1.366977173852685
18 51 1.2735037116420582
18 52 1.193129932276162
18 53 1.2515341923601095
18 54 1.1954046904086564
18 55 1.2149432459462552
18 56 1.1968691027344056
18 57 1.2649487837226963
18 58 0.9999750458780268
18 59 1.345911719929031
18 60 1.3355822964700907
18 61 1.270902165181831
18 62 1.1496547423290029
18 63 1.2462380977821754
18 64 1.278675053394245
18 65 1.2595495285568474
18 66 1.2452899082908055
18 67 1.1777865133935637
18 68 1.3590450169279622
18 69 1.4510650305526263
18 70 1.3145630959955692
18 71 1.3873042044046318
18 72 1.295082900541809
18 73 1.3933358574194206
18 74 1.2521254891853857
18 75 1.2124193063215511
18 76 1.3084792022648029
18 77 1.073594948246821
18 78 1.297192333302177
18 79 1.3950970344349665
18 80 1.2929026669979014
18 81 1.3010669128406818
18 82 1.3759259447381926
18 83 1.183788325287846
18 84 1.2583386292546381
18 85 1.2373181650571485
18 86 1.2350860357091393
18 87 1.2554360686862482
18 88 1.358281965864922
18 89 1.355100746839762
19 20 1.3499240963465478
19 21 1.3268251192230767
19 22 1.357559360498384
19 23 1.310288394956348
19 24 1.3254788500947337
19 25 1.3550097389511535
19 26 1.2876583583375454
19 27 1.2523923544307463
19 28 1.259236858294634
19 29 1.3206377396414162
19 30 1.3096303058495569
19 31 1.3919036049778455
19 32 1.3972370089073123
19 33 1.1613415131424416
19 34 1.1597622271427708
19 35 1.3088826555009874
19 36 1.4020321952985382
19 37 1.2062209109066808
19 38 1.1528067610870878
19 39 1.3768767147192231
19 40 1.4022492792871692
19 41 1.3977713981502304
19 42 1.4587058627777167
19 43 1.2132431227976848
19 44 1.2085283170516938
19 45 1.4287118067477718
19 46 1.3475663293300666
19 47 1.3331586930309962
19 48 1.355040883730826
19 49 1.2581678340529208
19 50 1.3720987745046682
19 51 1.335052278886775
19 52 1.17300384106501
19 53 0.9787824044472292
19 54 1.3356071977282893
19 55 1.246497728715481
19 56 1.3495093491009906
19 57 1.176516715093636
19 58 1.2231763992291942
19 59 1.443697515774931
19 60 1.3819320968343174
19 61 1.287956767827918
19 62 1.2070889912667657
19 63 1.3671938529063596
19 64 1.3015103186871049
19 65 1.285378432135446
19 66 1.4384903770073658
19 67 1.2659211917518063
19 68 1.1882460910738148
19 69 1.375217896127103
19 70 1.3676422375159731
19 71 1.41129529662082
19 72 1.1390661296071127
19 73 1.3150650459483642
19 74 1.2500586351776752
19 75 1.3506108878814116
19 76 1.2670852929178549
19 77 1.249201563018752
19 78 1.2437157098626561
19 79 1.3623423065046494
19 80 1.348989220395828
19 81 1.3174106443096947
19 82 1.4489104543641158
19 83 1.2230734035334843
19 84 1.284700793643544
19 85 1.0524098887258235
19 86 1.2382837754074187
19 87 1.379863292204519
19 88 1.4384798595801576
19 89 1.3420186563384588
20 21 1.3497204254798694
20 22 1.3806117580672055
20 23 1.3054465991090805
20 24 1.3905234419935133
20 25 1.4100384795184184
20 26 1.2731456078201493
20 27 1.3016375666111002
20 28 1.382170883450438
20 29 1.2527327907909684
20 30 1.3095058450208303
20 31 1.0741283605513163
20 32 1.3505118068806663
20 33 1.3013777914290756
20 34 1.3903097709176444
20 35 1.2439677559694398
20 36 1.203024100794788
20 37 1.4014231189374828
20 38 1.3175296181528098
20 39 1.1253945337025315
20 40 1.4151015378141178
20 41 1.4021047372989421
20 42 1.4949896553881212
20 43 1.278034462040619
20 44 1.3267481954658593
20 45 1.3072870829966388
20 46 1.3794992090895575
20 47 1.4502309051923417
20 48 1.3351494177065595
20 49 1.3443450160336186
20 50 1.115021178059382
20 51 1.273644956317235
20 52 1.4187586623600468
20 53 1.2390749889197226
20 54 1.4029703832933875
20 55 1.2356633607444734
20 56 1.2779215104820174
20 57 1.435657976664169
20 58 1.3773832904308738
20 59 1.4896149031219696
20 60 1.2814986274434181
20 61 1.3823058674439908
20 62 1.223955481386681
20 63 1.3792635904280504
20 64 1.3994286134914726
20 65 1.2702441487129592
20 66 1.332868039898833
20 67 1.3284915518001197
20 68 1.40648772010097
20 69 1.0219704338620095
20 70 1.4967895535874547
20 71 1.44569298069041
20 72 1.3770156844233035
20 73 1.2535522717355565
20 74 1.4331593860718939
20 75 1.3753096101780942
20 76 1.3176798132014629
20 77 1.3363854100591155
20 78 1.466144947625394
20 79 1.3940127182456186
20 80 1.2459399240383695
20 81 1.333508352454137
20 82 1.49241720006399
20 83 1.3945829684231708
20 84 1.332863752553278
20 85 1.3852588028472945
20 86 1.391382568984999
20 87 1.4902182980091765
20 88 1.2048512708857813
20 89 1.2163697345207862
21 22 1.1699998576172983
21 23 1.092480469430495
21 24 1.1257853304083347
21 25 1.2462408492885482
21 26 1.3064911412702351
21 27 1.099920348796935
21 28 1.3630084284149766
21 29 1.2422170599436393
21 30 1.1364734473970979
21 31 1.2794051994108324
21 32 1.301509835215794
21 33 1.1369944162142402
21 34 1.0865506737203898
21 35 1.2971836108274368
21 36 1.2908464711648273
21 37 1.128184753180447
21 38 1.178543099175314
21 39 1.3799633390328043
21 40 1.3671914205316114
21 41 1.307500521184791
21 42 1.3929585776497246
21 43 1.0253996414556021
21 44 1.0492055981492239
21 45 1.3509606837766306
21 46 1.2931704847514762
21 47 1.2489745150252625
21 48 1.2514154245872575
21 49 1.2092031700203523
21 50 1.4394015324690088
21 51 1.1953557656536529
21 52 1.2243793072225306
21 53 1.2961193622097542
21 54 1.3413284602668785
21 55 1.235532733191638
21 56 1.117239050366293
21 57 1.1900642651527413
21 58 1.181773728853727
21 59 1.3555671435740868
21 60 1.2811732776982792
21 61 1.2260910266145606
21 62 1.2262731609177024
21 63 1.2960376072919846
21 64 1.2318671475617367
21 65 1.2140438066977752
21 66 1.3929164138072907
21 67 1.174704124623271
21 68 1.4249541416876073
21 69 1.3741834058982336
21 70 1.488494110335866
21 71 1.3464369573204216
21 72 1.3059035478036234
21 73 1.3638696597851874
21 74 1.2178939441873289
21 75 1.1475235453999229
21 76 1.2293458321577735
21 77 1.231496390000704
21 78 1.303103703547149
21 79 1.3144414027613665
21 80 1.29244464179512
21 81 1.38125652847333
21 82 1.2743943941993405
21 83 1.2054364736687357
21 84 1.1375008780670803
21 85 1.1846950117268564
21 86 1.2343442599379848
21 87 1.324134084987707
21 88 1.322549069485352
21 89 1.2845503563924974
22 23 1.2816401622459912
22 24 1.2252532977716837
22 25 1.2433034668536183
22 26 1.124926659743064
22 27 1.1314265896770608
22 28 1.2882197908693205
22 29 1.2294239716079467
22 30 1.0980263903681118
22 31 1.2949745021678543
22 32 1.2618031737354782
22 33 1.139453570997958
22 34 1.3023082258470198
22 35 1.281129941742698
22 36 1.2516616936398028
22 37 1.1945477508922666
22 38 1.3324183570046588
22 39 1.2538305463077537
22 40 1.3772620699983464
22 41 1.3271530465299275
22 42 1.4688647724396735
22 43 1.186747928024976
22 44 1.2528315142557196
22 45 1.340863520042849
22 46 1.1858191976943135
22 47 1.2231728531705057
22 48 1.276235069521592
22 49 1.0930442296882736
22 50 1.3068073739918382
22 51 1.0886279204381946
22 52 1.3009578145610698
22 53 1.256546404032644
22 54 1.251716615298649
22 55 1.1584392337806342
22 56 1.2069999617836449
22 57 1.333710532564927
22 58 1.155763742600773
22 59 1.4017349748558756
22 60 1.3076635680442905
22 61 1.3692798745044072
22 62 1.2071031582639373
22 63 1.3420706495345731
22 64 1.2696665573844639
22 65 1.2086281736531255
22 66 1.3113083008366873
22 67 1.0546642006372804
22 68 1.3725996587196492
22 69 1.2872568259487194
22 70 1.463657103117809
22 71 1.3919025368263152
22 72 1.1798486870160998
22 73 1.2200387892861118
22 74 1.239893784952481
22 75 1.0452018109201773
22 76 1.1529772820427397
22 77 1.1604149234784986
22 78 1.3738424143251489
22 79 1.3029556193397076
22 80 1.1937253764111402
22 81 1.2304788027900555
22 82 1.481846418794579
22 83 1.0411288262742693
22 84 1.1674272090559865
22 85 1.3184271946625377
22 86 1.119798295985182
22 87 1.345984133368731
22 88 1.2255239709351862
22 89 1.3383683603518826
23 24 1.2680743705819428
23 25 1.208096385614679
23 26 1.3943246337225432
23 27 1.308346414676089
23 28 1.4288987639328083
23 29 1.2811803655945795
23 30 1.3546712444378717
23 31 1.259993719777321
23 32 1.4085783637465796
23 33 1.2381189278313458
23 34 1.2233779367234208
23 35 1.180040788081917
23 36 1.3366483267453921
23 37 1.2119422453370108
23 38 1.3504360975066076
23 39 1.3118077471804666
23 40 1.2812776788367104
23 41 1.374113430271576
23 42 1.34421492383623
23 43 1.1432621671380858
23 44 1.1696744693653667
23 45 1.2387543593152195
23 46 1.2174549295507382
23 47 1.318576192389466
23 48 1.2084426201084597
23 49 1.272863767143339
23 50 1.394824282530459
23 51 1.3589152808922789
23 52 1.279550968657134
23 53 1.3440089431250466
23 54 1.4504130464168288
23 55 1.1443845482008936
23 56 1.2249087017621991
23 57 1.4181079307028046
23 58 1.2298650902866717
23 59 1.2710329973460754
23 60 1.3476930520663997
23 61 1.1815501989247355
23 62 1.2801437314124355
23 63 1.4410453282897202
23 64 1.3727607187395527
23 65 1.2970018708771474
23 66 1.3683305231906713
23 67 1.226436462126426
23 68 1.3761644512497244
23 69 1.249021302536131
23 70 1.4017141023757747
23 71 1.2666929584831832
23 72 1.3161248875618863
23 73 1.2942743387487075
23 74 1.3531241410765869
23 75 1.2880541726013777
23 76 1.3526514406992454
23 77 1.316526216512102
23 78 1.2483251162495523
23 79 1.37580379537795
23 80 1.169693308530386
23 81 1.4669080887634622
23 82 1.2379120940337283
23 83 1.3258182042857167
23 84 1.2409820417955169
23 85 1.3371723417368606
23 86 1.3179658571276875
23 87 1.333147991003583
23 88 1.3108160464921073
23 89 1.3865746994861379
24 25 1.4272935603841803
24 26 1.312955587117452
24 27 1.3040335774302694
24 28 1.249875594346128
24 29 1.2161316846646475
24 30 1.2939251720312652
24 31 1.340227318927874
24 32 1.31267997221574
24 33 1.0858857568428548
24 34 1.0612447614565121
24 35 1.3392217158874713
24 36 1.3413413558771174
24 37 1.2975249464457095
24 38 1.1065362189120196
24 39 1.4050334276895746
24 40 1.3041702592104458
24 41 1.3202651420477467
24 42 1.3947524770999633
24 43 1.1280365021552239
24 44 1.1033552096185701
24 45 1.3680157311139274
24 46 1.241874044222392
24 47 1.2494083894907446
24 48 1.315346856932116
24 49 1.1898255178942798
24 50 1.411683918107921
24 51 1.340067056324513
24 52 1.1646240063723967
24 53 1.2154935615428617
24 54 1.3441970392548803
24 55 1.2947226268870222
24 56 1.2604843662406813
24 57 1.04594791491263
24 58 1.0116305054418533
24 59 1.3164897863751854
24 60 1.3653712005215977
24 61 1.1980627535738413
24 62 1.2229644559185764
24 63 1.2557159514845069
24 64 1.260660135805381
24 65 1.182122098535348
24 66 1.1884662799490175
24 67 1.3115113472494777
24 68 1.2792271931411998
24 69 1.4767239060628328
24 70 1.2840950566735776
24 71 1.3729981828415414
24 72 1.1129553351875396
24 73 1.4535928118948949
24 74 1.265691163467033
24 75 1.2880919452872839
24 76 1.243992653111196
24 77 1.2929621005043863
24 78 1.285742746285876
24 79 1.429162700926382
24 80 1.3170828690652492
24 81 1.1923471544375615
24 82 1.3237442181493466
24 83 1.3244451376972104
24 84 1.2264905444998047
24 85 1.0816582586961865
24 86 1.2247756924327176
24 87 1.3527781056740433
24 88 1.391749303978516
24 89 1.2979176062237894
25 26 1.325764411995343
25 27 1.1697312958601407
25 28 1.2816693913615729
25 29 1.26994324140139
25 30 1.182162532128092
25 31 1.449811736616146
25 32 1.3830218746099332
25 33 1.3029212567471493
25 34 1.3658136489487065
25 35 1.3098340885422841
25 36 1.3123932211416809
25 37 1.195208230442918
25 38 1.3854787546679694
25 39 1.406928126429118
25 40 1.2507798419138194
25 41 1.399475461712576
25 42 1.3434378244104197
25 43 1.1576819393813733
25 44 1.3814376399765518
25 45 1.3327640835765904
25 46 1.4283174596255357
25 47 1.4771362466256819
25 48 1.1472954255986423
25 49 1.387930250952956
25 50 1.3760960008268464
25 51 1.166075543311907
25 52 1.3428778617793244
25 53 1.2984176908673206
25 54 1.2777491933424403
25 55 1.2590036720527507
25 56 1.2084405666297824
25 57 1.435335736268207
25 58 1.2816209847994395
25 59 1.3480055146051644
25 60 1.1920346204800654
25 61 1.3069946956656295
25 62 1.2984796423092773
25 63 1.2485528605602658
25 64 1.3345110111511784
25 65 1.1998564615108673
25 66 1.4637030631521204
25 67 1.2201394142534245
25 68 1.3584169523281464
25 69 1.3645673485539482
25 70 1.3532824894734419
25 71 1.3156840379451382
25 72 1.379065201141788
25 73 1.2630422347431784
25 74 1.1909452561425413
25 75 1.2020143843162123
25 76 1.3023097272955608
25 77 1.2417549876647715
25 78 1.374671505347555
25 79 1.328535492498129
25 80 1.2862979922227107
25 81 1.5524134411900017
25 82 1.3440060673189775
25 83 1.2481691727390467
25 84 1.2466796892828618
25 85 1.3724943752574537
25 86 1.2492640338851464
25 87 1.3938496724673104
25 88 1.297780643842652
25 89 1.3430220952527938
26 27 0.9451660764531586
26 28 1.3955306402693144
26 29 1.1561570151728322
26 30 0.8733373632243099
26 31 1.3824159229705917
26 32 1.2432548299533872
26 33 1.0968163494995704
26 34 1.1615074259433986
26 35 1.3341027339766187
26 36 1.2832009753150238
26 37 1.2269256586675223
26 38 1.3521592538476748
26 39 1.302395390138737
26 40 1.478095027990191
26 41 1.354621236041311
26 42 1.5318397605730927
26 43 1.1172595831928145
26 44 1.301321846570374
26 45 1.392163956796568
26 46 1.327144536255871
26 47 1.3418692562268226
26 48 1.396382511261029
26 49 0.9226103442204961
26 50 1.3159912434161638
26 51 0.9349196256802853
26 52 1.2707211831187204
26 53 1.2070591421871923
26 54 1.1804785838881353
26 55 1.0677561206737276
26 56 1.1398796498701873
26 57 1.332553681232075
26 58 1.1895639575711123
26 59 1.530452058133909
26 60 1.3754278851810837
26 61 1.3399367163558453
26 62 1.1313288320440926
26 63 1.316202875889509
26 64 1.3148876260843403
26 65 1.1423635047104796
26 66 1.3112386706425463
26 67 1.1642157163130324
26 68 1.2909823373855855
26 69 1.2756836976860733
26 70 1.4223006229609816
26 71 1.5333091605405194
26 72 1.2456878308902073
26 73 1.299201702561535
26 74 1.2610568851011366
26 75 1.0034594998602724
26 76 1.1885774678465089
26 77 1.250562334107166
26 78 1.4324205312792027
26 79 1.3543911681535046
26 80 1.2454026079634117
26 81 1.2814660149304924
26 82 1.4528700793383431
26 83 1.1816685591632081
26 84 1.138429862890344
26 85 1.2372838627330887
26 86 1.179123586210347
26 87 1.3813039970336018
26 88 1.1761194635639938
26 89 1.3075564390559618
27 28 1.1785343564375428
27 29 1.0581534170957776
27 30 0.4884052786559434
27 31 1.298096589363658
27 32 1.2670546558454834
27 33 1.0313152947988258
27 34 1.1425666898700064
27 35 1.2765181811676256
27 36 1.2313515858133726
27 37 1.1574067316390124
27 38 1.2639775546325818
27 39 1.2708202045954708
27 40 1.5402556438048889
27 41 1.3651815657703097
27 42 1.600011398323887
27 43 0.995250011566727
27 44 1.1934092054516938
27 45 1.4869342525578324
27 46 1.3035433870056055
27 47 1.3067287361686772
27 48 1.3815427846174508
27 49 0.886390920478168
27 50 1.2392909974464406
27 51 0.671127515791921
27 52 1.2069719566016401
27 53 1.2494365495658952
27 54 1.2002799546306782
27 55 1.0857123285730004
27 56 1.042883079676889
27 57 1.2463787931055652
27 58 1.2689328972510285
27 59 1.5885762512855612
27 60 1.2033732419846546
27 61 1.3156305367593295
27 62 1.169384833429384
27 63 1.2872813081918308
27 64 1.2389833068254132
27 65 1.1551024834964052
27 66 1.3309762646189347
27 67 1.1173575383412084
27 68 1.366918803358895
27 69 1.2894604871958646
27 70 1.4396989259668054
27 71 1.5574103231314937
27 72 1.2564355826167208
27 73 1.2440536247416127
27 74 1.2023063044257107
27 75 0.7765804323061276
27 76 1.1256014013938833
27 77 1.1960930098294178
27 78 1.419352706979822
27 79 1.321538745020741
27 80 1.1759775684023797
27 81 1.3757412015931723
27 82 1.4278651731691985
27 83 1.159682881587118
27 84 1.0882489916739235
27 85 1.1795183316726403
27 86 1.1864788789599376
27 87 1.3340666108306742
27 88 1.1544914956974335
27 89 1.234289444609202
28 29 1.236000317920023
28 30 1.2255586329798998
28 31 1.4262152049307781
28 32 1.380163124161555
28 33 1.318402155036821
28 34 1.4073579839418835
28 35 1.282483469618943
28 36 1.3852209460032958
28 37 1.3834178181111831
28 38 1.3688227762252478
28 39 1.4251618719589767
28 40 1.3975504954461557
28 41 1.3395171824319074
28 42 1.5267835485514387
28 43 1.2591601361207876
28 44 1.3360359857646493
28 45 1.4870644896359928
28 46 1.3326995330891487
28 47 1.295680591487938
28 48 1.4462079841650348
28 49 1.2617803767699656
28 50 1.366331500202957
28 51 1.2828459759277389
28 52 1.3759132264152025
28 53 1.2479504987089047
28 54 1.2226130943476758
28 55 1.3904478821849218
28 56 1.3335882365403362
28 57 1.3944486063853303
28 58 1.27925608975957
28 59 1.4974963551550105
28 60 1.345874642761578
28 61 1.4132599228729374
28 62 1.3391545680967951
28 63 1.1660421541543884
28 64 1.1203078128642665
28 65 1.2359625183612701
28 66 1.24532266950185
28 67 1.3793183232382256
28 68 1.3244984286269899
28 69 1.5295949045419972
28 70 1.2689903313237032
28 71 1.4733048485031146
28 72 1.2842358803607985
28 73 1.3511728044838318
28 74 1.2680351843365791
28 75 1.1618392508738293
28 76 1.1470607187095858
28 77 1.2184644055925569
28 78 1.325055102025988
28 79 1.3592082969798025
28 80 1.407625677372583
28 81 1.3231773219502667
28 82 1.3933898528145894
28 83 1.325129565733732
28 84 1.289182805734734
28 85 1.283010509190857
28 86 1.3314734248162563
28 87 1.3728424452832195
28 88 1.4712818697630214
28 89 1.425991520918937
29 30 1.059071935034929
29 31 1.3834792427356497
29 32 1.3546216776118505
29 33 1.1995009693212904
29 34 1.141438078799951
29 35 1.3336484347404705
29 36 1.29523662580768
29 37 1.3504743406478594
29 38 1.2915647392156275
29 39 1.3177582701622381
29 40 1.458517944811306
29 41 1.254390122807111
29 42 1.5233773455239559
29 43 1.0619824657539711
29 44 1.1810370094493894
29 45 1.3741863833322392
29 46 1.3152515519792878
29 47 1.2851190377288422
29 48 1.4017416196628836
29 49 1.1882539247961406
29 50 1.3198164564785724
29 51 1.103850353954754
29 52 1.239210072935568
29 53 1.2519075371389397
29 54 1.3271798854449115
29 55 1.1033917775243998
29 56 1.236843443952326
29 57 1.257715569439328
29 58 1.2804483712559689
29 59 1.4873468657817315
29 60 1.2605016051078808
29 61 1.3194841307201322
29 62 1.2120614916133743
29 63 1.338041645180192
29 64 1.296891301050602
29 65 1.1136530491681196
29 66 1.1585414673179273
29 67 1.1749854517393532
29 68 1.2365341308810298
29 69 1.3867819131404813
29 70 1.397915126581353
29 71 1.4739545236293832
29 72 1.2792608469295053
29 73 1.2680567810177454
29 74 1.1791377955769249
29 75 1.1268279634285028
29 76 1.161835534409319
29 77 1.2905669047933985
29 78 1.3147153537202025
29 79 1.3800600369775757
29 80 1.2772250848256674
29 81 1.3256903522693337
29 82 1.479295970529971
29 83 1.2159046885008362
29 84 1.164791798993115
29 85 1.1574972062490585
29 86 1.296809020191711
29 87 1.2827167125652663
29 88 1.3299552591986068
29 89 1.3223392218068828
30 31 1.2914338859532366
30 32 1.2725957165477426
30 33 1.0100728313364427
30 34 1.1205388023844316
30 35 1.2447384657271174
30 36 1.259032248670288
30 37 1.190162473453739
30 38 1.2731773105034951
30 39 1.255703272065294
30 40 1.564193063779988
30 41 1.3608950627101484
30 42 1.6245375949753598
30 43 1.01688324209378
30 44 1.1984031738362035
30 45 1.4908123707547605
30 46 1.348337443021633
30 47 1.344212904803155
30 48 1.3862791858360555
30 49 0.8105991070808026
30 50 1.2325009521647996
30 51 0.6493834872294921
30 52 1.1706957265970936
30 53 1.2640151247811533
30 54 1.1700992684445184
30 55 1.0867341301312445
30 56 1.1122150615693227
30 57 1.1978585665177466
30 58 1.2389320192468163
30 59 1.5872623013970615
30 60 1.1857655616160567
30 61 1.3159041495660824
30 62 1.1818361369582338
30 63 1.2666855113717383
30 64 1.2135545558779077
30 65 1.1331122154868267
30 66 1.3456360683012014
30 67 1.128066118709437
30 68 1.330312207519668
30 69 1.2755551638245752
30 70 1.430795498249211
30 71 1.5623582894076546
30 72 1.2587300430394401
30 73 1.2035126521919275
30 74 1.2052917241376417
30 75 0.6952304655920201
30 76 1.1264578732960056
30 77 1.1962586546517824
30 78 1.4546905181023615
30 79 1.3700045731780441
30 80 1.2089799697500252
30 81 1.3670572038515565
30 82 1.470744676106597
30 83 1.2234537440250266
30 84 1.0659952804834676
30 85 1.198873390539966
30 86 1.1628596229247374
30 87 1.3562939808975814
30 88 1.0908666615477043
30 89 1.2809642375278312
31 32 1.4296475452112658
31 33 1.2868653861977295
31 34 1.3655474320702499
31 35 1.2739045570698706
31 36 1.183795410299241
31 37 1.2405070317067364
31 38 1.3772918378758245
31 39 0.8509550824901027
31 40 1.355189635119054
31 41 1.4360142474355004
31 42 1.4538475002055136
31 43 1.3172096359145569
31 44 1.1599605670752997
31 45 1.2598790122740549
31 46 1.3840937602418313
31 47 1.37903845306427
31 48 1.2402528772195758
31 49 1.319504313205451
31 50 1.0029421989995488
31 51 1.2998009958447398
31 52 1.3125716976939272
31 53 1.3042016273609909
31 54 1.3895364403145445
31 55 1.2603172273733896
31 56 1.2319655758561314
31 57 1.376836665741029
31 58 1.3716793160567808
31 59 1.418810360158835
31 60 1.3537727955733208
31 61 1.2299054392353261
31 62 1.3773340057937533
31 63 1.4451543033735652
31 64 1.4137068261024985
31 65 1.3334248174919445
31 66 1.4122346598604798
31 67 1.2929305709317778
31 68 1.632511228103215
31 69 1.0659879976326967
31 70 1.462795705913774
31 71 1.4199705728229726
31 72 1.360938916843912
31 73 1.1804949210360762
31 74 1.3906884091887832
31 75 1.3060891183560097
31 76 1.3281255648361538
31 77 1.3128369129808501
31 78 1.4782206379482346
31 79 1.3694380699940212
31 80 1.1062936001384038
31 81 1.3477183174880256
31 82 1.365606909256112
31 83 1.3760874634121305
31 84 1.3523286848582097
31 85 1.4067235015469475
31 86 1.3169851618294854
31 87 1.3753565314279959
31 88 1.1084074028930475
31 89 1.3616018795394649
32 33 1.3202341605604344
32 34 1.3600641129214266
32 35 1.4057123386768557
32 36 1.380323904039714
32 37 1.1987559835395627
32 38 1.3232927808795485
32 39 1.4419513050180228
32 40 1.3718789724672644
32 41 1.3288073315585922
32 42 1.3126944087209276
32 43 1.3663121387832988
32 44 1.4352397018835563
32 45 1.4002614085162963
32 46 1.1812250279732333
32 47 1.4279001773269036
32 48 1.4193937838700976
32 49 1.1982606797830266
32 50 1.4284964869000254
32 51 1.2720557522868674
32 52 1.3750575324382188
32 53 1.4062902139275992
32 54 1.390580849121779
32 55 1.240865429198598
32 56 1.3098055284839412
32 57 1.334961147084775
32 58 1.3766738089800952
32 59 1.409208820402
32 60 1.3726922529420391
32 61 1.2806871198561942
32 62 1.37150401572764
32 63 1.2946367540614936
32 64 1.3959932901168335
32 65 1.2455564392169265
32 66 1.3998830114604572
32 67 1.2737836814314538
32 68 1.359248937669053
32 69 1.4386492315164925
32 70 1.4240129787396125
32 71 1.3703824784581904
32 72 1.4092006711498224
32 73 1.423991888564623
32 74 1.347844394974529
32 75 1.3143315329790306
32 76 1.1357245146305344
32 77 1.3249504529582719
32 78 1.35040699705168
32 79 1.3014883224836808
32 80 1.3890968364813074
32 81 1.4211844134312062
32 82 1.3960295264854043
32 83 1.2143183084413058
32 84 1.2906009300089458
32 85 1.380152958114297
32 86 1.2917201656878574
32 87 1.2903262408955691
32 88 1.4041018658246496
32 89 1.3174677152605845
33 34 0.9637500865011578
33 35 1.275374241122199
33 36 1.3195146893995418
33 37 1.0536945750380478
33 38 1.051350053438217
33 39 1.2358513773126911
33 40 1.3985703737906092
33 41 1.257643442793671
33 42 1.4982109123075469
33 43 1.0416870970284047
33 44 1.108401233029383
33 45 1.389311945843243
33 46 1.2233787841710004
33 47 1.2513820198522914
33 48 1.235726222594794
33 49 1.0375857586937647
33 50 1.3239268642673319
33 51 1.0607271009043833
33 52 0.9935508435419458
33 53 1.1664645786491066
33 54 1.2550179094017424
33 55 1.0588029209558836
33 56 1.1928843450288538
33 57 1.110039157328838
33 58 1.110561678677746
33 59 1.415275339843933
33 60 1.3213528974655562
33 61 1.2634121470646456
33 62 0.9813918781320867
33 63 1.3757543084408688
33 64 1.2478187496511937
33 65 1.13123122884843
33 66 1.3369343689972533
33 67 1.1967950613199383
33 68 1.2748746366922474
33 69 1.309822494158358
33 70 1.3196941696332019
33 71 1.415287315820519
33 72 1.1697893417229441
33 73 1.317756030820661
33 74 1.2314128561534137
33 75 1.0840027921578541
33 76 1.2323044869888893
33 77 1.2540346057779368
33 78 1.3134663697084565
33 79 1.3848591194657758
33 80 1.2065481024452613
33 81 1.3198460271372263
33 82 1.3032650201712888
33 83 1.237011181863784
33 84 1.059159643253071
33 85 1.0695115950773884
33 86 1.047968263233601
33 87 1.2824982769713704
33 88 1.2395172579366627
33 89 1.2620723543617651
34 35 1.2975209269277188
34 36 1.4116273990610237
34 37 1.1818255546384198
34 38 1.0423252869038773
34 39 1.3899651934318953
34 40 1.4484913797790517
34 41 1.2687796800004358
34 42 1.4990890497610792
34 43 1.107888928380923
34 44 1.1342350073570535
34 45 1.4381023061614677
34 46 1.3904977363817594
34 47 1.2822531822528465
34 48 1.3468161935632343
34 49 1.2301409576023141
34 50 1.4287593405768735
34 51 1.2199721096658618
34 52 1.0149819385078687
34 53 1.1676246982343887
34 54 1.2453287216231745
34 55 1.1686221111422663
34 56 1.3560638795185918
34 57 0.9024015639351135
34 58 1.1138835166048524
34 59 1.4751064801312757
34 60 1.3512198056398943
34 61 1.2030324491098074
34 62 1.1444893497114845
34 63 1.4055811719975198
34 64 1.3788190725566825
34 65 1.1922258177263931
34 66 1.3310101831787022
34 67 1.1733195075154756
34 68 1.269687605443084
34 69 1.3776369529701467
34 70 1.344350465012205
34 71 1.4997341819852985
34 72 1.198847801857263
34 73 1.3510350642642108
34 74 1.227965846130775
34 75 1.2319849566520003
34 76 1.3247926496413482
34 77 1.2624463884069574
34 78 1.2773642892462302
34 79 1.3263333150057073
34 80 1.2987976653599604
34 81 1.319734206513347
34 82 1.4095224591146351
34 83 1.2552330193584238
34 84 1.132716998680581
34 85 0.9534995057814383
34 86 1.3313051573595052
34 87 1.3487446036236508
34 88 1.350965519113195
34 89 1.2228925195737288
35 36 1.2050863566735133
35 37 1.2537601048886584
35 38 1.305254393322172
35 39 1.2697820200732242
35 40 1.36095282620316
35 41 1.4511329445618453
35 42 1.4294545534735041
35 43 1.3144467831869209
35 44 1.22972247207828
35 45 1.275528084520881
35 46 1.325125356045739
35 47 1.3553688471249647
35 48 1.2930023027086543
35 49 1.2988759710012565
35 50 1.3181059926163319
35 51 1.291340485923712
35 52 1.340787764194651
35 53 1.2047437603205222
35 54 1.3029271850113575
35 55 1.2884464318952362
35 56 1.2281747774542753
35 57 1.391186895835448
35 58 1.3243097521805884
35 59 1.402912388561641
35 60 1.3439621542762539
35 61 1.2802148343482238
35 62 1.2752869755095113
35 63 1.3692224285942929
35 64 1.190744605582205
35 65 1.3034322155352487
35 66 1.2834454679560272
35 67 1.3049676378029846
35 68 1.333277915111257
35 69 1.1991972014241434
35 70 1.4057820959463871
35 71 1.3531628199049877
35 72 1.3166211133971555
35 73 1.229525653747907
35 74 1.3482615061221561
35 75 1.2596263317842853
35 76 1.3072699114367703
35 77 1.3306844069193278
35 78 1.4013365227582433
35 79 1.3331435183217832
35 80 1.2492525097516491
35 81 1.3607044384329194
35 82 1.299662911987116
35 83 1.4557500757857884
35 84 1.3497549009366536
35 85 1.278672738365071
35 86 1.3194711176434646
35 87 1.3376170166715762
35 88 1.190523522884586
35 89 1.4211568077802104
36 37 1.3327568422452876
36 38 1.3786182937867413
36 39 1.2058769426587583
36 40 1.2436876755622421
36 41 1.3764933841318026
36 42 1.3101677988998444
36 43 1.2249769411137406
36 44 1.2776199351063575
36 45 1.0235008800530987
36 46 1.3364269340544512
36 47 1.4143141033648874
36 48 1.2572015386463065
36 49 1.313924813754326
36 50 1.1649165619476718
36 51 1.1650719747698768
36 52 1.365149186535106
36 53 1.376292890648249
36 54 1.3719718790555941
36 55 1.1968752749043634
36 56 1.0441458292200578
36 57 1.4389198206740426
36 58 1.2571889501786029
36 59 1.3144079262753383
36 60 1.1532034488728826
36 61 1.3656123652027758
36 62 1.390481034761933
36 63 1.28936216925424
36 64 1.39658981705558
36 65 1.3435213882134298
36 66 1.3216049118703135
36 67 1.199644436072584
36 68 1.4464075088339325
36 69 1.2415026142061343
36 70 1.527990640630047
36 71 1.2384017239944305
36 72 1.398573337518445
36 73 1.3129840139594677
36 74 1.322313103674952
36 75 1.2383603057486783
36 76 1.260164789086303
36 77 1.300686194073678
36 78 1.390314656669085
36 79 1.322748869496606
36 80 1.188744980313871
36 81 1.375034706873
36 82 1.4218499117566048
36 83 1.3349890792208163
36 84 1.220648692321923
36 85 1.3510461314014481
36 86 1.1852581233458417
36 87 1.3677508137473815
36 88 1.181361946032152
36 89 1.4279174925392748
37 38 1.26159568118039
37 39 1.3258006619811527
37 40 1.306273272681699
37 41 1.317800404700688
37 42 1.3849367908310717
37 43 1.1125720412467972
37 44 1.2105665464179203
37 45 1.3029672311130136
37 46 1.2748408278253627
37 47 1.3429023526458512
37 48 1.1878065512182803
37 49 1.1479758511286418
37 50 1.2804266454003215
37 51 1.183509942502691
37 52 1.241098813679749
37 53 1.2519356987299424
37 54 1.1734826916457712
37 55 1.1451819590103616
37 56 1.21706689888777
37 57 1.279057291554295
37 58 1.1440223648128744
37 59 1.3412797830767245
37 60 1.280391349855338
37 61 1.1886300775211769
37 62 1.1295994294653227
37 63 1.3339576207570853
37 64 1.2598048649687033
37 65 1.1614945741798932
37 66 1.5290803256570848
37 67 1.237615607539252
37 68 1.4065543013937094
37 69 1.290050172683977
37 70 1.37596134403214
37 71 1.3822524446479374
37 72 1.3127195441583086
37 73 1.3622045259112803
37 74 1.2986820908105372
37 75 1.1323798932680116
37 76 1.2546311853544274
37 77 1.2738018834030416
37 78 1.313460371383292
37 79 1.2454356073002837
37 80 1.1583720175290955
37 81 1.4165069011472071
37 82 1.2688085776132558
37 83 1.1794667708359732
37 84 1.1543809223282726
37 85 1.3403471799973106
37 86 1.1498019553744947
37 87 1.2203459511740375
37 88 1.238634651768093
37 89 1.2564698809584782
38 39 1.406509981547285
38 40 1.3544175496514095
38 41 1.2656255833723524
38 42 1.4404006059470278
38 43 1.2329530828476218
38 44 1.1180772497487081
38 45 1.3486504928897443
38 46 1.4265789759556422
38 47 1.2889336210548794
38 48 1.338820209030609
38 49 1.2887127408093355
38 50 1.4293099970082954
38 51 1.359467776753318
38 52 1.1085923991240614
38 53 1.1718363747448726
38 54 1.366059642361849
38 55 1.3047004964142985
38 56 1.4141412175720913
38 57 0.9286757951381209
38 58 1.1927801187281373
38 59 1.3405774567705964
38 60 1.295572092608309
38 61 1.298002519760767
38 62 1.198901749968876
38 63 1.2451565090916585
38 64 1.2089723826668812
38 65 1.2051710689582142
38 66 1.3043730409542342
38 67 1.3949887723478398
38 68 1.2996423539593107
38 69 1.4756826474224236
38 70 1.3232997353539155
38 71 1.367235244941802
38 72 1.3054143159294325
38 73 1.4629989328793978
38 74 1.2082278027486884
38 75 1.375228522361263
38 76 1.4079181934979383
38 77 1.2480414041808428
38 78 1.235430198067708
38 79 1.3753096016795028
38 80 1.388853191900047
38 81 1.2701982609370839
38 82 1.4172841188944156
38 83 1.2835549526040289
38 84 1.3286715312657575
38 85 0.9707902856059965
38 86 1.3666614590757116
38 87 1.3562629896507203
38 88 1.384847239961521
38 89 1.11252135354309
39 40 1.3139845576750018
39 41 1.4682080864463898
39 42 1.4153933069781142
39 43 1.3288915318849692
39 44 1.2980415097831077
39 45 1.199131545185471
39 46 1.3525200259335464
39 47 1.3681143964278324
39 48 1.1149832962930757
39 49 1.2821062892777622
39 50 0.901298194744533
39 51 1.2407589660505294
39 52 1.2845856776965727
39 53 1.39574618101747
39 54 1.414146343965467
39 55 1.169503626534539
39 56 1.2345655271569014
39 57 1.4518996052386262
39 58 1.397535664794856
39 59 1.3659416730499747
39 60 1.2863899411115907
39 61 1.2928589135684174
39 62 1.3346151092368947
39 63 1.481532934645045
39 64 1.451784960244376
39 65 1.3393356441421518
39 66 1.3886559873176534
39 67 1.299126984826468
39 68 1.4706804727614797
39 69 0.9320577134347914
39 70 1.4866012047341315
39 71 1.3441315001730005
39 72 1.3875870013997105
39 73 1.055118331512691
39 74 1.3945073250353965
39 75 1.2892885993335348
39 76 1.353729998050483
39 77 1.423539773572046
39 78 1.5022659881613436
39 79 1.285474684304023
39 80 1.0097704171484168
39 81 1.3654816215861634
39 82 1.3677120163587073
39 83 1.2576044376291953
39 84 1.3324078727694688
39 85 1.4101988257922367
39 86 1.3055882616955155
39 87 1.3075103771537897
39 88 0.9216040588231226
39 89 1.4291369661477744
40 41 1.3573792407940413
40 42 0.7364917303985599
40 43 1.3879130238480812
40 44 1.3783728273243023
40 45 1.0174023570893893
40 46 1.3380019188906345
40 47 1.4705135493567636
40 48 0.7594495184469409
40 49 1.4600659449878586
40 50 1.3862648844900887
40 51 1.5002064452856658
40 52 1.4455784827797746
40 53 1.3789404263034724
40 54 1.3993842802423517
40 55 1.2966422264983366
40 56 1.2067356661498119
40 57 1.4762879164947103
40 58 1.160587255442421
40 59 0.5829854636105509
40 60 1.432809284178844
40 61 1.1824840489095585
40 62 1.313640783587724
40 63 1.3848500423900638
40 64 1.3728350685153905
40 65 1.338207008511807
40 66 1.3283201067336452
40 67 1.3470519513368437
40 68 1.4152240019986302
40 69 1.4295885829456667
40 70 1.4321117279815967
40 71 0.6434665613809926
40 72 1.348914321054361
40 73 1.4230845704407473
40 74 1.3327144650635243
40 75 1.4461829279785456
40 76 1.4190272098123613
40 77 1.3712809713543128
40 78 1.3464332199725781
40 79 1.243503849873504
40 80 1.391873124785407
40 81 1.4439253222512247
40 82 1.0829792328311432
40 83 1.3687557347066963
40 84 1.3494381408759186
40 85 1.4451507773085601
40 86 1.3882014087815362
40 87 1.265638549512189
40 88 1.3593338604054497
40 89 1.4759545146833564
41 42 1.4209660489408429
41 43 1.319733065705563
41 44 1.362093755141362
41 45 1.4418063676405621
41 46 1.1033586676624245
41 47 1.371742515334037
41 48 1.4391912872249493
41 49 1.336874519997808
41 50 1.488668768939326
41 51 1.3550724673529022
41 52 1.374371260181789
41 53 1.3117230345678046
41 54 1.3263316594426493
41 55 1.2510222082128577
41 56 1.3251046749359139
41 57 1.2887694350467478
41 58 1.2918815776077512
41 59 1.3637471383650168
41 60 1.396638001275338
41 61 1.3126120223446491
41 62 1.345052825466144
41 63 1.3500266733115787
41 64 1.3892900103459178
41 65 1.1890241826092738
41 66 1.3182388701245416
41 67 1.2595548139525459
41 68 1.3847182523792774
41 69 1.47113112789797
41 70 1.3708154002114608
41 71 1.412568341341188
41 72 1.3045779908279511
41 73 1.5281665353165501
41 74 1.3358406784457726
41 75 1.326852145633157
41 76 1.3461299841013965
41 77 1.3117414096441027
41 78 1.3678925157933426
41 79 1.3545848587200418
41 80 1.4298292416445786
41 81 1.3232365852136758
41 82 1.3877497713015463
41 83 1.3769871003720904
41 84 1.2835311536767962
41 85 1.2867968221681498
41 86 1.2669862645799363
41 87 1.2780242844873553
41 88 1.5075367510813273
41 89 1.3498849261851562
42 43 1.449163869546361
42 44 1.4698401058191837
42 45 1.0577858601322927
42 46 1.4034846293995633
42 47 1.5397493055861529
42 48 0.9996919861513436
42 49 1.5707750589949852
42 50 1.467771238361856
42 51 1.589814057763263
42 52 1.45672011932932
42 53 1.448424796525174
42 54 1.4874387678628986
42 55 1.413052037371916
42 56 1.3217042921495945
42 57 1.4783926018069826
42 58 1.332442153052888
42 59 0.6335893323590305
42 60 1.472173229637006
42 61 1.2012239505585514
42 62 1.4454519591650967
42 63 1.4542737414211988
42 64 1.4187078121794812
42 65 1.374614888688582
42 66 1.4628573078338827
42 67 1.4061460154661518
42 68 1.506235738500646
42 69 1.485832829850019
42 70 1.4545773628731322
42 71 0.6844826550646151
42 72 1.4278380774918071
42 73 1.4679258860357713
42 74 1.415408386407828
42 75 1.5749560022258633
42 76 1.4471007546650179
42 77 1.4538035499787048
42 78 1.3628016877728473
42 79 1.2682978208395037
42 80 1.4564338107077155
42 81 1.4399813774358214
42 82 1.1221490899927602
42 83 1.4366351089977294
42 84 1.447031783129119
42 85 1.490581770829951
42 86 1.4586171610032137
42 87 1.301652232022878
42 88 1.4446361981124871
42 89 1.5396906657123512
43 44 1.167848682944154
43 45 1.3433611087248798
43 46 1.2239558392349028
43 47 1.3328704205235529
43 48 1.2085078618610665
43 49 1.1414886048158401
43 50 1.2315161237413015
43 51 1.0593574922543674
43 52 1.2192701118980276
43 53 1.192984097522817
43 54 1.2649881254993989
43 55 0.9459715820714575
43 56 1.0958667468557632
43 57 1.2041888663465412
43 58 1.1635206492172674
43 59 1.4283126326048485
43 60 1.162697001779578
43 61 1.19839721448893
43 62 1.1124759399913262
43 63 1.2571435663418133
43 64 1.2226277547799727
43 65 1.1276061171414333
43 66 1.1815584270501507
43 67 1.0702390220877427
43 68 1.262918803653888
43 69 1.2577063171078398
43 70 1.4291458352190718
43 71 1.4185483315768437
43 72 1.1790448406318614
43 73 1.180376093721408
43 74 1.1261548935026198
43 75 1.0313514410785463
43 76 1.1744650192024273
43 77 1.1773640908961567
43 78 1.2698105453018753
43 79 1.3973360029911077
43 80 1.1165706780424522
43 81 1.3790438944733607
43 82 1.342748873537874
43 83 1.1591372548106456
43 84 1.0255813007493007
43 85 1.1636904042132017
43 86 1.0082665352943805
43 87 1.2918783871009982
43 88 1.2448942224349147
43 89 1.2612540867042736
44 45 1.3555468784501872
44 46 1.3265312394128184
44 47 1.1887066907083734
44 48 1.2911328780384845
44 49 1.181111248358926
44 50 1.3858200726314664
44 51 1.2849338605013394
44 52 1.1531205332670693
44 53 1.2349934976012142
44 54 1.278907064133427
44 55 1.2381000103385504
44 56 1.2649667771996136
44 57 1.0457613590609907
44 58 1.1932673555045856
44 59 1.3655361873706011
44 60 1.2612594640018437
44 61 1.1371754821686944
44 62 1.2806521798711468
44 63 1.3420825166375425
44 64 1.2546953279071538
44 65 1.2073309411164486
44 66 1.3464378310451046
44 67 1.1571999229192327
44 68 1.4530531331473868
44 69 1.3884295283308565
44 70 1.301033625833028
44 71 1.4180545065132482
44 72 1.2576184633004144
44 73 1.3099147499494603
44 74 1.2317316174681276
44 75 1.1760576587980631
44 76 1.2946712708386194
44 77 1.3760028767165315
44 78 1.3436286213074773
44 79 1.4084441425156773
44 80 1.2554760378786805
44 81 1.3590031695574747
44 82 1.3575387303975261
44 83 1.2871094830205594
44 84 1.250380003618821
44 85 1.044189200923897
44 86 1.2910481326702137
44 87 1.3601499072135532
44 88 1.335117437444866
44 89 1.3341888020416066
45 46 1.3815783046333765
45 47 1.4322819801345261
45 48 1.1362156300477142
45 49 1.3876442096297603
45 50 1.266710362315342
45 51 1.4757444103923685
45 52 1.4569231386899677
45 53 1.4724174845373568
45 54 1.4485879987288879
45 55 1.27283479807244
45 56 1.2049445920539783
45 57 1.534437659385022
45 58 1.211679625981381
45 59 1.0361245650234356
45 60 1.3339385326910507
45 61 1.3114048713872792
45 62 1.2689516704926962
45 63 1.4365615793872093
45 64 1.3367209087770324
45 65 1.4149331828187444
45 66 1.4297016629202437
45 67 1.369889708466621
45 68 1.469313060665729
45 69 1.3112799888856843
45 70 1.523966053043521
45 71 1.0269433537869055
45 72 1.3889746638739435
45 73 1.3197988322199485
45 74 1.4564524257465756
45 75 1.4660010325452244
45 76 1.419650490030941
45 77 1.3625034627129402
45 78 1.31967810876956
45 79 1.3174857619501166
45 80 1.3306437929160413
45 81 1.439154828368279
45 82 1.2860908612971007
45 83 1.3743416127332408
45 84 1.3996982010253378
45 85 1.4323136469306674
45 86 1.3595448333227134
45 87 1.3336081333866607
45 88 1.2660859889711165
45 89 1.4696011351706655
46 47 1.3483901992140097
46 48 1.3673830745796007
46 49 1.206888496392803
46 50 1.337406469707983
46 51 1.2640048038262046
46 52 1.3246675916335222
46 53 1.3252557520766348
46 54 1.3549652862367811
46 55 1.152924669061583
46 56 1.2109570874912645
46 57 1.41073967596511
46 58 1.291731519087216
46 59 1.3716714262191534
46 60 1.3787673894742556
46 61 1.2850335573488683
46 62 1.3112746368052381
46 63 1.310340139516543
46 64 1.3642041832777874
46 65 1.2060158776505978
46 66 1.1349852431005152
46 67 1.1978734019211361
46 68 1.3443797712382115
46 69 1.2508524743551424
46 70 1.3871089533169043
46 71 1.4099783343501846
46 72 1.188166575826041
46 73 1.300605287674623
46 74 1.3510644183815457
46 75 1.2813245273944214
46 76 1.1378669703779154
46 77 1.3433592393568972
46 78 1.3058206931135452
46 79 1.3080286085711077
46 80 1.2823575958835145
46 81 1.2369299037057278
46 82 1.372380758626567
46 83 1.2139450714336861
46 84 1.2441016293411549
46 85 1.3788788305052533
46 86 1.1311071516286062
46 87 1.171644060464277
46 88 1.334581869053958
46 89 1.3686196290254273
47 48 1.4078363568269363
47 49 1.3228815943884533
47 50 1.435262674073079
47 51 1.3619353764115636
47 52 1.2771328804366122
47 53 1.301572094296041
47 54 1.4034078990136123
47 55 1.299213195909095
47 56 1.3787280339025474
47 57 1.3078009280798324
47 58 1.3175726605836255
47 59 1.4728999038311288
47 60 1.4155461595136658
47 61 1.2957454251258778
47 62 1.3540758539409727
47 63 1.3811248586697906
47 64 1.2814736536602194
47 65 1.3228221155580482
47 66 1.4023390632471138
47 67 1.2906097302411952
47 68 1.4107554080279923
47 69 1.4510727045932559
47 70 1.384994369213724
47 71 1.446410906009429
47 72 1.323062292149171
47 73 1.3674266216378923
47 74 1.328065359752564
47 75 1.3129090034596356
47 76 1.3414880252171708
47 77 1.4333399957127155
47 78 1.3434112287431537
47 79 1.3616498336556897
47 80 1.3483096472848732
47 81 1.3281362735227051
47 82 1.3763396264457066
47 83 1.3080142494129732
47 84 1.3493048110101058
47 85 1.1380509602827868
47 86 1.3336665378487074
47 87 1.4245848253786157
47 88 1.3984442955619174
47 89 1.3895751081400627
48 49 1.3908157847706226
48 50 1.2383614067843722
48 51 1.355801048327608
48 52 1.3332321358078871
48 53 1.339602186428536
48 54 1.3412003616073438
48 55 1.1716542476602911
48 56 1.1827104461345361
48 57 1.3961352869864112
48 58 1.19498796722887
48 59 0.8913067893971959
48 60 1.3094411137112054
48 61 1.2091014947232424
48 62 1.2717851320076685
48 63 1.3784883058073942
48 64 1.3785153648218296
48 65 1.302439516985313
48 66 1.4450810809008394
48 67 1.278550769480283
48 68 1.336464545358336
48 69 1.285532999659419
48 70 1.4309966690865918
48 71 0.8784653676594002
48 72 1.3307027841259276
48 73 1.281458977020966
48 74 1.2839012565195593
48 75 1.334789937869668
48 76 1.368331306347246
48 77 1.2952934429121035
48 78 1.3653154397413125
48 79 1.289680548758678
48 80 1.259256271029242
48 81 1.4539073244731948
48 82 1.1554891372761842
48 83 1.3483092505143643
48 84 1.2788758392101633
48 85 1.4033050764214519
48 86 1.3007930100762135
48 87 1.3235437919200428
48 88 1.2555583313422702
48 89 1.4093681939468858
49 50 1.3238608994435976
49 51 0.8867115403278523
49 52 1.266431048064556
49 53 1.257793103661793
49 54 1.2143562524200453
49 55 1.1555502986048383
49 56 1.1761357454190235
49 57 1.2500514440771586
49 58 1.1806876689246801
49 59 1.5181930062142497
49 60 1.303897627759787
49 61 1.3031092559272701
49 62 1.0983741452537417
49 63 1.2698251918768626
49 64 1.213027223975334
49 65 1.245482994882244
49 66 1.2844725825646206
49 67 1.223143499982437
49 68 1.3195784631150653
49 69 1.320781480042921
49 70 1.4625081771439996
49 71 1.4665437564044181
49 72 1.1312204490806006
49 73 1.2966795152951551
49 74 1.330320669843048
49 75 0.743910530731522
49 76 1.1420807636792076
49 77 1.280838719314622
49 78 1.4220100972287333
49 79 1.4013532045884942
49 80 1.205663118818276
49 81 1.3378285037230664
49 82 1.440395356031484
49 83 1.2604382259974245
49 84 1.1184404255418687
49 85 1.2314481284481573
49 86 1.125466592664802
49 87 1.289360485052554
49 88 1.178990171269454
49 89 1.3792592909696109
50 51 1.2362408921967367
50 52 1.40220645158948
50 53 1.345774716857516
50 54 1.367919769867315
50 55 1.1618324701941445
50 56 1.253551247748531
50 57 1.4303539866614858
50 58 1.429923982663279
50 59 1.4357230693933507
50 60 1.236265553017347
50 61 1.2588108167978482
50 62 1.3819543672207268
50 63 1.411921066225435
50 64 1.3873899209825273
50 65 1.3177408410145697
50 66 1.4084155532084959
50 67 1.3056241077962858
50 68 1.4184868143892266
50 69 0.9116990778134983
50 70 1.4667770111878424
50 71 1.4351271710131264
50 72 1.3892523636111487
50 73 1.0460877810612077
50 74 1.35812758529694
50 75 1.304645991995916
50 76 1.2699359459051245
50 77 1.3100446426798764
50 78 1.4638046815061743
50 79 1.3430421083811328
50 80 1.103397364253458
50 81 1.3978426705913491
50 82 1.5037319275307741
50 83 1.2922184220642534
50 84 1.3079369179230156
50 85 1.465623051999724
50 86 1.2379276604915594
50 87 1.321008670591015
50 88 1.0022871888685068
50 89 1.382056636297586
51 52 1.2510335505147905
51 53 1.3158268816127987
51 54 1.2053939670452696
51 55 1.0394885197289792
51 56 1.0723181931739694
51 57 1.2912415173147898
51 58 1.266732319345305
51 59 1.5638608148413382
51 60 1.221255671474852
51 61 1.4161100582631276
51 62 1.1573633776784835
51 63 1.268958537913696
51 64 1.3255270972219777
51 65 1.1804066713868675
51 66 1.3376974967407391
51 67 1.1643473364832442
51 68 1.2974012349561825
51 69 1.2010284120923325
51 70 1.4219657919327218
51 71 1.5011727840769165
51 72 1.2305684607018958
51 73 1.223552888371763
51 74 1.2112016914754355
51 75 0.736134346850108
51 76 1.1297031747168889
51 77 1.1964256663639903
51 78 1.4517867158887099
51 79 1.3122808178817085
51 80 1.1770997443979578
51 81 1.36214543644751
51 82 1.462028405479512
51 83 1.1913637798437466
51 84 1.0431796857992803
51 85 1.2483520870730618
51 86 1.076458469917526
51 87 1.3355980460603687
51 88 1.061264618420762
51 89 1.2829376035517333
52 53 1.1232096350092813
52 54 1.2588957117951214
52 55 1.287046368945788
52 56 1.331440315675946
52 57 1.01764580252572
52 58 1.1803539526997886
52 59 1.4504467174335616
52 60 1.2794692322448267
52 61 1.2586521905478087
52 62 1.2969824499082798
52 63 1.2838013277999594
52 64 1.3572372839178826
52 65 1.2280712512056706
52 66 1.3671983828355827
52 67 1.255627344559998
52 68 1.258420935516925
52 69 1.276506961264476
52 70 1.2678084360809525
52 71 1.4440570992559214
52 72 1.2515419692382068
52 73 1.319486924198353
52 74 1.1897374923824426
52 75 1.2413765925346352
52 76 1.1628608261680562
52 77 1.3436581309440816
52 78 1.3134940921528881
52 79 1.4670135910857784
52 80 1.2051522908313972
52 81 1.2619199125006169
52 82 1.3780310671667042
52 83 1.2592535271699525
52 84 1.180173086026758
52 85 1.1205817605714112
52 86 1.3087082942645882
52 87 1.3828305531146086
52 88 1.2579262277016343
52 89 1.3265636763146667
53 54 1.2776061616268861
53 55 1.2938809919450964
53 56 1.2860072617025566
53 57 1.2494423089312712
53 58 1.238606457628911
53 59 1.4245927718216795
53 60 1.4627249157166262
53 61 1.1153469871519568
53 62 1.2340607889129693
53 63 1.3414755535348097
53 64 1.1387428782296096
53 65 1.2576350801462421
53 66 1.333702517089184
53 67 1.2495894689674139
53 68 1.2270469092083853
53 69 1.2968246857421388
53 70 1.3319512874385209
53 71 1.442089689024065
53 72 1.2057155770332093
53 73 1.3638141663827805
53 74 1.1120825716165572
53 75 1.2386223168997954
53 76 1.287868546464577
53 77 1.2381099490539282
53 78 1.288397793913596
53 79 1.4323671079604456
53 80 1.2880396527933928
53 81 1.2722104557374625
53 82 1.485881654846769
53 83 1.277341824043359
53 84 1.2406064708223947
53 85 1.1458745588864019
53 86 1.239607206841654
53 87 1.3992273359373155
53 88 1.3253269712187787
53 89 1.331880727158023
54 55 1.381479196655291
54 56 1.462821773570675
54 57 1.1763314906541664
54 58 1.2733853316191859
54 59 1.486016348860399
54 60 1.331345794664297
54 61 1.3794506428131
54 62 1.2621260525537863
54 63 1.3154742222125946
54 64 1.2725308485070752
54 65 1.1924417539729246
54 66 1.3235800347533433
54 67 1.278560836152114
54 68 1.2756077530911518
54 69 1.3616729788423025
54 70 1.341195898001936
54 71 1.5356384243430719
54 72 1.226639368813151
54 73 1.3061342699947878
54 74 1.3063040532682748
54 75 1.1924537575763268
54 76 1.2756057249414876
54 77 1.35206221582471
54 78 1.380074526059951
54 79 1.364435026585354
54 80 1.299362179523421
54 81 1.3086484504742455
54 82 1.3635295040479947
54 83 1.2502997698038472
54 84 1.3068620404278306
54 85 1.3126013547047468
54 86 1.3200022320926965
54 87 1.3374022443513651
54 88 1.316672342485345
54 89 1.3539639021218952
55 56 1.0466672276609654
55 57 1.3144745333361105
55 58 1.1776996568122118
55 59 1.3511545208399605
55 60 1.2561025002303783
55 61 1.2274386492993106
55 62 1.1153559664622037
55 63 1.3593334443476883
55 64 1.3293517284959335
55 65 1.1522255524195133
55 66 1.236065256055953
55 67 0.9783321185348973
55 68 1.1878261112284265
55 69 1.1733835392049274
55 70 1.3809578145739239
55 71 1.3117108356384417
55 72 1.278079031061505
55 73 1.1140987366553459
55 74 1.183595460687691
55 75 1.104689310269256
55 76 1.1889589704975034
55 77 1.2104321380104393
55 78 1.307224996538263
55 79 1.264311493529405
55 80 1.042928659849971
55 81 1.3583235012518846
55 82 1.3445299308498155
55 83 1.1065024610354577
55 84 1.0040114751839182
55 85 1.270508672639971
55 86 1.0515926017048791
55 87 1.2403740451377208
55 88 1.157364081293564
55 89 1.2833100469436483
56 57 1.4842500598815591
56 58 1.1904064473019675
56 59 1.292382091215748
56 60 1.282260501781379
56 61 1.3113073696301694
56 62 1.2188450663506725
56 63 1.3439831662678448
56 64 1.391156125363569
56 65 1.2604622988261143
56 66 1.2917138369153467
56 67 1.0802723632852176
56 68 1.4148375731961138
56 69 1.2711578696019683
56 70 1.4855636692897085
56 71 1.2048876967613331
56 72 1.3557547685346
56 73 1.3228113201762193
56 74 1.2702223724049064
56 75 1.0584160222664978
56 76 1.2182456740142749
56 77 1.1464302338871666
56 78 1.4367418658849787
56 79 1.3602790652604304
56 80 1.0939251823145133
56 81 1.394614373410184
56 82 1.2459177360206406
56 83 1.319172091806548
56 84 1.1332167686290178
56 85 1.4148504692136479
56 86 1.1908280475153403
56 87 1.3136844125284604
56 88 1.1260266453568015
56 89 1.4174406893334297
57 58 1.256009360573349
57 59 1.456857683994762
57 60 1.3170266167589495
57 61 1.30153363007139
57 62 1.3079746036310904
57 63 1.3331080457814333
57 64 1.351767233910133
57 65 1.1639885877605636
57 66 1.3483035418104299
57 67 1.2722686604802937
57 68 1.2170434215467967
57 69 1.4540334123026855
57 70 1.2308090157682432
57 71 1.48375746109798
57 72 1.1808482490160859
57 73 1.408901598653987
57 74 1.287595755266918
57 75 1.3064010779589716
57 76 1.3373359395148123
57 77 1.3139168223923436
57 78 1.2204719360798988
57 79 1.3842138841859424
57 80 1.3688969324988998
57 81 1.132128935888748
57 82 1.404051940087292
57 83 1.2913884905081205
57 84 1.2469558838635868
57 85 0.9330801221864136
57 86 1.3096497071736681
57 87 1.331254757146625
57 88 1.4308278475247294
57 89 1.1981972331661197
58 59 1.2139350307353727
58 60 1.300858249380547
58 61 1.2397372901393062
58 62 1.1480084146293348
58 63 1.2628578013769647
58 64 1.2206391789021038
58 65 1.2297597943663798
58 66 1.3378577033664951
58 67 1.1477793689746472
58 68 1.2681637903238874
58 69 1.458445938470074
58 70 1.2679906518699522
58 71 1.2941103499828683
58 72 1.1333784648113647
58 73 1.4457651007746377
58 74 1.2967851967578374
58 75 1.2190145535441155
58 76 1.2777463857501996
58 77 1.0640909314615357
58 78 1.2799578981762059
58 79 1.3678429362422198
58 80 1.313557179777023
58 81 1.2000841950935874
58 82 1.3004896245461623
58 83 1.262417485345853
58 84 1.1912905854798768
58 85 1.1562511138473603
58 86 1.171456724530474
58 87 1.363879988158617
58 88 1.3738773169438114
58 89 1.3343268582502588
59 60 1.4237359819803097
59 61 1.1655133134870646
59 62 1.3417571736017093
59 63 1.4321884994333725
59 64 1.3912183640274607
59 65 1.3590556235126217
59 66 1.3844397804377553
59 67 1.3743989180477263
59 68 1.4695180235206657
59 69 1.4646224999440247
59 70 1.431592259088622
59 71 0.5848865844138724
59 72 1.431715101329906
59 73 1.4356530934031446
59 74 1.3626005365238412
59 75 1.4911056683086747
59 76 1.5006917930786485
59 77 1.425735112241075
59 78 1.2910226820152833
59 79 1.2511398472831463
59 80 1.4275428045439487
59 81 1.4431959597210822
59 82 1.1377922651385592
59 83 1.3993868018673243
59 84 1.3815787747239583
59 85 1.4496678609701972
59 86 1.4058010025140975
59 87 1.3170881857380459
59 88 1.4223949905450866
59 89 1.52077975827946
60 61 1.4235471429593785
60 62 1.2669732025286764
60 63 0.9360249151071454
60 64 1.4736966053459233
60 65 1.2854639875081717
60 66 1.263480201791353
60 67 1.1652824084327025
60 68 1.428165133106035
60 69 1.2724888144034658
60 70 1.453504904693101
60 71 1.4026500015944818
60 72 1.4079931237892866
60 73 1.2612323732517967
60 74 1.4211679953655052
60 75 1.25538196717174
60 76 1.2609908573058786
60 77 1.2822279037958821
60 78 1.4476561236925476
60 79 1.3201997718739606
60 80 1.0714379194038455
60 81 1.479771695241912
60 82 1.4784952856843006
60 83 1.2340593084577611
60 84 1.1968626036038574
60 85 1.3624298170666516
60 86 1.2193619550185872
60 87 1.3154879302390645
60 88 1.2812775337432118
60 89 1.2823638342495758
61 62 1.3822983570314684
61 63 1.4072384729372829
61 64 1.1988568150961583
61 65 1.2733208127920839
61 66 1.4177013527646958
61 67 1.2595898983134166
61 68 1.4625973227480986
61 69 1.3095681746649748
61 70 1.347117722128253
61 71 1.245242336095693
61 72 1.361486512385057
61 73 1.303881389558608
61 74 1.2651411892542224
61 75 1.2896947700821706
61 76 1.3347329569776325
61 77 1.3914225664688014
61 78 1.3116954701760684
61 79 1.2861464774798486
61 80 1.2950163133810577
61 81 1.4499334432693431
61 82 1.3224188490949216
61 83 1.2737028993953916
61 84 1.2651450245025593
61 85 1.2137633196574846
61 86 1.2547434688401817
61 87 1.3299258942316756
61 88 1.2801940655418587
61 89 1.409253070521452
62 63 1.269752302603982
62 64 1.2834669098810232
62 65 1.2531976782049719
62 66 1.2279820583744498
62 67 1.204354393315891
62 68 1.28118399625119
62 69 1.3071538356997305
62 70 1.3830903691185386
62 71 1.3462465519354176
62 72 1.1759746109790585
62 73 1.3124760840727328
62 74 1.3325556543043597
62 75 1.1777273170485945
62 76 1.2974481028350178
62 77 1.235447938852739
62 78 1.3145602132327134
62 79 1.4374816175492775
62 80 1.2550991872562562
62 81 1.343806483697386
62 82 1.348107666283612
62 83 1.23173707352822
62 84 1.1740318960331502
62 85 1.1982618406524685
62 86 1.2237418644293452
62 87 1.3125449763359582
62 88 1.3425380069119128
62 89 1.329783605918354
63 64 1.3015223876340294
63 65 1.2564224926193241
63 66 1.2358047158248162
63 67 1.3007616097289572
63 68 1.2897986996571005
63 69 1.4553023267278327
63 70 1.3221966107547904
63 71 1.4128128754382931
63 72 1.3018426694261926
63 73 1.3896146291881029
63 74 1.363796982976045
63 75 1.2821681379531766
63 76 1.240778427523123
63 77 1.3013239769308018
63 78 1.3267972168989277
63 79 1.373173832048868
63 80 1.341131798246703
63 81 1.3045499846464217
63 82 1.4564202021851476
63 83 1.2901408255248445
63 84 1.3125621887302152
63 85 1.310020540957167
63 86 1.333993137131577
63 87 1.3346775898116534
63 88 1.3983832048381057
63 89 1.345187632261417
64 65 1.235456228484272
64 66 1.3455621254466732
64 67 1.3906938168047451
64 68 1.3143013700941781
64 69 1.4716988573421241
64 70 1.3053426038785614
64 71 1.390979530154365
64 72 1.2695169499199437
64 73 1.3884202070677094
64 74 1.2735973878477436
64 75 1.2559826429766425
64 76 1.3261212133688762
64 77 1.2833964121494412
64 78 1.28367455718109
64 79 1.3652254124006162
64 80 1.4449049305315098
64 81 1.241275999049365
64 82 1.4090499681443716
64 83 1.3227427655618167
64 84 1.348497876963285
64 85 1.182349638794716
64 86 1.272224472205551
64 87 1.3577266731154327
64 88 1.386670692103723
64 89 1.3440628738564133
65 66 1.2868776575138066
65 67 1.2545641096127904
65 68 1.2656349794691137
65 69 1.304209396476484
65 70 1.2646080653179537
65 71 1.411427348948261
65 72 1.276421949260169
65 73 1.2365343962876554
65 74 1.1887651280060967
65 75 1.2176093099261742
65 76 1.1560191876162167
65 77 1.2066816923095995
65 78 1.220557358629511
65 79 1.2617406150258987
65 80 1.2714875708320659
65 81 1.1970863229655735
65 82 1.416473440968249
65 83 1.172287069791939
65 84 1.1528577486944358
65 85 1.2144462990331657
65 86 1.2039745588940165
65 87 1.2460739152149172
65 88 1.288675660080184
65 89 1.2793680959982505
66 67 1.2228007614351624
66 68 1.3554841129754565
66 69 1.3656839172247357
66 70 1.405023342289247
66 71 1.3942755044849675
66 72 1.3176794592877692
66 73 1.2699777493189714
66 74 1.3548099961071605
66 75 1.272162991117536
66 76 1.2471877032203444
66 77 1.39568906017807
66 78 1.3454457634123973
66 79 1.3558775354903168
66 80 1.2773579684852603
66 81 1.1833735768322953
66 82 1.374389864100326
66 83 1.2376830163914427
66 84 1.254925197799514
66 85 1.283387690976301
66 86 1.3053916325106822
66 87 1.113636943261899
66 88 1.374060303429419
66 89 1.427914886412088
67 68 1.3624478276190624
67 69 1.2813975463251244
67 70 1.4374119255829456
67 71 1.3892344865001767
67 72 1.2641445923766415
67 73 1.1735328999208627
67 74 1.158780420345113
67 75 1.125739788637542
67 76 1.1849588235792872
67 77 1.159208704648282
67 78 1.3555780089188585
67 79 1.358320710693057
67 80 1.198329522635552
67 81 1.3798740922237218
67 82 1.4299609058122096
67 83 1.0641113352010396
67 84 1.099400481189954
67 85 1.284465206065744
67 86 1.147291249419329
67 87 1.3685216817691275
67 88 1.293003973878797
67 89 1.3860415306929128
68 69 1.4257064207826236
68 70 1.228242435163281
68 71 1.4198952953005917
68 72 1.281512673152881
68 73 1.3645219111900613
68 74 1.344944139526694
68 75 1.358772500748487
68 76 1.2989398042970417
68 77 1.3300373412095057
68 78 1.1856136842482683
68 79 1.4681766336621405
68 80 1.4142711515634845
68 81 1.2134487245592582
68 82 1.469937275400017
68 83 1.3557750224483773
68 84 1.359866983688597
68 85 1.2289570773852072
68 86 1.3408922595416386
68 87 1.3981499138007387
68 88 1.4054272678589976
68 89 1.350392023439601
69 70 1.461116577640871
69 71 1.4443460589394443
69 72 1.3529091839234342
69 73 0.9249694504215252
69 74 1.3603545421477223
69 75 1.2685020171760588
69 76 1.3626437544767802
69 77 1.4127314821657984
69 78 1.4604022720477778
69 79 1.3038408488658353
69 80 1.0100576048610068
69 81 1.4149321278699734
69 82 1.4149450929039715
69 83 1.2589554956455253
69 84 1.2261987044509557
69 85 1.4822602788454582
69 86 1.2782733052807655
69 87 1.3249188676870485
69 88 0.8669190964874988
69 89 1.43865225639451
70 71 1.4739581679865617
70 72 1.3872157251224324
70 73 1.4296889865209248
70 74 1.4624927767640152
70 75 1.4617111146599016
70 76 1.48105715754135
70 77 1.2610993429543438
70 78 1.2998504442363432
70 79 1.3811942751721875
70 80 1.4784368341512695
70 81 1.212323903112948
70 82 1.4384777523663617
70 83 1.432957223175862
70 84 1.4018374332556172
70 85 1.2841931903961123
70 86 1.4650973518614365
70 87 1.4390685883191687
70 88 1.519999642137308
70 89 1.324382656999289
71 72 1.4382705440312507
71 73 1.3757321755677696
71 74 1.4180888542122043
71 75 1.4341081393820692
71 76 1.4272712534591843
71 77 1.4225288373845104
71 78 1.2862379288844776
71 79 1.2826933331536134
71 80 1.3688386630203606
71 81 1.4604660028537673
71 82 1.0898198287691045
71 83 1.4448871243682548
71 84 1.395471769254797
71 85 1.4250730147550843
71 86 1.4429609379418171
71 87 1.3250995146425761
71 88 1.3929973582370505
71 89 1.5532948027888556
72 73 1.3491986671442717
72 74 1.2758872216739163
72 75 1.2973800348450135
72 76 1.1613079850769352
72 77 1.2647216829260521
72 78 1.3121609657468256
72 79 1.3490855069726955
72 80 1.2645061784868425
72 81 1.2513352469391674
72 82 1.3046743601157287
72 83 1.335560758036826
72 84 1.2835744907610338
72 85 1.171704822880576
72 86 1.166543289273315
72 87 1.3725373663806921
72 88 1.3613443947862063
72 89 1.2791424751224085
73 74 1.3460014434671024
73 75 1.1946768923734004
73 76 1.2409394691545514
73 77 1.3691265457904171
73 78 1.4022935400717609
73 79 1.3299851208368498
73 80 1.0942015966084668
73 81 1.3581265862406429
73 82 1.3773158604975124
73 83 1.2363324093987362
73 84 1.2300081801947294
73 85 1.3860501384872834
73 86 1.3661424684236128
73 87 1.3214667952586454
73 88 1.0573114540497284
73 89 1.4458298670275145
74 75 1.2119114437330063
74 76 1.210593553678042
74 77 1.2416329169497646
74 78 1.360247427254636
74 79 1.3317496332286605
74 80 1.3468916211320185
74 81 1.5711869204439322
74 82 1.4336430429813514
74 83 1.2516296423052005
74 84 1.1602630832207883
74 85 1.2297911771343826
74 86 1.2264345619611214
74 87 1.4013307931865937
74 88 1.3373869401563656
74 89 1.3720950646926222
75 76 1.1338134810706815
75 77 1.2474157272378383
75 78 1.4050781551536575
75 79 1.3784942073434598
75 80 1.1274507856109657
75 81 1.3878505935528818
75 82 1.3955396772788127
75 83 1.2527687066231954
75 84 0.9518993584889501
75 85 1.270686692964737
75 86 1.1311739198847848
75 87 1.3264602858929324
75 88 1.1234153837175405
75 89 1.4680908095518919
76 77 1.255832698766716
76 78 1.3262342236442153
76 79 1.4003583313422705
76 80 1.2365963218942118
76 81 1.2670991235422524
76 82 1.4460963752481604
76 83 1.1997075775217112
76 84 1.1988144432547712
76 85 1.3622573977834016
76 86 1.1449347873975313
76 87 1.3205312330686434
76 88 1.3427138838747192
76 89 1.3362651899083418
77 78 1.2899211239076778
77 79 1.3215362799923156
77 80 1.4003146312203394
77 81 1.2867736804366054
77 82 1.471778602653517
77 83 1.26519774576884
77 84 1.275002776604227
77 85 1.2922214640628997
77 86 1.169821375291423
77 87 1.4360948977104795
77 88 1.3375373573222722
77 89 1.1903704405771336
78 79 1.365348580172372
78 80 1.4324109457227419
78 81 1.2434834986683265
78 82 1.3864949758652632
78 83 1.3315005203828916
78 84 1.34731073286814
78 85 1.292689085112719
78 86 1.3791441391488388
78 87 1.3120883153963223
78 88 1.4749294978536152
78 89 1.4128949739075876
79 80 1.3187018943798303
79 81 1.3608446642931926
79 82 1.3146226237941434
79 83 1.2858499279556654
79 84 1.278165299550299
79 85 1.3486796889828896
79 86 1.3326257151937577
79 87 1.315876425402858
79 88 1.26835572211186
79 89 1.3117123326891031
80 81 1.3846664196104532
80 82 1.3744391624828396
80 83 1.1428270904116589
80 84 1.0902563048277891
80 85 1.416739440198849
80 86 1.2226376826504024
80 87 1.2422496850631812
80 88 1.0333302988699486
80 89 1.4023514414903984
81 82 1.5003854239626888
81 83 1.2901006369170134
81 84 1.4144665301049493
81 85 1.214432613404492
81 86 1.3651995850289667
81 87 1.2782705584097154
81 88 1.3994967299873595
81 89 1.319127666036423
82 83 1.5006174987625571
82 84 1.4263788845691017
82 85 1.3615434471635897
82 86 1.4034789978890059
82 87 1.3292627436898605
82 88 1.358140199779554
82 89 1.4373895547762359
83 84 1.1372243560267303
83 85 1.258195644378924
83 86 1.2035199359163244
83 87 1.2208729250280843
83 88 1.2401574165653986
83 89 1.285988294886093
84 85 1.2480182831901072
84 86 1.1446137795086337
84 87 1.273792663037971
84 88 1.209297286526495
84 89 1.3477035496076128
85 86 1.2464936626297025
85 87 1.3647441278674939
85 88 1.4380905570577225
85 89 1.3205646357399308
86 87 1.3021467801207598
86 88 1.278153483948981
86 89 1.3333896251487032
87 88 1.3468370073959866
87 89 1.4930053353637567
88 89 1.394193908547523
