75 0
0 1 1.4362188709073032
0 2 1.3593098602657159
0 3 1.4483060350726416
0 4 1.2945910132340324
0 5 1.5053812511608016
0 6 1.3691786020204073
0 7 1.4711590981685505
0 8 1.2828215079057022
0 9 1.44246061778402
0 10 1.4459958112650115
0 11 1.4197438656131731
0 12 1.4513432370998063
0 13 1.5011152595191894
0 14 1.397075034051131
0 15 1.5836282408465645
0 16 1.3782656164621716
0 17 1.3870056795032852
0 18 1.4017349817365679
0 19 1.4354879499986068
0 20 1.3443726295448624
0 21 1.5458688952216337
0 22 1.4835428179206123
0 23 1.5092864763875673
0 24 1.620646844128419
0 25 1.275709167448268
0 26 1.4055083802012196
0 27 1.4322791093168972
0 28 1.4225335966427206
0 29 1.5622013606559804
0 30 1.3676403942034774
0 31 1.429873775176195
0 32 1.496444291742375
0 33 1.5118114768261872
0 34 1.3741652459548572
0 35 1.4768466790416768
0 36 0.5558984457364259
0 37 1.4236404501580873
0 38 1.4459258282819145
0 39 1.342747592072301
0 40 1.0749883705443302
0 41 1.3877117298456516
0 42 1.5255787472734592
0 43 1.3742579105233543
0 44 1.4375569112434439
0 45 1.4871373298494577
0 46 0.6686922460134186
0 47 1.0530815446566435
0 48 1.4005971980741603
0 49 1.4032197665897308
0 50 1.491140122007706
0 51 1.1823424090196302
0 52 1.039097282446371
0 53 1.4744334901957814
0 54 1.3885890220219717
0 55 1.3632047578404423
0 56 1.631087683475779
0 57 1.3537237898677292
0 58 1.4159144252610945
0 59 1.4973791613121445
0 60 1.3921963201559497
0 61 1.3141878240982257
0 62 1.4231770203106002
0 63 1.5532372681389828
0 64 1.4114020342726292
0 65 1.4508539691966236
0 66 1.32581761751382
0 67 1.3840487905660965
0 68 1.4339110137081053
0 69 1.397652399177439
0 70 1.5273110175799565
0 71 1.5512494332096702
0 72 1.3281624407196613
0 73 1.313775837972277
0 74 1.4026585868681618
1 2 1.292188008708197
1 3 1.2163794167022715
1 4 1.1863030139150395
1 5 1.2588962105136294
1 6 1.2745592149429874
1 7 1.178980368985032
1 8 1.5236055868228042
1 9 1.3323828835376796
1 10 1.2956472710779565
1 11 1.2255755248197036
1 12 1.3339492350844055
1 13 1.1508871421785165
1 14 1.2909790906340515
1 15 1.169107734232023
1 16 1.3186281873532923
1 17 1.3226988779690105
1 18 1.3972133493490413
1 19 1.2449113729705303
1 20 1.2556446254932738
1 21 1.162575496160459
1 22 1.2456240230060858
1 23 1.3059753448996176
1 24 1.2084654026552173
1 25 1.4591858375038098
1 26 1.3687367635033583
1 27 1.3488284105618777
1 28 1.3902280914199379
1 29 1.2199240397266555
1 30 1.3535733949252144
1 31 1.2379942841269744
1 32 1.2839958558622468
1 33 1.3943421072912867
1 34 1.2581817763389505
1 35 1.2911725814315889
1 36 1.4255001844846544
1 37 1.1345219906610744
1 38 1.2712997894660292
1 39 1.2608105019764042
1 40 1.4256649039781548
1 41 1.1420356638384968
1 42 1.1977910229763165
1 43 1.2779170170922216
1 44 1.4098277001430704
1 45 1.1822592295536822
1 46 1.4436247608619062
1 47 1.5350166417398088
1 48 1.3737138975557484
1 49 1.311905868098153
1 50 1.253060092900975
1 51 1.459383816386328
1 52 1.336796428511329
1 53 1.274354460438912
1 54 1.2751353614651375
1 55 1.2295186959074496
1 56 1.1940347595405036
1 57 1.4063235971985086
1 58 1.1822909836738615
1 59 1.212070497114261
1 60 1.3024649029167013
1 61 1.2101642963567198
1 62 1.2737220106346188
1 63 1.27323401666035
1 64 1.1278968392071715
1 65 1.2909573015425015
1 66 1.260452871413706
1 67 1.234291588095198
1 68 1.3471539367319174
1 69 1.1770731113554336
1 70 1.2636887367929766
1 71 1.3127746818367179
1 72 1.271402678402872
1 73 1.321939189926158
1 74 1.1951457336148663
2 3 1.2330060608563924
2 4 1.1890084176998121
2 5 1.2413631712363675
2 6 1.2414143271338154
2 7 1.1974530891664212
2 8 1.2980423021157625
2 9 1.1547680230858577
2 10 1.213243330599823
2 11 1.21726213292439
2 12 1.3039161189599013
2 13 1.0617902720110008
2 14 1.0613109432944365
2 15 1.199842901349674
2 16 1.1758234242462189
2 17 1.2980072708541823
2 18 1.2861682082672965
2 19 1.4121684954082696
2 20 1.2582520137318751
2 21 1.1075570886457393
2 22 1.3059427045960557
2 23 1.1597279297709404
2 24 1.1956129462432334
2 25 1.2400494630786656
2 26 1.223430700603493
2 27 1.2171876147185297
2 28 1.4121488301095333
2 29 1.1769263690404792
2 30 1.2471571743941428
2 31 1.249661306378581
2 32 1.0515963613079204
2 33 1.2470081421646624
2 34 1.2255312794993407
2 35 1.2596466538894986
2 36 1.2962262818805763
2 37 1.124205880441571
2 38 1.2922158969849027
2 39 1.2549300280834008
2 40 1.4452559114453372
2 41 1.1924537719151271
2 42 1.3260776854820724
2 43 1.2043758551369288
2 44 1.2763529565302363
2 45 1.1983632297623636
2 46 1.389170079516462
2 47 1.2537638988192268
2 48 1.2643465932707352
2 49 1.2100113052808528
2 50 1.1490613496486173
2 51 1.4321963390056933
2 52 1.3355891705211491
2 53 1.319441950778712
2 54 1.2395551353072614
2 55 1.3311533148844827
2 56 1.212499482413843
2 57 1.3586640108267394
2 58 1.2034982554281615
2 59 1.123269810284033
2 60 1.3176602096713952
2 61 1.227015710498399
2 62 1.134119992646086
2 63 1.2329473209652952
2 64 1.0607173000030223
2 65 1.2455497654741257
2 66 1.126851261121789
2 67 1.151939218253242
2 68 1.3718564968190623
2 69 1.2534907024742992
2 70 1.2707372757039572
2 71 1.2212004389294038
2 72 1.3302786814478447
2 73 1.2512986582763295
2 74 1.139882406185008
3 4 1.3096316321634585
3 5 1.3245677951123034
3 6 1.3918045454671013
3 7 1.2004544697008566
3 8 1.3934697147828177
3 9 1.1172449663931454
3 10 1.3166856760338244
3 11 1.290305437910275
3 12 1.3280251646815309
3 13 1.0111706842833796
3 14 1.297504334347066
3 15 1.0568839974384951
3 16 1.1710461200764348
3 17 1.2691029382383998
3 18 1.3015438073921526
3 19 1.2965656932980831
3 20 1.2639814795165776
3 21 1.0815803803230657
3 22 1.3577144031515664
3 23 1.3881114358549598
3 24 1.003616026293975
3 25 1.3432206733028198
3 26 1.2326474949301338
3 27 1.1432604966171638
3 28 1.4423991033197419
3 29 1.1197250878111276
3 30 1.2830635207833996
3 31 1.1888259576937599
3 32 1.116250636118834
3 33 1.2865332384488408
3 34 1.3178732933297368
3 35 1.2852632529562646
3 36 1.41841151372204
3 37 1.1924772239335564
3 38 1.269929326562006
3 39 1.3017085862621494
3 40 1.3961032918504468
3 41 1.3194723818206688
3 42 1.330467075038634
3 43 1.2816868674448931
3 44 1.2863585495294796
3 45 0.7375928503608806
3 46 1.5198639770000417
3 47 1.4654227818030685
3 48 1.2777062434524817
3 49 1.3044137138379786
3 50 1.2548040968080827
3 51 1.47160272744975
3 52 1.4238414822686352
3 53 1.3187239779304325
3 54 1.2655503144150733
3 55 1.1754782314208614
3 56 1.10104728790698
3 57 1.347082443764134
3 58 1.2022915311442324
3 59 1.1879673948718599
3 60 1.2760559819567097
3 61 1.235382302235561
3 62 1.0882766107733635
3 63 1.146670204963015
3 64 1.0898433800824006
3 65 1.2642654755964935
3 66 1.2026166434427314
3 67 1.1686656302167155
3 68 1.2490715053194728
3 69 1.3069505658167122
3 70 1.1710782684953072
3 71 1.2489100331224547
3 72 1.3063772502726283
3 73 1.3157231497224584
3 74 1.2191548913856571
4 5 1.3000576278846876
4 6 0.988353581401552
4 7 1.163779274547901
4 8 1.390717690961008
4 9 1.1873530501713143
4 10 1.2752923013244994
4 11 1.1608273874868935
4 12 1.2964507987268843
4 13 1.1716800997296466
4 14 1.3757299102161469
4 15 1.1598206638429054
4 16 1.2413912155922118
4 17 1.2729082894728336
4 18 1.3438320868805829
4 19 1.350782826628309
4 20 1.2754053840640656
4 21 1.0814777766816712
4 22 1.2295767760135787
4 23 1.2833028378622868
4 24 1.140515620796365
4 25 1.2705219481909849
4 26 1.2731098389193036
4 27 1.2814317022205115
4 28 1.3231187159227682
4 29 1.0872721216740986
4 30 1.267340976169617
4 31 1.1512278773356246
4 32 1.0614522383142977
4 33 1.2402147068677116
4 34 1.115488324298044
4 35 1.2202673539492233
4 36 1.3307821406705758
4 37 0.9457257847554997
4 38 1.347964463148551
4 39 1.102572938970444
4 40 1.2756066635951917
4 41 1.090359394523899
4 42 1.2759224308544155
4 43 1.2527792980430066
4 44 1.3270079330097946
4 45 1.1974244886642906
4 46 1.3321439177889738
4 47 1.391563889652183
4 48 1.31645921036378
4 49 1.264535355182822
4 50 1.1666097657445493
4 51 1.3221921279540387
4 52 1.3156708837434437
4 53 1.2892490662161407
4 54 1.2614705754727178
4 55 1.224607480137257
4 56 1.131244056643832
4 57 1.3535061484582656
4 58 1.09689980402856
4 59 1.1821405089133579
4 60 1.2067233500420718
4 61 1.1967907747083977
4 62 1.2580165188970596
4 63 1.1959464126629842
4 64 1.0312754385316871
4 65 1.2320572675643013
4 66 1.1653421688734826
4 67 1.1986709667985829
4 68 1.2654814259673395
4 69 1.2045265999084038
4 70 1.0934090147222952
4 71 1.358957714250745
4 72 1.281537718967825
4 73 1.2035747626657447
4 74 1.0469461817380021
5 6 1.3159584792336292
5 7 1.0981766938484767
5 8 1.3629533004323937
5 9 1.4077256376094998
5 10 1.2083611835972106
5 11 1.256067284349265
5 12 1.317984689129003
5 13 1.2118695123496785
5 14 1.102417914910519
5 15 1.1974871601972046
5 16 1.4510737234354405
5 17 1.460718013014757
5 18 1.226146296003939
5 19 1.1834257952596487
5 20 1.2907506829353743
5 21 1.1512925341055873
5 22 1.1608708489639008
5 23 1.3566598135400865
5 24 1.238953489112668
5 25 1.4124094370887295
5 26 1.4677955830916796
5 27 1.51500897366805
5 28 1.1141476504540881
5 29 1.2094745237259215
5 30 1.3010647105156274
5 31 1.2762988458390043
5 32 1.286442084793762
5 33 1.398121198534093
5 34 1.2250803453641759
5 35 1.2472109569647067
5 36 1.476816879999993
5 37 1.2040568589772
5 38 1.1498367935794946
5 39 1.2401883454788056
5 40 1.4904000636619221
5 41 1.2414867225238564
5 42 1.1578527440816457
5 43 1.2771961331326456
5 44 1.3576067739620934
5 45 1.2742129048600397
5 46 1.4778760778176232
5 47 1.4960576196636486
5 48 1.4587160000997728
5 49 1.082756522774739
5 50 1.2767193139035709
5 51 1.4429999204742707
5 52 1.3660143411187018
5 53 1.239299841129015
5 54 1.2722143695256132
5 55 1.2462597259657817
5 56 1.2439312599408388
5 57 1.289997764476777
5 58 1.192210682640755
5 59 1.2827725115774868
5 60 1.3165266391089734
5 61 1.3379064792954416
5 62 1.2562955077129743
5 63 1.2368017230090804
5 64 1.1923859426295673
5 65 1.370365265448172
5 66 1.2835514232312137
5 67 1.3867492556036511
5 68 1.2343059560183094
5 69 1.3131956851874063
5 70 1.3078587006485054
5 71 1.2459901079494
5 72 1.1714707776902988
5 73 1.1514742027635654
5 74 1.2439109637285428
6 7 1.2808974332464507
6 8 1.3539554399003149
6 9 1.3239475420762155
6 10 1.2946620948468304
6 11 1.2507132252439304
6 12 1.2234546484212847
6 13 1.276153870130755
6 14 1.331112732129491
6 15 1.2685993238978397
6 16 1.3543545121885434
6 17 1.449073946982651
6 18 1.3601757751697596
6 19 1.4739281004341132
6 20 1.2853971301920046
6 21 1.1521058186501951
6 22 1.2981181915068958
6 23 1.245251752072373
6 24 1.2107998968029188
6 25 1.269410286340354
6 26 1.413391312237351
6 27 1.3694093873581956
6 28 1.2526643716224068
6 29 1.2031229936001322
6 30 1.286353582497804
6 31 1.3338614721128008
6 32 1.1709543994839637
6 33 1.3579686602340386
6 34 1.1108035749390055
6 35 1.2323475463915905
6 36 1.3934066407760564
6 37 1.194976647851771
6 38 1.3886324133698535
6 39 1.2081328255523498
6 40 1.3439252645812276
6 41 1.2102445465804739
6 42 1.239036109349924
6 43 1.2702334828824913
6 44 1.3419462715156971
6 45 1.2731565994850362
6 46 1.3794727003260747
6 47 1.3008426319613198
6 48 1.3614332529901567
6 49 1.2965743533547414
6 50 1.237613756300172
6 51 1.3476991720154525
6 52 1.3922979566548086
6 53 1.301409647961928
6 54 1.2684395609632266
6 55 1.2480268097360339
6 56 1.1985825094134914
6 57 1.29067510570873
6 58 1.237863328871149
6 59 1.3162105699922468
6 60 1.1669589346860396
6 61 1.1335526107697975
6 62 1.3199185527884143
6 63 1.2238448069535162
6 64 1.1425157872686427
6 65 1.3193751100940445
6 66 1.1812730383117611
6 67 1.3405738296835503
6 68 1.3490765472228996
6 69 1.198906476444334
6 70 1.134320197914986
6 71 1.4240561070226518
6 72 1.2933158320831901
6 73 1.287913058497023
6 74 1.11207057018875
7 8 1.2898504200597058
7 9 1.2983286123373323
7 10 1.2251965652700498
7 11 1.1185839587356898
7 12 1.4187055314740264
7 13 1.031974563893195
7 14 1.2095401367052545
7 15 1.006692372139694
7 16 1.2854224095424658
7 17 1.2997586870081377
7 18 1.3245757055056624
7 19 1.276628496226197
7 20 1.3836001300486438
7 21 0.9234537048171726
7 22 1.1660013324809837
7 23 1.3032290530315653
7 24 0.9650544122618155
7 25 1.3725919721371176
7 26 1.3546685873161517
7 27 1.3638429471959128
7 28 1.2599842581064271
7 29 0.9982943042995238
7 30 1.2638342426592437
7 31 1.1707339047586234
7 32 1.097559595223689
7 33 1.3067842319946326
7 34 1.1588767255959629
7 35 1.1794529575031758
7 36 1.4864342302228182
7 37 0.9542873422320032
7 38 1.2577869254293628
7 39 1.129971276989231
7 40 1.422925139151241
7 41 1.1559372006543736
7 42 1.177232974776302
7 43 1.2487240906787669
7 44 1.32024091630219
7 45 1.2460467390736933
7 46 1.4947061470697167
7 47 1.476201377495405
7 48 1.3200506056046635
7 49 1.296325875018635
7 50 1.2366020877662929
7 51 1.4002559599285755
7 52 1.429656319985278
7 53 1.211797091761809
7 54 1.2985784597022465
7 55 1.1661012566567694
7 56 1.03939722514215
7 57 1.2501151814964675
7 58 1.1170321341943419
7 59 1.196607593583482
7 60 1.2604523615666243
7 61 1.2859225415594684
7 62 1.1564617920876088
7 63 0.9754741585256811
7 64 0.9896474619440617
7 65 1.2737447693325226
7 66 1.1205186262684332
7 67 1.203217559023708
7 68 1.1941787046235193
7 69 1.2548559251755798
7 70 1.1785040834029052
7 71 1.2520792035534232
7 72 1.2413361770709763
7 73 1.1292821015923595
7 74 1.1080141733170412
8 9 1.3002675393746614
8 10 1.3630960719948264
8 11 1.2407377904801826
8 12 1.3849633747942782
8 13 1.3720367945657568
8 14 1.311725971584512
8 15 1.3767005483016428
8 16 1.2708481271535355
8 17 1.358697873490736
8 18 1.2151602290521442
8 19 1.5034463216027252
8 20 1.442856213872924
8 21 1.3098031723177146
8 22 1.3179684163504652
8 23 1.4428249723725395
8 24 1.37103240745118
8 25 1.212924103881725
8 26 1.2629592790735036
8 27 1.3368126248146184
8 28 1.2353358319860084
8 29 1.4115960031125678
8 30 1.280507738695802
8 31 1.2995311261788633
8 32 1.3383471412086694
8 33 1.298495608963605
8 34 1.3489351545949642
8 35 1.4338041367470458
8 36 1.2702276159984984
8 37 1.3239443562917905
8 38 1.3276171405387276
8 39 1.3659897590374221
8 40 1.1691217189934937
8 41 1.2399860104607838
8 42 1.3757669840402575
8 43 1.3848640781247965
8 44 1.3109996945391313
8 45 1.4021281450805523
8 46 1.3073780077123036
8 47 1.014866727934293
8 48 1.3405415670171188
8 49 1.347388916111673
8 50 1.3870981054867808
8 51 1.1885150082213367
8 52 1.2932837734586395
8 53 1.43357032472148
8 54 1.3845925000196653
8 55 1.3299240758367794
8 56 1.3952754642812641
8 57 1.3366934508047037
8 58 1.358313390578089
8 59 1.4053693158590022
8 60 1.3645943861438328
8 61 1.4490478558257036
8 62 1.3079899600574452
8 63 1.3028573289895018
8 64 1.3388030296866131
8 65 1.3468121504364088
8 66 1.2457383403410152
8 67 1.3487923973412173
8 68 1.4762490385885585
8 69 1.3745896795350765
8 70 1.249290643377138
8 71 1.3401258461552548
8 72 1.3259382607055685
8 73 1.4248084516766428
8 74 1.3673112644356749
9 10 1.30569794717863
9 11 1.246771958167005
9 12 1.1631551552053359
9 13 1.1188437186946079
9 14 1.305240756210482
9 15 1.156177024921861
9 16 1.0922042538488532
9 17 1.1648682943999369
9 18 1.3335247697147763
9 19 1.4126797688595072
9 20 1.3190055498332602
9 21 1.201595032926079
9 22 1.376687302119501
9 23 1.257746250938227
9 24 1.1641747698581169
9 25 1.2010332494467035
9 26 1.085429112931781
9 27 1.079406157061505
9 28 1.35106904308587
9 29 1.2242656639780274
9 30 1.2101551110115134
9 31 1.1742533126551924
9 32 1.0127199015451318
9 33 0.7934267182475616
9 34 1.3233333365476712
9 35 1.2864031910873992
9 36 1.4247342059841668
9 37 1.2466269234496248
9 38 1.3496384428327246
9 39 1.3558924663731742
9 40 1.3434212957451954
9 41 1.2483240030133336
9 42 1.2704893965737065
9 43 1.3127408243761711
9 44 1.3209724642375722
9 45 1.0354734251303552
9 46 1.4143457894234714
9 47 1.389690088876802
9 48 1.1727784463460613
9 49 1.2941899845489655
9 50 1.1055756728492392
9 51 1.4312139543002769
9 52 1.3333076255055134
9 53 1.3369387304309794
9 54 1.2816844900926805
9 55 1.2894562737407613
9 56 1.18396822944088
9 57 1.3799712986308104
9 58 1.1173435822667483
9 59 1.1337772170204177
9 60 1.2126882869963265
9 61 1.318090512969759
9 62 1.1923179461625146
9 63 1.2134719838728891
9 64 1.1450051789548683
9 65 1.2252096043101657
9 66 1.3123293520267423
9 67 1.0711300984699426
9 68 1.334590670523222
9 69 1.3401349548536976
9 70 1.1203886810708135
9 71 1.2523822167795193
9 72 1.3653568365134026
9 73 1.3426271062421826
9 74 1.1827935483290213
10 11 1.189902031597019
10 12 1.2820810995649297
10 13 1.124787805530962
10 14 1.2420195188925636
10 15 1.080892117636168
10 16 1.2363726654901477
10 17 1.3770616470071448
10 18 1.2978845668267487
10 19 1.3257853843093437
10 20 1.335820765868837
10 21 1.1606747901290813
10 22 1.1860016231111905
10 23 1.3338816000590972
10 24 1.1346372310881383
10 25 1.332729921093781
10 26 1.262276974552855
10 27 1.314460091704359
10 28 1.1925683850245838
10 29 1.1782795330472295
10 30 1.3712074862882364
10 31 1.3436074044291066
10 32 1.1688522249821498
10 33 1.2778069331106283
10 34 1.2833084383060565
10 35 1.2273993810932724
10 36 1.3753823778026277
10 37 1.1881480011085233
10 38 1.2815204468378778
10 39 1.2998496277392182
10 40 1.3508615551838887
10 41 1.2677957917199423
10 42 1.2018370575288015
10 43 1.3544936077614347
10 44 1.3857865360747494
10 45 1.2520389558114966
10 46 1.3808276292931647
10 47 1.416323091047131
10 48 1.3016369235122716
10 49 1.3116280091936863
10 50 1.0957990754809315
10 51 1.3293063405568089
10 52 1.3998023432940958
10 53 1.132964917484735
10 54 1.2834985918685748
10 55 1.209943737380757
10 56 1.135531670699934
10 57 1.3571465921050243
10 58 1.1968159916340901
10 59 1.1586790072605258
10 60 1.3888500424953123
10 61 1.2862835679704916
10 62 1.2354842327285656
10 63 1.250273609924727
10 64 1.125364874442027
10 65 1.3527493687134524
10 66 1.2290528756762316
10 67 1.3225483450766773
10 68 1.223193875354799
10 69 1.308686508374824
10 70 1.2054697348683379
10 71 1.3666516373786344
10 72 1.1688643094209692
10 73 1.2460563985478519
10 74 1.2186943633867362
11 12 1.3518067514626242
11 13 1.14265546520245
11 14 1.3103686614496917
11 15 1.0928798526324217
11 16 1.31470271312133
11 17 1.3254992782376087
11 18 1.255324137856099
11 19 1.330961293170239
11 20 1.4230394322807494
11 21 1.048235118138927
11 22 1.1351501968616038
11 23 1.4400478759373374
11 24 1.1364072754911203
11 25 1.2229158525406423
11 26 1.3884617613106802
11 27 1.376692818294054
11 28 1.2754699296234946
11 29 1.1626922078447297
11 30 1.3416760220008634
11 31 1.0778693666085466
11 32 1.1568966485998833
11 33 1.2405475732069051
11 34 1.189523837463355
11 35 1.202945040971761
11 36 1.4043145355140056
11 37 1.1683000254449625
11 38 1.2205087702239321
11 39 1.29460121563636
11 40 1.4053340274154411
11 41 1.1662080069218153
11 42 1.1963008563400617
11 43 1.2887962154492218
11 44 1.3307442473182163
11 45 1.2421401743957767
11 46 1.3707141242269663
11 47 1.3945492413826888
11 48 1.4505170148129805
11 49 1.229302730871007
11 50 1.2373385921942255
11 51 1.3998725035802433
11 52 1.391964758855563
11 53 1.3007596583802274
11 54 1.3390547985657208
11 55 1.2027920032909454
11 56 1.1455112475509734
11 57 1.145821700842942
11 58 1.1496450723423997
11 59 1.2307876680217256
11 60 1.3302023840855015
11 61 1.1791550665201123
11 62 1.2171891022248023
11 63 1.1874746695928606
11 64 1.0837665475380138
11 65 1.3280374544194868
11 66 1.2283012693805238
11 67 1.3169958866976041
11 68 1.380423425243043
11 69 1.2428712794097794
11 70 1.1518677134955275
11 71 1.2732432143054033
11 72 1.1751350966655298
11 73 1.2419869755402715
11 74 1.1864932314782026
12 13 1.2762088259317745
12 14 1.327597939517933
12 15 1.3770518629744548
12 16 1.3802922654326715
12 17 1.3836005514335297
12 18 1.298686510703562
12 19 1.3536056078054477
12 20 1.2703156745916642
12 21 1.357662755522919
12 22 1.3755555286475774
12 23 1.3338242011116894
12 24 1.3571751497506797
12 25 1.2466296030684203
12 26 1.380634390565795
12 27 1.3912290716791418
12 28 1.2172255364643312
12 29 1.4291033808957017
12 30 1.2793871042949112
12 31 1.2809741656540006
12 32 1.286219495359005
12 33 1.206578970369413
12 34 1.2635089375481499
12 35 1.3663417748108224
12 36 1.444682156191353
12 37 1.29294456492303
12 38 1.386107773595459
12 39 1.2730271515403153
12 40 1.3699565744572035
12 41 1.3189793692472664
12 42 1.2724893439288858
12 43 1.2768457017826182
12 44 1.3766087328022576
12 45 1.2567155353751454
12 46 1.4044999204907926
12 47 1.3521367796291361
12 48 1.3716748755351715
12 49 1.380613691049489
12 50 1.2774057436209083
12 51 1.3697267498094676
12 52 1.3571400184701248
12 53 1.299026473134069
12 54 1.248107329279982
12 55 1.45740667774764
12 56 1.3909211634189247
12 57 1.311051436967801
12 58 1.2542268418529166
12 59 1.2511060854313043
12 60 1.2553402042226027
12 61 1.2849227940068915
12 62 1.3039967996319477
12 63 1.385014514722307
12 64 1.253710870478754
12 65 1.4001172437480105
12 66 1.2435255164721697
12 67 1.346804896476169
12 68 1.3522128210842979
12 69 1.3872604061553222
12 70 1.3383828168235947
12 71 1.3075996378710493
12 72 1.3325474297936097
12 73 1.4309556789140156
12 74 1.266152785118533
13 14 1.195636377294362
13 15 0.8574277094092416
13 16 1.1319738834117774
13 17 1.3120041327027185
13 18 1.2578494713956412
13 19 1.3005931288675312
13 20 1.185213461916943
13 21 0.8284128457097419
13 22 1.3054690146198233
13 23 1.2222173117902504
13 24 0.892889373242291
13 25 1.2552956670995208
13 26 1.2280087437054894
13 27 1.174671079047128
13 28 1.325939313882084
13 29 0.9254119410501208
13 30 1.273879598197577
13 31 1.1728369243768912
13 32 1.0154624678035231
13 33 1.2621683116946392
13 34 1.2183077784649055
13 35 1.1895934252503457
13 36 1.5029897797212857
13 37 1.045021723658247
13 38 1.2591983969912979
13 39 1.2531826082620448
13 40 1.378132817753662
13 41 1.2338602166191006
13 42 1.2888352896795274
13 43 1.2333510845542186
13 44 1.2941404601789137
13 45 0.9282767378406684
13 46 1.4811332806149313
13 47 1.4676945356241204
13 48 1.30382864721272
13 49 1.2344696940982764
13 50 1.2024184122936732
13 51 1.385428387041929
13 52 1.412256994559392
13 53 1.2326132216312897
13 54 1.2929466039725814
13 55 1.1443227098935762
13 56 0.9161703566795173
13 57 1.3140780268376013
13 58 1.068891522445149
13 59 1.091315220177128
13 60 1.3077708946568922
13 61 1.173804197811405
13 62 1.1027852922193222
13 63 0.9679437047916706
13 64 0.8346413841676248
13 65 1.3036920085020722
13 66 1.1766844902713685
13 67 1.0695001557156225
13 68 1.3624651667622079
13 69 1.2077266482090614
13 70 1.0723069594995336
13 71 1.1633394215329844
13 72 1.2272772897930686
13 73 1.233874634001305
13 74 1.1093548570345002
14 15 1.3236803971643112
14 16 1.3219899749168984
14 17 1.3893349397792465
14 18 1.3695081129867797
14 19 1.268351351437297
14 20 1.2876947791296922
14 21 1.2113155999806369
14 22 1.2917140831824319
14 23 1.3012593286145653
14 24 1.2800313722705088
14 25 1.3447420394101464
14 26 1.302110842962184
14 27 1.3576814514255768
14 28 1.4022281145431965
14 29 1.2790047195374954
14 30 1.3545466469710508
14 31 1.338277646421899
14 32 1.2447634290607845
14 33 1.3462149038841054
14 34 1.2715981470056708
14 35 1.368516894328304
14 36 1.338540990204822
14 37 1.2854916818997781
14 38 1.3118395896537793
14 39 1.2697317546594291
14 40 1.5385774100888323
14 41 1.2223378919931023
14 42 1.3193275229438952
14 43 1.3036278843012608
14 44 1.3204595292526293
14 45 1.2606370133847868
14 46 1.393853768385376
14 47 1.3563203178024024
14 48 1.3484267328021198
14 49 1.2721957391551022
14 50 1.280039314528975
14 51 1.4807701526492818
14 52 1.307351243982184
14 53 1.29513763051116
14 54 1.2924980939433035
14 55 1.3224689954599247
14 56 1.3187115584544309
14 57 1.2965943300302312
14 58 1.2953177049573863
14 59 1.328749634986201
14 60 1.556459285670411
14 61 1.3148818443395833
14 62 1.195023034849299
14 63 1.2725881065613203
14 64 1.2503215626111976
14 65 1.4200180985353732
14 66 1.337593888757238
14 67 1.2957982557430796
14 68 1.2846781634607214
14 69 1.262237627749863
14 70 1.3007536750397555
14 71 1.3435904966139505
14 72 1.344074709673551
14 73 1.1679489763555724
14 74 1.233751757179193
15 16 1.110178683408177
15 17 1.2507199001987785
15 18 1.27869973556742
15 19 1.3500042458721084
15 20 1.2411776055881822
15 21 0.6849130254250513
15 22 1.196833707531683
15 23 1.2444297117803493
15 24 0.5345513716769386
15 25 1.3279054489715314
15 26 1.175309075183531
15 27 1.1770630387036065
15 28 1.248230360788066
15 29 0.697800545565393
15 30 1.3331768224339606
15 31 1.1996033335525835
15 32 0.9631449935935731
15 33 1.2240524667041506
15 34 1.0876107412269582
15 35 1.1153318049371033
15 36 1.5726123444069686
15 37 1.0358774621456623
15 38 1.222581052644551
15 39 1.3246235829722806
15 40 1.440499896182893
15 41 1.1892509085941438
15 42 1.167174156203083
15 43 1.2730023795947742
15 44 1.3455392887023128
15 45 1.0100458652449904
15 46 1.5690604556460388
15 47 1.5531928130159907
15 48 1.2687066063808705
15 49 1.2282481795622715
15 50 1.1758307978207534
15 51 1.5007841586983819
15 52 1.3992083449853006
15 53 1.212783462678237
15 54 1.2995520473826871
15 55 1.1254032433119767
15 56 0.6121945187666522
15 57 1.3765537668367875
15 58 1.0308105812666386
15 59 1.1564744183787823
15 60 1.2856559228059963
15 61 1.254609172308333
15 62 1.1281672084794447
15 63 0.7369625452464259
15 64 0.7733364709239999
15 65 1.1700099983263805
15 66 1.2377209188797806
15 67 1.2196206037261028
15 68 1.3209168627104455
15 69 1.2576973979320136
15 70 0.9142219517052526
15 71 1.238887861055506
15 72 1.211517389868745
15 73 1.2069602018766803
15 74 1.1226326600100176
16 17 0.9863087048292464
16 18 1.2551981944067236
16 19 1.4193549766831965
16 20 1.2530014539305656
16 21 1.0945831798516004
16 22 1.4380905570577225
16 23 1.2731304098850942
16 24 1.1170708726211278
16 25 1.2768337005623305
16 26 0.767505267714273
16 27 0.841127755124511
16 28 1.3847734554114854
16 29 1.1544914956974335
16 30 1.2595459352751
16 31 1.3112802053774841
16 32 1.1692122706069583
16 33 1.1894758191657946
16 34 1.3553745248573912
16 35 1.350965519113195
16 36 1.3444869586135215
16 37 1.2448942224349147
16 38 1.4062316929732672
16 39 1.391749303978516
16 40 1.3066692943689044
16 41 1.314443132218695
16 42 1.4308942435547014
16 43 1.3206463111823428
16 44 1.4344433583314709
16 45 1.2200192424468363
16 46 1.4415780033102887
16 47 1.331846379017701
16 48 1.0022871888685068
16 49 1.3656390988325593
16 50 1.17684308371338
16 51 1.3891908387102685
16 52 1.2662388431092273
16 53 1.4175935468132623
16 54 1.3983832048381057
16 55 1.229814964316331
16 56 1.1011873570938329
16 57 1.5075367510813273
16 58 1.2395172579366627
16 59 1.0842869616437898
16 60 1.4162202712654957
16 61 1.352034813263361
16 62 1.3083306301750879
16 63 1.1476830313044537
16 64 1.139671084269322
16 65 1.2386793188082086
16 66 1.3121741602572996
16 67 1.0333302988699486
16 68 1.4054272678589976
16 69 1.3152060429944823
16 70 1.1761194635639938
16 71 1.3041837824727571
16 72 1.3629927644739095
16 73 1.3741965559340865
16 74 1.2405563440071348
17 18 1.2130972680695054
17 19 1.3862166274639514
17 20 1.4192022665441564
17 21 1.2759055751375425
17 22 1.4004278856641856
17 23 1.215638186315413
17 24 1.239982700130405
17 25 1.348746434822155
17 26 0.8703435377992558
17 27 0.9630131158855777
17 28 1.3919401596112224
17 29 1.275698255076973
17 30 1.322455898284471
17 31 1.3089844313656755
17 32 1.2426303961310556
17 33 1.1722630982028956
17 34 1.3754458377785752
17 35 1.3731886063146983
17 36 1.3652769599271446
17 37 1.1919887680367907
17 38 1.4399105254110445
17 39 1.4351190423392262
17 40 1.3467331008092278
17 41 1.3264439116513136
17 42 1.4208224448131397
17 43 1.2635191686117522
17 44 1.4168951850704397
17 45 1.2829023736169896
17 46 1.4251883085117627
17 47 1.335035987887011
17 48 0.9099408249532952
17 49 1.3581245112454963
17 50 1.2518304949001278
17 51 1.3310936222316176
17 52 1.1973813141158611
17 53 1.3968184660039393
17 54 1.37871522593567
17 55 1.256140892855977
17 56 1.2812905795098266
17 57 1.5150691234273577
17 58 1.3067725128243362
17 59 1.1173741469879472
17 60 1.4638745914529736
17 61 1.3888326438788268
17 62 1.3296813983335363
17 63 1.2745381744758928
17 64 1.2619965572006175
17 65 1.3105880130987277
17 66 1.3149236861924112
17 67 0.9809591975645715
17 68 1.386636617505711
17 69 1.3638893838829231
17 70 1.3122658536059237
17 71 1.3064414948059588
17 72 1.385370399035477
17 73 1.4096298542274015
17 74 1.2766175419719061
18 19 1.3502965353514835
18 20 1.2910422039063034
18 21 1.260447253015488
18 22 1.3280019708378266
18 23 1.315419697501766
18 24 1.290712152613427
18 25 1.2221692876990184
18 26 1.2099144673049025
18 27 1.2769506101651882
18 28 1.2734757617630188
18 29 1.2872363619942593
18 30 1.2741159240514517
18 31 1.3623389578664953
18 32 1.2779689460646366
18 33 1.399249090152545
18 34 1.2506073952465429
18 35 1.329527896167947
18 36 1.349142990727085
18 37 1.3063602367435971
18 38 1.3298901204212015
18 39 1.3177135839802752
18 40 1.486000354320817
18 41 1.2273806442682462
18 42 1.3050151103901404
18 43 1.2701283526951022
18 44 1.3025543834894548
18 45 1.3162257664565638
18 46 1.4473499289317608
18 47 1.1720143595448915
18 48 1.2908926027918213
18 49 1.3229781656902686
18 50 1.2805248905723272
18 51 1.4736808295658483
18 52 1.3244207326366568
18 53 1.3164815759016824
18 54 1.3284575588420762
18 55 1.2978644727413273
18 56 1.3001588571787221
18 57 1.335637614506358
18 58 1.2754967095379035
18 59 1.160933746382632
18 60 1.4364062255289103
18 61 1.3780043052925752
18 62 1.2902828834511881
18 63 1.2710388250058833
18 64 1.2370940695140924
18 65 1.4354150756374222
18 66 1.2277212590261504
18 67 1.2554597621471142
18 68 1.3842318765540673
18 69 1.4178074515779815
18 70 1.279763635298746
18 71 1.2464324262627717
18 72 1.3716699895537026
18 73 1.394490945638854
18 74 1.2895690456454794
19 20 1.3483396079007866
19 21 1.3357876888891296
19 22 1.2707400613657147
19 23 1.416599064832238
19 24 1.3916048255945388
19 25 1.4634303157303672
19 26 1.3973019410393432
19 27 1.4101104915319433
19 28 1.3179226183620458
19 29 1.3970663131261538
19 30 1.3341267692539402
19 31 1.3298889335105215
19 32 1.4059537601877785
19 33 1.4318664998117612
19 34 1.2878378276867037
19 35 1.2863332079494165
19 36 1.4501810862863407
19 37 1.337653772486433
19 38 1.1826542807744735
19 39 1.19310301956671
19 40 1.4355681839168888
19 41 1.2614824187613296
19 42 1.1979272137200099
19 43 1.3389887145908144
19 44 1.384957556228517
19 45 1.4212681735117638
19 46 1.4467699948556254
19 47 1.4915375242356828
19 48 1.3884928471112787
19 49 1.310521194162417
19 50 1.3321688828535583
19 51 1.4142515114584215
19 52 1.3855119666476143
19 53 1.1568373172570507
19 54 1.3192555659961167
19 55 1.3590139111083446
19 56 1.3869500325159252
19 57 1.3070035152404909
19 58 1.2122656176245863
19 59 1.3672965561537873
19 60 1.360052949107603
19 61 1.2763148421969008
19 62 1.4434537378329189
19 63 1.4323930158491829
19 64 1.3230726314620564
19 65 1.3759169508341222
19 66 1.4299518250606285
19 67 1.3245160633328248
19 68 1.22949634535239
19 69 1.3263099201820792
19 70 1.444037600901643
19 71 1.3786248926245066
19 72 1.3060210715838128
19 73 1.3268987528410472
19 74 1.3471647909833984
20 21 1.230149148523327
20 22 1.3120055419641687
20 23 1.2762701215141248
20 24 1.2724343042430288
20 25 1.2794714695065599
20 26 1.3221610294827975
20 27 1.3875855663482177
20 28 1.3864859173463786
20 29 1.2122312840704006
20 30 1.3087786554750755
20 31 1.3320040620272329
20 32 1.2502752906261079
20 33 1.3832180966920793
20 34 1.1927760714670776
20 35 1.2294351467729525
20 36 1.3745037867489018
20 37 1.3345529574283506
20 38 1.2059312387415024
20 39 1.2145126172016931
20 40 1.353185866548391
20 41 1.1623142297007873
20 42 1.199906818419327
20 43 1.2469243035639521
20 44 1.4127327747580436
20 45 1.1792964418811112
20 46 1.33143301108165
20 47 1.3000794422163082
20 48 1.4254651461627663
20 49 1.1864348830386997
20 50 1.2838214081002153
20 51 1.3672873380341015
20 52 1.323969138535858
20 53 1.2171133928521383
20 54 1.3225722209357824
20 55 1.382466880340201
20 56 1.2739155203793544
20 57 1.5377716592152446
20 58 1.1896438048325182
20 59 1.3092469415192591
20 60 1.3197231393467659
20 61 1.257923126873817
20 62 1.299394101241955
20 63 1.2206168002289532
20 64 1.191605382346043
20 65 1.2577763890378237
20 66 1.2602296395654247
20 67 1.239138221650252
20 68 1.3593223453341476
20 69 1.1994027672610799
20 70 1.232783605941826
20 71 1.3446525172741395
20 72 1.2304893527821952
20 73 1.3453577001356563
20 74 1.3483657474624509
21 22 1.2205748487474493
21 23 1.1724394547051609
21 24 0.5821369898973598
21 25 1.3042392486339565
21 26 1.2047424211881277
21 27 1.209478873265591
21 28 1.2833194207445042
21 29 0.6471180718774661
21 30 1.2793419708729055
21 31 1.1911767685727728
21 32 0.9512637185692846
21 33 1.2577086633555354
21 34 1.127216631896927
21 35 1.131888866721612
21 36 1.5492722756267152
21 37 0.9247174915677019
21 38 1.2334640783872093
21 39 1.2743998127827345
21 40 1.435899172206152
21 41 1.1692012229379918
21 42 1.2188588583810132
21 43 1.1837654700665068
21 44 1.3347401307719815
21 45 1.0259949374562556
21 46 1.5629242263265413
21 47 1.4933072567311674
21 48 1.2632968627637695
21 49 1.227700313568272
21 50 1.1559686925046093
21 51 1.4691685489859516
21 52 1.418457248736827
21 53 1.261510881474342
21 54 1.242587408918919
21 55 0.9509007120222854
21 56 0.6691100894024438
21 57 1.311109056248085
21 58 1.0185902650610328
21 59 1.048996181311422
21 60 1.3299434018796903
21 61 1.1420148978382483
21 62 1.1908762580099186
21 63 0.7806033814961525
21 64 0.5993066538509306
21 65 1.2270180569722253
21 66 1.186584482041288
21 67 1.133260298100646
21 68 1.3346282029562484
21 69 1.2212722917702845
21 70 0.9345127900084834
21 71 1.2333166560359845
21 72 1.2053690053796173
21 73 1.1786038398767038
21 74 1.0451303242267138
22 23 1.3666098669200089
22 24 1.210134349275697
22 25 1.4371695655163634
22 26 1.4425029871317456
22 27 1.4554741361769956
22 28 1.1904545364280068
22 29 1.1795183316726403
22 30 1.4023065936485106
22 31 1.1816999008543336
22 32 1.2933227792770101
22 33 1.3011077950401366
22 34 1.0310819200709067
22 35 0.9534995057814383
22 36 1.4869178478417335
22 37 1.1636904042132017
22 38 1.1736335227677097
22 39 1.0816582586961865
22 40 1.3703148246428065
22 41 1.088684579606469
22 42 0.9236287401065557
22 43 1.278926520214305
22 44 1.324504317910388
22 45 1.2981913275266879
22 46 1.4684459131441483
22 47 1.5057325632391854
22 48 1.465623051999724
22 49 1.1296037325159283
22 50 1.2302353926612957
22 51 1.2692272080177351
22 52 1.4296880924164155
22 53 1.1276121971992414
22 54 1.310020540957167
22 55 1.3309530707453443
22 56 1.2055190827814384
22 57 1.2867968221681498
22 58 1.0695115950773884
22 59 1.314556517502657
22 60 1.238052357680267
22 61 1.2781784668451666
22 62 1.1833096390092257
22 63 1.2222412690147983
22 64 1.209093249771934
22 65 1.2778634316240938
22 66 1.167724689490215
22 67 1.416739440198849
22 68 1.2289570773852072
22 69 1.139720236185146
22 70 1.2372838627330887
22 71 1.151008323637432
22 72 1.127074679931084
22 73 1.3187580935545162
22 74 1.1609548227714845
23 24 1.1655285734824534
23 25 1.3915908813981
23 26 1.2351454098744215
23 27 1.2559359654803806
23 28 1.4614322273965972
23 29 1.1566898164716002
23 30 1.3484880854436987
23 31 1.420646028138903
23 32 1.0709127834446874
23 33 1.2935122940273023
23 34 1.2922135961164896
23 35 1.2829153069399666
23 36 1.474961655053031
23 37 1.1561076021878258
23 38 1.4350188619147084
23 39 1.3903274132750072
23 40 1.4324954463904624
23 41 1.354375998277154
23 42 1.3578094113352108
23 43 1.3657825108572221
23 44 1.407284050509664
23 45 1.3189852273976144
23 46 1.4858484116236699
23 47 1.4501159923736888
23 48 1.216938698225673
23 49 1.3239029475441373
23 50 1.329720275853027
23 51 1.4597561732124347
23 52 1.353408533216752
23 53 1.3539833365364684
23 54 1.3329615128717134
23 55 1.2543244889516074
23 56 1.1912017635686445
23 57 1.4573071931175223
23 58 1.2384588696143268
23 59 1.1151792399702385
23 60 1.2603348468597078
23 61 1.2771531418919109
23 62 1.336176277375095
23 63 1.2030988656069794
23 64 1.1035392633561774
23 65 1.3333962092331622
23 66 1.375734431353651
23 67 0.8840048824020723
23 68 1.4412140026744078
23 69 1.2545615433795234
23 70 1.235895303409714
23 71 1.2775581822909876
23 72 1.4126178347336424
23 73 1.4019221360117902
23 74 1.161200420965698
24 25 1.345972002979038
24 26 1.197253959662758
24 27 1.164924848181649
24 28 1.2776283385624936
24 29 0.6124657715726266
24 30 1.300663531030317
24 31 1.185976512048104
24 32 0.9492531210851368
24 33 1.2213442112424453
24 34 1.1439682470394175
24 35 1.0766029092493945
24 36 1.6083869467886684
24 37 1.008294446213286
24 38 1.2170999386133898
24 39 1.3128395198256877
24 40 1.4491976896546672
24 41 1.1981393477972004
24 42 1.1984249433463274
24 43 1.229055957401776
24 44 1.3223251156187046
24 45 0.9996441584092534
24 46 1.6075696674126887
24 47 1.582979864271553
24 48 1.2249354185212051
24 49 1.2562088349332257
24 50 1.1805948587671011
24 51 1.5040956238065109
24 52 1.4865629492944452
24 53 1.1939807618243514
24 54 1.3000540702706544
24 55 1.0444057061481113
24 56 0.5129451909707461
24 57 1.3616842662630995
24 58 0.9974850345456571
24 59 1.1168341553777483
24 60 1.3263007525727082
24 61 1.2519949863706916
24 62 1.139841670680637
24 63 0.7094882552189024
24 64 0.7555475381265029
24 65 1.1716385181217996
24 66 1.2255325019881995
24 67 1.1544425918349126
24 68 1.295985564027559
24 69 1.2571360277861692
24 70 0.8894460052007218
24 71 1.2317515822529472
24 72 1.2383532211952393
24 73 1.2209933730762894
24 74 1.0954265302415005
25 26 1.3179435729179418
25 27 1.3558353141664963
25 28 1.4047384447890567
25 29 1.3818982731284222
25 30 1.2484812879527694
25 31 1.3045341025835249
25 32 1.197121977829285
25 33 1.287214051302889
25 34 1.3398064793271325
25 35 1.3052899884079647
25 36 1.2739038707191601
25 37 1.3042686303442392
25 38 1.3792183615611344
25 39 1.361556901463052
25 40 1.300991627137512
25 41 1.2322627628496052
25 42 1.3639797201135238
25 43 1.4205521139562833
25 44 1.3768965091630816
25 45 1.211904478868463
25 46 1.2854040246187066
25 47 1.2371267269117303
25 48 1.3896940757009266
25 49 1.3567961626251246
25 50 1.3552578168917377
25 51 1.399372579282893
25 52 1.2708728993827374
25 53 1.4127415355660768
25 54 1.356176148151027
25 55 1.391097380941767
25 56 1.3831714053157622
25 57 1.2855364428824587
25 58 1.3121750587534546
25 59 1.224950109500415
25 60 1.4120314601099777
25 61 1.2576437174121609
25 62 1.1888174807472827
25 63 1.2741271677003232
25 64 1.2690229116172569
25 65 1.3330728122883746
25 66 1.2160996584265598
25 67 1.3053813053641925
25 68 1.4778523912818355
25 69 1.4398504809556196
25 70 1.2686114692211008
25 71 1.3549387380502504
25 72 1.385186289045255
25 73 1.2689893433799089
25 74 1.193065260351943
26 27 0.7247032654809494
26 28 1.4282685318185562
26 29 1.2247848319885037
26 30 1.2028163382226122
26 31 1.3635767950472213
26 32 1.1454354736410197
26 33 1.104431627296499
26 34 1.3172332355915488
26 35 1.3885331394628522
26 36 1.3307890164830725
26 37 1.2639553064691007
26 38 1.435219068388566
26 39 1.4756101676413709
26 40 1.3241215828189479
26 41 1.2941546041561334
26 42 1.4515723436458432
26 43 1.2874809713277304
26 44 1.391882249235292
26 45 1.2599549090515179
26 46 1.4104112082534368
26 47 1.2602864855564608
26 48 0.7811376140965275
26 49 1.3333263449697925
26 50 1.163797112984533
26 51 1.36122583249676
26 52 1.2524808529216274
26 53 1.372488592752339
26 54 1.4398789573831172
26 55 1.254990224876505
26 56 1.175754155902552
26 57 1.498293493101281
26 58 1.2479637667611418
26 59 1.1533207014505926
26 60 1.4550600586246325
26 61 1.3825436013376198
26 62 1.3539649176286865
26 63 1.227386732237943
26 64 1.241720761611087
26 65 1.1964435890025242
26 66 1.3692943505153017
26 67 1.031201230495638
26 68 1.399630871335808
26 69 1.3849286591880667
26 70 1.247265467084269
26 71 1.327507992413842
26 72 1.4309377819404383
26 73 1.3633691321064192
26 74 1.2981025513814788
27 28 1.4420944584942617
27 29 1.212342374767506
27 30 1.2569802221073878
27 31 1.424855441536007
27 32 1.1852178052911235
27 33 1.1403369577844473
27 34 1.3416844258089282
27 35 1.3658312882317458
27 36 1.4175946875785004
27 37 1.2451171322985937
27 38 1.428735590761242
27 39 1.4341525223025349
27 40 1.375127283918549
27 41 1.3473799696433983
27 42 1.4539533522457184
27 43 1.339380997986084
27 44 1.3859803076120951
27 45 1.1986858180353477
27 46 1.445814273811299
27 47 1.3012934095933233
27 48 0.7964711882223063
27 49 1.3271984835696105
27 50 1.2009673593581418
27 51 1.4280326223663427
27 52 1.239657211484684
27 53 1.389364654011762
27 54 1.4408167684706135
27 55 1.2417080818527486
27 56 1.1769832212264304
27 57 1.4038675307863822
27 58 1.26399929770731
27 59 1.1242364295342488
27 60 1.3952221669459788
27 61 1.3901814977500655
27 62 1.2950237898371562
27 63 1.2817898879305023
27 64 1.21661186033949
27 65 1.2507203818136932
27 66 1.3623297077311673
27 67 1.074515555116238
27 68 1.445787062189604
27 69 1.30461169604633
27 70 1.2168853692862842
27 71 1.2398859459741927
27 72 1.361003482543124
27 73 1.4200539745170622
27 74 1.3159065687717577
28 29 1.3067665368982493
28 30 1.33076806323192
28 31 1.2767538916599075
28 32 1.3401434706568196
28 33 1.3077141603965534
28 34 1.1761658055261954
28 35 1.165041162413039
28 36 1.4104521737784792
28 37 1.22365163094404
28 38 1.2696261424586759
28 39 1.250052197351292
28 40 1.2243896426857854
28 41 1.2730772321187929
28 42 1.046607958941027
28 43 1.152112540843978
28 44 1.3422328423642698
28 45 1.3938614764641692
28 46 1.3480194596892767
28 47 1.3896069696690476
28 48 1.3784258467564932
28 49 1.2255721043147967
28 50 1.1704744176884572
28 51 1.2334949523625574
28 52 1.3489142107432666
28 53 1.1339390495474697
28 54 1.284606613224373
28 55 1.2832819491709782
28 56 1.2635672931625905
28 57 1.3644764155938123
28 58 1.177938533385899
28 59 1.2821294292096366
28 60 1.358484447722583
28 61 1.3049564843996604
28 62 1.382104399439399
28 63 1.2737597937642071
28 64 1.2645792684156534
28 65 1.393989840490296
28 66 1.221652630406699
28 67 1.4174525196557979
28 68 1.2924317706790418
28 69 1.3241565376344395
28 70 1.3203646825218542
28 71 1.3117964338015742
28 72 1.3110453922813654
28 73 1.2805861155427931
28 74 1.2507521621184627
29 30 1.2852976837648684
29 31 1.2094281552528887
29 32 0.9622967750273439
29 33 1.2418436167126772
29 34 1.1513513110957598
29 35 1.1425666898700064
29 36 1.5740756628275925
29 37 0.995250011566727
29 38 1.255128153599327
29 39 1.3040335774302694
29 40 1.4249953309029806
29 41 1.2342995037258837
29 42 1.1993476586449128
29 43 1.1744622064143337
29 44 1.3128451256524607
29 45 1.0241542155965735
29 46 1.551146174440972
29 47 1.5481822469747357
29 48 1.2392909974464406
29 49 1.194802161814451
29 50 1.1560060559043241
29 51 1.4847782281123947
29 52 1.4361457564824298
29 53 1.238599558172173
29 54 1.2872813081918308
29 55 0.9963050165028572
29 56 0.6051351852960655
29 57 1.3651815657703097
29 58 1.0313152947988258
29 59 1.1290974153112217
29 60 1.363479344423058
29 61 1.2125519689806632
29 62 1.1679981183387707
29 63 0.7117644108438892
29 64 0.776403077147574
29 65 1.2407815622623153
29 66 1.2363604230819802
29 67 1.1759775684023797
29 68 1.366918803358895
29 69 1.2667586731853628
29 70 0.9451660764531586
29 71 1.2565781050331999
29 72 1.245482682577908
29 73 1.2196093971445356
29 74 1.0670147759314847
30 31 1.1825967873098449
30 32 1.2497196497528553
30 33 1.1681062297081335
30 34 1.256381106081292
30 35 1.2151095140141772
30 36 1.3254433273355581
30 37 1.233951005794214
30 38 1.3186780871792085
30 39 1.2833235501388565
30 40 1.354045349290675
30 41 1.2323236368484183
30 42 1.2692573735355102
30 43 1.2220087558832304
30 44 1.4580131733264003
30 45 1.321554958748303
30 46 1.3955931402332997
30 47 1.280210414142033
30 48 1.1602225410103628
30 49 1.2142711810840716
30 50 1.2218682125864158
30 51 1.3950831252890616
30 52 1.3176931383746173
30 53 1.3088676835401691
30 54 1.4258901488637237
30 55 1.258977761679437
30 56 1.2727910685187083
30 57 1.3206754338025652
30 58 1.2694410388518615
30 59 1.2245702363214697
30 60 1.3081760350277338
30 61 1.3060116800629302
30 62 1.4261782587319414
30 63 1.3126946302616345
30 64 1.170270930574251
30 65 1.2846409824173826
30 66 1.2807274870541088
30 67 1.2155419946938475
30 68 1.3938624175416119
30 69 1.421972427489862
30 70 1.3073495482551276
30 71 1.3512811446854738
30 72 1.2834491803762047
30 73 1.4120590637461023
30 74 1.1957044982084346
31 32 1.2383899635700026
31 33 1.2228694072921398
31 34 1.3226561309329055
31 35 1.223516109542256
31 36 1.390885969673641
31 37 1.1413532568597407
31 38 1.2861239679800003
31 39 1.2157405934714043
31 40 1.361024422201787
31 41 1.2377893780693796
31 42 1.1920881799803622
31 43 1.2995953714017718
31 44 1.297334689067524
31 45 1.144202673621961
31 46 1.3885785588959634
31 47 1.434695335510077
31 48 1.39639052119799
31 49 1.2073033823249493
31 50 1.1974711609237754
31 51 1.3395060761170923
31 52 1.400755308891354
31 53 1.2902039640460967
31 54 1.3749110426947793
31 55 1.3540677649941415
31 56 1.207252872827624
31 57 1.3241109369819812
31 58 1.0788500662844478
31 59 1.1768395444680972
31 60 1.2695112233304846
31 61 1.2287722113534267
31 62 1.2212504785435465
31 63 1.2727486451061722
31 64 1.1102865798554367
31 65 1.274860003229423
31 66 1.218653635463772
31 67 1.2746840739880414
31 68 1.3737824847046467
31 69 1.2828390095424038
31 70 1.216456087541281
31 71 1.299700946311129
31 72 1.2252615507781048
31 73 1.2481978106508484
31 74 1.2268068920024913
32 33 1.172399600073524
32 34 1.1506676437951406
32 35 1.1661037797059004
32 36 1.4653530213345962
32 37 0.9288088347952876
32 38 1.3074616276050615
32 39 1.2869122042658174
32 40 1.404647318525111
32 41 1.2247293186084787
32 42 1.2048799784265385
32 43 1.2615068094264488
32 44 1.254756343475592
32 45 1.0304036801741279
32 46 1.4657273670629056
32 47 1.406527372620784
32 48 1.2482851979876985
32 49 1.1773928750437803
32 50 1.1582497165612669
32 51 1.4605362875652899
32 52 1.3830106042382442
32 53 1.296987612211822
32 54 1.3214058945417222
32 55 1.1853969375135653
32 56 0.9517039046158212
32 57 1.3302086390126808
32 58 0.9695550765309936
32 59 1.0111879437273947
32 60 1.230334785374177
32 61 1.1812631023928917
32 62 1.0907758039328643
32 63 0.9351504636488067
32 64 0.9384645101224218
32 65 1.2884460333881125
32 66 1.1466552402226746
32 67 1.0448122751185005
32 68 1.3040198948610644
32 69 1.2254443684243312
32 70 1.0245071202899376
32 71 1.2689857077966495
32 72 1.4030923660193075
32 73 1.2608490097634892
32 74 0.9754993503494352
33 34 1.344411502938851
33 35 1.2358633909468855
33 36 1.4664234544380386
33 37 1.1932892794510725
33 38 1.3315210688158818
33 39 1.3438855077783702
33 40 1.3417473714112662
33 41 1.2269714981668962
33 42 1.2512256861577737
33 43 1.3036335109770685
33 44 1.3201723556513665
33 45 1.2486244440906396
33 46 1.4206506981511295
33 47 1.458382706599595
33 48 1.1732328048766214
33 49 1.2812854068732429
33 50 1.0755015821436003
33 51 1.4313637413836864
33 52 1.4116662208268624
33 53 1.273507127769214
33 54 1.4005673806576429
33 55 1.3339438131063261
33 56 1.2019604905248158
33 57 1.4103194014267115
33 58 1.17593411758959
33 59 1.1805862485571104
33 60 1.3323727922009285
33 61 1.3551880387050301
33 62 1.2225031478874369
33 63 1.2571888520503058
33 64 1.2719432796333383
33 65 1.2765597286663504
33 66 1.3017309379411335
33 67 1.181986374082728
33 68 1.3818120138590186
33 69 1.4049746457317362
33 70 1.2255910339575329
33 71 1.281452386149381
33 72 1.347396936818546
33 73 1.3627861691262824
33 74 1.2135307059755818
34 35 1.0049649675622199
34 36 1.4064835853435624
34 37 1.102919265468229
34 38 1.1916227627686578
34 39 1.1276851057136694
34 40 1.410745391964666
34 41 1.104895478150616
34 42 1.0249877465420145
34 43 1.1584537875427623
34 44 1.370355013114591
34 45 1.2655721163963183
34 46 1.3157430920894975
34 47 1.3384972619269861
34 48 1.3720463143011992
34 49 1.130319179458009
34 50 1.1893671719720655
34 51 1.3872196633453722
34 52 1.3116444606117932
34 53 1.1292653678671334
34 54 1.2941423527667808
34 55 1.3097564042439194
34 56 1.1583728693935729
34 57 1.3541442134286474
34 58 1.0535954418560631
34 59 1.2862970559409486
34 60 1.2343537949444878
34 61 1.1745847055200118
34 62 1.2916874570295074
34 63 1.1550225044065372
34 64 1.0215828637895834
34 65 1.1914915467960188
34 66 1.115152868971945
34 67 1.3572664326117
34 68 1.320159221728775
34 69 1.1275656736800774
34 70 1.2097501984727133
34 71 1.2250193439181938
34 72 1.2096137836429408
34 73 1.3021824601675678
34 74 1.0505408576167985
35 36 1.4644177635468048
35 37 1.107888928380923
35 38 0.9461196030728085
35 39 1.0612447614565121
35 40 1.3897233883741924
35 41 1.0123585110037598
35 42 0.8956689150742926
35 43 1.1456676068298253
35 44 1.3537085007804037
35 45 1.2504242491890625
35 46 1.4170016101737446
35 47 1.464945539592126
35 48 1.4287593405768735
35 49 1.1144438029963568
35 50 1.1667147336719512
35 51 1.3736296525857392
35 52 1.4487247539737245
35 53 0.9509208211270311
35 54 1.4055811719975198
35 55 1.3276144952282516
35 56 1.099953329435374
35 57 1.2687796800004358
35 58 0.9637500865011578
35 59 1.1607447432114033
35 60 1.2732212736738258
35 61 1.1177984503896807
35 62 1.24754014883759
35 63 1.1109627476395825
35 64 1.1012902313589752
35 65 1.2403583075478435
35 66 1.1756960955489886
35 67 1.2987976653599604
35 68 1.269687605443084
35 69 1.1200147076933435
35 70 1.1615074259433986
35 71 1.3631628105831775
35 72 1.062841781598208
35 73 1.2813635591012595
35 74 1.0639961722661804
36 37 1.4020642496429743
36 38 1.470893280152445
36 39 1.3520654649266612
36 40 1.11877108447303
36 41 1.3521847626335817
36 42 1.5297030470674318
36 43 1.3592789128374294
36 44 1.4663463798327607
36 45 1.4860225134865217
36 46 0.6779782288620368
36 47 1.0814266353405573
36 48 1.4033773804369347
36 49 1.4010805040675427
36 50 1.4525374922651917
36 51 1.202247601857519
36 52 1.0163238271063886
36 53 1.4689401445639296
36 54 1.3894804824086167
36 55 1.4106031570070523
36 56 1.5957965842029624
36 57 1.3489301672783645
36 58 1.4135428552953557
36 59 1.4360116842906534
36 60 1.458835529322053
36 61 1.3110793814447737
36 62 1.3887519928058643
36 63 1.5605011296088938
36 64 1.4430754063947142
36 65 1.460201080449587
36 66 1.279984510941058
36 67 1.3760526495164143
36 68 1.466821924386263
36 69 1.4346637024510458
36 70 1.5237590250687965
36 71 1.5289657454975742
36 72 1.3237069534520105
36 73 1.2484737238638057
36 74 1.401791955738011
37 38 1.3418567015703189
37 39 1.1280365021552239
37 40 1.3093792597536982
37 41 1.137032221200829
37 42 1.177422802125925
37 43 1.165501921256433
37 44 1.2960910957020348
37 45 1.1267705465891449
37 46 1.4076526904335027
37 47 1.4650381875441094
37 48 1.2315161237413015
37 49 1.2290408669632837
37 50 1.0712686445475514
37 51 1.3100758891962916
37 52 1.3083892083491084
37 53 1.2266140362331686
37 54 1.2571435663418133
37 55 1.1476606476532691
37 56 1.004299655006533
37 57 1.319733065705563
37 58 1.0416870970284047
37 59 0.9725920388351265
37 60 1.1804779247849304
37 61 1.185014638222998
37 62 1.1742705727216316
37 63 1.0318622936718356
37 64 0.9022481714443049
37 65 1.2238007841485976
37 66 1.030152650601448
37 67 1.1165706780424522
37 68 1.262918803653888
37 69 1.1407306447741452
37 70 1.1172595831928145
37 71 1.2351055552181123
37 72 1.284223026995607
37 73 1.1870307490855418
37 74 1.059124355792021
38 39 1.1843962354108015
38 40 1.393923202057192
38 41 1.1257692026879074
38 42 0.955100721862327
38 43 1.2329634763807409
38 44 1.408949332248365
38 45 1.2731890591823618
38 46 1.4332640198505764
38 47 1.3988274546373165
38 48 1.4536960631146902
38 49 1.1277807033343668
38 50 1.274801737863262
38 51 1.393740944729273
38 52 1.4635639970852612
38 53 1.0268127047403732
38 54 1.3197072794203686
38 55 1.3304134297145314
38 56 1.2372728604930872
38 57 1.3107917992741929
38 58 1.0386118683343897
38 59 1.328981802133585
38 60 1.3564739366106493
38 61 1.3025153181487281
38 62 1.2760099467694996
38 63 1.267869281799179
38 64 1.1959835868388518
38 65 1.2649316820860659
38 66 1.226811939850038
38 67 1.4134697295551477
38 68 1.251357103581375
38 69 1.1383562313201239
38 70 1.2316960022952024
38 71 1.3697305639216295
38 72 1.0605318550131433
38 73 1.3679074801028728
38 74 1.2018260771750824
39 40 1.2885465346167015
39 41 1.1832664165630218
39 42 1.1347619692871695
39 43 1.2754773094343148
39 44 1.3378096678409748
39 45 1.3996100345338942
39 46 1.322244396418648
39 47 1.357481225869604
39 48 1.411683918107921
39 49 1.149240388486379
39 50 1.247579485638128
39 51 1.2136711762461208
39 52 1.369401194187252
39 53 1.1561838138199885
39 54 1.2557159514845069
39 55 1.3364329465063551
39 56 1.3038728525489784
39 57 1.3202651420477467
39 58 1.0858857568428548
39 59 1.2971962478454198
39 60 1.2708274010998786
39 61 1.1677159798298893
39 62 1.2772621173927081
39 63 1.2907876534508498
39 64 1.14828386723609
39 65 1.3222944733460396
39 66 1.1975629856518888
39 67 1.3170828690652492
39 68 1.2792271931411998
39 69 1.3394759650332602
39 70 1.312955587117452
39 71 1.3005038007301886
39 72 1.1683827683606196
39 73 1.305788887368376
39 74 1.1587110001305483
40 41 1.4218975688195559
40 42 1.3898695648095787
40 43 1.3814572697992118
40 44 1.3695822281300107
40 45 1.3780357243759194
40 46 1.068217747363118
40 47 1.172425042617027
40 48 1.324370602528891
40 49 1.3542176197863467
40 50 1.3231704913194815
40 51 0.6544101571348706
40 52 1.3128851091096498
40 53 1.3943155996435315
40 54 1.3905391626226098
40 55 1.3568059528333383
40 56 1.4124779355987154
40 57 1.4401524433946757
40 58 1.3553262360010538
40 59 1.3967403751516472
40 60 1.3667869509668187
40 61 1.3513826464567766
40 62 1.4142348036231434
40 63 1.4456159029369644
40 64 1.3707625103882624
40 65 1.3462482050770495
40 66 1.2895551894759743
40 67 1.296138864719031
40 68 1.4106897049737477
40 69 1.3760317046704935
40 70 1.375230951863522
40 71 1.4749388426239343
40 72 1.3359579549158638
40 73 1.3228168177263497
40 74 1.3624137568205126
41 42 1.0054057599960375
41 43 1.2483787896339384
41 44 1.3852437519249563
41 45 1.2265715796803345
41 46 1.4219821088939242
41 47 1.3714819047494002
41 48 1.3746502130012033
41 49 1.2455514529505447
41 50 1.1739154011458444
41 51 1.42581030684857
41 52 1.37917684281763
41 53 1.1352560268459826
41 54 1.289448584486738
41 55 1.3890015473183401
41 56 1.2055815655521644
41 57 1.3087623293407924
41 58 1.0578935939608243
41 59 1.2550507538852838
41 60 1.3104491440743733
41 61 1.2301038878209722
41 62 1.14553954966785
41 63 1.1813940400130452
41 64 1.2105536188551578
41 65 1.3108863854966402
41 66 1.0450100234824022
41 67 1.308509610923062
41 68 1.229260961313599
41 69 1.1462266685668512
41 70 1.1981658311469376
41 71 1.3202264250993652
41 72 1.1768153423134489
41 73 1.2391389933649948
41 74 1.214905612065274
42 43 1.1961717742915443
42 44 1.3678520486920782
42 45 1.2553916238529064
42 46 1.4796243374595366
42 47 1.4914964191365545
42 48 1.4600106656340992
42 49 1.1499598349431779
42 50 1.1189669285841652
42 51 1.350208743560574
42 52 1.4378183896887355
42 53 0.9534916538132975
42 54 1.3261606472008571
42 55 1.3790933839199662
42 56 1.202727329794203
42 57 1.3191669615378554
42 58 1.069417221548949
42 59 1.2804325842235267
42 60 1.2730945121376656
42 61 1.2170080523032456
42 62 1.2634586046823553
42 63 1.2050899055461262
42 64 1.2128977300871426
42 65 1.2709627506652843
42 66 1.1795817369160433
42 67 1.3780832619720595
42 68 1.2178458833472665
42 69 1.1333690652463193
42 70 1.2242726545843141
42 71 1.300726207560205
42 72 1.1881546291561678
42 73 1.3717849340688615
42 74 1.1314881577408629
43 44 1.294942870818267
43 45 1.286556406207073
43 46 1.3572989947446226
43 47 1.3332893321724921
43 48 1.265929938254293
43 49 1.2392550604363837
43 50 1.2418599648117874
43 51 1.3706107368714182
43 52 1.3364400379219528
43 53 1.1922427262063802
43 54 1.3069618977660042
43 55 1.2529103401467836
43 56 1.2225586235698158
43 57 1.3838475959296213
43 58 1.153400164509754
43 59 1.2587856701343014
43 60 1.3793037557040764
43 61 1.2369237979642067
43 62 1.4228393185056127
43 63 1.253348608988381
43 64 1.16791398766843
43 65 1.3678977980655203
43 66 1.2989969928150185
43 67 1.3182343276616943
43 68 1.2924165007523059
43 69 1.2454688335423765
43 70 1.333760177784451
43 71 1.3143277406963068
43 72 1.3203139615915833
43 73 1.3070839846051465
43 74 1.2286523161331258
44 45 1.3309005018558429
44 46 1.4100531023113039
44 47 1.3946108342385182
44 48 1.349291730321357
44 49 1.3492356871516378
44 50 1.3035696876599225
44 51 1.4627281889852097
44 52 1.41285708111028
44 53 1.3102545436919424
44 54 1.3469727931417939
44 55 1.4141509231270117
44 56 1.3476352631134805
44 57 1.3614708239837867
44 58 1.437103454448656
44 59 1.3309646736030991
44 60 1.2622687900838494
44 61 1.4022869059482586
44 62 1.3183819056257347
44 63 1.298985007020805
44 64 1.3878116296885143
44 65 1.3741953501512143
44 66 1.3492776576441747
44 67 1.378700944663225
44 68 1.457022560029603
44 69 1.3988495712458826
44 70 1.321957942171408
44 71 1.316804479570088
44 72 1.3901025398619047
44 73 1.357622478522203
44 74 1.3849475636206632
45 46 1.516545075747441
45 47 1.4669360823786672
45 48 1.3445937293767904
45 49 1.2582087742341423
45 50 1.205843693336787
45 51 1.43073485658015
45 52 1.401677070957652
45 53 1.332887049328495
45 54 1.261183761115055
45 55 1.1800351102829147
45 56 1.0553613144424465
45 57 1.3237964639458126
45 58 1.1355198175943382
45 59 1.082494384618622
45 60 1.2866471790164038
45 61 1.1917725089765727
45 62 1.0096277316384215
45 63 1.0791038449404964
45 64 1.0006453696492963
45 65 1.2676994427694142
45 66 1.1507245418355054
45 67 1.164172473805389
45 68 1.255794449513926
45 69 1.1816638052508137
45 70 1.0420808951450384
45 71 1.2525207557249063
45 72 1.3062058788125455
45 73 1.2668595054594352
45 74 1.1366148086304337
46 47 1.1436340612957479
46 48 1.4307960440868717
46 49 1.3212837353621942
46 50 1.446594771862385
46 51 1.1871987970381856
46 52 1.0290273978522497
46 53 1.3535655100047825
46 54 1.4471205023441678
46 55 1.4254803071354754
46 56 1.6004047428733075
46 57 1.3667773339853795
46 58 1.385223916817952
46 59 1.4968671085665723
46 60 1.4322885531608254
46 61 1.2606012456438476
46 62 1.4348175565775598
46 63 1.532838814109743
46 64 1.4279636085410148
46 65 1.418837170252967
46 66 1.3981066827595425
46 67 1.4106335022253416
46 68 1.5259991609885362
46 69 1.389854194091502
46 70 1.5211125246710493
46 71 1.5401737088492182
46 72 1.3261231271236404
46 73 1.2951631082107677
46 74 1.4268400451693037
47 48 1.3261272853933601
47 49 1.3456339868742249
47 50 1.4052478610304338
47 51 1.1679861146346815
47 52 1.2463266681866503
47 53 1.4970005671083
47 54 1.3940013229352601
47 55 1.3969120063367992
47 56 1.5675773596715352
47 57 1.3541846056667846
47 58 1.4283949145738504
47 59 1.38097678563863
47 60 1.3825445800552953
47 61 1.3849074210633068
47 62 1.424705767553639
47 63 1.4910389409330178
47 64 1.3866423512731099
47 65 1.4567145494363984
47 66 1.3188066525071944
47 67 1.3517901275878497
47 68 1.4645390897343122
47 69 1.399366635358549
47 70 1.4025206326786956
47 71 1.4477110699221374
47 72 1.4025240799890495
47 73 1.4258176974232475
47 74 1.3840380559774377
48 49 1.3513508789501356
48 50 1.209897579339467
48 51 1.359177551446467
48 52 1.2994953414539254
48 53 1.3199470505940125
48 54 1.411921066225435
48 55 1.2839330399277094
48 56 1.1994010152112904
48 57 1.488668768939326
48 58 1.3239268642673319
48 59 1.181483382789485
48 60 1.3988820402276323
48 61 1.3953545571789165
48 62 1.3666472120561282
48 63 1.327003343283284
48 64 1.2556946308101513
48 65 1.2819519070727545
48 66 1.3885364740446566
48 67 1.103397364253458
48 68 1.4184868143892266
48 69 1.3749962590611382
48 70 1.3159912434161638
48 71 1.3151300253569247
48 72 1.4098940704572664
48 73 1.4023844297274242
48 74 1.320169426689115
49 50 1.260259344910182
49 51 1.355547480388794
49 52 1.3356801046157931
49 53 1.2425863507429906
49 54 1.4264849955431205
49 55 1.312784018381276
49 56 1.2424749547425908
49 57 1.3284056069743546
49 58 1.0928544165848053
49 59 1.2710689941524023
49 60 1.3145424257456506
49 61 1.1727797162526261
49 62 1.278014792830706
49 63 1.2530670771035528
49 64 1.1556454851701323
49 65 1.145788634326084
49 66 1.272103502057036
49 67 1.3174657303205084
49 68 1.3059782138791034
49 69 1.12032855458807
49 70 1.2605256456141705
49 71 1.1716228075127042
49 72 1.1082490380222167
49 73 1.2815194952698146
49 74 1.1995120830447352
50 51 1.3197566605672104
50 52 1.3505635602235444
50 53 1.039339283960975
50 54 1.26749927470764
50 55 1.299033099964304
50 56 1.1779717963804195
50 57 1.471889186251427
50 58 1.2011418682525967
50 59 1.1052989312912944
50 60 1.2638039796148048
50 61 1.3192808290179119
50 62 1.345646364882058
50 63 1.2284498577570535
50 64 1.1359526426202378
50 65 1.2396293236537856
50 66 1.1659857324394984
50 67 1.2292139673901485
50 68 1.199412603284482
50 69 1.325054744136013
50 70 1.2421539090352658
50 71 1.2952134144826606
50 72 1.2745393634428805
50 73 1.2429908154367106
50 74 1.2460040520360214
51 52 1.345874639529435
51 53 1.3861235472118951
51 54 1.4058349719671754
51 55 1.3839874265809278
51 56 1.4636119997314831
51 57 1.4579749451294703
51 58 1.3822459434656276
51 59 1.440643695537794
51 60 1.3473404804937539
51 61 1.3589303150177467
51 62 1.4322099699618576
51 63 1.505047520871649
51 64 1.3951651868949961
51 65 1.385824248394611
51 66 1.3018639624442652
51 67 1.3454095106478752
51 68 1.3215159183098109
51 69 1.4178151312689298
51 70 1.4360036959810054
51 71 1.4338056754431003
51 72 1.2913557722648044
51 73 1.3605021394211905
51 74 1.4153286203809825
52 53 1.4605288823481273
52 54 1.4086274674743342
52 55 1.3137021777972504
52 56 1.4852787548292463
52 57 1.4363763670965086
52 58 1.3516655924501455
52 59 1.3230130118632988
52 60 1.3417498651993203
52 61 1.2961626035083664
52 62 1.4271269180095953
52 63 1.4493852694532117
52 64 1.2979522889214175
52 65 1.3800714671551646
52 66 1.3454443232619364
52 67 1.3161843000352333
52 68 1.5363492697062737
52 69 1.392749172210003
52 70 1.362074801026732
52 71 1.4262031225402347
52 72 1.325780311477487
52 73 1.3033673576749343
52 74 1.3739136615225063
53 54 1.3032071896671455
53 55 1.404143999890866
53 56 1.239312065499131
53 57 1.3162429634321
53 58 1.137971601761476
53 59 1.3345860803136649
53 60 1.2651610513323046
53 61 1.2424551032947935
53 62 1.2709274626868128
53 63 1.228556627763606
53 64 1.2523715388907208
53 65 1.2576263037394728
53 66 1.2330016530775592
53 67 1.3849779475820176
53 68 1.250755136515735
53 69 1.2460284165671816
53 70 1.3437539542572543
53 71 1.3650585109544724
53 72 1.1745306000948486
53 73 1.303681373260877
53 74 1.2231061549477051
54 55 1.2137593933122446
54 56 1.3509530583782692
54 57 1.3500266733115787
54 58 1.3757543084408688
54 59 1.2993506144226223
54 60 1.2668334083214998
54 61 1.3497293294609045
54 62 1.2657549536293924
54 63 1.2983326851730355
54 64 1.2289065712867238
54 65 1.3722139329925493
54 66 1.2259153686383444
54 67 1.341131798246703
54 68 1.2897986996571005
54 69 1.3034483422958536
54 70 1.316202875889509
54 71 1.3458106609647131
54 72 1.3487067095377607
54 73 1.2926779352178446
54 74 1.2487651902376797
55 56 1.0606124778483892
55 57 1.3000088281933508
55 58 1.240750690340405
55 59 1.2048674457856203
55 60 1.34512723035868
55 61 1.260220051935369
55 62 1.3702332792780232
55 63 1.1135937909169666
55 64 0.9710997991590422
55 65 1.346805900809436
55 66 1.341484345357367
55 67 1.1070752629672338
55 68 1.3250195444416515
55 69 1.3902570571274557
55 70 1.171206551270857
55 71 1.3192026591507258
55 72 1.2206787038584048
55 73 1.240831057047729
55 74 1.1877898337784614
56 57 1.380085588556761
56 58 1.0177369081227503
56 59 1.1016424823503013
56 60 1.3543265673934626
56 61 1.1968414200650506
56 62 1.183904941047942
56 63 0.8175003222816346
56 64 0.7675923888111923
56 65 1.1937809144687068
56 66 1.2249728782455256
56 67 1.1846702495369497
56 68 1.3463800304144058
56 69 1.2445168439736407
56 70 0.8688728052652712
56 71 1.2109977888077386
56 72 1.2670876862379248
56 73 1.181608535189089
56 74 1.1094195432455023
57 58 1.257643442793671
57 59 1.3843592271933456
57 60 1.4146986123606546
57 61 1.2658322017445454
57 62 1.2644939804678925
57 63 1.3973071421889662
57 64 1.2827470393161104
57 65 1.4430183008086315
57 66 1.34020013796331
57 67 1.4298292416445786
57 68 1.3847182523792774
57 69 1.3466552002563028
57 70 1.354621236041311
57 71 1.3439226566717886
57 72 1.2882499874092344
57 73 1.3497450409383545
57 74 1.3252846987414342
58 59 1.1361244214325195
58 60 1.2726571687451949
58 61 1.0794278832428748
58 62 1.1428786592203377
58 63 1.057702928359106
58 64 0.945028691952096
58 65 1.2618019441374095
58 66 1.1544987436601442
58 67 1.2065481024452613
58 68 1.2748746366922474
58 69 1.1427288006209775
58 70 1.0968163494995704
58 71 1.2195878145724155
58 72 1.178411386215877
58 73 1.2614612826971592
58 74 0.9711263452091581
59 60 1.3150143887466064
59 61 1.2414692069682036
59 62 1.0785482372207547
59 63 1.204179804811587
59 64 0.9816238394132638
59 65 1.3465615604638943
59 66 1.0661200759637348
59 67 1.0407534758773294
59 68 1.338617640209827
59 69 1.2453924451344334
59 70 1.1288572363379268
59 71 1.2152928933426417
59 72 1.2814363007709553
59 73 1.348489655833474
59 74 1.0920076449367326
60 61 1.3468614025953358
60 62 1.312275091376409
60 63 1.338652331767793
60 64 1.240893521201216
60 65 1.3174100132044373
60 66 1.2487905288188217
60 67 1.320952642132051
60 68 1.3377975493019059
60 69 1.2375475886856104
60 70 1.3292386170664563
60 71 1.31581337953824
60 72 1.2782847837856828
60 73 1.413280441949856
60 74 1.26471416433888
61 62 1.2963227749108557
61 63 1.2401362651343304
61 64 1.0880505049203486
61 65 1.3400731729639097
61 66 1.2443512589713308
61 67 1.2032417798927906
61 68 1.4090772252876853
61 69 1.277492423860622
61 70 1.2174897225487158
61 71 1.3625956803918107
61 72 1.2225342175182543
61 73 1.2815710126229423
61 74 0.9565884586612533
62 63 1.1186701167886526
62 64 1.2385453053860878
62 65 1.3200135661108876
62 66 1.0353203031287028
62 67 1.2908202833620337
62 68 1.3333235131467867
62 69 1.232426983799697
62 70 1.2063471874370795
62 71 1.2122882372580954
62 72 1.2317050138233605
62 73 1.3013258172976085
62 74 1.136533808761755
63 64 0.9558201540319297
63 65 1.2646817269533994
63 66 1.217561827803021
63 67 1.202433045722754
63 68 1.3010800152107989
63 69 1.2988307016984293
63 70 0.923613131089898
63 71 1.2802514194415118
63 72 1.2974959264627117
63 73 1.2365940429538904
63 74 1.0599687427035256
64 65 1.2162734078105184
64 66 1.1679944620579636
64 67 1.0797501315823939
64 68 1.3116220294568985
64 69 1.1802347756572285
64 70 0.9421360798227641
64 71 1.2121568111802812
64 72 1.2037729833369568
64 73 1.219714681528815
64 74 1.0192826103150117
65 66 1.318456530070372
65 67 1.285540674199504
65 68 1.3130942556732144
65 69 1.2655024801626342
65 70 1.2401855847361725
65 71 1.3208320119398753
65 72 1.283534543420858
65 73 1.388003996873149
65 74 1.3577835144747052
66 67 1.2748216678544921
66 68 1.3427063832320687
66 69 1.205822869572954
66 70 1.229238778135607
66 71 1.2661080427158193
66 72 1.1994832504323147
66 73 1.3083487750965874
66 74 1.1199023273446147
67 68 1.4142711515634845
67 69 1.2777310787171396
67 70 1.2454026079634117
67 71 1.2405585858776977
67 72 1.3738078818774286
67 73 1.3814890574702727
67 74 1.1207438419981015
68 69 1.2831399143992726
68 70 1.2909823373855855
68 71 1.2979872718761345
68 72 1.3263737851450375
68 73 1.1759316773144266
68 74 1.338908868452761
69 70 1.2179619415416827
69 71 1.3039315877697832
69 72 1.2435441609650884
69 73 1.3576912982652622
69 74 1.1934567906746136
70 71 1.3002983114039641
70 72 1.28702380353286
70 73 1.2350160263527314
70 74 1.1763143234431164
71 72 1.306274814988896
71 73 1.3270369610787573
71 74 1.2740040716677585
72 73 1.351962724849011
72 74 1.250059714087805
73 74 1.2760075924124974
