90 0
0 1 1.1162592708160626
0 2 1.252322184198429
0 3 1.0649546555403673
0 4 1.3100749155322664
0 5 1.130945921501377
0 6 1.3179788066845997
0 7 1.2109609125925023
0 8 1.3611632301444236
0 9 1.1720035959888797
0 10 1.2931682210119932
0 11 1.2974163182714906
0 12 1.383777476615866
0 13 1.2371602315580954
0 14 1.2188969312134679
0 15 1.3376168510511446
0 16 1.5877019451750736
0 17 1.1588359788317333
0 18 1.2391335228181075
0 19 1.1628055282445164
0 20 1.157837894625566
0 21 1.2885034833155034
0 22 1.3019086909344433
0 23 1.1929071931622186
0 24 1.140923984405543
0 25 1.309657355663298
0 26 1.2315308269423226
0 27 1.240034065336959
0 28 1.3218098991472873
0 29 1.2332569730809049
0 30 1.3075572404677505
0 31 1.3793102954012613
0 32 1.1600577988355072
0 33 1.2778144550644273
0 34 1.2511673894488553
0 35 1.2718737313660406
0 36 1.0639987033005833
0 37 1.2485133885585094
0 38 1.2757253090347862
0 39 1.3254047162582114
0 40 1.4159053306567255
0 41 1.349687103683643
0 42 1.3516186125063914
0 43 1.1569309417616822
0 44 1.0602621752182324
0 45 1.2672913531313348
0 46 1.385613414598699
0 47 1.3606283660157255
0 48 1.0621621497570686
0 49 1.0999604228165238
0 50 1.195825851067381
0 51 1.216921676323085
0 52 1.336522248998851
0 53 1.219810658606558
0 54 1.3623319187784613
0 55 1.2416907496775293
0 56 1.2094507767226395
0 57 1.1689433702568879
0 58 1.2842002688158898
0 59 1.3617864691914228
0 60 1.1803531826820541
0 61 1.243979416893875
0 62 1.2989982813853658
0 63 1.1604368578773323
0 64 1.2573183246147013
0 65 1.5087798090964097
0 66 1.2097283997222614
0 67 1.2829464007821867
0 68 1.2530334130220229
0 69 1.397239280464336
0 70 1.4281498343632897
0 71 1.2983548200583812
0 72 1.2004288771617837
0 73 1.415704031995494
0 74 1.3648155306583856
0 75 1.4043024675980402
0 76 1.2229364774065756
0 77 1.089597318608081
0 78 1.286838645695232
0 79 1.2070196406257778
0 80 1.051033078007414
0 81 1.2806625777897793
0 82 1.2023117901009912
0 83 1.3933935433013207
0 84 1.155404839082253
0 85 1.2687020283920205
0 86 1.1399626426524807
0 87 1.190197244245336
0 88 1.3700539359117325
0 89 1.2677039320291266
1 2 1.3501762001866024
1 3 1.2145250203744633
1 4 1.3954032173688475
1 5 1.2408952002203135
1 6 1.3997945399372242
1 7 1.2995387582382847
1 8 1.4217400012009611
1 9 1.3257846171147134
1 10 1.3203219228800795
1 11 1.259659012876916
1 12 1.6080266032779404
1 13 1.1859599519721837
1 14 1.351348219850326
1 15 1.4431038055111496
1 16 1.5574892125893198
1 17 1.3135061695866834
1 18 1.3455046219289284
1 19 1.2348917312499816
1 20 0.9220312500167371
1 21 1.4469931820000852
1 22 1.4480921481922295
1 23 1.3253001351455747
1 24 1.265494385578525
1 25 1.5494076613043575
1 26 1.3813786859866997
1 27 1.3812796956518345
1 28 1.4060554614586942
1 29 1.297093046878425
1 30 1.4648339441177738
1 31 1.2905001308788882
1 32 1.2801852204364708
1 33 1.334737377058437
1 34 1.4087025806117752
1 35 1.2713689423896786
1 36 1.187764705056612
1 37 1.4011503759433408
1 38 1.4605184917927205
1 39 1.4339008800853514
1 40 1.426755467910987
1 41 1.3874848215330264
1 42 1.478892618554074
1 43 1.2428552871478085
1 44 1.2765671000504557
1 45 1.3939428622702126
1 46 1.4166778415013193
1 47 1.3917487331948144
1 48 1.1847522090816593
1 49 1.268020856807931
1 50 1.308932326164114
1 51 1.1658606453020077
1 52 1.4408153093347873
1 53 1.3137332390026961
1 54 1.3837527726206362
1 55 1.4879598199046138
1 56 1.3449540923095626
1 57 1.4369088763315923
1 58 1.3130808347136063
1 59 1.4422031159595012
1 60 1.356454974087598
1 61 1.3087584720671295
1 62 1.3205825741665116
1 63 1.297002969124911
1 64 1.4051690657615905
1 65 1.4383576896480932
1 66 1.2020626618234107
1 67 1.3371687746064498
1 68 1.3985988142880716
1 69 1.4819421347457153
1 70 1.4284943936849455
1 71 1.3634289217884388
1 72 1.3697894040097174
1 73 1.4025237488007665
1 74 1.4980182380302753
1 75 1.3856177092557753
1 76 1.214719504856138
1 77 1.1645000412020736
1 78 1.418844935455085
1 79 1.2548926817337005
1 80 1.183318135635316
1 81 1.4445146888678664
1 82 1.3427402598670812
1 83 1.5659612170694555
1 84 1.335924434479414
1 85 1.3162401583143335
1 86 1.4080841849018753
1 87 1.310227009637105
1 88 1.4801387614488786
1 89 1.429383745640752
2 3 1.2560256900166733
2 4 1.3302872281212332
2 5 1.268773292858577
2 6 1.2786890037006076
2 7 1.166354114908257
2 8 1.4278178351165107
2 9 1.01067883825109
2 10 0.851031619592939
2 11 1.3566241497224611
2 12 1.2556328885872128
2 13 1.2337244623600323
2 14 1.0477152703835289
2 15 1.2181887925554415
2 16 1.3390855676750753
2 17 1.1557669327269697
2 18 1.186651528397854
2 19 1.286921333455054
2 20 1.428801346812012
2 21 1.1627225327252968
2 22 1.2386144821300018
2 23 1.031387384267065
2 24 1.325651650663319
2 25 1.1359638331822834
2 26 1.0924538791024738
2 27 1.0379443694290722
2 28 1.1891516815946934
2 29 1.2989190864294888
2 30 1.3027743233257139
2 31 1.3332540223897806
2 32 1.1467945704009588
2 33 1.3083181932632728
2 34 1.1643568466091379
2 35 1.3398279239085098
2 36 1.3265773721986662
2 37 1.015719238461066
2 38 1.323723978078589
2 39 1.2322157559167939
2 40 1.3882461811023437
2 41 1.3973794264128374
2 42 1.3203908154112385
2 43 1.285395264837326
2 44 1.3447552818461703
2 45 1.0817133348808445
2 46 1.401713683928362
2 47 1.28577589385756
2 48 1.2734507879096093
2 49 1.3566486483778712
2 50 0.9854051932039257
2 51 1.3640666404522952
2 52 1.21567748349585
2 53 1.2820578111180638
2 54 1.2884641843822366
2 55 1.2049398317896078
2 56 1.2735337157578892
2 57 1.0818378143910534
2 58 1.1451398115020153
2 59 1.2369060090680128
2 60 1.0523464624144852
2 61 1.294423458083458
2 62 1.2992378633993038
2 63 1.1926803592556448
2 64 1.2102880744461992
2 65 1.2132902185970107
2 66 1.4386173230153962
2 67 1.2774168769531227
2 68 1.2126453011983818
2 69 1.310029637490193
2 70 1.396501414696938
2 71 1.3046911599444388
2 72 1.206427969681123
2 73 1.31918766600521
2 74 1.3077713926709076
2 75 1.4277059460146548
2 76 1.364364414880593
2 77 1.15091544313921
2 78 1.365270373515101
2 79 1.2076717733153703
2 80 1.298739694302131
2 81 1.3372413814004214
2 82 1.2632446485626758
2 83 1.2847086115460156
2 84 1.1344266777982857
2 85 1.2073519620052988
2 86 1.1946186726274504
2 87 1.2355301653329263
2 88 1.313321226593864
2 89 1.1731065462658083
3 4 1.2562968211178915
3 5 1.1882990868748236
3 6 1.3205080988197968
3 7 1.1739980766885338
3 8 1.378687060240126
3 9 1.1055542454834293
3 10 1.1927060253491162
3 11 1.3334622146900827
3 12 1.3982038128946672
3 13 1.1927567455552681
3 14 1.1203973403424854
3 15 1.370949122835519
3 16 1.3878280572156059
3 17 1.0017092807179453
3 18 1.281598241172987
3 19 1.1632461554012226
3 20 1.3001393613648449
3 21 1.3697077753583535
3 22 1.32340415534777
3 23 1.0535290744809118
3 24 1.1240486881196556
3 25 1.324659446899529
3 26 1.1753425856461113
3 27 1.1005248770029836
3 28 1.3677967766513137
3 29 1.2561087267254556
3 30 1.386834632160246
3 31 1.3339302828252635
3 32 1.1072083555615317
3 33 1.351049248659125
3 34 1.247563056154608
3 35 1.314595439182356
3 36 1.1053889284472234
3 37 1.152747301998511
3 38 1.4479092558419964
3 39 1.3621465883804473
3 40 1.4936068228803265
3 41 1.414614484532951
3 42 1.3224080528276898
3 43 1.201843094670129
3 44 1.1614102810743545
3 45 1.1020125155518647
3 46 1.3996999966359311
3 47 1.2918154925778478
3 48 1.1328553250771336
3 49 1.2925287810352677
3 50 1.0407272812557047
3 51 1.2268646621780726
3 52 1.4391638857394478
3 53 1.3191787934332053
3 54 1.3014798892970687
3 55 1.3025336003781214
3 56 1.2692113437847194
3 57 1.071913713098816
3 58 1.2055684911517484
3 59 1.3557274890927107
3 60 1.0504797385887752
3 61 1.1751424298224882
3 62 1.1966397387378531
3 63 0.6980385965244378
3 64 1.3287867899403827
3 65 1.3039381737604918
3 66 1.1923558205747944
3 67 1.2998256487756057
3 68 1.3600611663653637
3 69 1.357526581066805
3 70 1.509877180139328
3 71 1.421880843613963
3 72 1.2195903402832589
3 73 1.3138872109262463
3 74 1.3459885232602105
3 75 1.4553518804927725
3 76 1.2039171924077772
3 77 1.0774075092568702
3 78 1.2890695550586038
3 79 1.239695933989359
3 80 1.150714718774684
3 81 1.347437117384905
3 82 1.2441031109951923
3 83 1.409901321159578
3 84 1.157495758864408
3 85 1.2059689198944206
3 86 1.2594483591355479
3 87 1.3236868019387587
3 88 1.276220689243589
3 89 1.2653711993021064
4 5 1.411339013315999
4 6 1.3723710017305608
4 7 1.330895240244715
4 8 1.3633460322626954
4 9 1.230521287209769
4 10 1.390632746691402
4 11 1.4099866540622834
4 12 1.3035855144039652
4 13 1.3503697530952978
4 14 1.3845153859322377
4 15 1.4054649081525155
4 16 1.2229030027496643
4 17 1.153219669954906
4 18 1.299028007453022
4 19 1.3555396925229035
4 20 1.3660208239094032
4 21 1.2520386990432577
4 22 1.1936318783697502
4 23 1.301119962637005
4 24 1.2449953846409687
4 25 1.3145802185403122
4 26 1.320438292088651
4 27 1.3984221330690736
4 28 1.4359439135357586
4 29 1.3325719172422337
4 30 1.3848471910227762
4 31 1.4529067552478585
4 32 1.2405192738080708
4 33 1.2914926362240828
4 34 1.271971082819063
4 35 1.3804486665078246
4 36 1.4043139067403452
4 37 1.300495251324241
4 38 1.4129352085239915
4 39 1.3949215534357806
4 40 1.3307572240293997
4 41 1.379857759668065
4 42 1.314025107470553
4 43 1.3764688465498112
4 44 1.3222882292492217
4 45 1.329154288719691
4 46 1.1750543480996052
4 47 1.3011720890621015
4 48 1.2708385078875089
4 49 1.4418342020833879
4 50 1.3308042091829466
4 51 1.3892183130010727
4 52 1.4632768495634472
4 53 1.3840902067171565
4 54 1.3300764741665605
4 55 1.221153030483865
4 56 1.302255049262393
4 57 1.2849892095820865
4 58 1.2538514832973275
4 59 1.3743208845940253
4 60 1.3072753533336288
4 61 1.326126314376036
4 62 1.1480296200363018
4 63 1.24389176645988
4 64 1.3843009190305924
4 65 1.4383304343156633
4 66 1.2622861431900836
4 67 1.4461972599988884
4 68 1.2988388265761912
4 69 1.26579188611409
4 70 1.3749009943684372
4 71 1.3342335256424753
4 72 1.1850815106634445
4 73 1.2035765799580196
4 74 1.3636636547723502
4 75 1.4434815079859118
4 76 1.3249642327903475
4 77 1.257020278663859
4 78 1.3083840906189388
4 79 1.3733454570129895
4 80 1.344455923180055
4 81 1.3387438058902954
4 82 1.1310066772159586
4 83 1.364568230141377
4 84 1.1698368232605159
4 85 1.3010856382808846
4 86 1.3393945657262978
4 87 1.2597970014248356
4 88 1.1480960948978134
4 89 1.2678424485747584
5 6 1.3677164915057929
5 7 1.3367762122880595
5 8 1.48606752853929
5 9 1.2062418221320144
5 10 1.2442752299377766
5 11 1.3755600565278507
5 12 1.382530445913314
5 13 1.2556205155091058
5 14 1.1975081140137342
5 15 1.4140330094781584
5 16 1.5719582529216853
5 17 1.3095567807498554
5 18 1.3189741022101595
5 19 1.3431947269256004
5 20 1.3314745598733657
5 21 1.421243448269335
5 22 1.3784812214412046
5 23 1.1794948138729555
5 24 1.3363763822690733
5 25 1.3305352210918198
5 26 1.2945011537337312
5 27 1.203866166350397
5 28 1.4253265340629548
5 29 1.3021275506135273
5 30 1.3765646851418052
5 31 1.3114465617409383
5 32 1.324309606698232
5 33 1.3776444032741617
5 34 1.2530589534432222
5 35 1.2811155417011313
5 36 1.214131383491189
5 37 1.200203057821043
5 38 1.4082869110376652
5 39 1.3327918216702244
5 40 1.5015713996787254
5 41 1.39331709258169
5 42 1.4112263388203448
5 43 1.243805315932574
5 44 1.1238791235014074
5 45 1.2141244637798525
5 46 1.388563128317122
5 47 1.3626638298943865
5 48 1.2539015798446957
5 49 1.3127180272887053
5 50 1.1546443870454632
5 51 1.245692020485071
5 52 1.3781643098739322
5 53 1.3228517069095922
5 54 1.3808655773374714
5 55 1.372840157422932
5 56 1.2861488122492368
5 57 1.1614335843926467
5 58 1.3170298265625335
5 59 1.356592010804186
5 60 1.1768014610157234
5 61 1.2502625725645287
5 62 1.3011366957419104
5 63 1.2557983056801736
5 64 1.4029896570765654
5 65 1.3010706313536928
5 66 1.226544218574866
5 67 1.1416283319714682
5 68 1.3573221311991979
5 69 1.354873891692142
5 70 1.5194300194321468
5 71 1.4531895929870917
5 72 1.3314504566534975
5 73 1.4585601118137677
5 74 1.5018575999037693
5 75 1.3806253559962793
5 76 1.3925922469300385
5 77 1.2599640930403107
5 78 1.4247208556246242
5 79 1.2810276510277525
5 80 1.2311531673049634
5 81 1.3896768945208628
5 82 1.3382422805204823
5 83 1.3464726358928638
5 84 1.3283944785009247
5 85 1.296873851534342
5 86 1.3289081687852349
5 87 1.3762232576987954
5 88 1.358145514451782
5 89 1.2701010480631105
6 7 1.3874191209257594
6 8 1.3719819002138935
6 9 1.1861027870800405
6 10 1.2705521111147122
6 11 1.339260067453956
6 12 1.2657012774911758
6 13 1.271190330131692
6 14 1.1752911146511673
6 15 0.6914344727551248
6 16 1.4586654668193815
6 17 1.2816717834007523
6 18 1.3393116191702146
6 19 1.425433600289847
6 20 1.42352091197955
6 21 1.4436623322321176
6 22 1.3726549924893918
6 23 1.2160542799884841
6 24 1.4494279982838898
6 25 1.302548367435527
6 26 1.143295519615159
6 27 1.16971248797044
6 28 0.8992316776394907
6 29 1.3541490794125741
6 30 1.3869109106122974
6 31 1.4336426098809578
6 32 1.1113445305652514
6 33 1.4321815683463381
6 34 1.0541078686418432
6 35 1.3837098473938696
6 36 1.3250650407127182
6 37 1.08617070344949
6 38 1.4541875505631987
6 39 1.0152733607589934
6 40 1.4035918158214606
6 41 1.4670838072213193
6 42 1.2364260316822402
6 43 1.448884352369368
6 44 1.2064161909540292
6 45 1.16002666027512
6 46 1.4087879793394558
6 47 1.330443698263968
6 48 1.2937090726984037
6 49 1.3715194562261794
6 50 1.1465918114244535
6 51 1.4128374726980564
6 52 1.149987605735934
6 53 1.2164042118695415
6 54 1.2397125992084992
6 55 1.3754571139330083
6 56 1.3531247383100495
6 57 1.2322579150849629
6 58 1.258475644742441
6 59 0.7522215805280302
6 60 1.1781558116316035
6 61 1.3706996361396229
6 62 1.2379994427529035
6 63 1.3187983045383143
6 64 1.2013910763329025
6 65 1.3453733652819069
6 66 1.3234097225537012
6 67 1.4635886530383744
6 68 1.3636955922144112
6 69 1.258984027347141
6 70 1.5076552084530739
6 71 1.4129952259716088
6 72 1.3530952965320493
6 73 1.3947652164878763
6 74 1.1680981542451623
6 75 1.4369906644066464
6 76 1.3322411739206488
6 77 1.2799845716630613
6 78 1.22336142153156
6 79 1.2537202185289726
6 80 1.4124061279792393
6 81 1.2049285390186022
6 82 1.3377368275956472
6 83 1.4061431873398855
6 84 1.0971758462178152
6 85 1.3821123105770814
6 86 1.3196467177276567
6 87 1.2997588790843344
6 88 1.3398150269284048
6 89 1.3095387047936262
7 8 1.4513050727160879
7 9 1.0881307915998892
7 10 1.1312985822825163
7 11 1.421865497133097
7 12 1.3504518498154625
7 13 1.2879401981021952
7 14 1.108462647125707
7 15 1.3884617613106802
7 16 1.462816328637733
7 17 1.1683000254449625
7 18 1.1489808860364794
7 19 1.2296213126392956
7 20 1.3250829099368109
7 21 1.2229158525406423
7 22 1.3051153702094302
7 23 1.0892774697663659
7 24 1.29460121563636
7 25 1.3027541862851437
7 26 1.1824138356807496
7 27 1.1039687895701684
7 28 1.3152513720251873
7 29 1.281156544465077
7 30 1.3182098455464522
7 31 1.3241361815403765
7 32 1.2093298677155482
7 33 1.381681584710227
7 34 1.3014358277544067
7 35 1.3887565489364295
7 36 1.3007596583802274
7 37 1.1388799926152884
7 38 1.3773019916294567
7 39 1.3320480598254896
7 40 1.4647009651611198
7 41 1.3998725035802433
7 42 1.232680266996906
7 43 1.2212187842138857
7 44 1.186346758471459
7 45 1.09267296042356
7 46 1.3433099263735804
7 47 1.3682839342659263
7 48 1.2466772910674786
7 49 1.3505022778305493
7 50 1.1177293683005662
7 51 1.3180515506924928
7 52 1.3903695996714982
7 53 1.3280374544194868
7 54 1.255324137856099
7 55 1.2903806393291044
7 56 1.3226153498211162
7 57 1.1874746695928606
7 58 1.1518677134955275
7 59 1.4256446855768852
7 60 1.0531287136807768
7 61 1.1866284349765392
7 62 1.2395896065925185
7 63 1.1732400609608813
7 64 1.2405475732069051
7 65 1.272775049866117
7 66 1.380423425243043
7 67 1.3664402687212958
7 68 1.1725850628567236
7 69 1.3866232916654355
7 70 1.4681111781650122
7 71 1.3821471550128839
7 72 1.221081858448415
7 73 1.3345372098614858
7 74 1.4012917403270502
7 75 1.3208997115492118
7 76 1.321035067533282
7 77 1.1662631329713793
7 78 1.3149741556089853
7 79 1.2061002702463401
7 80 1.1963008563400617
7 81 1.396021496347794
7 82 1.297378351070668
7 83 1.3356769120206946
7 84 1.1986394990314202
7 85 1.2225287514161183
7 86 1.2243091223734845
7 87 1.259182846012761
7 88 1.2939754490309228
7 89 1.1541130567240472
8 9 1.3904319575844994
8 10 1.5188824484640442
8 11 1.3575674955324233
8 12 1.4026719859207082
8 13 1.5066074526501252
8 14 1.4972261594614542
8 15 1.3257562041694761
8 16 1.5044060751971122
8 17 1.3683824740642432
8 18 1.3988778642159903
8 19 1.3830907038569287
8 20 1.4497591467937523
8 21 1.2810042412418658
8 22 1.252392662893558
8 23 1.4787447301390866
8 24 1.4062110026572698
8 25 1.4045872111309539
8 26 1.3750050003524965
8 27 1.477287691293017
8 28 1.3325691046785042
8 29 1.2676648637983123
8 30 1.4264046982414682
8 31 1.442375911674036
8 32 1.3315215284112005
8 33 1.3435885555763938
8 34 1.3047228598280574
8 35 1.4507183992189587
8 36 1.5053290736544833
8 37 1.419950387206556
8 38 1.3673973020136492
8 39 1.43128854062731
8 40 1.2448711588112953
8 41 1.4161318946607726
8 42 1.386588454973343
8 43 1.4369187343936236
8 44 1.369647146677027
8 45 1.3922674053510042
8 46 1.3936466396425728
8 47 1.3708790008869614
8 48 1.4134356882700996
8 49 1.4039167724985628
8 50 1.4587659688192576
8 51 1.3706627383651968
8 52 1.3064263480795864
8 53 1.3516679328993317
8 54 1.332630379638443
8 55 1.321702096384279
8 56 1.336002441127916
8 57 1.40352032489513
8 58 1.4449490084890904
8 59 1.2872203760194683
8 60 1.4396017974269286
8 61 1.3922131079640274
8 62 1.4771618948982788
8 63 1.3896701035274917
8 64 1.366709265141583
8 65 1.458235669033134
8 66 1.4662694014975741
8 67 1.5026544453683284
8 68 1.2948355887897232
8 69 1.4500219716689797
8 70 1.3375412291125248
8 71 1.1752986940127366
8 72 1.3426373725444816
8 73 1.4034253563979346
8 74 1.4419403264092006
8 75 1.3041201870701045
8 76 1.4838209949733006
8 77 1.4362169721429963
8 78 1.3555681980493357
8 79 1.4711930272827731
8 80 1.5277733645348568
8 81 1.2872285375524097
8 82 1.3707397954118272
8 83 1.4247878706590495
8 84 1.347365476761886
8 85 1.4838997220033687
8 86 1.3569876202424815
8 87 1.4770462906913453
8 88 1.3799203986594384
8 89 1.442590347222631
9 10 0.9463308383193788
9 11 1.3341657258383026
9 12 1.2046644941142188
9 13 1.3074406224269812
9 14 0.7791341878127079
9 15 1.2281825987566057
9 16 1.4217828047583085
9 17 0.934323151895113
9 18 1.1282725903859459
9 19 1.1840328889149783
9 20 1.3333640220273244
9 21 1.2446428938374174
9 22 1.2259602669301433
9 23 0.744646978237245
9 24 1.1986464553808764
9 25 1.0822632706526487
9 26 0.7341628604544915
9 27 0.7690606692056905
9 28 1.267108986595656
9 29 1.158311596188532
9 30 1.3717750944590512
9 31 1.3115947126564
9 32 0.9870657077354915
9 33 1.3203382752132937
9 34 1.2073313399381778
9 35 1.282083749990102
9 36 1.2617230067363638
9 37 0.8046329580046369
9 38 1.3718329876920385
9 39 1.214285170473696
9 40 1.4201881416042603
9 41 1.3970909237360798
9 42 1.2647672295029473
9 43 1.2975398198026007
9 44 1.2572075750882006
9 45 0.7539556788951012
9 46 1.2728583365207862
9 47 1.2579484005790933
9 48 1.0581265812718612
9 49 1.2712190633621958
9 50 0.7473879718330348
9 51 1.236979745666258
9 52 1.2841268790254379
9 53 1.2292351588190114
9 54 1.244901988063445
9 55 1.1009208473609424
9 56 1.2791196911494325
9 57 0.827285478637785
9 58 0.9212389060607428
9 59 1.191271155765269
9 60 0.6309464479533233
9 61 1.1133253587310037
9 62 1.181402550280106
9 63 1.1260192323195903
9 64 1.2597834121848366
9 65 1.1148627219317238
9 66 1.3387130270751435
9 67 1.1849300697296095
9 68 1.21348022641611
9 69 1.3097266971460542
9 70 1.4770306088029947
9 71 1.383626234791318
9 72 0.9628671600578812
9 73 1.2938130915472734
9 74 1.2942847655675278
9 75 1.353961637634667
9 76 1.2535206688534593
9 77 0.9001796499313774
9 78 1.2718175583360494
9 79 1.2058361263525659
9 80 1.2240073923307917
9 81 1.296327339594886
9 82 1.1691995825015291
9 83 1.3434777349954745
9 84 1.0063972411854187
9 85 1.0760139930678516
9 86 1.1807095456034902
9 87 1.0575809289324025
9 88 1.18915496311109
9 89 0.963293816591026
10 11 1.3207905329904266
10 12 1.2931722763905689
10 13 1.1318676187558825
10 14 0.9013340351601461
10 15 1.3110407956034782
10 16 1.3131688414695426
10 17 1.0394036814692793
10 18 1.190649795436605
10 19 1.2780367956556986
10 20 1.371167999157696
10 21 1.3794201387154175
10 22 1.3583252066545881
10 23 0.8861519287184839
10 24 1.4023020489312024
10 25 1.250577861295416
10 26 1.0544622247517588
10 27 0.9106824622436706
10 28 1.2880525657098174
10 29 1.312139410751108
10 30 1.2489727054652542
10 31 1.3704429764447812
10 32 1.1176296452388301
10 33 1.338058545015872
10 34 1.274935013668486
10 35 1.3417286333250389
10 36 1.334545990326944
10 37 0.9435834063267659
10 38 1.359810254657469
10 39 1.259091016446093
10 40 1.5252162106873983
10 41 1.4462805784768078
10 42 1.3021409913510322
10 43 1.3162241272440989
10 44 1.3235453630575855
10 45 0.9909940387156538
10 46 1.37590657412104
10 47 1.3153527807313996
10 48 1.2027594371502393
10 49 1.343476327395841
10 50 0.9197137828663939
10 51 1.3784809658874846
10 52 1.3171574181614785
10 53 1.2927888947778567
10 54 1.25312881455231
10 55 1.3067006944657975
10 56 1.2910884468772372
10 57 1.0092693303331661
10 58 1.0729214392190192
10 59 1.3084771233355854
10 60 0.939902125182717
10 61 1.2176530468530047
10 62 1.24903125034927
10 63 1.1136931867312736
10 64 1.2755742055487518
10 65 1.2339223195285272
10 66 1.3472831082069416
10 67 1.231763233567601
10 68 1.3043063673014905
10 69 1.332548530969722
10 70 1.5165365013779841
10 71 1.494777786063167
10 72 1.192322576967176
10 73 1.2942110602136854
10 74 1.2915198063144577
10 75 1.4528757646868935
10 76 1.3282270208938223
10 77 1.0255839154838302
10 78 1.276929613960207
10 79 1.2212123317656196
10 80 1.2591733261315625
10 81 1.4500121281984935
10 82 1.3507398321468556
10 83 1.3787644724989019
10 84 1.1175553912271776
10 85 1.1962577131408376
10 86 1.2830690922662478
10 87 1.2508638519583517
10 88 1.1952460325147582
10 89 1.1464304822249844
11 12 1.3463811303929716
11 13 1.3009769808238802
11 14 1.3566596928189028
11 15 1.3392706074370375
11 16 1.3925276402763342
11 17 1.3053007884916084
11 18 1.4005560598361237
11 19 1.352653718504439
11 20 1.3225281045467836
11 21 1.3904597750039323
11 22 1.3452821005760094
11 23 1.356922287858071
11 24 1.3127335542533358
11 25 1.3818067211762353
11 26 1.408006189863561
11 27 1.3989339069475681
11 28 1.274582239182639
11 29 1.4239950262607795
11 30 1.3370801632795126
11 31 1.3756983264551685
11 32 1.3527225238614404
11 33 1.4159636735497272
11 34 1.3373839099692548
11 35 1.3648968193117597
11 36 1.2563727440390169
11 37 1.3634591683377515
11 38 1.2724211945190886
11 39 1.405993865603456
11 40 1.381551603603544
11 41 1.244551060239193
11 42 1.4181866043469875
11 43 1.32240588037651
11 44 1.463411512049201
11 45 1.3258199004548379
11 46 1.305892775098689
11 47 1.3836574666450712
11 48 1.2745912774816615
11 49 1.2791026274814254
11 50 1.361860331501042
11 51 1.2375377614559975
11 52 1.3642280308988528
11 53 1.4535047589075571
11 54 1.4118307382121513
11 55 1.3393525563352862
11 56 1.3968756406147103
11 57 1.3827699066685681
11 58 1.4413771542628284
11 59 1.385817086339179
11 60 1.3470343961580475
11 61 1.3426553036373374
11 62 1.3542223346564497
11 63 1.359644993102992
11 64 1.423043006038612
11 65 1.495876178788939
11 66 1.3688200085708764
11 67 1.3969932867940538
11 68 1.2852858364091757
11 69 1.483258968576122
11 70 1.3569788957806512
11 71 1.3485054829272691
11 72 1.326857641342294
11 73 1.4597216703434241
11 74 1.4128043639848031
11 75 1.4317467875892962
11 76 1.4218350723709614
11 77 1.3151054739924442
11 78 1.3701424229740804
11 79 1.267157922481052
11 80 1.3586720610316207
11 81 1.3497535647859433
11 82 1.3064223690730112
11 83 1.43915254540577
11 84 1.3756537934681372
11 85 1.3497424062558547
11 86 1.3565962703520411
11 87 1.2928025187870296
11 88 1.423759436716237
11 89 1.3677710607242426
12 13 1.4467957811403809
12 14 1.3214914569916525
12 15 1.179426061118188
12 16 1.2947905155771025
12 17 1.2838715080824405
12 18 1.2084554621598245
12 19 1.4279995806403911
12 20 1.5679564646274904
12 21 1.222694002547189
12 22 1.2622215765049514
12 23 1.2770564728491658
12 24 1.3321329949164136
12 25 1.1050792606780535
12 26 1.2382622083073034
12 27 1.2962267769252471
12 28 1.1683779252849966
12 29 1.35787826066064
12 30 1.0215757588683123
12 31 1.31430968780397
12 32 1.3208369152753927
12 33 1.2865959580230133
12 34 1.2495703504236464
12 35 1.5208265485120112
12 36 1.512569629759765
12 37 1.3013156466693492
12 38 1.1065925090677822
12 39 1.2257014138919238
12 40 1.218771232800835
12 41 1.134994742308233
12 42 1.1032043412194934
12 43 1.3790751733787678
12 44 1.3783068378496643
12 45 1.2774879826720023
12 46 1.4036086690133063
12 47 1.3000841770039515
12 48 1.3449494810969014
12 49 1.3377617444026053
12 50 1.347348225343221
12 51 1.4835978527841847
12 52 1.2895501081680465
12 53 1.3850203513440351
12 54 1.3205929447961215
12 55 1.2167341656415755
12 56 1.346332029352501
12 57 1.237627663394216
12 58 1.2723291126755707
12 59 1.2416049147246397
12 60 1.223752222186536
12 61 1.3090061063564191
12 62 1.4790198149847023
12 63 1.3451943727390325
12 64 1.2894341033980676
12 65 1.2196339425015004
12 66 1.4665425891060617
12 67 1.3281415868522073
12 68 1.1399311875806466
12 69 1.2441335542288492
12 70 1.2888656512563605
12 71 1.2421425888722561
12 72 1.2102248797427737
12 73 1.2570595274927046
12 74 1.2848061945917104
12 75 1.3518495926634095
12 76 1.4536354546882069
12 77 1.3416798789965896
12 78 1.286204479442412
12 79 1.3895940903809691
12 80 1.479439429365579
12 81 1.2398751601586444
12 82 1.342399181498005
12 83 1.2051319067157145
12 84 1.202475581323995
12 85 1.370389654648455
12 86 1.1570504932312158
12 87 1.2633342980666538
12 88 1.244586894851884
12 89 1.2703855642054438
13 14 1.2348220614884557
13 15 1.2854513461482493
13 16 1.3892434770708355
13 17 1.2935270022640202
13 18 1.338520181853407
13 19 1.3048829733798943
13 20 1.2104899209618725
13 21 1.4162614181863957
13 22 1.2751359710195063
13 23 1.2051219687786952
13 24 1.461412229593497
13 25 1.3254766898227794
13 26 1.317267503444704
13 27 1.2588224894877367
13 28 1.2501162283553604
13 29 1.335369426745526
13 30 1.3048377220556535
13 31 1.3744369676456203
13 32 1.230748078294941
13 33 1.3860590558826602
13 34 1.2328597550562639
13 35 1.2387070035443515
13 36 1.2501744978183111
13 37 1.2934403376009422
13 38 1.4307671687012748
13 39 1.2762587800629273
13 40 1.4527098792173636
13 41 1.4291951029446697
13 42 1.272415722599439
13 43 1.3989924703125374
13 44 1.3366721649353317
13 45 1.2994271648048656
13 46 1.3742229003411266
13 47 1.2978362272209591
13 48 1.2758631209434903
13 49 1.3281266890752867
13 50 1.2518677093626023
13 51 1.3780770727029084
13 52 1.51084657129314
13 53 1.3737767817305548
13 54 1.2015144232105963
13 55 1.3726122500328264
13 56 1.3189685199692482
13 57 1.2448456396573024
13 58 1.2322016886829672
13 59 1.2591847583583655
13 60 1.28020063708472
13 61 1.3107742805883782
13 62 1.288393941768938
13 63 1.1530685341141524
13 64 1.4018653885996455
13 65 1.4544547923368945
13 66 1.0251826620047637
13 67 1.3714477276793218
13 68 1.3512843877185072
13 69 1.2951996226752784
13 70 1.4310383104548714
13 71 1.4585829876089569
13 72 1.264520250558108
13 73 1.3665987717968722
13 74 1.3710536040439896
13 75 1.43785822209133
13 76 1.3464173609284504
13 77 1.2316951249745378
13 78 1.4077597827516495
13 79 1.2919891445742455
13 80 1.2680736874018672
13 81 1.4043562366554918
13 82 1.387201780251723
13 83 1.4129370224774727
13 84 1.1311895336695577
13 85 1.3052177333981427
13 86 1.2786559691541206
13 87 1.3397562335059032
13 88 1.2261413878017418
13 89 1.318243581624588
14 15 1.2065579717565547
14 16 1.438994919841557
14 17 1.009204590964388
14 18 1.17090051172213
14 19 1.2122831292900613
14 20 1.313746054514161
14 21 1.3788495412186408
14 22 1.40535780434769
14 23 0.6334893837237461
14 24 1.3067047101219709
14 25 1.2397733966063107
14 26 0.8811450283299485
14 27 0.5143889810928429
14 28 1.3053410595060315
14 29 1.2284994048726918
14 30 1.4575634880386559
14 31 1.3232972534809235
14 32 1.0536676346287992
14 33 1.4515455364398677
14 34 1.2539206660285038
14 35 1.301129568143562
14 36 1.1966687189631469
14 37 0.6720441060686324
14 38 1.4781512746083054
14 39 1.1466992307030648
14 40 1.6046161979790219
14 41 1.4984658944456843
14 42 1.3898982498842491
14 43 1.2586995175224809
14 44 1.2445538442527568
14 45 0.7223037860258649
14 46 1.3408817595831701
14 47 1.2719189808052458
14 48 1.1689010765201961
14 49 1.328115685755924
14 50 0.5475695111786465
14 51 1.2473769277507207
14 52 1.3174669251239253
14 53 1.1858649097366936
14 54 1.2704532616957191
14 55 1.3185602945653838
14 56 1.364892653283911
14 57 0.7957626552072652
14 58 0.9038242209603443
14 59 1.1926101399237987
14 60 0.564625807756362
14 61 1.2266159448641791
14 62 1.2225743861929756
14 63 1.0683429945323477
14 64 1.1859861977670063
14 65 1.1602692255907079
14 66 1.2930451231826265
14 67 1.2256233455620087
14 68 1.2818153053769294
14 69 1.281449539393647
14 70 1.6670086000191489
14 71 1.584361668654771
14 72 1.196685722804338
14 73 1.4006528647537537
14 74 1.2864561768601546
14 75 1.5081613725624554
14 76 1.2298050210032765
14 77 1.0840940817890088
14 78 1.3033048099401703
14 79 1.1605432485081646
14 80 1.1631254253318508
14 81 1.405275092043084
14 82 1.247557500859323
14 83 1.487711076130693
14 84 1.12198450004655
14 85 1.0872766468741963
14 86 1.2624518875053055
14 87 1.1775066091671043
14 88 1.261030757085162
14 89 1.0966675102184056
15 16 1.4495784237649914
15 17 1.2639553064691007
15 18 1.322306774876614
15 19 1.4089473060281281
15 20 1.4127874076206475
15 21 1.3179435729179418
15 22 1.218761664380919
15 23 1.1807738898015068
15 24 1.4756101676413709
15 25 1.2643483709200443
15 26 1.1331213783992682
15 27 1.2089326865098609
15 28 0.6673223672357202
15 29 1.361066322805694
15 30 1.3027736303475335
15 31 1.426038139653778
15 32 1.096392329326675
15 33 1.433260067572162
15 34 0.9267273309303311
15 35 1.3962713047163953
15 36 1.372488592752339
15 37 1.108621076893079
15 38 1.3180129369588034
15 39 0.8822430270835714
15 40 1.3653790981121448
15 41 1.36122583249676
15 42 1.1328102190642724
15 43 1.4222112354873755
15 44 1.2263697111836964
15 45 1.210131647436604
15 46 1.4614645981869474
15 47 1.2775476626245021
15 48 1.3107683815666151
15 49 1.3981838189832856
15 50 1.2034825578785242
15 51 1.4382475404232011
15 52 1.0457804873732912
15 53 1.1964435890025242
15 54 1.2099144673049025
15 55 1.3906824735250107
15 56 1.3506637343404735
15 57 1.227386732237943
15 58 1.247265467084269
15 59 0.6168642017542973
15 60 1.1940350447176609
15 61 1.3586966557114528
15 62 1.3567630620241138
15 63 1.3730169246178092
15 64 1.104431627296499
15 65 1.24403912053997
15 66 1.399630871335808
15 67 1.478900458814415
15 68 1.2472103699573112
15 69 1.2475834168098685
15 70 1.448263495202953
15 71 1.3123871377191354
15 72 1.3362831131844481
15 73 1.381967451021335
15 74 1.084983652937998
15 75 1.3740035568574507
15 76 1.3684352868270382
15 77 1.3003540580168857
15 78 1.169503471345286
15 79 1.3259817359357626
15 80 1.4515723436458432
15 81 1.148917596635059
15 82 1.3126988989658692
15 83 1.4379431652104537
15 84 1.1352046645249627
15 85 1.3410077356352814
15 86 1.2208128409036196
15 87 1.2918157244341526
15 88 1.284116477598878
15 89 1.3180660233718353
16 17 1.3567502257481934
16 18 1.2374672499066042
16 19 1.4863809157593533
16 20 1.406859448515251
16 21 1.360322479266364
16 22 1.2581574613895283
16 23 1.4248752740667578
16 24 1.3694515523694373
16 25 1.4393316662404554
16 26 1.411579635855928
16 27 1.456546021817006
16 28 1.402968520613283
16 29 1.4500514923729086
16 30 1.4082407297508732
16 31 1.4040315199578606
16 32 1.3403333610117647
16 33 1.3965353254483746
16 34 1.3983715727966246
16 35 1.4068922382462805
16 36 1.4479239748633688
16 37 1.426563545467601
16 38 1.3407845813651937
16 39 1.418810346631896
16 40 1.33015023786304
16 41 1.346545277159867
16 42 1.375928063559995
16 43 1.3547664478698933
16 44 1.592806026952978
16 45 1.3218725261353625
16 46 1.325604743522563
16 47 1.3102453008369914
16 48 1.5536762771777182
16 49 1.460738201725125
16 50 1.4701230116362303
16 51 1.4797192417879217
16 52 1.4115399207070498
16 53 1.5209439810318837
16 54 1.3163013592564232
16 55 1.370016085151736
16 56 1.4698466881136594
16 57 1.439281717122522
16 58 1.4794434186456502
16 59 1.4898813531265938
16 60 1.3819853131934958
16 61 1.320395172309342
16 62 1.4319416267522058
16 63 1.3379669088089516
16 64 1.3650710614245825
16 65 1.4118599235788551
16 66 1.4189231828608588
16 67 1.2691259748763353
16 68 1.3134043012268564
16 69 1.2965847059297777
16 70 1.3914175099424286
16 71 1.3897110204683956
16 72 1.3814969928611207
16 73 1.0707496851504263
16 74 1.2884055937203145
16 75 1.4593101184282053
16 76 1.3551923457086354
16 77 1.4851128777577194
16 78 1.3781033661023978
16 79 1.4398687146205733
16 80 1.439617159025833
16 81 1.3062343395674014
16 82 1.3316265965398053
16 83 1.4099243506725823
16 84 1.351036618128332
16 85 1.3427612589628921
16 86 1.3274010841006705
16 87 1.3682952433605151
16 88 1.2832978380856264
16 89 1.4581533080128757
17 18 1.148339673894534
17 19 1.1547132434301446
17 20 1.3401406660434365
17 21 1.3042686303442392
17 22 1.2523502188526239
17 23 0.9994381610075967
17 24 1.1280365021552239
17 25 1.1282258391187556
17 26 0.9913087192685821
17 27 1.0669451405339365
17 28 1.2910323782094852
17 29 1.1777929649393448
17 30 1.3061449671280796
17 31 1.3328704205235529
17 32 0.8276057662540093
17 33 1.211326214253456
17 34 1.2067987136781024
17 35 1.1711686711465858
17 36 1.2266140362331686
17 37 1.016631191310687
17 38 1.3331319943014306
17 39 1.1756108353060126
17 40 1.401289356930491
17 41 1.3100758891962916
17 42 1.2308696735905236
17 43 1.2226277547799727
17 44 1.2387660631130741
17 45 0.9837501641698067
17 46 1.3315834148752668
17 47 1.340063465148351
17 48 1.103701879900604
17 49 1.201218696698608
17 50 1.01688324209378
17 51 1.1859767150422005
17 52 1.3172096359145569
17 53 1.2238007841485976
17 54 1.3063602367435971
17 55 1.2070519195043026
17 56 1.2390125497036693
17 57 1.0318622936718356
17 58 1.1172595831928145
17 59 1.2808223114822341
17 60 0.9341028072085408
17 61 1.0936388652084867
17 62 1.0855174638489553
17 63 1.0619824657539711
17 64 1.1932892794510725
17 65 1.1553406667009642
17 66 1.262918803653888
17 67 1.2556489151438335
17 68 1.2904066521199993
17 69 1.3144467831869209
17 70 1.449163869546361
17 71 1.3965634914200908
17 72 1.1190291618950703
17 73 1.2722857089229695
17 74 1.278034462040619
17 75 1.342748873537874
17 76 1.192984097522817
17 77 0.8850250105905498
17 78 1.1313250898000036
17 79 1.2192701118980276
17 80 1.177422802125925
17 81 1.3348986913065306
17 82 1.2598407655367632
17 83 1.40446420265477
17 84 0.9459715820714575
17 85 1.1524217350234165
17 86 1.2469793954213455
17 87 1.1125720412467972
17 88 1.164225463037256
17 89 1.1242187548410556
18 19 1.2354126416722149
18 20 1.3317866553230315
18 21 1.159692706415918
18 22 1.254328272694981
18 23 1.2306653562346321
18 24 1.2789994402462668
18 25 1.274228212472849
18 26 1.1927210445642222
18 27 1.1814022848213703
18 28 1.2766210805855678
18 29 1.283059165746612
18 30 1.30057987195873
18 31 1.2767020691672855
18 32 1.169232961385339
18 33 1.1935824953041794
18 34 1.2430007927058302
18 35 1.3797565165770682
18 36 1.289370307913472
18 37 1.2422419036740033
18 38 1.3257061664369236
18 39 1.2915985233124565
18 40 1.3938154483042826
18 41 1.3686338539660976
18 42 1.2536098460408913
18 43 1.2036542711121971
18 44 1.297999274003792
18 45 1.140069370586758
18 46 1.3408552765398563
18 47 1.3115798649050263
18 48 1.188422179337753
18 49 1.2874051062056453
18 50 1.1808395939550547
18 51 1.2489232423200318
18 52 1.3567220722817108
18 53 1.2826704786333343
18 54 1.2787443107600494
18 55 1.2538109752424085
18 56 1.2672592294907554
18 57 1.162242568914452
18 58 1.1553190857771356
18 59 1.3564201065546382
18 60 1.1236972079148237
18 61 1.1445094287542033
18 62 1.244302286600481
18 63 1.2405231545814313
18 64 1.120207194715619
18 65 1.2422396697615965
18 66 1.3291832690761556
18 67 1.3113196978333281
18 68 1.1809739574903155
18 69 1.3121193490950989
18 70 1.4371454868763052
18 71 1.3383777084411972
18 72 1.2081280103835044
18 73 1.2395226661078054
18 74 1.340348957254353
18 75 1.343140545784102
18 76 1.277920581286673
18 77 1.150867394039705
18 78 1.2392312702314805
18 79 1.2718525284508284
18 80 1.1427699533714613
18 81 1.3262636777136834
18 82 1.2005973435495976
18 83 1.2446434112830778
18 84 1.1217725311704922
18 85 1.1913896549130734
18 86 1.145192965211147
18 87 1.059083686533967
18 88 1.3263508063459046
18 89 1.1672926338322738
19 20 1.3829190609202182
19 21 1.3722974241780228
19 22 1.470170492634486
19 23 1.1977717268123784
19 24 1.1464944906830092
19 25 1.3017996156097453
19 26 1.3014538730122502
19 27 1.2448517415761047
19 28 1.4335081577381532
19 29 0.825453300720649
19 30 1.2980745168031782
19 31 1.267265349354015
19 32 1.268210291532644
19 33 1.3561592535055036
19 34 1.4151741482298665
19 35 1.279736535163994
19 36 1.2185725303013208
19 37 1.341537043365007
19 38 1.4266022273759231
19 39 1.4144482153483708
19 40 1.435017430975047
19 41 1.3981926158188402
19 42 1.3858601676119016
19 43 1.4247322424071713
19 44 1.2401755404714454
19 45 1.3310873587581036
19 46 1.3325823591307733
19 47 1.384730658871775
19 48 1.168870752960002
19 49 1.3470889573527929
19 50 1.2365005989195301
19 51 1.2382584793859297
19 52 1.4677069449228493
19 53 1.2716082914644478
19 54 1.4093163217460225
19 55 1.2892120921796422
19 56 1.3666884790830707
19 57 1.268255021676467
19 58 1.2547951172839134
19 59 1.405414605039816
19 60 1.2604984154678434
19 61 1.3272339590698088
19 62 1.236796148546191
19 63 1.2351862754632672
19 64 1.3863244583559577
19 65 1.335013826435901
19 66 1.2784566134241782
19 67 1.3487183214592
19 68 1.364552484742648
19 69 1.4530923861516025
19 70 1.402110952249753
19 71 1.3245461386261896
19 72 1.2580816832490738
19 73 1.447116861034354
19 74 1.4174292064695995
19 75 1.2224061262278925
19 76 1.4032848657068269
19 77 1.147497416984753
19 78 1.3152155059146968
19 79 1.1541690958697828
19 80 1.1687944357406297
19 81 1.31419477101545
19 82 1.3216226333428345
19 83 1.2861844738897434
19 84 1.23242330892628
19 85 1.2540877558162804
19 86 1.2247811629370735
19 87 1.2058740454750905
19 88 1.474684768355352
19 89 1.2609949638849327
20 21 1.3716130901336627
20 22 1.3909530293520467
20 23 1.2843417633898702
20 24 1.280848229055313
20 25 1.5831677705900715
20 26 1.414571127500527
20 27 1.356442823395426
20 28 1.444537460956205
20 29 1.3643673319796668
20 30 1.5397935588085319
20 31 1.3824206361717566
20 32 1.2736741135343586
20 33 1.3455089299261138
20 34 1.4511241862411872
20 35 1.3579572204123
20 36 1.2551172560728099
20 37 1.3388995346661396
20 38 1.4245348114541403
20 39 1.3269605006256797
20 40 1.4488260826575772
20 41 1.3747507064678035
20 42 1.4594083944755503
20 43 1.2442970919437255
20 44 1.3369878645815587
20 45 1.248966168681128
20 46 1.4737238886777326
20 47 1.3878107305614895
20 48 1.2428877592907592
20 49 1.3433607217207262
20 50 1.2730701830791804
20 51 1.2672629267396869
20 52 1.4288397945704125
20 53 1.3446149451602794
20 54 1.333771178055323
20 55 1.5447000183943385
20 56 1.4033293618450986
20 57 1.3917700056047293
20 58 1.3259383129444413
20 59 1.4145348951433692
20 60 1.327486315416588
20 61 1.3408191536260312
20 62 1.3542800453429469
20 63 1.3537898901292762
20 64 1.3590268310113702
20 65 1.4899214307103208
20 66 1.2492156784551511
20 67 1.331579293941905
20 68 1.295059467911274
20 69 1.4200533267316564
20 70 1.477826871014826
20 71 1.4023359280043772
20 72 1.4313904254412375
20 73 1.3978723284516663
20 74 1.4964693123605877
20 75 1.4423221614369177
20 76 1.2633046549392126
20 77 1.3169507163242373
20 78 1.4427054606946863
20 79 1.3503695036266523
20 80 1.162757204556803
20 81 1.443765637988322
20 82 1.2530314970087741
20 83 1.6057416077419133
20 84 1.380495300629173
20 85 1.2491974133737322
20 86 1.3428318687290222
20 87 1.3049687137526667
20 88 1.4705156698317403
20 89 1.4551009820904848
21 22 1.160882517696252
21 23 1.3487074817278575
21 24 1.361556901463052
21 25 1.2645390821375433
21 26 1.2539777950285722
21 27 1.3269280854783057
21 28 1.2213440858487274
21 29 1.3408267246748287
21 30 1.2965361410420775
21 31 1.3146957913948791
21 32 1.2112166255472323
21 33 1.2625002890780201
21 34 1.2238097793195406
21 35 1.357498272785608
21 36 1.4127415355660768
21 37 1.3471238301640074
21 38 1.278739170366943
21 39 1.3526140880451856
21 40 1.2335836062300076
21 41 1.399372579282893
21 42 1.2629616774856436
21 43 1.3892957759243445
21 44 1.3606324740082116
21 45 1.2946847502557604
21 46 1.4392699505937963
21 47 1.0854457539958358
21 48 1.2474732390890397
21 49 1.4369952838877909
21 50 1.3621340600210086
21 51 1.3787497243255977
21 52 1.299556506854148
21 53 1.3330728122883746
21 54 1.2221692876990184
21 55 1.2608209212423007
21 56 1.2692442407035325
21 57 1.2741271677003232
21 58 1.2686114692211008
21 59 1.3924608589960779
21 60 1.2633450656478835
21 61 1.2565518412498564
21 62 1.4380753268726307
21 63 1.3437165191971217
21 64 1.287214051302889
21 65 1.3379061968144768
21 66 1.4778523912818355
21 67 1.4804508945758221
21 68 0.915963863385346
21 69 1.4971417057090155
21 70 1.304341511194904
21 71 1.23298584493282
21 72 1.2138364441326295
21 73 1.2974598506382875
21 74 1.3662007721674878
21 75 1.4184793075213582
21 76 1.3716815523984278
21 77 1.2853983466839576
21 78 1.3313072365275458
21 79 1.341115524787768
21 80 1.3639797201135238
21 81 1.2787180937862694
21 82 1.1209834747483396
21 83 1.3200197734644703
21 84 1.212205569211965
21 85 1.2500919829097326
21 86 1.1516989951073975
21 87 1.3239977491609953
21 88 1.223758590779356
21 89 1.2627113877611202
22 23 1.3650735827469482
22 24 1.3771081840841104
22 25 1.2859132201517334
22 26 1.2777254217601264
22 27 1.3868824780405684
22 28 1.1522437950751323
22 29 1.3921441362991103
22 30 1.3152915595397403
22 31 1.4123946777534042
22 32 1.205252538218018
22 33 1.2505299140286084
22 34 1.1963003848119604
22 35 1.3548406048754287
22 36 1.4141404471603918
22 37 1.3117020190531292
22 38 1.349786423837637
22 39 1.3666956920113338
22 40 1.2726668457581711
22 41 1.3979040264042175
22 42 1.1949573262122146
22 43 1.3496576724262084
22 44 1.3523753527498863
22 45 1.335055013053402
22 46 1.2983100373246899
22 47 1.2480373391571176
22 48 1.367715542003753
22 49 1.4393819740034342
22 50 1.397895908654389
22 51 1.4384906699693492
22 52 1.3335028557583968
22 53 1.3539208292071332
22 54 1.1703965787571602
22 55 1.2085415384133038
22 56 1.279028423641301
22 57 1.2761872700384826
22 58 1.3534908166413357
22 59 1.2760801318704384
22 60 1.30531245769328
22 61 1.300279931548778
22 62 1.454187258556111
22 63 1.3469112945970716
22 64 1.3246623999299805
22 65 1.4010829599979793
22 66 1.3310500745246425
22 67 1.3755951144299676
22 68 1.1818795634852337
22 69 1.2471288577494242
22 70 1.3325449642788882
22 71 1.2492422938374055
22 72 1.1148230162397978
22 73 1.2197390763949838
22 74 1.3283733877377446
22 75 1.3123068081981597
22 76 1.4020603296827554
22 77 1.30277106130298
22 78 1.3332749926170324
22 79 1.4465120211501232
22 80 1.4420813797932517
22 81 1.155529169645064
22 82 1.2777710202768784
22 83 1.4537795984494326
22 84 1.2655016467760198
22 85 1.314820124329786
22 86 1.147426805856537
22 87 1.342738321794238
22 88 1.2490970733085267
22 89 1.3241248768809593
23 24 1.2386348250174632
23 25 1.1899374562933338
23 26 0.945267047031083
23 27 0.6458641570739816
23 28 1.2801010344100885
23 29 1.254005339933326
23 30 1.4731617513648068
23 31 1.3200326787021845
23 32 1.0445863344888096
23 33 1.4940227567527082
23 34 1.2231975532308255
23 35 1.3028175361502954
23 36 1.2252779050199538
23 37 0.7879505717240551
23 38 1.4430204791020926
23 39 1.1591976622206333
23 40 1.5745098965167525
23 41 1.483298833391187
23 42 1.3117755747755404
23 43 1.2886532181513377
23 44 1.206235100146065
23 45 0.7392789889467717
23 46 1.3456081865711755
23 47 1.2021772105336535
23 48 1.1448289595810437
23 49 1.372059917175155
23 50 0.6212070234688293
23 51 1.2618378550364582
23 52 1.2914183021519001
23 53 1.2489974243981705
23 54 1.2350128731834158
23 55 1.3314812546308552
23 56 1.3773687228295841
23 57 0.7657420991945623
23 58 0.9124494211539519
23 59 1.2163023705966887
23 60 0.6300029615581234
23 61 1.2051826270736372
23 62 1.1941545835700802
23 63 1.0457816788584462
23 64 1.1907917333192983
23 65 1.071724129502609
23 66 1.3069793533598688
23 67 1.1890831450095496
23 68 1.2102343112087892
23 69 1.305489775364929
23 70 1.6395750288357196
23 71 1.5584500259959875
23 72 1.184861187076476
23 73 1.3058247970985768
23 74 1.264327214178448
23 75 1.4353492187570487
23 76 1.2449921276885578
23 77 1.0488968752755403
23 78 1.2907440075531706
23 79 1.1885267141741935
23 80 1.2163260888360126
23 81 1.3436416849259838
23 82 1.2338999225630547
23 83 1.4565226749232771
23 84 1.0711614468314101
23 85 1.0786511701669927
23 86 1.2438366931452618
23 87 1.223645890497855
23 88 1.1810151801265243
23 89 1.1104976663803332
24 25 1.3113679617288452
24 26 1.3286969892542988
24 27 1.359273106140469
24 28 1.483217328544475
24 29 1.1693569672172797
24 30 1.383260676725804
24 31 1.2494083894907446
24 32 1.2323023716168544
24 33 1.2447847050633842
24 34 1.3262043794835499
24 35 1.3666891854916998
24 36 1.1561838138199885
24 37 1.3683733388499781
24 38 1.3220290723587038
24 39 1.431099351871446
24 40 1.3728077218492494
24 41 1.2136711762461208
24 42 1.4369962824351497
24 43 1.260660135805381
24 44 1.3186778268494377
24 45 1.2734626720101074
24 46 1.3749652997577828
24 47 1.3905353555387965
24 48 1.2432166434599863
24 49 1.2401704963264932
24 50 1.2939251720312652
24 51 1.1950391155466917
24 52 1.340227318927874
24 53 1.3222944733460396
24 54 1.3177135839802752
24 55 1.185639331255401
24 56 1.3077260721632051
24 57 1.2907876534508498
24 58 1.312955587117452
24 59 1.4042147393835644
24 60 1.2895810079183394
24 61 1.2963762182736722
24 62 1.2652223554707405
24 63 1.2161316846646475
24 64 1.3438855077783702
24 65 1.3155714131127223
24 66 1.2792271931411998
24 67 1.1840750427531814
24 68 1.3762277921140271
24 69 1.3392217158874713
24 70 1.3947524770999633
24 71 1.3192680346960093
24 72 1.2115652652221762
24 73 1.3785992048025881
24 74 1.3905234419935133
24 75 1.3237442181493466
24 76 1.2154935615428617
24 77 1.1792601932311018
24 78 1.3971756193727842
24 79 1.1646240063723967
24 80 1.1347619692871695
24 81 1.3447408486412966
24 82 1.1358269787499256
24 83 1.3065042181268844
24 84 1.2947226268870222
24 85 1.286732902153858
24 86 1.2843032361715812
24 87 1.2975249464457095
24 88 1.4729787084462878
24 89 1.3650123788670072
25 26 1.1085304553926598
25 27 1.2374584293209268
25 28 1.28963390188455
25 29 1.2419800008938384
25 30 1.3304456657045227
25 31 1.3426450380461092
25 32 1.1814541855921934
25 33 1.2925367965742922
25 34 1.2473892499980082
25 35 1.2524285861152793
25 36 1.380553225225758
25 37 1.223319492374456
25 38 1.347582783445787
25 39 1.1922275287083377
25 40 1.2576929642012422
25 41 1.4230420898424803
25 42 1.1926737032427557
25 43 1.3861649834670455
25 44 1.372826635333515
25 45 1.2033980984412251
25 46 1.283931965548621
25 47 1.3583788983055152
25 48 1.1685257224966694
25 49 1.2975660260484625
25 50 1.230385694587796
25 51 1.3105215980935991
25 52 1.3382204969152725
25 53 1.3823373231172877
25 54 1.3512926032984278
25 55 0.8971802683378517
25 56 1.3371025032463801
25 57 1.0718061289975231
25 58 1.2191074114981317
25 59 1.2497909828954672
25 60 1.157139131555366
25 61 1.2537219197197316
25 62 1.2840978106196874
25 63 1.3264731697694696
25 64 1.2392626174887122
25 65 1.246731632719631
25 66 1.423660402653629
25 67 1.3421593202716617
25 68 1.2699778458253892
25 69 1.2931215685802786
25 70 1.3472670660234
25 71 1.2553524419463917
25 72 0.996137545681668
25 73 1.3595273422621756
25 74 1.3400079038001032
25 75 1.3906709628520202
25 76 1.3926848210728753
25 77 1.1655786499249479
25 78 1.3048165338388615
25 79 1.2717884530625825
25 80 1.3425492762631943
25 81 1.352070323443498
25 82 1.25248339489805
25 83 1.1373653618787412
25 84 1.1808053318018645
25 85 1.2699283946320128
25 86 1.2497189940480227
25 87 1.201473812546211
25 88 1.26103592693736
25 89 0.9668632081349057
26 27 0.8920243649921098
26 28 1.1639043307709849
26 29 1.255474288415416
26 30 1.3053088699653534
26 31 1.3954466965134764
26 32 0.945938508468389
26 33 1.3113514963906436
26 34 1.0822176128996823
26 35 1.209119871940011
26 36 1.3647044945140354
26 37 0.8878776721677468
26 38 1.3560690167643548
26 39 1.097199256080679
26 40 1.301340700729943
26 41 1.4091047862331034
26 42 1.2366179116848193
26 43 1.3126321019439209
26 44 1.2940781630846152
26 45 0.8766413596961321
26 46 1.3156916247786936
26 47 1.2467172689116213
26 48 1.2015725755907494
26 49 1.2913577128901943
26 50 0.857214210836277
26 51 1.3431462682768227
26 52 1.2359021806984163
26 53 1.2134639536638976
26 54 1.21778902108129
26 55 1.1429719957083582
26 56 1.2482223787622508
26 57 0.9388194622730185
26 58 1.0206021080958447
26 59 1.147838645603706
26 60 0.8382038584939686
26 61 1.1029730070014556
26 62 1.2653090558228963
26 63 1.1447681101957106
26 64 1.2450288255824327
26 65 1.130496638692743
26 66 1.3763577027692062
26 67 1.255979833269783
26 68 1.2474558548930064
26 69 1.2103855652979616
26 70 1.404304936046267
26 71 1.332593331645202
26 72 1.0108977473769105
26 73 1.244670467995998
26 74 1.2251076959583538
26 75 1.2741618357203013
26 76 1.2069164786902802
26 77 1.0588794605096368
26 78 1.2057899211654435
26 79 1.2547391036339424
26 80 1.3325374425984076
26 81 1.2894301404953747
26 82 1.228441668471995
26 83 1.3839625106061393
26 84 1.0302000493985721
26 85 1.1770822543117456
26 86 1.1958943058789167
26 87 1.0740973719188425
26 88 1.1950966326350752
26 89 1.0230716923019272
27 28 1.2770904490908883
27 29 1.2897336318204693
27 30 1.4363949551871997
27 31 1.343766476966794
27 32 1.13533248988594
27 33 1.498725585222944
27 34 1.2936332366397711
27 35 1.2968444846219498
27 36 1.278303625452814
27 37 0.682694793063641
27 38 1.4910991437890424
27 39 1.1853035104835936
27 40 1.576390785077399
27 41 1.519601850328794
27 42 1.4001803951692338
27 43 1.2650909624258124
27 44 1.236915258762045
27 45 0.7269230907289077
27 46 1.3770283911228407
27 47 1.290001154195463
27 48 1.1839072501294434
27 49 1.394312014072295
27 50 0.5106418393739167
27 51 1.2827657844510338
27 52 1.3629059953082483
27 53 1.2548132908871321
27 54 1.3093112556767674
27 55 1.36247237994985
27 56 1.3505511458053177
27 57 0.7395272187178837
27 58 0.8606007023010838
27 59 1.201348987208254
27 60 0.6189794374568717
27 61 1.2724376801952335
27 62 1.219953480221188
27 63 1.08832049058084
27 64 1.1906413558647355
27 65 1.1822057120356106
27 66 1.3401391850811557
27 67 1.2602634790463945
27 68 1.2820776593015728
27 69 1.3249535689140486
27 70 1.665397926135479
27 71 1.5990294450930753
27 72 1.2634802364846314
27 73 1.354620892722315
27 74 1.2994771336484081
27 75 1.4905495398677078
27 76 1.318274473229435
27 77 1.1144030024784863
27 78 1.3228083122057925
27 79 1.2494074480263513
27 80 1.261244893606588
27 81 1.3853497247465076
27 82 1.3317471161072405
27 83 1.466554881064042
27 84 1.1021888136932076
27 85 1.0754734843039206
27 86 1.2166610581645303
27 87 1.220231476190024
27 88 1.2537756772683868
27 89 1.1076279301469152
28 29 1.4297133132965743
28 30 1.2192584251152865
28 31 1.3839494825812275
28 32 1.1001340662608192
28 33 1.400547559152328
28 34 0.9467717503744665
28 35 1.394419587749492
28 36 1.4252923197405447
28 37 1.186084260627482
28 38 1.2181267114510816
28 39 1.0029506852919046
28 40 1.2941095168362127
28 41 1.3258165191636748
28 42 1.1029425465901752
28 43 1.3169162158453522
28 44 1.2265127055326297
28 45 1.2689225257642498
28 46 1.451140114417946
28 47 1.1872018125699957
28 48 1.3247105280093183
28 49 1.384708551993529
28 50 1.266799052931041
28 51 1.4442024410708814
28 52 1.1279329524669148
28 53 1.246421087904939
28 54 1.2434598815474538
28 55 1.3274218047869626
28 56 1.2765955196836714
28 57 1.2954129721177254
28 58 1.283108767919499
28 59 0.8491987606877874
28 60 1.2611647922210543
28 61 1.327386068909467
28 62 1.4942245503114204
28 63 1.3592448218556583
28 64 1.086079122462389
28 65 1.2445730137625084
28 66 1.4178537438518959
28 67 1.473744285835976
28 68 1.1472995129439614
28 69 1.2544596614976773
28 70 1.4181833158785828
28 71 1.2788741445002354
28 72 1.260277227152691
28 73 1.3513701279096657
28 74 1.1633722562571673
28 75 1.359604611625276
28 76 1.4215233033733599
28 77 1.2713123963316295
28 78 1.2178223988445485
28 79 1.3783780824284535
28 80 1.4707384159554915
28 81 1.0626633125260745
28 82 1.328879540538143
28 83 1.424384687990512
28 84 1.0906046629073034
28 85 1.373020752796997
28 86 1.0660127146766545
28 87 1.2908728882689626
28 88 1.2762317943504957
28 89 1.2894738443411395
29 30 1.3054266767955836
29 31 1.2797385928489042
29 32 1.2362499780616567
29 33 1.2806051839393746
29 34 1.3451151963999464
29 35 1.2898353330577739
29 36 1.3101888412392042
29 37 1.289971050677759
29 38 1.46496725780971
29 39 1.4152922949516378
29 40 1.411264409123304
29 41 1.3702046534459598
29 42 1.3329512692067962
29 43 1.4060243333958937
29 44 1.3144534409892012
29 45 1.2967941142689174
29 46 1.3273126034123814
29 47 1.3918493260633116
29 48 1.2145139583000986
29 49 1.320442572352616
29 50 1.278802515418442
29 51 1.2285639699556303
29 52 1.3663294417499823
29 53 1.3009529311842736
29 54 1.334715600509751
29 55 1.2438785092294005
29 56 1.4258705117095039
29 57 1.2779733182087942
29 58 1.304136500535987
29 59 1.3190249072463893
29 60 1.2421010772123515
29 61 1.3448938385327953
29 62 1.2776435683581167
29 63 1.3145275444535611
29 64 1.360547551008407
29 65 1.299080818518063
29 66 1.3023205522906416
29 67 1.3062463641940676
29 68 1.3224182960831246
29 69 1.3973642384865597
29 70 1.3933224234737578
29 71 1.351019725462449
29 72 1.2435373476800315
29 73 1.4492071290970987
29 74 1.3813610304491144
29 75 1.2561266820814525
29 76 1.2764715326677996
29 77 1.1934954803366844
29 78 1.280483804925172
29 79 1.2202854378601495
29 80 1.2650798265609675
29 81 1.3030397903307978
29 82 1.3207058468843929
29 83 1.2939812216764521
29 84 1.286051630905032
29 85 1.276911717272312
29 86 1.262907548358245
29 87 1.283134978332056
29 88 1.4056749795081405
29 89 1.2823309649582406
30 31 1.4163392754449395
30 32 1.43600730535737
30 33 1.2682537978979893
30 34 1.275144237904713
30 35 1.4256860801294615
30 36 1.4228400257004048
30 37 1.4362322018580571
30 38 0.873301217448774
30 39 1.2904601400107911
30 40 1.2011111687992464
30 41 0.9027025085872369
30 42 1.145731419573684
30 43 1.412668011048694
30 44 1.3808802830838656
30 45 1.5197585924895556
30 46 1.382354715037751
30 47 1.3866660888309545
30 48 1.3938749457683317
30 49 1.3167610081937686
30 50 1.478107261272746
30 51 1.4347654919965886
30 52 1.4146981737974522
30 53 1.3621765265851375
30 54 1.3923325811415264
30 55 1.2820334713958195
30 56 1.2588417535035374
30 57 1.4012610619157504
30 58 1.3829417373088229
30 59 1.3605393257448097
30 60 1.4417258557039243
30 61 1.2358691429582718
30 62 1.4117614361522035
30 63 1.2884947444253605
30 64 1.4231787380283047
30 65 1.369858245185118
30 66 1.3556353147717974
30 67 1.4019785101523812
30 68 1.2616708303536914
30 69 1.3399280695571492
30 70 1.1225828526739194
30 71 1.1605978407853765
30 72 1.2848093076311682
30 73 1.2871826660870276
30 74 1.3542309850063217
30 75 1.284447339557893
30 76 1.420426594636715
30 77 1.3392001641862723
30 78 1.24764525756137
30 79 1.3305077584193787
30 80 1.425331398305275
30 81 1.387864156723208
30 82 1.4159389537707843
30 83 1.217730016559632
30 84 1.285865425207536
30 85 1.4826517111275732
30 86 1.19077559328917
30 87 1.3667783525011035
30 88 1.2375292987994555
30 89 1.3612763243012809
31 32 1.3495967454554363
31 33 1.3546806720435844
31 34 1.3554953645001202
31 35 1.361212885920143
31 36 1.3335092598089446
31 37 1.3323591397540997
31 38 1.4273998324147326
31 39 1.4229692833063823
31 40 1.4370895972954134
31 41 1.427186759610935
31 42 1.330321417440873
31 43 1.2814736536602194
31 44 1.3388679208049956
31 45 1.3244570912436158
31 46 1.3924473437463338
31 47 1.3857830563421574
31 48 1.4027363879128962
31 49 1.295730600369848
31 50 1.344212904803155
31 51 1.289091512285163
31 52 1.37903845306427
31 53 1.3389817285728167
31 54 1.4543665786286963
31 55 1.3506990630113747
31 56 1.4308404383830065
31 57 1.314532198432071
31 58 1.3418692562268226
31 59 1.4074193267634527
31 60 1.3164817458963556
31 61 1.3260002476698385
31 62 1.3613725361745432
31 63 1.2851190377288422
31 64 1.2996408345181223
31 65 1.195640937582273
31 66 1.4107554080279923
31 67 1.2346646442701261
31 68 1.3223865453042039
31 69 1.3553688471249647
31 70 1.5397493055861529
31 71 1.4120744651616692
31 72 1.3655805580177536
31 73 1.2122564168397771
31 74 1.4502309051923417
31 75 1.3763396264457066
31 76 1.301572094296041
31 77 1.3155335047808105
31 78 1.37434459825361
31 79 1.2771328804366122
31 80 1.2813224997404926
31 81 1.3052578965685562
31 82 1.3841127693331041
31 83 1.503150016880101
31 84 1.299213195909095
31 85 1.2860287260897434
31 86 1.3492669214385409
31 87 1.3429023526458512
31 88 1.392550299986662
31 89 1.37419141135252
32 33 1.2671722347424974
32 34 1.096718481305307
32 35 1.2539116126970447
32 36 1.1514028145238593
32 37 1.018733782750626
32 38 1.3801306568275535
32 39 1.0431478893243433
32 40 1.397779268330725
32 41 1.425919972756698
32 42 1.1906416979902643
32 43 1.318621194500002
32 44 1.2603725082332478
32 45 0.9526077012791441
32 46 1.4390253441123186
32 47 1.248604361883559
32 48 1.0929090345767292
32 49 1.2732745133414212
32 50 1.0579899635985122
32 51 1.291918156131745
32 52 1.1893522476547498
32 53 1.215591600985963
32 54 1.218198956614355
32 55 1.2064228982772496
32 56 1.29656387998761
32 57 1.066833717854863
32 58 1.1181221607092664
32 59 1.1468790620784333
32 60 0.9769457707065284
32 61 1.1936353117096994
32 62 1.2271711079801446
32 63 1.1538181173222721
32 64 1.0748620438592837
32 65 1.151857210132917
32 66 1.275387097112155
32 67 1.355668133980706
32 68 1.2141859519928244
32 69 1.2919911205116743
32 70 1.4587303562288738
32 71 1.3976851538553023
32 72 1.101659952273543
32 73 1.3325531785464253
32 74 1.2140363045465876
32 75 1.320942970109972
32 76 1.2275680945398708
32 77 0.9871127913116399
32 78 1.1734373605752204
32 79 1.1379945557578937
32 80 1.1795487106404416
32 81 1.1921491002283757
32 82 1.1781632575556498
32 83 1.3684949100440655
32 84 0.9246398501108045
32 85 1.1681357986080605
32 86 1.1932566187770652
32 87 1.1157413183607943
32 88 1.2009322362084036
32 89 1.1068475770035002
33 34 1.358090802212882
33 35 1.3192199124062534
33 36 1.3876588512550787
33 37 1.379134331984099
33 38 1.4392963764880013
33 39 1.4572952487224442
33 40 1.1980260043209114
33 41 1.4051540625527588
33 42 1.2784123426068468
33 43 1.2781799566508938
33 44 1.3902657962823983
33 45 1.3990843289419927
33 46 1.4089993192524402
33 47 1.4533126778649312
33 48 1.3529392146314483
33 49 1.2876331358228967
33 50 1.4392756059181369
33 51 1.323989814186024
33 52 1.3771871275977596
33 53 1.3536708307752523
33 54 1.2097489076141843
33 55 1.1411713643620653
33 56 0.9549892087875826
33 57 1.3772470227791287
33 58 1.4385661813947015
33 59 1.3624962502039508
33 60 1.3912194425036706
33 61 1.2238247348431075
33 62 1.3034269492151735
33 63 1.3759907469404935
33 64 1.4611589286696145
33 65 1.3299438657565212
33 66 1.4174953377176793
33 67 1.3809976607359924
33 68 1.3096155538278722
33 69 1.3202676205262371
33 70 1.1123416237823243
33 71 1.154252333958804
33 72 1.1318709105981288
33 73 1.364934543562671
33 74 1.430499577107843
33 75 1.1577725349051073
33 76 1.3595143856792553
33 77 1.2699219695242778
33 78 1.3291869136218695
33 79 1.3869653582668737
33 80 1.3210866582032423
33 81 1.2449389021561932
33 82 1.224264822005027
33 83 1.1196688308006701
33 84 1.2919643258830515
33 85 1.4176876747023037
33 86 1.2672635690695018
33 87 1.1906966121220244
33 88 1.3666550468317706
33 89 1.2763370057412078
34 35 1.2905087555218273
34 36 1.368572069415021
34 37 1.193914728493569
34 38 1.265245923062997
34 39 1.0374761589361916
34 40 1.3189662345724675
34 41 1.337075426404257
34 42 1.2453476066486926
34 43 1.3286462904080814
34 44 1.2100554272772064
34 45 1.2085555113530193
34 46 1.369290657400481
34 47 1.2488717861826577
34 48 1.2895358583389291
34 49 1.3434934810760986
34 50 1.2124878083020987
34 51 1.4380975353886127
34 52 0.9679972178608631
34 53 1.2522192085808972
34 54 1.253118583231762
34 55 1.27434986780415
34 56 1.313676875903848
34 57 1.2600796677905024
34 58 1.3172316072363794
34 59 0.9816277382807589
34 60 1.2025272268443787
34 61 1.2075971663529896
34 62 1.2636274157654723
34 63 1.2776357812422807
34 64 1.1316821728759463
34 65 1.2508598231019705
34 66 1.3457322563363967
34 67 1.3424099332255532
34 68 1.2672038093073126
34 69 1.1476524188428905
34 70 1.4562930651915684
34 71 1.316859693333747
34 72 1.1914960276114546
34 73 1.2419021955865395
34 74 1.1317861160603424
34 75 1.3810664790630192
34 76 1.2942734042965893
34 77 1.2773178871186286
34 78 1.2540982814795578
34 79 1.2942074952216889
34 80 1.4029334626956829
34 81 1.264569631572962
34 82 1.268063409526457
34 83 1.3868729542487104
34 84 1.1120875889851114
34 85 1.342308619848932
34 86 1.2243983891566141
34 87 1.2186825341445187
34 88 1.2172959325771393
34 89 1.2387606095159027
35 36 1.349109771422162
35 37 1.3413074660239162
35 38 1.4176704521446823
35 39 1.336654510827427
35 40 1.3537820469389368
35 41 1.455513110215617
35 42 1.4099873693133074
35 43 1.2703983941945247
35 44 1.4474683887903437
35 45 1.32897739288068
35 46 1.3818741234002974
35 47 1.4227023130997771
35 48 1.1961838200080301
35 49 1.3210050678423926
35 50 1.2826606045947289
35 51 1.2079906775931364
35 52 1.4312736142224096
35 53 1.3572330863474724
35 54 1.3617066404593736
35 55 1.2695138220423032
35 56 1.2811243051056618
35 57 1.289063864695037
35 58 1.3883386943524645
35 59 1.4074085827092964
35 60 1.2580112624798725
35 61 1.2882029020467642
35 62 1.2693012276962061
35 63 1.3534237922656287
35 64 1.3547111324914105
35 65 1.435009150467095
35 66 1.2679898333981652
35 67 1.3220315081915408
35 68 1.3719666878550463
35 69 1.3704526306755307
35 70 1.360829795109704
35 71 1.369263045767524
35 72 1.2815733687342676
35 73 1.262871726968392
35 74 1.464270877087911
35 75 1.397114845381963
35 76 1.2895614736462184
35 77 1.1536779152314827
35 78 1.2866383709581133
35 79 1.26124880144461
35 80 1.2474560261519803
35 81 1.3321606175407015
35 82 1.4329768624038
35 83 1.398346262307798
35 84 1.2759101221257394
35 85 1.3873499958701978
35 86 1.3152915582876985
35 87 1.27622267171116
35 88 1.388098899335217
35 89 1.2644566329183546
36 37 1.3170519499539963
36 38 1.425165296587792
36 39 1.3166794143695841
36 40 1.5753675554317592
36 41 1.3861235472118951
36 42 1.3347420687351237
36 43 1.3036761367283323
36 44 1.2364430071161132
36 45 1.2809998201754929
36 46 1.4174841783133032
36 47 1.334175657248582
36 48 1.1857336488108916
36 49 1.2474231262076056
36 50 1.2147793506321731
36 51 1.0908986592353584
36 52 1.380826798571072
36 53 1.2576263037394728
36 54 1.3164815759016824
36 55 1.3281029379600642
36 56 1.313801992129545
36 57 1.228556627763606
36 58 1.3437539542572543
36 59 1.3900382985168311
36 60 1.2110646849037077
36 61 1.1194473381751402
36 62 1.2549547097254385
36 63 1.1952597390268571
36 64 1.273507127769214
36 65 1.3763739554905354
36 66 1.250755136515735
36 67 1.3377810993497905
36 68 1.3858631418351028
36 69 1.4033507873737012
36 70 1.4981964748617922
36 71 1.472718142534516
36 72 1.3171972885593317
36 73 1.4605693199690821
36 74 1.4092459558279584
36 75 1.42950118599398
36 76 1.2389940061710205
36 77 1.1900436097878244
36 78 1.3297050816449332
36 79 1.1029350253471788
36 80 0.9534916538132975
36 81 1.3415844688908176
36 82 1.160489272505677
36 83 1.3492666522133954
36 84 1.3266439656010776
36 85 1.2484864877084545
36 86 1.33356459398913
36 87 1.2925516616867672
36 88 1.4481622958787084
36 89 1.3202727178614588
37 38 1.4506293747128376
37 39 1.130026369928592
37 40 1.5207402731253183
37 41 1.484318369292912
37 42 1.3613353230362601
37 43 1.2533848845541593
37 44 1.1778899320919356
37 45 0.7298963104397396
37 46 1.3576730090059526
37 47 1.2770224063405091
37 48 1.2717430066357645
37 49 1.294586169189861
37 50 0.6699438613468114
37 51 1.2993468728982582
37 52 1.2601689890478205
37 53 1.2251131494814622
37 54 1.2580125194517002
37 55 1.2765447023385932
37 56 1.3008553500874351
37 57 0.8138659441533015
37 58 0.9992752981628644
37 59 1.082825173512449
37 60 0.7151108482654609
37 61 1.2460331282530381
37 62 1.1724611554555777
37 63 1.1451908079008306
37 64 1.2593433463819785
37 65 1.169715240079508
37 66 1.3924387760309063
37 67 1.240176835324565
37 68 1.2474215582903718
37 69 1.238401802067637
37 70 1.5924456773420004
37 71 1.4899653935645312
37 72 1.2137968349158752
37 73 1.328779860290833
37 74 1.252534225665406
37 75 1.4588018352734935
37 76 1.256220702368927
37 77 1.17219376067878
37 78 1.2526771535177095
37 79 1.2195446165163037
37 80 1.2575773284919942
37 81 1.344362571522609
37 82 1.2909874038582905
37 83 1.438217669384884
37 84 1.1211282403384106
37 85 1.1058121958791065
37 86 1.2684375163396067
37 87 1.2596356448658532
37 88 1.2354218631663583
37 89 1.0960093045761659
38 39 1.2649537672873792
38 40 1.1430975193140356
38 41 0.7764223888751564
38 42 1.2279563741258772
38 43 1.3227833657920751
38 44 1.4095870249656715
38 45 1.4821030806372228
38 46 1.424549810602407
38 47 1.380694546278328
38 48 1.314339656903549
38 49 1.222393700920214
38 50 1.471084116815702
38 51 1.4418869957558131
38 52 1.297665133582389
38 53 1.3693275330340633
38 54 1.4569493057870284
38 55 1.2526863426158732
38 56 1.3661978335477463
38 57 1.4280854987991076
38 58 1.4303956834660498
38 59 1.4120569675512058
38 60 1.4595829653210401
38 61 1.272412201364057
38 62 1.4826188577869193
38 63 1.37773019564208
38 64 1.3792220634694223
38 65 1.4415372002192595
38 66 1.4180199899153687
38 67 1.33047624608675
38 68 1.2196478089601477
38 69 1.3473368330485596
38 70 1.1732686804133572
38 71 1.1161046237780685
38 72 1.2890077784253082
38 73 1.2966418468012522
38 74 1.3356821931282585
38 75 1.3428438440863875
38 76 1.4098648542403573
38 77 1.3268090881575263
38 78 1.3007487760143177
38 79 1.4141272841494898
38 80 1.3850530935706642
38 81 1.387232699117656
38 82 1.4101052620446988
38 83 1.363169384430587
38 84 1.291184826272612
38 85 1.4191433259192783
38 86 1.222905145395543
38 87 1.364825142508307
38 88 1.3159108215058148
38 89 1.3753571276783452
39 40 1.4089139459122253
39 41 1.352865943991214
39 42 1.2358146643760317
39 43 1.3656075639384948
39 44 1.3130721950039377
39 45 1.1541272395219684
39 46 1.4047623932144455
39 47 1.3264822002265104
39 48 1.2754645577265078
39 49 1.3916598750817297
39 50 1.1640072750275767
39 51 1.4750063901973027
39 52 1.1615593788308527
39 53 1.2957419583879735
39 54 1.3165714903649144
39 55 1.3640242087861965
39 56 1.3585434755036943
39 57 1.223048707387198
39 58 1.2676865576589127
39 59 0.9298220517863496
39 60 1.1375796750702452
39 61 1.3221013905076386
39 62 1.2792660816913992
39 63 1.3318988011257584
39 64 1.0745580473143748
39 65 1.1261493710973283
39 66 1.3946812077640909
39 67 1.4282358320449677
39 68 1.2970441309826959
39 69 1.1710314923594913
39 70 1.4579892108424284
39 71 1.3690141454238487
39 72 1.3549154539540706
39 73 1.3905911677407186
39 74 1.2651002008335772
39 75 1.3833176074294895
39 76 1.3993260926549203
39 77 1.2880524145747119
39 78 1.1464299233033135
39 79 1.2985997474713367
39 80 1.4280827870224704
39 81 1.3019867568902803
39 82 1.3230977505911057
39 83 1.435864938392287
39 84 1.1920262533176806
39 85 1.3901389435479115
39 86 1.2669801321232994
39 87 1.1684195686822683
39 88 1.290016518859677
39 89 1.2069511372847541
40 41 1.182931448179274
40 42 1.3447798971002851
40 43 1.4057165917798555
40 44 1.444550726127689
40 45 1.481282294030537
40 46 1.389711818765716
40 47 1.489131854326286
40 48 1.3802482361608905
40 49 1.3586609272196908
40 50 1.5316816956105859
40 51 1.3982117192949977
40 52 1.3590464660703985
40 53 1.4645943263516177
40 54 1.3698923986230238
40 55 1.2031173931890538
40 56 1.2755130893718958
40 57 1.5358710830363167
40 58 1.4958386626539506
40 59 1.4039708127093153
40 60 1.5654628499632801
40 61 1.2727919373170518
40 62 1.460869927089219
40 63 1.461831465302039
40 64 1.4825049019200693
40 65 1.3912478997097784
40 66 1.4541584185986773
40 67 1.39909133738194
40 68 1.3358646516743673
40 69 1.3201988531887654
40 70 0.7937108759164067
40 71 0.7894317177500989
40 72 1.2103386506930776
40 73 1.2311137093817985
40 74 1.3964062346396455
40 75 1.0845060030904932
40 76 1.4332333637801282
40 77 1.358973711281502
40 78 1.4776702296050943
40 79 1.4472953720072763
40 80 1.5338030741805124
40 81 1.3052256792493824
40 82 1.3551360789876716
40 83 1.229305793983808
40 84 1.2444668015348765
40 85 1.4745787339379859
40 86 1.2744427034230699
40 87 1.3815552105075157
40 88 1.4348208707614163
40 89 1.4020104161191616
41 42 1.2825700708440115
41 43 1.3260891799721022
41 44 1.4381192869893211
41 45 1.4995574465237045
41 46 1.3693226980310806
41 47 1.454723562745832
41 48 1.331256181540223
41 49 1.1898606129174558
41 50 1.487020294854907
41 51 1.3294642399018075
41 52 1.3804776283388327
41 53 1.385824248394611
41 54 1.4736808295658483
41 55 1.339779718840836
41 56 1.4450813058496328
41 57 1.505047520871649
41 58 1.4360036959810054
41 59 1.4097471362329037
41 60 1.4816646303506795
41 61 1.3154316313358083
41 62 1.4406719257800364
41 63 1.4114777206689613
41 64 1.4313637413836864
41 65 1.3906685777182934
41 66 1.3215159183098109
41 67 1.340176482704592
41 68 1.3582546372491886
41 69 1.324395415577189
41 70 1.177350697552054
41 71 1.2315234387491718
41 72 1.3452400265740765
41 73 1.3755472242968476
41 74 1.454478401190707
41 75 1.2963878088084935
41 76 1.3917497471397737
41 77 1.3574706922846822
41 78 1.3761658691073115
41 79 1.3801986211234547
41 80 1.350208743560574
41 81 1.4376252366503932
41 82 1.3797195274411236
41 83 1.328787716055813
41 84 1.3304382042832983
41 85 1.4818508825726437
41 86 1.3182582108700747
41 87 1.3709015356531533
41 88 1.362083969016254
41 89 1.5034622049983764
42 43 1.3557333605707154
42 44 1.3107254976817575
42 45 1.3558711285179879
42 46 1.296218733454078
42 47 1.3115763264651963
42 48 1.3004808707678814
42 49 1.3811800504219918
42 50 1.40876135326428
42 51 1.4079273954780311
42 52 1.3143672982466656
42 53 1.2324618778193237
42 54 1.292811106464923
42 55 1.2384063050913825
42 56 1.2427331334064164
42 57 1.2681465220447277
42 58 1.2833041820904083
42 59 1.2214864963946568
42 60 1.3267317560173155
42 61 1.1901932148239847
42 62 1.3779694638720057
42 63 1.2681354779074099
42 64 1.235259549026332
42 65 1.2435472422509666
42 66 1.368732938142706
42 67 1.4702082708000164
42 68 1.1914951289606817
42 69 1.2326792793685548
42 70 1.312842118208095
42 71 1.2687046691882773
42 72 1.2040723027418256
42 73 1.3336256477814221
42 74 1.3084082323813193
42 75 1.2699876241017272
42 76 1.2991178469585432
42 77 1.2880432446976913
42 78 1.2914111693835544
42 79 1.2927654715719927
42 80 1.3887128659741148
42 81 1.1820644631151136
42 82 1.253782045890111
42 83 1.2429655621621254
42 84 1.1882232340081729
42 85 1.3072837935619983
42 86 1.1018559346502266
42 87 1.2756003764323396
42 88 1.244862277557652
42 89 1.2819282708498279
43 44 1.3107440653149691
43 45 1.2611197489791994
43 46 1.4258889764161984
43 47 1.4476301051350138
43 48 1.2609474140969434
43 49 1.2836953221508711
43 50 1.2135545558779077
43 51 1.2700163650223368
43 52 1.4137068261024985
43 53 1.320240091881114
43 54 1.5236028327761844
43 55 1.3604981368351734
43 56 1.1896146700998615
43 57 1.2755860566169617
43 58 1.3148876260843403
43 59 1.4227328491039841
43 60 1.2114367075508627
43 61 1.2504113964838202
43 62 1.2962656244653448
43 63 1.296891301050602
43 64 1.213632929804421
43 65 1.3814550661957128
43 66 1.3143013700941781
43 67 1.1626098818972546
43 68 1.1983965741579699
43 69 1.190744605582205
43 70 1.4187078121794812
43 71 1.3395431842509895
43 72 1.3089691627646571
43 73 1.3766054772736316
43 74 1.3994286134914726
43 75 1.4090499681443716
43 76 1.1387428782296096
43 77 1.2996912578110345
43 78 1.3327160246154854
43 79 1.3572372839178826
43 80 1.2082744985363738
43 81 1.3267688086493277
43 82 1.230861558716103
43 83 1.435276275870669
43 84 1.3293517284959335
43 85 1.2861687198291485
43 86 1.195763213130621
43 87 1.2598048649687033
43 88 1.4557441764614403
43 89 1.357241281233505
44 45 1.2505230464269437
44 46 1.3432579525109363
44 47 1.316415050020373
44 48 1.250379658732109
44 49 1.3588129873078458
44 50 1.1937349008647122
44 51 1.3148675968428736
44 52 1.318817687529899
44 53 1.0505294028085865
44 54 1.3526692662258053
44 55 1.3893655969504821
44 56 1.2821736685332896
44 57 1.235251411665193
44 58 1.2632691469294468
44 59 1.2272996848129891
44 60 1.2180686724459922
44 61 1.2698667834361614
44 62 1.3116474928021953
44 63 1.2546914281815396
44 64 1.273527998026414
44 65 1.3363355204465608
44 66 1.3049353512992379
44 67 1.328573840049575
44 68 1.3265848711806572
44 69 1.301077020859234
44 70 1.5124653085445015
44 71 1.384454949949701
44 72 1.3576207066553652
44 73 1.3993955197616392
44 74 1.271155712140413
44 75 1.380703682635678
44 76 1.2843180384073174
44 77 1.2562541118791168
44 78 1.3452653525925615
44 79 1.2057718835452036
44 80 1.2554748905281041
44 81 1.2865494292434014
44 82 1.2802356449775847
44 83 1.396038365025749
44 84 1.254812605608743
44 85 1.254501051498375
44 86 1.2836151055955718
44 87 1.4049043237767442
44 88 1.378250283155602
44 89 1.2715561761161576
45 46 1.4257439077713634
45 47 1.2872445187310808
45 48 1.224173096149794
45 49 1.332140130870852
45 50 0.6983386135365077
45 51 1.2409738407715303
45 52 1.2724523003115262
45 53 1.2419610287813108
45 54 1.255163129128835
45 55 1.2887505900458256
45 56 1.3567817192555034
45 57 0.8421650921628238
45 58 1.0345016199651094
45 59 1.2242594062714527
45 60 0.5813846021294522
45 61 1.1440312801109453
45 62 1.265805092813327
45 63 1.0919619207766988
45 64 1.144325219750028
45 65 1.1255423699882172
45 66 1.349458366261244
45 67 1.2479829212088662
45 68 1.2170431788258176
45 69 1.3358189649733274
45 70 1.6052096626846992
45 71 1.5068570718499412
45 72 1.2089306380753686
45 73 1.2945608756001843
45 74 1.3172454833276444
45 75 1.3889864353280157
45 76 1.2728637288215994
45 77 1.1013930055471828
45 78 1.2780404780349113
45 79 1.1621967816334409
45 80 1.2440874595553932
45 81 1.3087115804720884
45 82 1.2868931623984405
45 83 1.3925382530594115
45 84 1.0884124853159374
45 85 1.1268333609179841
45 86 1.2194651607704998
45 87 1.16986230969001
45 88 1.2543154396352927
45 89 1.116768760509586
46 47 1.422294018583847
46 48 1.4578627187030633
46 49 1.462112609494838
46 50 1.3872006613819843
46 51 1.4499696375221975
46 52 1.4044858584270041
46 53 1.420873718325805
46 54 1.3808163319311781
46 55 1.2634707816595927
46 56 1.4297574733651275
46 57 1.3849382566952875
46 58 1.3304701611247227
46 59 1.4316305716867983
46 60 1.3555234311694715
46 61 1.4164588628220143
46 62 1.3042328359274236
46 63 1.3382777293871622
46 64 1.4690895472692744
46 65 1.4422435005669896
46 66 1.4051777136657537
46 67 1.3696407822833265
46 68 1.418000015234218
46 69 1.3633559091148777
46 70 1.403953209725709
46 71 1.4138739061284853
46 72 1.287856870294362
46 73 1.3030754017173671
46 74 1.4035371711664457
46 75 1.419234000173003
46 76 1.3996895267829375
46 77 1.3771107210609197
46 78 1.4238700000029876
46 79 1.3734225674322202
46 80 1.4530508400527482
46 81 1.3989158301676419
46 82 1.3348418405907698
46 83 1.4254748826871795
46 84 1.3371565143282855
46 85 1.2793902258819778
46 86 1.3760808086544742
46 87 1.259470718776021
46 88 1.2406789137274827
46 89 1.3206158732113278
47 48 1.3324396266111789
47 49 1.4414674602815014
47 50 1.2901952287603762
47 51 1.3009306586636677
47 52 1.3502157493677174
47 53 1.3816243523121827
47 54 1.188160367807147
47 55 1.4084292941587595
47 56 1.2920508439811755
47 57 1.2151519715862373
47 58 1.2418067634892171
47 59 1.3510468258582278
47 60 1.2471290421317907
47 61 1.281035322756267
47 62 1.52577633813736
47 63 1.2994112291576168
47 64 1.3843787669081666
47 65 1.302144518883315
47 66 1.4063229566682223
47 67 1.4374676433765927
47 68 1.0544034236583406
47 69 1.4608565759957308
47 70 1.513936806239985
47 71 1.4587396514568967
47 72 1.345372039393439
47 73 1.3099345837892542
47 74 1.335629748210946
47 75 1.518607782186592
47 76 1.2941982400221976
47 77 1.3354460922641052
47 78 1.3013758120987353
47 79 1.307412874916703
47 80 1.343524401333443
47 81 1.246724482441352
47 82 1.1379440897142412
47 83 1.4383273476260905
47 84 1.2757581011735393
47 85 1.2462651443279995
47 86 1.1578563589619066
47 87 1.3574993125337371
47 88 1.2293487957632654
47 89 1.3141617031471136
48 49 1.214223883782161
48 50 1.094973960938123
48 51 1.1303073487017994
48 52 1.4159537144945225
48 53 1.253017559992401
48 54 1.3215084014517966
48 55 1.188480124256449
48 56 1.305395821903617
48 57 1.1510235238773785
48 58 1.1695572980228623
48 59 1.3292054059878462
48 60 1.1550310700549171
48 61 1.2481739649671622
48 62 1.2924877128987171
48 63 1.2891972845347754
48 64 1.2239561391208709
48 65 1.341689596513494
48 66 1.2652421818408848
48 67 1.4403390394926963
48 68 1.3513376981464333
48 69 1.3838836170891884
48 70 1.417951929788767
48 71 1.3832425224789293
48 72 1.1485488648365894
48 73 1.4768809516998596
48 74 1.4221222240543117
48 75 1.450750998063232
48 76 1.2411981096853788
48 77 0.9041915861791565
48 78 1.2883004294455194
48 79 1.2421977059747213
48 80 1.1164972161433453
48 81 1.364042906371214
48 82 1.0924179496558393
48 83 1.391827274692581
48 84 1.186961916728271
48 85 1.2835126994308912
48 86 1.18406385114806
48 87 1.161336670746991
48 88 1.3653919686235299
48 89 1.1136525751137325
49 50 1.3261083513196044
49 51 1.2562855154509915
49 52 1.326501716629346
49 53 1.4184220699179588
49 54 1.3473384396595736
49 55 1.2195524566583453
49 56 1.327986571081031
49 57 1.2824654796625727
49 58 1.374921250206843
49 59 1.3470147807976411
49 60 1.2980598219183828
49 61 1.244958105844006
49 62 1.3147548310169528
49 63 1.3126152199258287
49 64 1.3494869586992453
49 65 1.3765532892372876
49 66 1.3095985471833569
49 67 1.2942925564316765
49 68 1.4384879597447344
49 69 1.3179684648087866
49 70 1.3362676576301444
49 71 1.2705958751155726
49 72 1.2990196983407192
49 73 1.3350333338021818
49 74 1.3893750736008386
49 75 1.3832221707056889
49 76 1.253615335648766
49 77 1.3046550697207542
49 78 1.361727053911979
49 79 1.3208840087754439
49 80 1.2171078140823859
49 81 1.3717188213342875
49 82 1.3438664418187756
49 83 1.3480142249785376
49 84 1.2226662248509454
49 85 1.3523166724372275
49 86 1.352006466155465
49 87 1.1822864906062005
49 88 1.4215680741562542
49 89 1.3307580562458607
50 51 1.2477919370264718
50 52 1.2914338859532366
50 53 1.2251200513150646
50 54 1.3255053996408546
50 55 1.275217058596483
50 56 1.3141723502643563
50 57 0.7545776894452522
50 58 0.8733373632243099
50 59 1.2148758131668036
50 60 0.5967978469744086
50 61 1.2083851375581596
50 62 1.1455425306019986
50 63 1.059071935034929
50 64 1.1771964201791425
50 65 1.1519963243494724
50 66 1.330312207519668
50 67 1.3033202209529464
50 68 1.2977169233917205
50 69 1.2447384657271174
50 70 1.6245375949753598
50 71 1.536731856888948
50 72 1.1659542182168499
50 73 1.3691782796771659
50 74 1.3095058450208303
50 75 1.470744676106597
50 76 1.2640151247811533
50 77 1.071274802029883
50 78 1.3051950788137907
50 79 1.1706957265970936
50 80 1.1967645013049104
50 81 1.406461550947374
50 82 1.2602963626816086
50 83 1.444980836037544
50 84 1.0867341301312445
50 85 1.100355479473469
50 86 1.256046569425117
50 87 1.190162473453739
50 88 1.2849169948188188
50 89 1.0902147842005208
51 52 1.485658094878486
51 53 1.2764738302130585
51 54 1.4397067817171063
51 55 1.3390736035176332
51 56 1.3282108322543065
51 57 1.2574161616440904
51 58 1.3271554848212146
51 59 1.4576562264094075
51 60 1.262784980577334
51 61 1.2724154834111356
51 62 1.238073686380674
51 63 1.2818503469726614
51 64 1.309214799780486
51 65 1.294969082815344
51 66 1.2137259245951642
51 67 1.3503880232048042
51 68 1.321287977758129
51 69 1.5253364256517674
51 70 1.4206225294336945
51 71 1.4179240776242426
51 72 1.3328456866792515
51 73 1.4035187028882319
51 74 1.54834197278875
51 75 1.3633561171738195
51 76 1.2253375109398152
51 77 1.1711378356668891
51 78 1.4261763871368467
51 79 1.1081865521295156
51 80 1.0682552374988168
51 81 1.3611120878171847
51 82 1.2771845959027195
51 83 1.3378184311009471
51 84 1.3491554882861874
51 85 1.3515240391826047
51 86 1.3146490681478502
51 87 1.2994367651059475
51 88 1.4243779131339953
51 89 1.3373383254939002
52 53 1.3163751392916068
52 54 1.2491174463169288
52 55 1.3231429122297393
52 56 1.4265092535468769
52 57 1.3762506940690085
52 58 1.3824159229705917
52 59 1.0542895607540599
52 60 1.3028597616081892
52 61 1.3662364298335115
52 62 1.4073785530637786
52 63 1.3834792427356497
52 64 1.1969569570748277
52 65 1.2972525982215874
52 66 1.632511228103215
52 67 1.3102670368255958
52 68 1.3128611757583042
52 69 1.2739045570698706
52 70 1.4538475002055136
52 71 1.3771904789141527
52 72 1.3281158289339585
52 73 1.3919311078112437
52 74 1.0741283605513163
52 75 1.365606909256112
52 76 1.3042016273609909
52 77 1.369475443792419
52 78 1.2739819736448361
52 79 1.3125716976939272
52 80 1.3746823977165787
52 81 1.2636443448663464
52 82 1.3400515104519304
52 83 1.3994053486235927
52 84 1.2603172273733896
52 85 1.3163375533870083
52 86 1.3828107892364763
52 87 1.2405070317067364
52 88 1.372500596222314
52 89 1.3647525782925853
53 54 1.4354150756374222
53 55 1.3322775808054153
53 56 1.2740662627835473
53 57 1.2646817269533994
53 58 1.2401855847361725
53 59 1.2232389197990474
53 60 1.2328694234404423
53 61 1.3117490833955021
53 62 1.3101470354262355
53 63 1.3197579902421388
53 64 1.2765597286663504
53 65 1.2946836698628417
53 66 1.3130942556732144
53 67 1.3528264032784458
53 68 1.3004372630531014
53 69 1.3298301454469554
53 70 1.5217690067340872
53 71 1.3934689377759621
53 72 1.257078996446573
53 73 1.3566856792823172
53 74 1.274311023509306
53 75 1.3851572470140865
53 76 1.298961576798241
53 77 1.2537051243136947
53 78 1.325902941679161
53 79 1.2238584183349601
53 80 1.2709627506652843
53 81 1.362762238844489
53 82 1.2911554406545682
53 83 1.3563912528432185
53 84 1.279888705194473
53 85 1.312912871039391
53 86 1.3222283351890878
53 87 1.375493330591808
53 88 1.391269230289972
53 89 1.3763626467162007
54 55 1.2968025877057872
54 56 1.303519136353675
54 57 1.2710388250058833
54 58 1.279763635298746
54 59 1.1920530799868032
54 60 1.2398450895659343
54 61 1.253417367811345
54 62 1.4055866132722548
54 63 1.2793877275453447
54 64 1.399249090152545
54 65 1.4244022609190052
54 66 1.3842318765540673
54 67 1.3724269591353957
54 68 1.3148615115819067
54 69 1.336259485560894
54 70 1.368876598615839
54 71 1.3730742103102753
54 72 1.245793922838608
54 73 1.3239177532005149
54 74 1.3112690337557984
54 75 1.3787090708843501
54 76 1.2746963075582987
54 77 1.3054621593294577
54 78 1.253822591840544
54 79 1.3002962775224942
54 80 1.3050151103901404
54 81 1.2711086085003274
54 82 1.2177928702572152
54 83 1.4041713259604856
54 84 1.211972020851548
54 85 1.3222611032530158
54 86 1.3212226968432508
54 87 1.3956933973173906
54 88 1.3036799285017227
54 89 1.3192281453432806
55 56 1.257732389678797
55 57 1.1584171439572717
55 58 1.2906126869911503
55 59 1.3337620683361542
55 60 1.2351935458073353
55 61 1.2179751734848514
55 62 1.2331929906563939
55 63 1.3101222407033402
55 64 1.379999429309476
55 65 1.3874559070379668
55 66 1.3900687024355831
55 67 1.2919345666379831
55 68 1.3060497072838195
55 69 1.2905670634704927
55 70 1.2549960399853832
55 71 1.1136272200540078
55 72 0.6144589822471204
55 73 1.3435975911978733
55 74 1.406020528541988
55 75 1.3428023412897991
55 76 1.3169667125421725
55 77 1.1475697348928158
55 78 1.279802713016227
55 79 1.2432236597595432
55 80 1.3056451143989813
55 81 1.3218774687455321
55 82 1.1796682740613398
55 83 1.1055731327247946
55 84 1.197078248260985
55 85 1.2888869008023065
55 86 1.243232466361005
55 87 1.1240712563684945
55 88 1.2918409163973612
55 89 0.989701926862782
56 57 1.24224843849271
56 58 1.3007942612669607
56 59 1.314445997211606
56 60 1.330398947338193
56 61 1.1022428471242172
56 62 1.2596837444486473
56 63 1.3042833500593662
56 64 1.3929162385349532
56 65 1.2897565543186897
56 66 1.350031578883272
56 67 1.3910331556723474
56 68 1.2905048523241411
56 69 1.2895739978592011
56 70 1.236787587611718
56 71 1.1700449672130906
56 72 1.2541384080995683
56 73 1.3031728236972584
56 74 1.3533803617425806
56 75 1.245550264997252
56 76 1.313306029562815
56 77 1.2356978252002335
56 78 1.319582768514793
56 79 1.313394798321722
56 80 1.386476602866691
56 81 1.259989349908974
56 82 1.2128166623483958
56 83 1.1770967174313856
56 84 1.224953382956388
56 85 1.450314448801629
56 86 1.2320853474210027
56 87 1.254807514108992
56 88 1.4071448854349302
56 89 1.3074653724604421
57 58 0.923613131089898
57 59 1.2085037303414674
57 60 0.7635514999712535
57 61 1.183661510005338
57 62 1.211927071255671
57 63 1.0453990635644106
57 64 1.2571888520503058
57 65 1.1719605547145844
57 66 1.3010800152107989
57 67 1.2807032694255878
57 68 1.2399435472110463
57 69 1.3245310744923173
57 70 1.57710283679654
57 71 1.4843196006011732
57 72 1.0617534149606427
57 73 1.3611683318623717
57 74 1.3138314467482988
57 75 1.457474999969092
57 76 1.3145562632619519
57 77 1.1163795346722492
57 78 1.2437688427167437
57 79 1.225205881484487
57 80 1.2050899055461262
57 81 1.3572293082657925
57 82 1.224951485348111
57 83 1.330495218454442
57 84 1.0740608226437962
57 85 1.0479904977099328
57 86 1.1921667244036818
57 87 1.2566369803698125
57 88 1.2413700504795724
57 89 1.0739733487864063
58 59 1.2582953596724142
58 60 0.9172502512231231
58 61 1.3190138962761067
58 62 1.2230723714203648
58 63 1.1561570151728322
58 64 1.2255910339575329
58 65 1.290641162888637
58 66 1.2909823373855855
58 67 1.3460913312718152
58 68 1.3024982663536104
58 69 1.3341027339766187
58 70 1.5318397605730927
58 71 1.477697750469012
58 72 1.1639045277936204
58 73 1.364213267438947
58 74 1.2731456078201493
58 75 1.4528700793383431
58 76 1.2070591421871923
58 77 1.140811938871809
58 78 1.3025637195544402
58 79 1.2707211831187204
58 80 1.2242726545843141
58 81 1.3893969660684151
58 82 1.2865705690962812
58 83 1.3439515151159231
58 84 1.0677561206737276
58 85 1.0337811135464234
58 86 1.1988204311803974
58 87 1.2269256586675223
58 88 1.2406015608910452
58 89 1.1540347755766507
59 60 1.2262112837753791
59 61 1.3738418946891622
59 62 1.3374867140631947
59 63 1.3637916661981904
59 64 1.159924187642291
59 65 1.2381008148841057
59 66 1.392573331372323
59 67 1.4122559450112993
59 68 1.3551922285152977
59 69 1.1997397106116696
59 70 1.468778542262626
59 71 1.3443400659355431
59 72 1.3130948644824298
59 73 1.4499990379535088
59 74 1.1607532746476406
59 75 1.3710323303448106
59 76 1.3978161665757707
59 77 1.3549767323780124
59 78 1.2781651438856394
59 79 1.3477597966880512
59 80 1.4579323317505775
59 81 1.2362725432018622
59 82 1.2966613415403792
59 83 1.374052986433658
59 84 1.1472660596999629
59 85 1.3804374271023
59 86 1.3180795965211831
59 87 1.3032080351010398
59 88 1.3279798011570454
59 89 1.2891697652156735
60 61 1.1583932071868939
60 62 1.1907245082223865
60 63 1.0364104721950025
60 64 1.1802769490271696
60 65 1.1492538980697702
60 66 1.3351682977737476
60 67 1.2463905714119536
60 68 1.2026500014557246
60 69 1.3084380252609311
60 70 1.620215932680405
60 71 1.5155680958714606
60 72 1.134446853329417
60 73 1.3363235014095176
60 74 1.3178237849472545
60 75 1.4727120094333521
60 76 1.234161455044171
60 77 1.0361129484624099
60 78 1.209667391988688
60 79 1.184050353708639
60 80 1.1942126458283757
60 81 1.3457235607650968
60 82 1.2367171536086115
60 83 1.3945011441684156
60 84 1.0720902077313383
60 85 1.1036537512990958
60 86 1.1924973635414249
60 87 1.130807498057729
60 88 1.1703959000556472
60 89 1.068585154983307
61 62 1.2518073189820589
61 63 1.242441094082071
61 64 1.2809860445079921
61 65 1.232213768884768
61 66 1.3347614248877815
61 67 1.2533402635474722
61 68 1.3202182059529048
61 69 1.2281357621965578
61 70 1.3322891634688536
61 71 1.2684937314946492
61 72 1.1370129846776047
61 73 1.1919089569645394
61 74 1.4167693788241063
61 75 1.1963730520292282
61 76 1.1518772582400307
61 77 1.1332385959948827
61 78 1.302639321556568
61 79 1.1660463492857533
61 80 1.145099655607699
61 81 1.2791684211730068
61 82 1.1709363271806
61 83 1.267974325081642
61 84 1.1989511104106532
61 85 1.2383103167991676
61 86 1.2300044230143856
61 87 1.16238908871894
61 88 1.276980478532125
61 89 1.187482212443474
62 63 1.2433928310329585
62 64 1.387474503037137
62 65 1.3523035500942389
62 66 1.2011618512385567
62 67 1.3037076346608611
62 68 1.45083409871281
62 69 1.2598068369745676
62 70 1.4561996474502878
62 71 1.4075213573101257
62 72 1.2167803581493395
62 73 1.3257076603890914
62 74 1.368675272690461
62 75 1.41742443233127
62 76 1.2150373420520169
62 77 1.2497264628239275
62 78 1.3011696119052396
62 79 1.1330209579015211
62 80 1.2218562130015846
62 81 1.4624309934949766
62 82 1.363755046381016
62 83 1.3078132032948382
62 84 1.2038790747179904
62 85 1.302869877972543
62 86 1.5064540317805986
62 87 1.176573425294876
62 88 1.267847958648987
62 89 1.2110356974164327
63 64 1.323754878475095
63 65 1.3033881283287714
63 66 1.2365341308810298
63 67 1.297028655085539
63 68 1.3183894103895863
63 69 1.3336484347404705
63 70 1.5233773455239559
63 71 1.4213943605680488
63 72 1.2312979272738462
63 73 1.2394426401466692
63 74 1.2527327907909684
63 75 1.479295970529971
63 76 1.2519075371389397
63 77 1.146447094092112
63 78 1.2802438053192386
63 79 1.239210072935568
63 80 1.2399735516575074
63 81 1.4259029468879354
63 82 1.2848382460113756
63 83 1.3984999648660663
63 84 1.1033917775243998
63 85 1.2571971982980996
63 86 1.2732491624606395
63 87 1.3504743406478594
63 88 1.2401645742909826
63 89 1.2879241703549393
64 65 1.2334212419837822
64 66 1.3818120138590186
64 67 1.4271416894960194
64 68 1.2204929086755674
64 69 1.2938497125410349
64 70 1.56971813112914
64 71 1.4587352144294692
64 72 1.3657230315885773
64 73 1.3429439278187154
64 74 1.2238661707191496
64 75 1.4674803865715331
64 76 1.3290952059822116
64 77 1.2658981921943013
64 78 1.3052942047978764
64 79 1.2616212149078168
64 80 1.2512256861577737
64 81 1.3126528223033789
64 82 1.268209073196432
64 83 1.4673651359341517
64 84 1.1553509867913319
64 85 1.3286578759180707
64 86 1.1724934763564918
64 87 1.2033041389710564
64 88 1.3168954291972221
64 89 1.2515888296364304
65 66 1.5165310777490069
65 67 1.3277014709516268
65 68 1.3527958454979423
65 69 1.2824453180261042
65 70 1.4462859361451519
65 71 1.4054282508749476
65 72 1.3474799900000347
65 73 1.330596942330118
65 74 1.3429638437452296
65 75 1.2413347526800762
65 76 1.370437515297136
65 77 1.2358564017071365
65 78 1.279829097001851
65 79 1.2901458810399795
65 80 1.4933525043220663
65 81 1.3370013445437294
65 82 1.3285374136341077
65 83 1.3349339961568063
65 84 1.3049827548542345
65 85 1.3393124335357225
65 86 1.3307833831474583
65 87 1.2095124136787612
65 88 1.3512889435514064
65 89 1.2182545245808614
66 67 1.2705963600850245
66 68 1.4106244154667795
66 69 1.333277915111257
66 70 1.506235738500646
66 71 1.4734973111333207
66 72 1.266677981049869
66 73 1.3635795555550998
66 74 1.40648772010097
66 75 1.469937275400017
66 76 1.2270469092083853
66 77 1.2549588559949238
66 78 1.4715251844814337
66 79 1.258420935516925
66 80 1.2178458833472665
66 81 1.4349582031900607
66 82 1.357336450042245
66 83 1.4818150164273132
66 84 1.1878261112284265
66 85 1.415296969715723
66 86 1.36071654843902
66 87 1.4065543013937094
66 88 1.3250756661603833
66 89 1.403843436944694
67 68 1.3271238872967308
67 69 1.30744135601594
67 70 1.4742950264010586
67 71 1.3423682101763263
67 72 1.265025865009859
67 73 1.2234097378770143
67 74 1.3725914576464462
67 75 1.395632720352129
67 76 1.2353058918085593
67 77 1.2580646154584387
67 78 1.3650242830977006
67 79 1.3685863785116787
67 80 1.3200419962400085
67 81 1.3887382179198575
67 82 1.3657540971852142
67 83 1.4263428031447218
67 84 1.2768283317343887
67 85 1.2485812698476797
67 86 1.3750724162818662
67 87 1.3069089999812917
67 88 1.379682844569719
67 89 1.3423414811324268
68 69 1.4237305790357002
68 70 1.3168571207461983
68 71 1.2744404955906223
68 72 1.2361335692864637
68 73 1.296447401582676
68 74 1.3497536305125235
68 75 1.4293880953375537
68 76 1.3878070798793813
68 77 1.3040831043371437
68 78 1.2926589955473746
68 79 1.3266311408593365
68 80 1.3221386739909564
68 81 1.278098501897349
68 82 1.1624640052247068
68 83 1.3506641608845946
68 84 1.1691606802521146
68 85 1.2303207124178202
68 86 1.1450651049901963
68 87 1.311054749345551
68 88 1.2272446512942632
68 89 1.1961194843428364
69 70 1.4294545534735041
69 71 1.379798704401893
69 72 1.2245143583017457
69 73 1.2673802166280241
69 74 1.2439677559694398
69 75 1.299662911987116
69 76 1.2047437603205222
69 77 1.3902378960914257
69 78 1.3964272594272176
69 79 1.340787764194651
69 80 1.404076524308353
69 81 1.2761045520652647
69 82 1.3310132651912854
69 83 1.402291156519046
69 84 1.2884464318952362
69 85 1.4211585350945768
69 86 1.3659943126596794
69 87 1.2537601048886584
69 88 1.3527112294120174
69 89 1.3342281957347562
70 71 0.8083770613327662
70 72 1.3146076536930733
70 73 1.3817840197204703
70 74 1.4949896553881212
70 75 1.1221490899927602
70 76 1.448424796525174
70 77 1.4066662129065166
70 78 1.446695208410244
70 79 1.45672011932932
70 80 1.4843073893217913
70 81 1.3547703554119883
70 82 1.3464565409921396
70 83 1.1355354411613827
70 84 1.413052037371916
70 85 1.4766285239429413
70 86 1.3626094618724056
70 87 1.3849367908310717
70 88 1.5345360246770583
70 89 1.3957117855793302
71 72 1.1873355882827292
71 73 1.2998775160781038
71 74 1.3989162298067508
71 75 1.1406591200942513
71 76 1.425176586042892
71 77 1.38108495614605
71 78 1.4034473356399857
71 79 1.4243378833599232
71 80 1.4551289828770515
71 81 1.2567022053608252
71 82 1.2671897817274103
71 83 1.16079894501769
71 84 1.3284568770509964
71 85 1.4873713480064252
71 86 1.2336590108556291
71 87 1.3382697936456112
71 88 1.469514582199794
71 89 1.327875962430644
72 73 1.3082730488124288
72 74 1.356954492689355
72 75 1.2837777896485059
72 76 1.2989100830258653
72 77 1.0463980413121847
72 78 1.3233745455630925
72 79 1.2743734037205767
72 80 1.2879198217473489
72 81 1.2661673415325225
72 82 1.1744557919524095
72 83 1.2068079282101665
72 84 1.1073176884869158
72 85 1.2188741516786723
72 86 1.229861428249499
72 87 1.1338084604312657
72 88 1.2073526336326976
72 89 1.0153118659807123
73 74 1.2421594751511742
73 75 1.386655440736338
73 76 1.3169482528511542
73 77 1.3474050212894761
73 78 1.3290675288826963
73 79 1.3642591935513788
73 80 1.4601758262314488
73 81 1.3328060988960388
73 82 1.4285398846022441
73 83 1.4645631551945952
73 84 1.180263651875691
73 85 1.2728759614476746
73 86 1.3380156025119136
73 87 1.3631576303643294
73 88 1.1762100111006926
73 89 1.4049374173757954
74 75 1.49241720006399
74 76 1.2390749889197226
74 77 1.4048792239011363
74 78 1.2689728517207586
74 79 1.4187586623600468
74 80 1.4394720629500262
74 81 1.3795531044561715
74 82 1.386797566094369
74 83 1.4878897790569123
74 84 1.2356633607444734
74 85 1.3223764319630087
74 86 1.3917319361541727
74 87 1.4014231189374828
74 88 1.2994307744542672
74 89 1.3641716108941113
75 76 1.485881654846769
75 77 1.3612809643312789
75 78 1.421444236031308
75 79 1.3780310671667042
75 80 1.443771431328549
75 81 1.1610517138241734
75 82 1.403265227102739
75 83 1.1564154008992822
75 84 1.3445299308498155
75 85 1.4420248335503594
75 86 1.2992084909127377
75 87 1.2688085776132558
75 88 1.490253561531762
75 89 1.4217980632639573
76 77 1.2289824974848957
76 78 1.2500792982777513
76 79 1.1232096350092813
76 80 1.0726529694494733
76 81 1.4138073230442043
76 82 1.242908149309371
76 83 1.503236169348175
76 84 1.2938809919450964
76 85 1.2637715739541437
76 86 1.3429516679596532
76 87 1.2519356987299424
76 88 1.3854113105283312
76 89 1.3151632989289892
77 78 1.128012194711943
77 79 1.2298452502030115
77 80 1.1938876347852112
77 81 1.3263527296348887
77 82 1.2349129596994877
77 83 1.3852024049190088
77 84 1.004528696347468
77 85 1.213046976215999
77 86 1.1474860711404415
77 87 1.0892450464822045
77 88 1.2054545583610732
77 89 1.0567731863800058
78 79 1.30206577712874
78 80 1.3464260250267222
78 81 1.3937546570447763
78 82 1.4006451432520932
78 83 1.3899587399291375
78 84 1.1909080762853244
78 85 1.3070202344690995
78 86 1.263240793496976
78 87 1.228912772005365
78 88 1.2265249359709947
78 89 1.2869807140529408
79 80 1.0266842514820347
79 81 1.3601632021868502
79 82 1.2939204708532321
79 83 1.2740171064164878
79 84 1.287046368945788
79 85 1.2839488176693679
79 86 1.3125616609539101
79 87 1.241098813679749
79 88 1.3786457129978749
79 89 1.2544387860853878
80 81 1.39782934932558
80 82 1.2081878056763915
80 83 1.3647677922866945
80 84 1.2951685066376322
80 85 1.1538033595441697
80 86 1.3297114251463884
80 87 1.2131259803914183
80 88 1.4103020335315373
80 89 1.278004407549411
81 82 1.2519595112003714
81 83 1.3559896029444085
81 84 1.3151679315270512
81 85 1.3426409021418826
81 86 1.084853414253051
81 87 1.2231974754720956
81 88 1.3711796720244929
81 89 1.3074107722403703
82 83 1.3267011448918509
82 84 1.2799000107089185
82 85 1.2471604092320414
82 86 1.1715301768221298
82 87 1.2106130817358243
82 88 1.3684056025652738
82 89 1.1924577738670172
83 84 1.346015775306841
83 85 1.418549035742695
83 86 1.2864390880930319
83 87 1.3010012151989152
83 88 1.4335067505391557
83 89 1.2986868885453124
84 85 1.2499370081894177
84 86 1.0768310894610764
84 87 1.1451819590103616
84 88 1.0904472504713019
84 89 1.1638986992231493
85 86 1.239257099165584
85 87 1.2638318976371419
85 88 1.322025640760137
85 89 1.2429194367151046
86 87 1.1574658393968311
86 88 1.3124791658898458
86 89 1.171724856307745
87 88 1.336203989259612
87 89 0.9799136111630414
88 89 1.3064628082096985
