90 0
0 1 1.2932036618901492
0 2 1.3061278114782922
0 3 1.3848405468471794
0 4 1.3073895124218673
0 5 1.4372799516665125
0 6 1.2946397575986963
0 7 1.4011317974208573
0 8 1.3798864052974407
0 9 1.3714271521393255
0 10 1.318562840103303
0 11 1.4198581129547727
0 12 1.3633835766317437
0 13 1.417843444344376
0 14 1.2426557120523345
0 15 1.358633634306885
0 16 1.4872082933467736
0 17 1.2585695545247144
0 18 1.4069592527191819
0 19 1.2976718201704653
0 20 1.3741590051229813
0 21 1.3725190784757162
0 22 1.342902459949366
0 23 1.4157607770283551
0 24 1.334382228691448
0 25 1.4071137328153305
0 26 1.3503649587026394
0 27 1.4041388016069298
0 28 1.3436657114971085
0 29 1.2926701081436822
0 30 1.2669212036915463
0 31 1.3210530360994255
0 32 1.4608246142451387
0 33 1.4583146144028496
0 34 1.3188469096931543
0 35 1.4105957506385554
0 36 1.4101606729357854
0 37 1.362811130067564
0 38 1.4460617643324158
0 39 1.3694191339922386
0 40 1.404117237997481
0 41 1.4272974050505163
0 42 1.2980034449426794
0 43 1.33286868310706
0 44 1.3416728542801464
0 45 1.3333941984738433
0 46 1.4351225195019022
0 47 1.0485077231740723
0 48 1.3024381474661804
0 49 1.239483106115833
0 50 1.4161015491258129
0 51 1.3783705902231826
0 52 1.314176004232665
0 53 1.295865952630849
0 54 1.3028308319363424
0 55 1.3963036860155857
0 56 1.31245986214432
0 57 1.3990344427254402
0 58 1.2331487078629084
0 59 1.37823814949823
0 60 1.345567399753639
0 61 1.3474556304938619
0 62 1.340183461574372
0 63 1.3546386555847052
0 64 1.4076186620439843
0 65 1.3390463405758997
0 66 1.348597850732539
0 67 1.241180336261256
0 68 1.3610859258046328
0 69 1.3860557865610295
0 70 1.4423042633488627
0 71 1.3611034871015324
0 72 1.430895344984956
0 73 1.2447359210735602
0 74 1.2817310677541383
0 75 1.2218596226003082
0 76 1.3110405787590458
0 77 1.4079581020379728
0 78 1.2838141886349141
0 79 1.2985365558009412
0 80 1.4153523251945885
0 81 1.4647905915443735
0 82 1.4164934490719436
0 83 1.344520320352754
0 84 1.3847489501557189
0 85 1.2789407756841285
0 86 1.2998287060594458
0 87 1.3335707887706956
0 88 1.2148653573067165
0 89 1.4837558087483291
1 2 1.212947288134371
1 3 1.2389211308981263
1 4 1.3202277808048322
1 5 1.2136514760061494
1 6 0.9980498711653855
1 7 1.2718628723627865
1 8 1.2089327990678131
1 9 1.3033854765696569
1 10 1.1257005672499867
1 11 1.218405011945542
1 12 1.1179209833236323
1 13 1.3349038900412014
1 14 1.0568649432472361
1 15 1.0815115423660817
1 16 1.3770754683930881
1 17 1.095743603393383
1 18 1.3560102709312467
1 19 0.9971569028531467
1 20 1.150436737976555
1 21 1.2708901267537043
1 22 1.0701951271786763
1 23 1.357387980827853
1 24 1.0883523589179638
1 25 1.122487302436086
1 26 1.3650200367181062
1 27 1.216269743899317
1 28 1.0919228686774798
1 29 1.2930264158857385
1 30 1.0273954654467634
1 31 1.2625507219546466
1 32 1.2709766974229424
1 33 1.242275886270401
1 34 1.1678039504462838
1 35 1.4622679250437973
1 36 1.235301253479435
1 37 1.3178506142356574
1 38 1.4099518385527026
1 39 1.073722508635525
1 40 1.1654104221551085
1 41 1.268646727020467
1 42 1.4107121750101943
1 43 1.2333638931210118
1 44 1.1660698997734658
1 45 1.0771600644223214
1 46 1.2766651261708881
1 47 1.3175880626992134
1 48 1.2273787075403284
1 49 1.2705938535778838
1 50 1.2406474409839139
1 51 1.1621503958898516
1 52 1.263209369827989
1 53 1.2463070358587518
1 54 1.224705154075235
1 55 1.1161208642900198
1 56 1.0531098056841124
1 57 1.3124052273911202
1 58 1.168274167449662
1 59 1.3003186956606243
1 60 1.2266085145365906
1 61 1.1215347108515648
1 62 1.186125593043027
1 63 1.069829458129824
1 64 1.2538547034859822
1 65 1.136894264471051
1 66 1.2477584472825953
1 67 1.1590517841000172
1 68 1.3439253900450339
1 69 1.1908281405973937
1 70 1.3069631026607873
1 71 1.2507266611075898
1 72 1.2234796126698435
1 73 1.1591860384090984
1 74 1.2298403929618507
1 75 1.4073374720043101
1 76 1.1133059355736672
1 77 1.3305134135668715
1 78 1.1665594724828623
1 79 1.285616798178077
1 80 1.2946586636375887
1 81 1.3593669495531961
1 82 1.2012102356119063
1 83 1.1219343580235348
1 84 1.305391664843745
1 85 1.1667291268350484
1 86 1.2335281580768178
1 87 1.1097823543870735
1 88 1.1936209406511336
1 89 1.2194107341426856
2 3 1.425585779454287
2 4 1.4577572784306374
2 5 1.4231537010628224
2 6 1.2139919565937103
2 7 1.313971017989092
2 8 1.4744952374856382
2 9 1.3551325259907738
2 10 1.2156270519897132
2 11 1.4429124262350643
2 12 1.3129179626318712
2 13 1.4095397541586412
2 14 1.2015240952853157
2 15 1.3207230807929435
2 16 1.3233259139588935
2 17 1.2413408991347332
2 18 1.3782347924889233
2 19 1.172773345229346
2 20 1.1248603869345817
2 21 1.3083565948241804
2 22 1.341581688833162
2 23 1.376903988476259
2 24 1.2506055612656632
2 25 1.2454478797159756
2 26 1.4126073213428647
2 27 1.4869088004163664
2 28 1.315722005185632
2 29 1.3227416808421804
2 30 1.195883029188532
2 31 1.3494927566321866
2 32 1.4681552126063362
2 33 1.254177116568206
2 34 1.1638418439357812
2 35 1.3488072851633233
2 36 1.4372393541207236
2 37 1.5185616238360562
2 38 1.4348676775592721
2 39 1.3143078908632346
2 40 1.50250384699686
2 41 1.3750896986380416
2 42 1.3892922848543885
2 43 1.4232577392449373
2 44 1.2265044110306667
2 45 1.2847472141953704
2 46 1.4163788600205491
2 47 1.2443355508451137
2 48 1.1784131671357199
2 49 1.1479780651899956
2 50 1.4761946994293966
2 51 1.2938978192827568
2 52 1.267671929789743
2 53 1.131812445378251
2 54 1.1328005618291135
2 55 1.3486025047792045
2 56 1.2587011029777275
2 57 0.9922052568728605
2 58 1.2594433685751156
2 59 1.3307413417965632
2 60 0.9993391915501331
2 61 1.2555639889195405
2 62 1.3002068837906438
2 63 1.3036188238116357
2 64 1.358994803332222
2 65 1.3014354419387681
2 66 1.3755604440013727
2 67 1.0181179299240846
2 68 1.4593288356452951
2 69 1.3026462327436084
2 70 1.3906424280156098
2 71 1.4408541844548985
2 72 1.433578969319712
2 73 1.027621517980612
2 74 1.4614540562852758
2 75 1.2992335419444896
2 76 1.0929115327141465
2 77 1.3970329135276423
2 78 0.6300162661682611
2 79 1.3274617891605702
2 80 1.459344816290484
2 81 1.3918389962341722
2 82 1.19319089272875
2 83 1.3262532974052639
2 84 1.495695797894243
2 85 1.3414305460830918
2 86 0.9311104219242542
2 87 1.272431043853504
2 88 1.0686169320823602
2 89 1.1155765751923943
3 4 1.2913066496218855
3 5 1.153970478265204
3 6 1.0936686910742697
3 7 1.3500317315777732
3 8 1.2363544366852195
3 9 1.3125236333570938
3 10 1.2730292448759695
3 11 1.256530999969307
3 12 1.2200319222609195
3 13 1.360978972837377
3 14 1.1401920123295943
3 15 1.0727056447123389
3 16 1.3952696241486495
3 17 1.3166856760338244
3 18 1.4607786730674068
3 19 1.202156768110662
3 20 1.3516747782129872
3 21 1.347082443764134
3 22 1.077689518663051
3 23 1.351957181145035
3 24 1.1710265201204408
3 25 1.0733950654089126
3 26 1.2562326889022888
3 27 1.193790840123244
3 28 1.098641235791994
3 29 1.3063354507455525
3 30 1.2026166434427314
3 31 1.4114830620827477
3 32 1.2442257866823954
3 33 1.3087644290841982
3 34 1.3044137138379786
3 35 1.4889622694319307
3 36 1.2863585495294796
3 37 1.3739718344959937
3 38 1.4483060350726416
3 39 1.1794089633222498
3 40 1.2044804448372408
3 41 1.2301794351936217
3 42 1.3257447150664692
3 43 1.331557632506692
3 44 1.2582996482000448
3 45 1.1219047319203046
3 46 1.471100928193885
3 47 1.3238390383984648
3 48 1.235382302235561
3 49 1.2606661171241942
3 50 1.1513466480980785
3 51 1.0762932977804853
3 52 1.3791096068490483
3 53 1.3095657485679986
3 54 1.335816570982221
3 55 1.223701394786635
3 56 1.093051599422731
3 57 1.3198221141365234
3 58 1.3349981488325213
3 59 1.3342290806784878
3 60 1.269929326562006
3 61 1.003616026293975
3 62 1.3026191431979748
3 63 1.0720853584866679
3 64 1.3307300133499869
3 65 1.0969499848982494
3 66 1.268461601268131
3 67 1.3194723818206688
3 68 1.4654227818030685
3 69 1.2500641352009927
3 70 1.2777030994084557
3 71 1.2563289953362882
3 72 1.2359047188777534
3 73 1.2022915311442324
3 74 1.3801326734866077
3 75 1.2965656932980831
3 76 1.2085279142542118
3 77 1.2245422187805
3 78 1.2995367556202815
3 79 1.4495896864619795
3 80 1.5209828933677678
3 81 1.4962976155039882
3 82 1.2736338083943852
3 83 1.155490916701341
3 84 1.408929709526749
3 85 1.2137443482524188
3 86 1.3400693375811514
3 87 1.2614846782067153
3 88 1.2444208694412762
3 89 1.299082323347595
4 5 1.2183239576998788
4 6 1.2831002346721696
4 7 1.4298991810669754
4 8 1.0707496851504263
4 9 1.4372230937877846
4 10 1.3867124159487698
4 11 1.340738762696555
4 12 1.3624081474084264
4 13 1.3922767698470286
4 14 1.3111937612253228
4 15 1.426563545467601
4 16 1.3999839453596843
4 17 1.4155661892381532
4 18 1.4620581702025028
4 19 1.2374672499066042
4 20 1.488287252900676
4 21 1.3586802354644663
4 22 1.392866928426977
4 23 1.3844899133084827
4 24 1.3971469238634193
4 25 1.4701230116362303
4 26 1.3145244532920215
4 27 1.3423309843865174
4 28 1.379770698141008
4 29 1.3902398805467673
4 30 1.2818278115974242
4 31 1.472339077400444
4 32 1.3105326908175952
4 33 1.3762925031363786
4 34 1.4429649227529833
4 35 1.4552175617994647
4 36 1.2168458184317592
4 37 1.2606729171601538
4 38 1.444759390182496
4 39 1.411579635855928
4 40 1.3430387211692227
4 41 1.3368341045994057
4 42 1.4778040369506658
4 43 1.2805134255149981
4 44 1.3814969928611207
4 45 1.4472312863685328
4 46 1.4095468630453414
4 47 1.2978476420683152
4 48 1.4035268778270296
4 49 1.3577935442578133
4 50 1.2507474690242966
4 51 1.4400099881248152
4 52 1.48968372509555
4 53 1.3316265965398053
4 54 1.3876142259641528
4 55 1.3598789337064978
4 56 1.3819853131934958
4 57 1.4382882168990172
4 58 1.3630969842709044
4 59 1.37201942589298
4 60 1.407925220128553
4 61 1.4496420450063578
4 62 1.4044542769134738
4 63 1.3218725261353625
4 64 1.2241893373204458
4 65 1.3981936267242525
4 66 1.208792015333568
4 67 1.4371554696652071
4 68 1.32338271900154
4 69 1.426967974722532
4 70 1.310584534162442
4 71 1.258205472533878
4 72 1.407592700018638
4 73 1.4128474026012825
4 74 1.3027251702169993
4 75 1.42600090001047
4 76 1.4053262519987255
4 77 1.2965847059297777
4 78 1.4626788881319892
4 79 1.4325932448868133
4 80 1.435881050243139
4 81 1.4626670930442174
4 82 1.388507693164143
4 83 1.4054741732200744
4 84 1.2971573630364703
4 85 1.2436851705601326
4 86 1.4832550025624172
4 87 1.3755760204353615
4 88 1.358026056823363
4 89 1.4921459290048567
5 6 1.2875086634656285
5 7 1.3555827746144549
5 8 1.021207622002856
5 9 1.3930995089958111
5 10 1.3705446923365572
5 11 1.3255928092575324
5 12 1.2818744074329091
5 13 1.3981171420604073
5 14 1.3084478074711283
5 15 1.2852506620735962
5 16 1.4131990581327012
5 17 1.435050822741624
5 18 1.4185907234808988
5 19 1.3222859861791918
5 20 1.4096820289766487
5 21 1.3158865726594433
5 22 1.3140567461787844
5 23 1.3854824142895292
5 24 1.2689397975036878
5 25 1.3398450130128698
5 26 1.3810297967173166
5 27 1.1929069103027994
5 28 1.3226741959026458
5 29 1.3833631321782203
5 30 1.3264429213779425
5 31 1.4453112946287425
5 32 1.3273892948432582
5 33 1.4375962915627547
5 34 1.3865227212752986
5 35 1.4711211688769437
5 36 1.2581474269730317
5 37 1.2713790662949274
5 38 1.4652188126331438
5 39 1.3483039954143134
5 40 1.2482719887009541
5 41 1.324107980307622
5 42 1.4271963242377323
5 43 1.346287852964033
5 44 1.4642290381639533
5 45 1.3729403474529893
5 46 1.3546370686678855
5 47 1.2935408613214923
5 48 1.4587268201996733
5 49 1.244289225001816
5 50 1.2116181291442696
5 51 1.3058774153140504
5 52 1.5253244607677632
5 53 1.4510823344400976
5 54 1.38034805891453
5 55 1.2322306657749809
5 56 1.3631185419708454
5 57 1.4767811116577738
5 58 1.3174013698923623
5 59 1.3926039483785837
5 60 1.4334207982787937
5 61 1.2899196187975825
5 62 1.5249720666137772
5 63 1.303106220778351
5 64 1.3196196092467105
5 65 1.239842814067609
5 66 1.3292513898895637
5 67 1.3507654788278458
5 68 1.4126284946690926
5 69 1.3183265116739353
5 70 1.304312083530191
5 71 1.3207048521100242
5 72 1.3307142725296799
5 73 1.306188155375772
5 74 1.2615849221143476
5 75 1.3421271287713281
5 76 1.4615388487434262
5 77 1.3604793646155406
5 78 1.4714828158221938
5 79 1.5060962559764566
5 80 1.4054938500652157
5 81 1.3899347472825334
5 82 1.3158268338903163
5 83 1.3385610325447073
5 84 1.2713304982300966
5 85 1.1633227394443342
5 86 1.3591049166783227
5 87 1.407445472493705
5 88 1.3714697626578276
5 89 1.3447356527239855
6 7 1.1976034741899355
6 8 1.2300778042040024
6 9 1.2626587638789692
6 10 1.0687308128152622
6 11 1.2715097139789373
6 12 1.1102922500151153
6 13 1.3984015557197333
6 14 0.9124273050307011
6 15 1.0152596976623365
6 16 1.3908727583556821
6 17 1.1479404390839059
6 18 1.4101252106702187
6 19 1.1079777600202203
6 20 1.194904886244555
6 21 1.301787230370551
6 22 0.9891222305952105
6 23 1.3935921888879674
6 24 0.8769238917619016
6 25 0.9257876798402846
6 26 1.2983840229649788
6 27 1.1368156731773509
6 28 0.9752871611921575
6 29 1.294148698181008
6 30 1.1579078739980506
6 31 1.3287314748004475
6 32 1.2552136438739245
6 33 1.1944592577643276
6 34 1.2034217823481412
6 35 1.5359262886501455
6 36 1.3252614348425893
6 37 1.3756653869854332
6 38 1.396623434443702
6 39 0.8388409964365967
6 40 1.1604812534200202
6 41 1.305419673282067
6 42 1.4042451485103353
6 43 1.260241771452833
6 44 1.1094163486807467
6 45 0.8308751895513163
6 46 1.3115331387796123
6 47 1.1826970032634556
6 48 1.170070557819151
6 49 1.25147199679304
6 50 1.276025496655376
6 51 0.9861688384046358
6 52 1.2104998099294222
6 53 1.1361534308984444
6 54 1.2577656034234415
6 55 1.1107973192983271
6 56 0.8487292150906135
6 57 1.2564400606829942
6 58 1.207801208274453
6 59 1.3123302548306577
6 60 1.2428515309574044
6 61 0.9312598899447022
6 62 1.1574834852834734
6 63 0.8998144825026472
6 64 1.29524017782847
6 65 1.0306779529926928
6 66 1.1874037862614197
6 67 1.186924348707816
6 68 1.3327822453747398
6 69 1.1533649132046517
6 70 1.2239712899928576
6 71 1.124697557743908
6 72 1.0965007077848246
6 73 0.986793107419646
6 74 1.2014009395418925
6 75 1.3564398867307996
6 76 1.0584046913480016
6 77 1.2615045716730344
6 78 1.165762797659266
6 79 1.3239267356455517
6 80 1.4350187032962796
6 81 1.3892615845472691
6 82 1.1128081507044867
6 83 1.0689253638207086
6 84 1.4302533368827195
6 85 1.109601994605572
6 86 1.156154589727773
6 87 1.118490501076517
6 88 1.2618403696677947
6 89 1.2400662313390804
7 8 1.3552948275886565
7 9 1.2516970058322283
7 10 1.3250554457153298
7 11 1.424622650828907
7 12 1.336819763495722
7 13 1.3136925477486179
7 14 1.3326809323321243
7 15 1.3157068939654002
7 16 1.3726350893180228
7 17 1.3152606405853813
7 18 1.2888989523392187
7 19 1.230265883427144
7 20 1.3378641877310022
7 21 1.396376395297193
7 22 1.3384210004737793
7 23 1.349533378447384
7 24 1.318988782673579
7 25 1.234160037380814
7 26 1.388149656437749
7 27 1.3317488060482465
7 28 1.3421158442305405
7 29 1.3328276581938259
7 30 1.4031767355432474
7 31 1.2946616110633686
7 32 1.387987866029099
7 33 1.3297376644912133
7 34 1.2886901271656601
7 35 1.2847150614115521
7 36 1.4430605291686818
7 37 1.3891247009302836
7 38 1.273477998288436
7 39 1.219374954202869
7 40 1.2618218687950782
7 41 1.3541599030341616
7 42 1.3424210623112047
7 43 1.3367216567735918
7 44 1.2920446146723694
7 45 1.2679953605263532
7 46 1.2951536766752476
7 47 1.379203919930147
7 48 1.364390572597222
7 49 1.2658253109657025
7 50 1.425260109173185
7 51 1.292908507657686
7 52 1.2409990785246994
7 53 1.3177952084989728
7 54 1.4271199514929576
7 55 1.2939395819496509
7 56 1.2871810825660734
7 57 1.363182035982373
7 58 1.3636795095798901
7 59 1.442787864576816
7 60 1.4121803938851685
7 61 1.3139487596846342
7 62 1.2117982962660245
7 63 1.2921214180253107
7 64 1.314257007295078
7 65 1.3865275424050016
7 66 1.340116280207547
7 67 1.3095055595426457
7 68 1.3431399177585857
7 69 1.3296426341050545
7 70 1.4073395284037324
7 71 1.2485866733261417
7 72 1.338504413274767
7 73 1.288231329918858
7 74 1.372809842640257
7 75 1.4551479841295116
7 76 1.3470330148652958
7 77 1.0893704654951069
7 78 1.2985563057369436
7 79 1.2768032980718578
7 80 1.2949459800139806
7 81 1.3330463529954264
7 82 1.183440597120366
7 83 1.2311784309175327
7 84 1.3981198747380876
7 85 1.2214147519892011
7 86 1.362729263688641
7 87 1.1543046044038032
7 88 1.2822696312168729
7 89 1.2441618046121814
8 9 1.3183457413460138
8 10 1.3828882900956758
8 11 1.2538765962425882
8 12 1.3334894338760812
8 13 1.4338267186497307
8 14 1.2791340413257843
8 15 1.328779860290833
8 16 1.3199159281833233
8 17 1.4606163436188904
8 18 1.328806768843843
8 19 1.2395226661078054
8 20 1.4156058531660403
8 21 1.1283291441147492
8 22 1.3146140540660478
8 23 1.306369041666
8 24 1.3707940697114631
8 25 1.3691782796771659
8 26 1.381365430645993
8 27 1.3037354028696726
8 28 1.3166180497427364
8 29 1.3476034924778628
8 30 1.3094648681842485
8 31 1.3570547455063717
8 32 1.2381548636225934
8 33 1.3725290020218348
8 34 1.358795877344375
8 35 1.413523194425159
8 36 1.1606353133837166
8 37 1.2174636006086972
8 38 1.3191558431868244
8 39 1.244670467995998
8 40 1.2716866023582971
8 41 1.2992495621286335
8 42 1.5065342946912672
8 43 1.2485507208763258
8 44 1.3082730488124288
8 45 1.3377758353548104
8 46 1.3411859365712764
8 47 1.256470884484596
8 48 1.5763336925046858
8 49 1.310421796671524
8 50 1.189521008740051
8 51 1.296087408201608
8 52 1.4141071951328876
8 53 1.4285398846022441
8 54 1.3821750858156625
8 55 1.263728621608665
8 56 1.3363235014095176
8 57 1.4139743006538994
8 58 1.2851842569425516
8 59 1.3941358100995453
8 60 1.4060146421362842
8 61 1.3395313850370523
8 62 1.341009959132215
8 63 1.2945608756001843
8 64 1.2801707371950095
8 65 1.3309264549641635
8 66 1.2417814339968436
8 67 1.3593072132179103
8 68 1.318949500563771
8 69 1.3055103156832488
8 70 1.2434288185044322
8 71 1.3460631840489927
8 72 1.4006636227839977
8 73 1.3603544542851778
8 74 1.2056305809261574
8 75 1.3936737902718381
8 76 1.4230069883663947
8 77 1.2673802166280241
8 78 1.459377740791289
8 79 1.4844942795518712
8 80 1.3535874108370538
8 81 1.370125702647294
8 82 1.3247774116050164
8 83 1.2928680428500285
8 84 1.2437887831559638
8 85 1.2977045374948768
8 86 1.4166585389743007
8 87 1.410256077952157
8 88 1.3583072151902849
8 89 1.3514715574462275
9 10 1.2183999195504893
9 11 1.3946773585410857
9 12 1.4245348454983313
9 13 1.2403282053931972
9 14 1.3254298985527453
9 15 1.2912274469341518
9 16 1.3428608503861503
9 17 1.2506686904226978
9 18 1.2192266559006508
9 19 1.2230239251959165
9 20 1.2923522134542127
9 21 1.3657552144036533
9 22 1.3412118221402616
9 23 1.112913382064883
9 24 1.2311453186284858
9 25 1.3321592794768315
9 26 1.1341435483663533
9 27 1.2531185474341642
9 28 1.2940478383770002
9 29 1.2307983590059433
9 30 1.312459104360942
9 31 1.0361961388829222
9 32 1.2369424468106769
9 33 1.4307094108937877
9 34 1.2743604743874613
9 35 1.2361814094257277
9 36 1.2471224410153272
9 37 1.2702676938733601
9 38 1.1899826103866906
9 39 1.2447973312772331
9 40 1.273905204947622
9 41 1.3141516722247713
9 42 1.317112408202715
9 43 1.2579918950943203
9 44 1.2903129255856294
9 45 1.2897293047678433
9 46 1.2257932295663518
9 47 1.242759508134181
9 48 1.3110935592357431
9 49 1.3081264713484724
9 50 1.391821450238235
9 51 1.3287443185741556
9 52 1.3349696438858767
9 53 1.1757755166384152
9 54 1.3351605022323105
9 55 1.2665345074647327
9 56 1.2934272230551793
9 57 1.4034458858061363
9 58 1.2393304388871436
9 59 1.4524701217585847
9 60 1.4049875817803261
9 61 1.326545242093457
9 62 1.3557430987602372
9 63 1.289702754131888
9 64 1.2484635094433791
9 65 1.363831132144881
9 66 1.4919422567435334
9 67 1.3067824090870301
9 68 1.2951678570464886
9 69 1.297388374342631
9 70 1.3589450830958731
9 71 1.3315939144659266
9 72 1.1772217557676161
9 73 1.2687889915207142
9 74 1.2743712228835493
9 75 1.36205444827448
9 76 1.3983705026126596
9 77 1.2690798858030077
9 78 1.3565244789507758
9 79 1.2593610530654678
9 80 1.369649378004591
9 81 1.2272881405294387
9 82 1.2379052157502117
9 83 1.2550629230305574
9 84 1.2640260592768793
9 85 1.4520195930069215
9 86 1.2962667070857614
9 87 1.3993253277596345
9 88 1.3386009585959033
9 89 1.2107406872002282
10 11 1.3093406758299757
10 12 1.1555870099183905
10 13 1.3642249561732593
10 14 1.0429233106730418
10 15 1.1659427121866877
10 16 1.366263436140834
10 17 1.2407678524399168
10 18 1.346704569869341
10 19 1.0627589784174427
10 20 1.0249339105860533
10 21 1.3816819131476286
10 22 1.0896112498544237
10 23 1.303757341289467
10 24 1.1407795602909836
10 25 1.1240285356082276
10 26 1.2443628424798616
10 27 1.300688573065682
10 28 1.1751605888832346
10 29 1.3196504588407827
10 30 1.1329849848937523
10 31 1.2787864844779353
10 32 1.298662880627837
10 33 1.2867400029791705
10 34 1.1345269602202614
10 35 1.3618618129795586
10 36 1.3149147607612162
10 37 1.3984815233710044
10 38 1.357999817381437
10 39 1.1499749470679004
10 40 1.2578075710054986
10 41 1.1629556707162874
10 42 1.2901847342288428
10 43 1.3860710377377454
10 44 1.0541873575819931
10 45 1.0816774549635189
10 46 1.3416147661294164
10 47 1.1845303954658377
10 48 1.1911524478153672
10 49 1.2606149293698399
10 50 1.3656384196829314
10 51 1.174608374921095
10 52 1.3051097904758915
10 53 1.208523145471595
10 54 1.1982163319115513
10 55 1.1415432678810709
10 56 1.0656886495241231
10 57 1.261412522514888
10 58 1.2642634829236108
10 59 1.2944680919231548
10 60 1.2839903244655848
10 61 1.1578017531722744
10 62 1.3389325203239064
10 63 1.092354940532515
10 64 1.2475525310681908
10 65 1.123394588057581
10 66 1.340906799913968
10 67 1.1853758493028077
10 68 1.3342502329067283
10 69 1.223943003558841
10 70 1.348382801271916
10 71 1.3745313053441206
10 72 1.2366751842952823
10 73 1.096277647184587
10 74 1.3242976181611699
10 75 1.3854853665531635
10 76 1.1217023346108048
10 77 1.3367511511100325
10 78 1.1764756189945313
10 79 1.2322190010205045
10 80 1.4093502183393136
10 81 1.3038515853186572
10 82 1.0751814429906505
10 83 1.2245119231501624
10 84 1.402270067481499
10 85 1.3012438851086303
10 86 1.0716890327868918
10 87 1.3039421486285827
10 88 1.1839116483355294
10 89 1.1590137552856032
11 12 1.3072138498409225
11 13 1.3869242511448718
11 14 1.446748200351482
11 15 1.4138432409011163
11 16 1.3782041350386784
11 17 1.4143851667926413
11 18 1.4301593986497008
11 19 1.2929238195948092
11 20 1.2983810813064443
11 21 1.3287343242056666
11 22 1.25149602042389
11 23 1.388967236430836
11 24 1.3807352549873433
11 25 1.3462945604103913
11 26 1.4160125213875252
11 27 1.3932835247314033
11 28 1.3376227896866937
11 29 1.373267784500763
11 30 1.2766965103971386
11 31 1.3843067178458515
11 32 1.298996204624756
11 33 1.50044871021301
11 34 1.3821560812537133
11 35 1.4458867354946532
11 36 1.3397034512809516
11 37 1.4033352791119962
11 38 1.432545847285522
11 39 1.3633128350754617
11 40 1.3150631083811957
11 41 1.3065203153917033
11 42 1.4066492127529542
11 43 1.325235510483993
11 44 1.3282635133212823
11 45 1.3451257892213275
11 46 1.5256024129278318
11 47 1.4053626486040849
11 48 1.324311303053575
11 49 1.3591177870939322
11 50 1.309447335449874
11 51 1.3159772638902776
11 52 1.3324235731438592
11 53 1.4037900411026933
11 54 1.409560535701488
11 55 1.2516828524185775
11 56 1.323096797963453
11 57 1.4019535171458242
11 58 1.2621823602648228
11 59 1.3201203753229636
11 60 1.4070570043741264
11 61 1.361053646861267
11 62 1.5679078541633786
11 63 1.2711588460714378
11 64 1.3235111871664178
11 65 1.3072550663042641
11 66 1.3512658213559883
11 67 1.3059208295910278
11 68 1.3813429399923813
11 69 1.377278243815299
11 70 1.3657100006356533
11 71 1.459026466330361
11 72 1.4349368184037066
11 73 1.494385447137592
11 74 1.3745807805227024
11 75 1.3769039854801601
11 76 1.3140034312199018
11 77 1.448084505442727
11 78 1.3861548651382187
11 79 1.4086837487367663
11 80 1.381076544162892
11 81 1.39353625293412
11 82 1.3325143456162523
11 83 1.3405279961885865
11 84 1.3769661655043823
11 85 1.4072554118723952
11 86 1.4074241415143072
11 87 1.275109632063241
11 88 1.3498134962187494
11 89 1.3464472755601433
12 13 1.3623711475156262
12 14 1.003147713977667
12 15 1.2083244741499373
12 16 1.4423934563825873
12 17 1.265618676680968
12 18 1.4276142482138905
12 19 1.2919609015931581
12 20 1.2128029564445808
12 21 1.3737548437067015
12 22 1.1445876172493188
12 23 1.4511530218101534
12 24 1.1249996285427766
12 25 1.167437872697746
12 26 1.3058757398952126
12 27 1.3185220625933485
12 28 1.2648711245219089
12 29 1.3261719167401265
12 30 1.1558109394539784
12 31 1.468118543150126
12 32 1.3288325767405857
12 33 1.333023936319089
12 34 1.3081218949287883
12 35 1.4510759962725213
12 36 1.3667791765864397
12 37 1.4362123140545695
12 38 1.4268116241937838
12 39 1.1156911222256298
12 40 1.2642561779999884
12 41 1.2056424558814531
12 42 1.3409394380607593
12 43 1.3002687813921299
12 44 1.1626287178632155
12 45 1.0666324335671933
12 46 1.3256937776171964
12 47 1.2994709853272564
12 48 1.2454105750674869
12 49 1.2948335630489025
12 50 1.2738493219197944
12 51 1.1928274635999232
12 52 1.3591942505364243
12 53 1.3499438745094061
12 54 1.3047854481297272
12 55 1.2041222737910786
12 56 1.1110937266287075
12 57 1.3534947654398772
12 58 1.2178642352928948
12 59 1.3161163662376183
12 60 1.3449505602881158
12 61 1.1456080151913763
12 62 1.2059945421044653
12 63 1.102109956884004
12 64 1.3387623324962685
12 65 1.2027052416457042
12 66 1.2897570197682608
12 67 1.2986401440292497
12 68 1.4281855813694302
12 69 1.2610311903498996
12 70 1.2382601775793158
12 71 1.2912063105966989
12 72 1.2764989448917323
12 73 1.2237680605121055
12 74 1.4056764177898238
12 75 1.3594665061021058
12 76 1.1557516735654982
12 77 1.3954836634627055
12 78 1.2522932673790803
12 79 1.4729368322917462
12 80 1.3800569870641597
12 81 1.4077526240797957
12 82 1.2648500055987861
12 83 1.2464409779602847
12 84 1.4428346457925858
12 85 1.212583457443776
12 86 1.2799505956263746
12 87 1.311279816421167
12 88 1.3259048089986323
12 89 1.330753130806726
13 14 1.377975867537948
13 15 1.4170583591275587
13 16 1.3080983055090425
13 17 1.468126649884561
13 18 1.3118791794570421
13 19 1.3491173979456415
13 20 1.3809449960697455
13 21 1.598376255245198
13 22 1.4667228098561667
13 23 1.374767193822502
13 24 1.29071518030918
13 25 1.4923137011091276
13 26 1.1337285245044644
13 27 1.2753153696107966
13 28 1.5021951297929403
13 29 1.379914671040342
13 30 1.275462723157936
13 31 1.193167947366236
13 32 1.435936276061784
13 33 1.4136200209115983
13 34 1.4124581155182268
13 35 1.3160227923541052
13 36 1.4927728960155096
13 37 1.37740812722489
13 38 1.3116775175712532
13 39 1.354037941858173
13 40 1.2304469826232847
13 41 1.4060533485561786
13 42 1.4432244526844706
13 43 1.4146689299987065
13 44 1.3541943550043354
13 45 1.465123760470681
13 46 1.3045389041994244
13 47 1.3233356551712536
13 48 1.321637773634007
13 49 1.3502456562760499
13 50 1.3646499722966463
13 51 1.4966187078101216
13 52 1.4523158637296083
13 53 1.3399577650480368
13 54 1.3674790576052334
13 55 1.3655264823120452
13 56 1.4722415071594321
13 57 1.4323980269652326
13 58 1.3161007017381554
13 59 1.3877408334925057
13 60 1.4951033327786474
13 61 1.4923199619132135
13 62 1.4210623425842974
13 63 1.4492917560514063
13 64 1.3590427869081811
13 65 1.4631151509960405
13 66 1.3190311805755504
13 67 1.316324467855971
13 68 1.3730781218446597
13 69 1.3098392759457258
13 70 1.39084308748424
13 71 1.265119158773452
13 72 1.2909973084442232
13 73 1.3321822260016496
13 74 1.372412552030282
13 75 1.3889127310773501
13 76 1.4962961064726357
13 77 1.3773479494432843
13 78 1.442602109783623
13 79 1.3747256043401617
13 80 1.3200015388574384
13 81 1.3171917493798848
13 82 1.3088391221623852
13 83 1.361147673915203
13 84 1.3316477196868481
13 85 1.4075992726049693
13 86 1.4028068444571
13 87 1.4053398741839644
13 88 1.4063979618863895
13 89 1.243723228211052
14 15 0.9452382079858604
14 16 1.4079542958355347
14 17 1.1281710407862793
14 18 1.416221995978963
14 19 1.154567789004045
14 20 1.2222747102240423
14 21 1.341400107438102
14 22 1.0599954964728382
14 23 1.406268074912781
14 24 0.8172021939633688
14 25 1.0259058475001657
14 26 1.3230230585963965
14 27 1.2410734628355753
14 28 1.0520904485927651
14 29 1.2623969058199604
14 30 1.147714796220111
14 31 1.3695682714551725
14 32 1.3754937813257995
14 33 1.2347990749766715
14 34 1.266687413481533
14 35 1.4915725984751693
14 36 1.324845511989873
14 37 1.4813566039532586
14 38 1.4207062503502355
14 39 0.9554749842761248
14 40 1.1320156300578186
14 41 1.2483079830990673
14 42 1.3203027964892526
14 43 1.2688712811923435
14 44 1.089262972965804
14 45 0.9122366524806065
14 46 1.3742003046458753
14 47 1.1867936368313017
14 48 1.1370328197355917
14 49 1.2324800732110444
14 50 1.3071937967146896
14 51 1.0171058011000544
14 52 1.2974833066257567
14 53 1.2631816385996066
14 54 1.2429090357361625
14 55 1.1487524250750498
14 56 0.9365324739476805
14 57 1.251890964525775
14 58 1.314832788729383
14 59 1.3174015089729239
14 60 1.309327776555689
14 61 1.0254252055880435
14 62 1.1165207146428027
14 63 0.9390044928502734
14 64 1.2825832021626036
14 65 1.1266380807120828
14 66 1.2648305341163681
14 67 1.1482778861668392
14 68 1.4378020264788751
14 69 1.1002711970893626
14 70 1.2940442507470702
14 71 1.1480118816784073
14 72 1.1186864585516687
14 73 0.9945263533292922
14 74 1.3762413893894812
14 75 1.2757769764486653
14 76 0.9588654766086041
14 77 1.3082166726162503
14 78 1.1698547733252738
14 79 1.335378916314701
14 80 1.4116369100224528
14 81 1.3983662038776417
14 82 1.2177905370209525
14 83 1.041868934116643
14 84 1.5193491533788743
14 85 1.2149301541581297
14 86 1.1497514968705014
14 87 1.2584903309935025
14 88 1.278476989654823
14 89 1.229638646540722
15 16 1.4032248674856045
15 17 1.1660177087994132
15 18 1.5083625064936672
15 19 1.2422419036740033
15 20 1.3383308077286797
15 21 1.3920685130428636
15 22 0.7970440289717122
15 23 1.358601033120956
15 24 1.0330987864933245
15 25 0.6699438613468114
15 26 1.3559838489568978
15 27 1.2262683769231475
15 28 0.8783724877244665
15 29 1.299552970160195
15 30 1.2642712273799304
15 31 1.4307003523891446
15 32 1.3328391036092508
15 33 1.2003112475356674
15 34 1.267712816167743
15 35 1.6597479103627626
15 36 1.3384401529348795
15 37 1.399775790643623
15 38 1.5773530531332325
15 39 0.8878776721677468
15 40 1.2158819860252892
15 41 1.3181157628779123
15 42 1.3798814703681623
15 43 1.3048744634810256
15 44 1.2137968349158752
15 45 0.6982690210694902
15 46 1.4532514758388253
15 47 1.3021479333610806
15 48 1.2323375593368995
15 49 1.271010126033937
15 50 1.3051479389370175
15 51 0.6110104221181197
15 52 1.2855887197736209
15 53 1.2909874038582905
15 54 1.3545013795950698
15 55 1.05602734338513
15 56 0.7151108482654609
15 57 1.318383195709036
15 58 1.3250936436482026
15 59 1.337724053593381
15 60 1.2543642383496199
15 61 0.6272393572004348
15 62 1.1626085952970493
15 63 0.7298963104397396
15 64 1.3742023560911305
15 65 0.9100493930123725
15 66 1.3525791730133556
15 67 1.2238024059343917
15 68 1.4930142359647054
15 69 1.1003221714748928
15 70 1.3044159414492975
15 71 1.2445724974963697
15 72 1.118338905382002
15 73 1.0342598378271346
15 74 1.283105533057354
15 75 1.3607596436218348
15 76 1.1228548833494998
15 77 1.238401802067637
15 78 1.2974360214505647
15 79 1.28669966331922
15 80 1.5457484256356975
15 81 1.502551576355657
15 82 1.261754669509652
15 83 1.0410679334463413
15 84 1.4781786525326654
15 85 1.2698434841131445
15 86 1.2694446136342634
15 87 1.2936525070944644
15 88 1.3291865839351764
15 89 1.2500896266566854
16 17 1.5378733247826746
16 18 1.3056132946377965
16 19 1.358903524021555
16 20 1.4057416967884115
16 21 1.4061636818359096
16 22 1.435281802406855
16 23 1.2971038449043144
16 24 1.3942824721034073
16 25 1.4251511984259195
16 26 1.2635952416551062
16 27 1.4112713184088668
16 28 1.4277869852251976
16 29 1.3583324433235902
16 30 1.386304937214365
16 31 1.2564886864840485
16 32 1.350390841951913
16 33 1.3771770862025308
16 34 1.288109463765057
16 35 1.307286179596077
16 36 1.3594639930743508
16 37 1.3498609798390377
16 38 1.3116145295225572
16 39 1.3794721575706153
16 40 1.4529275195120135
16 41 1.3434841990260187
16 42 1.412757439827319
16 43 1.3131955460261808
16 44 1.1107884257548495
16 45 1.4770190534562828
16 46 1.4187295598278427
16 47 1.3530080838330414
16 48 1.3714340541962835
16 49 1.3617782309682158
16 50 1.4066242387894705
16 51 1.4169088341635723
16 52 1.4577768496216656
16 53 1.3160668148739487
16 54 1.385879619657997
16 55 1.35302035449884
16 56 1.471024106726204
16 57 1.3405052720904747
16 58 1.343736033584967
16 59 1.3981073272737667
16 60 1.3331759582315286
16 61 1.4423357987942809
16 62 1.4058710166036807
16 63 1.469638586487685
16 64 1.411998908550896
16 65 1.3624534173428167
16 66 1.427210212356737
16 67 1.3087128634177154
16 68 1.3765420907529482
16 69 1.3148580193425619
16 70 1.3202839164360411
16 71 1.4221869634717288
16 72 1.3725892454879747
16 73 1.3774466210094574
16 74 1.4180778384913735
16 75 1.3299067658200432
16 76 1.4447337611152655
16 77 1.2852479520284819
16 78 1.2779375599470897
16 79 1.261227716431626
16 80 1.2605248652819863
16 81 1.2600011755829137
16 82 1.3332881176702442
16 83 1.4126086969091989
16 84 1.3476997509144366
16 85 1.4357903616328216
16 86 1.2768466664708658
16 87 1.5280280452518051
16 88 1.3064222390792346
16 89 1.2521137921645487
17 18 1.4690752731601535
17 19 1.2494292422001287
17 20 1.2824200399893106
17 21 1.3571465921050243
17 22 1.093999862507736
17 23 1.357098834091248
17 24 1.2023820844297999
17 25 1.1537099539851776
17 26 1.4165693843147722
17 27 1.2758676883919846
17 28 1.095570342531847
17 29 1.2309397552688737
17 30 1.2290528756762316
17 31 1.373690703024462
17 32 1.3280252354149893
17 33 1.3325072430838951
17 34 1.3116280091936863
17 35 1.458311309154881
17 36 1.3857865360747494
17 37 1.4299802190741893
17 38 1.4459958112650115
17 39 1.2203856514283586
17 40 1.3030285935589834
17 41 1.3881165865568534
17 42 1.1680737170914965
17 43 1.1527169449317105
17 44 1.272745821516088
17 45 1.1500105795263276
17 46 1.3680007169602946
17 47 1.391739594136017
17 48 1.2862835679704916
17 49 1.2117986444193367
17 50 1.4172624406722347
17 51 1.220128008272926
17 52 1.27503866698575
17 53 1.1939246478784125
17 54 1.2175591907755074
17 55 1.2405718785791122
17 56 1.1308291992478376
17 57 1.3563284963287412
17 58 1.3189809132275967
17 59 1.2853609787122
17 60 1.2815204468378778
17 61 1.1346372310881383
17 62 1.1345610499668675
17 63 1.1353622334310522
17 64 1.3236717285526847
17 65 1.331895454357747
17 66 1.3906078837082192
17 67 1.2677957917199423
17 68 1.416323091047131
17 69 1.3689730168106566
17 70 1.2628925120286336
17 71 1.3373728902670379
17 72 1.28218294792584
17 73 1.1968159916340901
17 74 1.3357204590884917
17 75 1.3257853843093437
17 76 1.1098069382939628
17 77 1.3515169740387463
17 78 1.1735326734438492
17 79 1.3054065857437178
17 80 1.4696156240895786
17 81 1.3972424292922705
17 82 1.2379356102434216
17 83 1.2964706928636678
17 84 1.4551388983071494
17 85 1.2559181495861413
17 86 1.3007111878812483
17 87 1.0541897268315923
17 88 1.2580605257474313
17 89 1.2861279249071844
18 19 1.427095873025601
18 20 1.3571270881156743
18 21 1.3925523725948754
18 22 1.6337514640426813
18 23 1.3487194336981085
18 24 1.4059005964807916
18 25 1.5542177059530105
18 26 1.3661622422181003
18 27 1.3511786602473688
18 28 1.525235626348238
18 29 1.2198182351604137
18 30 1.3351896783592099
18 31 1.007900931550995
18 32 1.4479438174138193
18 33 1.2578452837635692
18 34 1.3440587635171268
18 35 0.7169454374701392
18 36 1.4795496162383992
18 37 1.259214749173578
18 38 0.5594778018601443
18 39 1.3322717249519254
18 40 1.418188438671766
18 41 1.3411074758883308
18 42 1.3497427715044346
18 43 1.2778588905396793
18 44 1.2315394873859056
18 45 1.5412043804663722
18 46 1.0209746522691072
18 47 1.209407897676353
18 48 1.3317355190855564
18 49 1.3966641419024732
18 50 1.4554435621185864
18 51 1.5727537418850608
18 52 1.4158999010931574
18 53 1.3271237723350768
18 54 1.4518594583853517
18 55 1.495891214107525
18 56 1.5799447653755965
18 57 1.4475705093248579
18 58 1.308039731297811
18 59 1.519280539365984
18 60 1.4507497907215967
18 61 1.6040829652915538
18 62 1.3637374576654846
18 63 1.5654024212176285
18 64 1.363663969746294
18 65 1.5418554929401698
18 66 1.32173081925638
18 67 1.411708413896293
18 68 1.080841200987275
18 69 1.2497619643743962
18 70 1.369433331744641
18 71 1.392880214125525
18 72 1.3943862502932907
18 73 1.4118911483505712
18 74 1.295415456577649
18 75 1.455451250612491
18 76 1.4869815432553815
18 77 1.3510275381474983
18 78 1.4391715860221994
18 79 1.3240854604127041
18 80 1.1760444943734352
18 81 1.306178668831958
18 82 1.3324398021092814
18 83 1.272892564222284
18 84 1.2184080735357927
18 85 1.4722045976783547
18 86 1.3980083403717858
18 87 1.4762697988948204
18 88 1.3889065070349267
18 89 1.3656295867532735
19 20 1.151065526489107
19 21 1.3213327669206596
19 22 1.1439806094695975
19 23 1.3071627944716935
19 24 1.185346588265443
19 25 1.1808395939550547
19 26 1.2439819152754246
19 27 1.3012826042491223
19 28 1.2154522738454463
19 29 1.2339311795581547
19 30 1.1567773572253746
19 31 1.2235819052604604
19 32 1.1963487767300964
19 33 1.1804093164066505
19 34 1.171029843782531
19 35 1.4136476970995795
19 36 1.1619538639181877
19 37 1.3348130432738647
19 38 1.4090243486751943
19 39 1.1927210445642222
19 40 1.3173712387397067
19 41 1.3369496057845274
19 42 1.3412124471498408
19 43 1.3358625313093175
19 44 1.2081280103835044
19 45 1.1613146001307486
19 46 1.274179368544899
19 47 1.2359169939034953
19 48 1.2400029597389515
19 49 1.3071058380583416
19 50 1.319537585871787
19 51 1.2399244047866884
19 52 1.2626297887780609
19 53 1.2005973435495976
19 54 1.256402664251739
19 55 1.2107711535636894
19 56 1.1236972079148237
19 57 1.2702051924536033
19 58 1.1454378254351596
19 59 1.2799609822300089
19 60 1.2756341213746032
19 61 1.2067017709376116
19 62 1.240318248560625
19 63 1.140069370586758
19 64 1.0842090479861108
19 65 1.165971469075274
19 66 1.3348039656911943
19 67 1.2017771377753412
19 68 1.3724055875440813
19 69 1.2229599020360167
19 70 1.3867973509702503
19 71 1.3404673507925504
19 72 1.2933758696539441
19 73 1.1450816466662845
19 74 1.2890765269607727
19 75 1.5270882842715023
19 76 1.1632476395301174
19 77 1.3121193490950989
19 78 1.1568187960794067
19 79 1.2922049675028155
19 80 1.320992284523451
19 81 1.269392533164071
19 82 1.0966821231200443
19 83 1.2002837013369398
19 84 1.3241982815423046
19 85 1.1547743723693678
19 86 1.2121197772216548
19 87 1.2062761493240417
19 88 1.188426354066388
19 89 1.1790071670244506
20 21 1.3235043844794177
20 22 1.2021984543848239
20 23 1.2834297067542821
20 24 1.2072849941976107
20 25 1.1636512259574787
20 26 1.293949888790493
20 27 1.3965811048658332
20 28 1.2164399063830122
20 29 1.298872778867782
20 30 1.1263893681569406
20 31 1.2457970611250249
20 32 1.327603720862467
20 33 1.2045360932371196
20 34 1.2114976734579455
20 35 1.390713388418253
20 36 1.2944754506450142
20 37 1.448309124947606
20 38 1.3714872985095772
20 39 1.256146442952352
20 40 1.334640028940766
20 41 1.275042574160333
20 42 1.3312847799742586
20 43 1.3950970344349665
20 44 1.0715337170644084
20 45 1.1551757842684325
20 46 1.3419302422095567
20 47 1.2684160007885608
20 48 1.075222147333028
20 49 1.217011947586155
20 50 1.3584281221657226
20 51 1.2465977148423957
20 52 1.159060630803386
20 53 1.2605308082789428
20 54 1.2509888269378497
20 55 1.2404165729241752
20 56 1.1498151612098608
20 57 1.141761030092901
20 58 1.2482694281404854
20 59 1.3658627024299774
20 60 1.3327994600839925
20 61 1.1655365648224925
20 62 1.3286019033872263
20 63 1.2266883290016701
20 64 1.2554360686862482
20 65 1.157175812809316
20 66 1.3383596033466698
20 67 1.1498966773247845
20 68 1.336034162986875
20 69 1.1790303302000424
20 70 1.337532384360708
20 71 1.3851727879869387
20 72 1.3768636006530404
20 73 1.1773254994275315
20 74 1.4222540537076844
20 75 1.4421211635542117
20 76 1.1019979646499398
20 77 1.4466868532322052
20 78 1.107764495055344
20 79 1.3213617374870357
20 80 1.2918344085814302
20 81 1.3029643195361191
20 82 1.1883384646737067
20 83 1.1823809571398594
20 84 1.3844546215386528
20 85 1.3090597619800797
20 86 1.1977471329682532
20 87 1.1954046904086564
20 88 1.210232230760187
20 89 1.1689953440206464
21 22 1.333829150661836
21 23 1.2728887510831002
21 24 1.4472676810063019
21 25 1.3608950627101484
21 26 1.6173222203881898
21 27 1.4434878141646614
21 28 1.3568520719312045
21 29 1.3857558462496755
21 30 1.34020013796331
21 31 1.3322005161371022
21 32 1.3288073315585922
21 33 1.3096136524224122
21 34 1.3284056069743546
21 35 1.3714363273774486
21 36 1.3614708239837867
21 37 1.3816928283670897
21 38 1.3537237898677292
21 39 1.35267683083134
21 40 1.4889648411267904
21 41 1.1070908615537367
21 42 1.427712391949659
21 43 1.3545848587200418
21 44 1.3311968066897613
21 45 1.3624485644427675
21 46 1.4418063676405621
21 47 1.3466895025265508
21 48 1.2658322017445454
21 49 1.2841194673374965
21 50 1.2206410235692102
21 51 1.3450366089791912
21 52 1.332168671716593
21 53 1.3746989111921524
21 54 1.3977713981502304
21 55 1.2844041377469662
21 56 1.3010702451401908
21 57 1.374271823332053
21 58 1.2761442942549024
21 59 1.3717528995178494
21 60 1.3107917992741929
21 61 1.3616842662630995
21 62 1.3923057082977965
21 63 1.3357074992521687
21 64 1.2780242844873553
21 65 1.3647633778994923
21 66 1.3128353660828878
21 67 1.3087623293407924
21 68 1.3541846056667846
21 69 1.325544541351418
21 70 1.3013901367732554
21 71 1.5488358571675087
21 72 1.5784913018759337
21 73 1.257643442793671
21 74 1.3065199414297681
21 75 1.3070035152404909
21 76 1.2187376398971512
21 77 1.4511329445618453
21 78 1.303504775979879
21 79 1.4757286666068445
21 80 1.4764418186468249
21 81 1.3466794108496762
21 82 1.3493523332665147
21 83 1.3723540362012459
21 84 1.3232241925813966
21 85 1.4471486464039716
21 86 1.317800479676827
21 87 1.3263316594426493
21 88 1.3013653995469328
21 89 1.3327733838938176
22 23 1.3976366992880465
22 24 1.0840437130283496
22 25 0.6901696163665273
22 26 1.4060962875799214
22 27 1.3093505518026884
22 28 0.7996282844035789
22 29 1.2936535759775822
22 30 1.1417552604887742
22 31 1.4620618521810609
22 32 1.2062056027064134
22 33 1.279781220024295
22 34 1.2422222916744179
22 35 1.6795598075283715
22 36 1.3145585604182033
22 37 1.4318064109488242
22 38 1.6457745319137551
22 39 0.9400570632740671
22 40 1.2415829631718844
22 41 1.2986126911467806
22 42 1.3684334776002067
22 43 1.2654410312036044
22 44 1.1757905271805962
22 45 0.7329290462291066
22 46 1.5698002612066042
22 47 1.288113691659202
22 48 1.2547170870687425
22 49 1.287085267529626
22 50 1.2765038305717258
22 51 0.6997696998040147
22 52 1.2624794636559744
22 53 1.2524401727208467
22 54 1.1963771565077972
22 55 0.9398603940379064
22 56 0.6840500340560826
22 57 1.2425169603870247
22 58 1.3009360954853348
22 59 1.1731645530589132
22 60 1.2635244119910833
22 61 0.6406913460133143
22 62 1.1687942983336903
22 63 0.6833631073459077
22 64 1.3223881385674825
22 65 0.8880610093972082
22 66 1.3577098088226573
22 67 1.2493401098941064
22 68 1.5299459875607524
22 69 1.1529098036216885
22 70 1.226741679725866
22 71 1.3038275357906026
22 72 1.2139419000179996
22 73 1.091057453969483
22 74 1.336271373903875
22 75 1.3978715692720813
22 76 1.053770955536069
22 77 1.2885534063206423
22 78 1.2053044134904043
22 79 1.3567801224411538
22 80 1.512524149120112
22 81 1.407636012591334
22 82 1.1689509264929943
22 83 1.1106910882982803
22 84 1.5057272440012655
22 85 1.21572542296616
22 86 1.2417039929056108
22 87 1.1970963588122612
22 88 1.259520991067596
22 89 1.292783909001218
23 24 1.3967988345767417
23 25 1.3506831527754655
23 26 1.2989031094285988
23 27 1.3330124631638491
23 28 1.3614164152055632
23 29 1.3028311835285655
23 30 1.2483482566438957
23 31 1.2421757741210047
23 32 1.1735419402996232
23 33 1.2785519101950904
23 34 1.2644434572309198
23 35 1.3888493862466056
23 36 1.2220284777684378
23 37 1.2704535364815823
23 38 1.2634282942292006
23 39 1.3264648802282044
23 40 1.4663561046453755
23 41 1.1626053152494022
23 42 1.4140143118362785
23 43 1.4282471972529323
23 44 1.2738574049177154
23 45 1.3751665142127067
23 46 1.286575438156089
23 47 1.346925852404454
23 48 1.249788710122336
23 49 1.2706967515238237
23 50 1.3362834396736347
23 51 1.34301127651551
23 52 1.3288049387259604
23 53 1.269236990835646
23 54 1.343599854287607
23 55 1.3138104507260884
23 56 1.3611129560903104
23 57 1.4080492566648921
23 58 1.339525959972991
23 59 1.4982810047137443
23 60 1.3688273073107071
23 61 1.3730773618495384
23 62 1.3235204028918865
23 63 1.4782555611757495
23 64 1.3256847182913873
23 65 1.4329999459493779
23 66 1.3377917313605183
23 67 1.2974992585635603
23 68 1.3032690558955793
23 69 1.2870439210855409
23 70 1.2913817791485314
23 71 1.4134725181795897
23 72 1.381982003831448
23 73 1.3297808013051902
23 74 1.328703347449284
23 75 1.4017820312939977
23 76 1.3741505823576166
23 77 1.4002838690256842
23 78 1.3742037317422702
23 79 1.3591180720573017
23 80 1.37888250206371
23 81 1.2818035227626055
23 82 1.4011598713735722
23 83 1.2904528417722723
23 84 1.203354499315761
23 85 1.4086076657091602
23 86 1.3701604762278414
23 87 1.4319434168106713
23 88 1.3197147874428192
23 89 1.2709549571945038
24 25 1.066102991493697
24 26 1.2257863615268099
24 27 0.9957107671030927
24 28 1.1433223435241675
24 29 1.327481035848674
24 30 1.159956751399448
24 31 1.3175988435226127
24 32 1.3699897526121985
24 33 1.343038737276711
24 34 1.2736029474455741
24 35 1.4770693232153806
24 36 1.3098132467214494
24 37 1.3349643926895978
24 38 1.429345888345029
24 39 0.9688834841483174
24 40 0.9073354588289143
24 41 1.3226574746678639
24 42 1.3440741133444614
24 43 1.2543952315746087
24 44 1.1489662143516877
24 45 0.973718988073571
24 46 1.248724368109792
24 47 1.2211231203663682
24 48 1.2291400249975104
24 49 1.2699558721470314
24 50 1.3076387290171614
24 51 1.0969231686121839
24 52 1.2491111169060396
24 53 1.1984615903043814
24 54 1.278825373039873
24 55 1.153599598084111
24 56 0.9802109013398325
24 57 1.2368655607311754
24 58 1.2324025880517677
24 59 1.443911137476644
24 60 1.3431723065373284
24 61 1.0365756394006977
24 62 1.2554753625705488
24 63 1.0254338346414873
24 64 1.2305206594873008
24 65 1.1166727664335117
24 66 1.2953081405229045
24 67 1.1181941800573412
24 68 1.3701715558322523
24 69 1.1793270829614482
24 70 1.2938469373449575
24 71 0.9946811485079289
24 72 0.8586530217319817
24 73 1.0581668323691156
24 74 1.2752941526076855
24 75 1.3338020274461428
24 76 1.0282400103368667
24 77 1.2706425308026665
24 78 1.2104307629759445
24 79 1.2741937978091287
24 80 1.349941987882041
24 81 1.365503881672194
24 82 1.237145377968708
24 83 1.1107981281953152
24 84 1.3857326846023301
24 85 1.0859425954851938
24 86 1.21046997924112
24 87 1.2120198264136313
24 88 1.3554646747727572
24 89 1.2574343005104178
25 26 1.4422877080212815
25 27 1.2657113705334426
25 28 0.7950504777490225
25 29 1.2733771613465317
25 30 1.224238192708351
25 31 1.4696130506335907
25 32 1.2725957165477426
25 33 1.1740467389433706
25 34 1.2302333004886015
25 35 1.6484027080300845
25 36 1.3367224870988235
25 37 1.4580334095254166
25 38 1.5703676716240373
25 39 0.857214210836277
25 40 1.2644128567108777
25 41 1.3420164089945965
25 42 1.3551922899503317
25 43 1.3700045731780441
25 44 1.1659542182168499
25 45 0.5831039301925183
25 46 1.4908123707547605
25 47 1.31683791438823
25 48 1.2153566890820298
25 49 1.290389444939328
25 50 1.3459360565298542
25 51 0.4826643580546527
25 52 1.222234199434693
25 53 1.2602963626816086
25 54 1.3096303058495569
25 55 1.0862786249090834
25 56 0.5967978469744086
25 57 1.2258603014181606
25 58 1.337762179434976
25 59 1.2911294902010853
25 60 1.2030747803326491
25 61 0.5113720595399022
25 62 1.1372444711035476
25 63 0.6983386135365077
25 64 1.3562939808975814
25 65 0.8760934291439473
25 66 1.3057194492761683
25 67 1.1887833745728205
25 68 1.5618535176622532
25 69 1.1443999080574052
25 70 1.2755177595521485
25 71 1.3000258507123474
25 72 1.1931925221737154
25 73 1.0100728313364427
25 74 1.365837995740072
25 75 1.413191141750242
25 76 1.0511365132577486
25 77 1.2447384657271174
25 78 1.1769798334663484
25 79 1.3632344613236822
25 80 1.5004528356387195
25 81 1.436602916511316
25 82 1.187306454476056
25 83 0.9703632298631323
25 84 1.5126554323660162
25 85 1.1943096379179685
25 86 1.1831696986325346
25 87 1.1700992684445184
25 88 1.230136604658506
25 89 1.2136679194240514
26 27 1.3082928957423188
26 28 1.3568308484742069
26 29 1.3417549327523852
26 30 1.2121800034710701
26 31 1.2564822006461311
26 32 1.3263538802393506
26 33 1.464961672481289
26 34 1.290218583246462
26 35 1.3464785796210192
26 36 1.2864778921998878
26 37 1.2418401536192492
26 38 1.3214259396373236
26 39 1.4032751857653103
26 40 1.2536442890736395
26 41 1.427981668732401
26 42 1.336104237028451
26 43 1.4046978884571688
26 44 1.241412404875556
26 45 1.3908897451330928
26 46 1.213260983899147
26 47 1.324574997551929
26 48 1.3769165669295382
26 49 1.2897497711386017
26 50 1.2046827999933953
26 51 1.4471518038720297
26 52 1.3648186060875824
26 53 1.2750376301416273
26 54 1.3615421537241013
26 55 1.3642488886197366
26 56 1.3937117102521164
26 57 1.4047280554466275
26 58 1.2500374657369264
26 59 1.3278575560222188
26 60 1.4111297498327706
26 61 1.3536781632951262
26 62 1.3493484357929653
26 63 1.4084714343189257
26 64 1.343337545054194
26 65 1.3798222750271856
26 66 1.3240262695195697
26 67 1.3046482974720413
26 68 1.3663923576022325
26 69 1.376766926930169
26 70 1.344488798287883
26 71 1.2215846071756276
26 72 1.134644132995576
26 73 1.3293720134305875
26 74 1.2709212981958127
26 75 1.4232635260143982
26 76 1.4143112305310368
26 77 1.254452250671173
26 78 1.3732760521987524
26 79 1.1516063544772577
26 80 1.363534397766361
26 81 1.301729645853911
26 82 1.3092308160789528
26 83 1.4059252416375672
26 84 1.3166623223522336
26 85 1.2873958240000185
26 86 1.3670431443576518
26 87 1.4698568030516612
26 88 1.2744840074693249
26 89 1.255556447818325
27 28 1.2619423637821305
27 29 1.3899833703434745
27 30 1.3269098589632309
27 31 1.3597200054170369
27 32 1.2629159039588473
27 33 1.3631922272844244
27 34 1.3483603300726692
27 35 1.415864088113179
27 36 1.3167777483247196
27 37 1.3012220311994764
27 38 1.3544683136379096
27 39 1.1719685101497055
27 40 0.9462182902932907
27 41 1.3829443804185921
27 42 1.3905380124466478
27 43 1.307791557026604
27 44 1.313820323271796
27 45 1.281754380657986
27 46 1.205555333528351
27 47 1.375994781870375
27 48 1.3589400816702186
27 49 1.3449057514586706
27 50 1.3246679709755305
27 51 1.3051926929952475
27 52 1.317912450033174
27 53 1.3089450202015713
27 54 1.4398931689614514
27 55 1.2948950808397173
27 56 1.279083068518215
27 57 1.4860763402893133
27 58 1.3053970114079765
27 59 1.49264782262849
27 60 1.4814552788078676
27 61 1.279746382318323
27 62 1.3219115795670953
27 63 1.2803565243856732
27 64 1.2372443605679924
27 65 1.303478897673797
27 66 1.358128499200275
27 67 1.3183048003170528
27 68 1.2815411725874202
27 69 1.366494853197045
27 70 1.25076836235412
27 71 0.9993117908987166
27 72 0.9368760046509278
27 73 1.2891401046982456
27 74 1.2433842818086034
27 75 1.4254045205201538
27 76 1.3949369804384273
27 77 1.2580068803745155
27 78 1.4555964631513143
27 79 1.3849561554490655
27 80 1.3778375649794536
27 81 1.3909750248874662
27 82 1.3631289429037245
27 83 1.1258960239170142
27 84 1.2858674865888273
27 85 1.163746271759313
27 86 1.374119540743796
27 87 1.35193456248373
27 88 1.4342000690984988
27 89 1.3387845954086683
28 29 1.285461740676437
28 30 1.2314640581368268
28 31 1.4716314064651428
28 32 1.187268846560754
28 33 1.1668449057512342
28 34 1.246229231600299
28 35 1.6072922080707566
28 36 1.3449537471131825
28 37 1.4666900789145911
28 38 1.541832805491437
28 39 0.9936031114994841
28 40 1.2469513550001976
28 41 1.3604238886872275
28 42 1.3931293133476
28 43 1.2643488289524518
28 44 1.1650554384160419
28 45 0.7813145343482535
28 46 1.4823720121108164
28 47 1.2675961292567692
28 48 1.19376182463928
28 49 1.232821877270344
28 50 1.3415710070072655
28 51 0.7956737192901829
28 52 1.2227227524640476
28 53 1.227405254533567
28 54 1.21849955328288
28 55 1.0313110407154844
28 56 0.8121884002306652
28 57 1.2911024757201617
28 58 1.296261910526327
28 59 1.2775933735551934
28 60 1.301882025005852
28 61 0.7681299159070407
28 62 1.1535641573803515
28 63 0.859222242063252
28 64 1.307188432400548
28 65 0.9178063321998484
28 66 1.3563148363248043
28 67 1.265516265150079
28 68 1.5140154635313376
28 69 1.154420477895344
28 70 1.2749280622832784
28 71 1.3309008801194453
28 72 1.2508279746825293
28 73 1.0893440204849998
28 74 1.3993684928029249
28 75 1.384942583358544
28 76 1.1168836867711516
28 77 1.2898717014463166
28 78 1.2102483102155985
28 79 1.359595376501272
28 80 1.4872454614717467
28 81 1.4433059724647848
28 82 1.2236819681734799
28 83 1.114622966177925
28 84 1.5493292710398638
28 85 1.2648146166331
28 86 1.1949929775723964
28 87 1.238324126293057
28 88 1.2585998358809292
28 89 1.2625083007404723
29 30 1.335288301732617
29 31 1.264865258634972
29 32 1.3487455057410929
29 33 1.2588515491504293
29 34 1.1863467329927804
29 35 1.3283790009716852
29 36 1.343709767880697
29 37 1.4605865402001785
29 38 1.2127372107440653
29 39 1.2323801078961047
29 40 1.355200351548151
29 41 1.2734634394907336
29 42 1.2002817763392857
29 43 1.3081105645795919
29 44 1.2092342302248842
29 45 1.300727427411938
29 46 1.3343057033036347
29 47 1.2934712657821938
29 48 1.328984747634034
29 49 1.2134713105173172
29 50 1.4108916810086967
29 51 1.329542672419201
29 52 1.3421266632384505
29 53 1.3395797891054415
29 54 1.2761791858578928
29 55 1.2713690320562119
29 56 1.2908840978322444
29 57 1.4346677311826161
29 58 1.4053402459142712
29 59 1.232251373473197
29 60 1.3219456627840749
29 61 1.2998415752250583
29 62 1.2609654889121
29 63 1.2678035054613193
29 64 1.3077667877580197
29 65 1.4167677845405204
29 66 1.3793264255649165
29 67 1.226238537723073
29 68 1.3798198411136566
29 69 1.210564080320367
29 70 1.4519981324554767
29 71 1.3466099877797773
29 72 1.3310529062420273
29 73 1.2131399743422453
29 74 1.3253654849882197
29 75 1.2791508404507883
29 76 1.3865554354733443
29 77 1.2675345759332697
29 78 1.2685278589093751
29 79 1.290797112408363
29 80 1.3719030641086774
29 81 1.2771398042708335
29 82 1.2146115706365326
29 83 1.229533629362083
29 84 1.4514982300573034
29 85 1.337399097755034
29 86 1.2542093709997135
29 87 1.3134616143148525
29 88 1.2085009495009584
29 89 1.2420913922245669
30 31 1.315605675696042
30 32 1.4007693478996797
30 33 1.2857188023924528
30 34 1.272103502057036
30 35 1.3757993640915689
30 36 1.3492776576441747
30 37 1.3207008388796757
30 38 1.32581761751382
30 39 1.2010781811321047
30 40 1.3283670175349245
30 41 1.1897158289900893
30 42 1.4094769974711956
30 43 1.2475782771786441
30 44 1.213785456319895
30 45 1.1855597912017757
30 46 1.3109113827873868
30 47 1.206239969879516
30 48 1.2443512589713308
30 49 1.2432515817714587
30 50 1.1792805483383817
30 51 1.2596495047354481
30 52 1.321022564098254
30 53 1.0503991404501645
30 54 1.1352975228561186
30 55 1.2162783944669606
30 56 1.2030604409229593
30 57 1.1885137079915986
30 58 1.2075108188450774
30 59 1.3038759342180137
30 60 1.226811939850038
30 61 1.2255325019881995
30 62 1.2116480050086316
30 63 1.2686464134805504
30 64 1.283472446472061
30 65 1.2452511003706694
30 66 1.262203704055202
30 67 1.0450100234824022
30 68 1.3188066525071944
30 69 1.1267106134960958
30 70 1.2879527597020017
30 71 1.320937357496603
30 72 1.2631664132618945
30 73 1.1544987436601442
30 74 1.3273382414732133
30 75 1.4299518250606285
30 76 1.1250956506230605
30 77 1.3010114583540968
30 78 1.1141856317799756
30 79 1.3428179544062662
30 80 1.3338816928759372
30 81 1.3050129996875492
30 82 1.2936621124798322
30 83 1.1875838228811528
30 84 1.2903318281942975
30 85 1.2423636767815804
30 86 1.2040020680071604
30 87 1.2753843294919969
30 88 1.1631092693793565
30 89 1.2317403079374307
31 32 1.3576656231425765
31 33 1.3220022601913763
31 34 1.2981256133283259
31 35 1.0962893057211913
31 36 1.3468286920392802
31 37 1.2964669627531458
31 38 0.9994071316144983
31 39 1.2892492166595348
31 40 1.3269163438365714
31 41 1.260958651342088
31 42 1.4335607740628147
31 43 1.2416023091431907
31 44 1.2117101031926272
31 45 1.4316229092216906
31 46 1.1114963715941957
31 47 1.208865874380832
31 48 1.157109589963236
31 49 1.4094805707467075
31 50 1.404134126585292
31 51 1.4449067937383078
31 52 1.3845276374696525
31 53 1.3599960013417596
31 54 1.4663314516949852
31 55 1.3310143768630314
31 56 1.4288614903311672
31 57 1.4471405910798292
31 58 1.259695712392245
31 59 1.4445307458919603
31 60 1.423352789178038
31 61 1.4417104988979093
31 62 1.3430109686222853
31 63 1.400760148363826
31 64 1.2795481887432663
31 65 1.4375232189372407
31 66 1.3224925618360257
31 67 1.337882346927136
31 68 1.2452390069319315
31 69 1.2679352538265087
31 70 1.3899772488542728
31 71 1.4078281668184962
31 72 1.3577012588646078
31 73 1.2653583218159634
31 74 1.2456391761189396
31 75 1.3856356215068575
31 76 1.4062524021988572
31 77 1.363939902887059
31 78 1.390502829434117
31 79 1.225632142091003
31 80 1.1904614175679205
31 81 1.3348823168929498
31 82 1.2809464565895914
31 83 1.2908272480037295
31 84 1.2525969758326732
31 85 1.4916899240283148
31 86 1.292208089628828
31 87 1.3550205549946748
31 88 1.301387728041866
31 89 1.2805390574856583
32 33 1.373596891220364
32 34 1.280385284050944
32 35 1.4649754322116781
32 36 1.235172782014913
32 37 1.3723599269601983
32 38 1.3938660685185742
32 39 1.2948825176916134
32 40 1.3690413777224237
32 41 1.317457498968312
32 42 1.2794551208318854
32 43 1.3014883224836808
32 44 1.275697525943996
32 45 1.2678092043715539
32 46 1.4002614085162963
32 47 1.3666383930914363
32 48 1.3132646304819648
32 49 1.4167513555937754
32 50 1.4395138386940283
32 51 1.2898639723282337
32 52 1.2924873128317889
32 53 1.3092290951074879
32 54 1.3972370089073123
32 55 1.2864711028212823
32 56 1.2550105165366683
32 57 1.4288497157828297
32 58 1.3019488164793216
32 59 1.212987879404684
32 60 1.3152306955606188
32 61 1.2680153509363026
32 62 1.273655752851849
32 63 1.2025439653869694
32 64 1.2903262408955691
32 65 1.271054754771101
32 66 1.3457325001199743
32 67 1.4527277267608656
32 68 1.372946866104137
32 69 1.3057021609233606
32 70 1.2855853018731656
32 71 1.4404326420164244
32 72 1.4157290600065862
32 73 1.3202341605604344
32 74 1.3586172227862576
32 75 1.4007711604194393
32 76 1.4075581476825203
32 77 1.4057123386768557
32 78 1.3700527376987979
32 79 1.4460289967334652
32 80 1.4282835715587467
32 81 1.3352967591168077
32 82 1.177160122856735
32 83 1.3044148865949423
32 84 1.3398854541820198
32 85 1.3784122404938164
32 86 1.3664043409651636
32 87 1.390580849121779
32 88 1.3713369581654422
32 89 1.3743887737528697
33 34 1.2969829992800193
33 35 1.4221493008678625
33 36 1.4402266226864668
33 37 1.4671739817066478
33 38 1.2830304148937615
33 39 1.0005715103665402
33 40 1.4797813011604366
33 41 1.2795231173525563
33 42 1.4512834499721068
33 43 1.451209400675694
33 44 1.1481652765051875
33 45 1.1201207376457147
33 46 1.3475016620303775
33 47 1.2802235716644619
33 48 1.156272082537443
33 49 1.246835905599567
33 50 1.3136388839138808
33 51 1.1705732205906318
33 52 1.2808939240491224
33 53 1.3059986667475825
33 54 1.3275538917906378
33 55 1.2761787490661194
33 56 1.176523430633802
33 57 1.3502578817322497
33 58 1.3436345283194844
33 59 1.433312636893484
33 60 1.3853394932537193
33 61 1.2115554016524184
33 62 1.0979736194786716
33 63 1.245878604934131
33 64 1.4085303183478217
33 65 1.2633714573946218
33 66 1.2641145700261358
33 67 1.430551938051024
33 68 1.3857088300262603
33 69 1.1257900259942257
33 70 1.299995907616148
33 71 1.3881438112988969
33 72 1.4307877964934508
33 73 1.1600529173495082
33 74 1.372445997333305
33 75 1.5124168525261794
33 76 1.201662795053603
33 77 1.349509465552533
33 78 1.31850336806035
33 79 1.333316762672714
33 80 1.3711608078261104
33 81 1.4272757778215446
33 82 1.2624869248236177
33 83 1.0777320611659496
33 84 1.438380363846006
33 85 1.3463632588318886
33 86 1.3123041086386005
33 87 1.222511373287449
33 88 1.3359459254438033
33 89 1.2735987199386605
34 35 1.4058973284321674
34 36 1.3492356871516378
34 37 1.4374595166174675
34 38 1.4032197665897308
34 39 1.2363452996135282
34 40 1.3886389072892784
34 41 1.2936071246012986
34 42 1.4032421041396637
34 43 1.365976969982091
34 44 1.1141708687379712
34 45 1.2385177541042185
34 46 1.3894919511469306
34 47 1.2166988615383323
34 48 1.1727797162526261
34 49 1.2015019588179539
34 50 1.3475329625190116
34 51 1.269547703970186
34 52 1.2962479904183066
34 53 1.2056423338830062
34 54 1.21807169294818
34 55 1.2375328095402105
34 56 1.2012822412199315
34 57 1.2046933954190275
34 58 1.370223898079052
34 59 1.354213545611309
34 60 1.1277807033343668
34 61 1.2562088349332257
34 62 1.2639096772459297
34 63 1.2645674191470713
34 64 1.3606120520520404
34 65 1.3426547947713232
34 66 1.3217460282911837
34 67 1.2455514529505447
34 68 1.3456339868742249
34 69 1.1929613634922631
34 70 1.3784590144820832
34 71 1.3516552937832274
34 72 1.3169016840476264
34 73 1.0928544165848053
34 74 1.3732656301135766
34 75 1.310521194162417
34 76 1.221509292497499
34 77 1.2721303356457865
34 78 1.085585848005572
34 79 1.3513387312639202
34 80 1.4304960377348532
34 81 1.2616932983375884
34 82 1.220763959532603
34 83 1.3448907974238427
34 84 1.3580593992221734
34 85 1.2993300049157435
34 86 1.059180085055914
34 87 1.357944749066848
34 88 1.0565901572146472
34 89 1.2131618823493575
35 36 1.4524223880056222
35 37 1.3060696787111756
35 38 0.7718116699865857
35 39 1.516252586319868
35 40 1.4623943779205433
35 41 1.3277880561754625
35 42 1.2979461592648303
35 43 1.32551713723483
35 44 1.32604981147872
35 45 1.65061261283404
35 46 1.162019956500165
35 47 1.3048414990008343
35 48 1.373486159725787
35 49 1.3937901485875743
35 50 1.4680766300182864
35 51 1.6864589761427677
35 52 1.4589024297359616
35 53 1.3583917257547993
35 54 1.4137760976823337
35 55 1.5345092824592645
35 56 1.6648592486346119
35 57 1.4115019370788928
35 58 1.3759902099589252
35 59 1.475029588375216
35 60 1.4827951143303877
35 61 1.691294248224912
35 62 1.449234189383974
35 63 1.6503912670429246
35 64 1.2742336472958966
35 65 1.6170793047642038
35 66 1.4246796215234636
35 67 1.3916880434768275
35 68 1.193984889525058
35 69 1.4644370610455164
35 70 1.3874045678250935
35 71 1.4794176755270492
35 72 1.4556477563367631
35 73 1.4233917632818676
35 74 1.397766797248046
35 75 1.42673553124533
35 76 1.472823426896218
35 77 1.3662331313128109
35 78 1.3853606455831562
35 79 1.3344468651654307
35 80 1.229410978446004
35 81 1.3004356778603674
35 82 1.3616254261277014
35 83 1.4252145159100011
35 84 1.2743038449032238
35 85 1.4856425818510945
35 86 1.3561849424147836
35 87 1.475649755087534
35 88 1.4238936672075446
35 89 1.3400802232814988
36 37 1.3044603096012404
36 38 1.4375569112434439
36 39 1.4210611242120414
36 40 1.4075657762760094
36 41 1.3442501818729853
36 42 1.3453655211887976
36 43 1.326096239828604
36 44 1.3262019036054942
36 45 1.355454624853059
36 46 1.3607575051048078
36 47 1.362342777670819
36 48 1.4022869059482586
36 49 1.4042602617661621
36 50 1.2809390102483798
36 51 1.3468003639341362
36 52 1.3015720763196188
36 53 1.285954902684491
36 54 1.3577918374202116
36 55 1.297435651807758
36 56 1.325507960113753
36 57 1.343955484751184
36 58 1.364989707470842
36 59 1.3553330062732007
36 60 1.408949332248365
36 61 1.3223251156187046
36 62 1.4105926871685346
36 63 1.3365580227976945
36 64 1.2640472806884773
36 65 1.2943946606017116
36 66 1.3849802234119166
36 67 1.3852437519249563
36 68 1.3946108342385182
36 69 1.3865494595329269
36 70 1.3904990352460236
36 71 1.3804648660841607
36 72 1.362444744055821
36 73 1.437103454448656
36 74 1.2989100665623077
36 75 1.384957556228517
36 76 1.286550481925947
36 77 1.3660754354462719
36 78 1.3595780278641492
36 79 1.3419370135514077
36 80 1.3721243729248944
36 81 1.2887244336661794
36 82 1.3400719417543958
36 83 1.3570693069676278
36 84 1.2811235532407277
36 85 1.384668632400754
36 86 1.3665344881790773
36 87 1.3555013469185415
36 88 1.2515324176378462
36 89 1.3418612165501018
37 38 1.2522849566275607
37 39 1.3830349870026564
37 40 1.2749213096258392
37 41 1.44948782273441
37 42 1.4452729207240032
37 43 1.3329128197335314
37 44 1.2972415660263763
37 45 1.4481485967115197
37 46 1.0880511900985614
37 47 1.3052669391412421
37 48 1.5388049964756074
37 49 1.4627240621246653
37 50 1.3663004259476885
37 51 1.4462975895184877
37 52 1.4535796901445177
37 53 1.4021243705687165
37 54 1.5039659585767453
37 55 1.4130355111504198
37 56 1.4333049956207966
37 57 1.5192356168883823
37 58 1.2274912873544317
37 59 1.42033680184484
37 60 1.4096555213268676
37 61 1.4424548838146898
37 62 1.445059871647367
37 63 1.4284727513323088
37 64 1.4117796963851084
37 65 1.3281682536905384
37 66 1.2338607015440741
37 67 1.366690518084277
37 68 0.9205821270695275
37 69 1.3663619155550342
37 70 1.258373191673836
37 71 1.3562582465129125
37 72 1.2630352523891517
37 73 1.4353412099621556
37 74 0.703308561132794
37 75 1.5568439413797892
37 76 1.496962691635698
37 77 1.3260154356302272
37 78 1.542206281002165
37 79 1.2961921385306407
37 80 1.1922548419336123
37 81 1.4393507387834954
37 82 1.4045317612021406
37 83 1.385867824340571
37 84 0.5332045579312419
37 85 1.2927069941160634
37 86 1.583619025080253
37 87 1.3843822556433227
37 88 1.40998885289656
37 89 1.483987126283802
38 39 1.3303420098424619
38 40 1.3988903135605535
38 41 1.3227386333027444
38 42 1.3344208934697839
38 43 1.2974666812213278
38 44 1.2029632721907346
38 45 1.5409920803473338
38 46 1.0398464877674878
38 47 1.2327046840312073
38 48 1.3141878240982257
38 49 1.3742045598141734
38 50 1.4414551886146314
38 51 1.6018798266644714
38 52 1.427763895347886
38 53 1.3516233186454167
38 54 1.450475922187133
38 55 1.4732624410430455
38 56 1.5784110037183328
38 57 1.4844231017185487
38 58 1.2844856747277333
38 59 1.5196032301211075
38 60 1.4459258282819145
38 61 1.620646844128419
38 62 1.3425955769612132
38 63 1.5819146909129318
38 64 1.301018506896078
38 65 1.5678262802817329
38 66 1.2659785048559666
38 67 1.3877117298456516
38 68 1.0530815446566435
38 69 1.235567719207975
38 70 1.3620495168448514
38 71 1.3977244113287006
38 72 1.3806799665852225
38 73 1.4159144252610945
38 74 1.2461554286185965
38 75 1.4354879499986068
38 76 1.5000028213460856
38 77 1.3424852877156193
38 78 1.4719336069934348
38 79 1.3639453299641187
38 80 1.18988657539189
38 81 1.2650646373914565
38 82 1.361042174677241
38 83 1.298048106412247
38 84 1.2260306607496803
38 85 1.4919755783902422
38 86 1.4339244637163848
38 87 1.44675044887463
38 88 1.4088100986937881
38 89 1.3526250929473638
39 40 1.1269448411670995
39 41 1.2490377122669973
39 42 1.4824163325832695
39 43 1.2678901882154143
39 44 1.0108977473769105
39 45 0.7434195095845426
39 46 1.303365271178196
39 47 1.1420624621983317
39 48 1.19009898483852
39 49 1.2907460061432194
39 50 1.292596033883988
39 51 0.8346043652450663
39 52 1.2520876195899033
39 53 1.228441668471995
39 54 1.2799336902372003
39 55 1.0603211717513135
39 56 0.8382038584939686
39 57 1.3158684427657275
39 58 1.2320888410721031
39 59 1.3382572555731196
39 60 1.3502132889834157
39 61 0.9043644649928797
39 62 1.0412302514262863
39 63 0.8766413596961321
39 64 1.3569621961904845
39 65 1.0542979823824041
39 66 1.2696451737136318
39 67 1.2996824285687234
39 68 1.353819563971822
39 69 1.029977819543398
39 70 1.2547825524883973
39 71 1.1419284441917519
39 72 1.126480492811655
39 73 1.0386647783233542
39 74 1.2470010183152658
39 75 1.4321046669347746
39 76 1.147834975107849
39 77 1.2103855652979616
39 78 1.2943096788949398
39 79 1.3285114209568059
39 80 1.3656907872953643
39 81 1.4449978426598722
39 82 1.251175845447321
39 83 0.8994220709838112
39 84 1.4285332719248216
39 85 1.206619447489428
39 86 1.2003245675355265
39 87 1.2499034198765506
39 88 1.4011905767862103
39 89 1.278124629761532
40 41 1.3784017462493594
40 42 1.4194400884232734
40 43 1.3368737640078137
40 44 1.327251864525795
40 45 1.2177750810485384
40 46 1.250390412665648
40 47 1.3552558641357515
40 48 1.3140001760876647
40 49 1.445779141375517
40 50 1.3644323058841945
40 51 1.254594129251866
40 52 1.3398889869858202
40 53 1.4821072785394807
40 54 1.4019284180285463
40 55 1.2209870890091123
40 56 1.2391174296942076
40 57 1.4602331792614225
40 58 1.310149517036576
40 59 1.401625072867498
40 60 1.4996311391469332
40 61 1.2724574491549832
40 62 1.3293708560754594
40 63 1.1550915604424252
40 64 1.2587708444359504
40 65 1.2840502099496673
40 66 1.2756545645660484
40 67 1.2712259423118917
40 68 1.3188479774029696
40 69 1.3362308684208737
40 70 1.3449715760134298
40 71 0.9804388700278381
40 72 0.90994714064747
40 73 1.2956515482015323
40 74 1.279541277378962
40 75 1.4474743721209267
40 76 1.292592225817044
40 77 1.1983319790612403
40 78 1.4727721818850887
40 79 1.2734738670793808
40 80 1.2741426981487889
40 81 1.450143025004601
40 82 1.291595210012606
40 83 1.198255659030237
40 84 1.3503529399809318
40 85 1.1093808718145592
40 86 1.4464842418236648
40 87 1.2374966217919325
40 88 1.4208524637375817
40 89 1.3500023017793987
41 42 1.3563281848291804
41 43 1.30468887723548
41 44 1.1812422373156215
41 45 1.3074818240582808
41 46 1.3764480557275403
41 47 1.3550874525784737
41 48 1.2637070330535496
41 49 1.3404799761020034
41 50 1.2395321279488927
41 51 1.3199375771701096
41 52 1.4361262860705213
41 53 1.3459593006224528
41 54 1.3391132206734142
41 55 1.1715968627346969
41 56 1.2725498267396649
41 57 1.4333014515723104
41 58 1.3952891068766828
41 59 1.4376450013306517
41 60 1.37899460348035
41 61 1.3317134686324974
41 62 1.3769963631697362
41 63 1.2927152082357842
41 64 1.2906067476813137
41 65 1.3098123198844969
41 66 1.318703394894967
41 67 1.3736988759024
41 68 1.349646552939202
41 69 1.2374561036995704
41 70 1.341732185448631
41 71 1.4524043787912266
41 72 1.4024215646309675
41 73 1.2890576140520884
41 74 1.392097316139463
41 75 1.3397526349498625
41 76 1.2247258572071549
41 77 1.2941853785171464
41 78 1.2609462322579414
41 79 1.401347264482544
41 80 1.420725131081547
41 81 1.339707427995463
41 82 1.3234283474520432
41 83 1.2830595111828103
41 84 1.3948519197806601
41 85 1.3995145319970743
41 86 1.2717489157830881
41 87 1.3511389009548531
41 88 1.3895699394842014
41 89 1.3147597310727723
42 43 1.3231667990841722
42 44 1.3386388719958877
42 45 1.3851180898884072
42 46 1.4081716336435277
42 47 1.3419639228880833
42 48 1.3256802558977585
42 49 1.271732456723536
42 50 1.4228911417459216
42 51 1.390586851567106
42 52 1.3727053111811343
42 53 1.2598474177499746
42 54 1.2893652380207687
42 55 1.3715141290607213
42 56 1.3650527290620589
42 57 1.4135948703025816
42 58 1.3484040337318477
42 59 1.388215471967004
42 60 1.270600008052715
42 61 1.404287387293882
42 62 1.3888529725998675
42 63 1.3586100305648272
42 64 1.4471559328903552
42 65 1.4297019642695743
42 66 1.3984119765271545
42 67 1.3080665208148925
42 68 1.3931556043929363
42 69 1.3286663511724004
42 70 1.4043921864580422
42 71 1.4300657072289433
42 72 1.3462658803116196
42 73 1.3409355726403904
42 74 1.3707157886483314
42 75 1.1666213772917962
42 76 1.3023405140408706
42 77 1.4118181301566637
42 78 1.2691140424194984
42 79 1.2309102329407666
42 80 1.4854769161777999
42 81 1.3171892628119666
42 82 1.2461832513330686
42 83 1.3196353706734403
42 84 1.407943404301858
42 85 1.335490627913721
42 86 1.3633826747406728
42 87 1.2388050645552457
42 88 1.356038282337256
42 89 1.3443348677070202
43 44 1.2285066566933818
43 45 1.3001608598560443
43 46 1.3174857619501166
43 47 1.2540031737253623
43 48 1.375221333039519
43 49 1.385846138557984
43 50 1.3812333677945805
43 51 1.3370180490239867
43 52 1.4040331594636446
43 53 1.190383246718417
43 54 1.3623423065046494
43 55 1.2269299594435057
43 56 1.3180653792552923
43 57 1.3617348708648604
43 58 1.148530227750494
43 59 1.3748459390467018
43 60 1.4002649332784396
43 61 1.3100426531554188
43 62 1.2625281876680792
43 63 1.293774569036478
43 64 1.315876425402858
43 65 1.327491062872211
43 66 1.4150047715793022
43 67 1.322026686946483
43 68 1.244100117299479
43 69 1.2948150563211953
43 70 1.3174652617585718
43 71 1.3164701205975164
43 72 1.3414562120273763
43 73 1.3848591194657758
43 74 1.3032432507225298
43 75 1.3733618512005583
43 76 1.3580402710499075
43 77 1.3331435183217832
43 78 1.3326877671023323
43 79 1.3718754050033732
43 80 1.3445197623917033
43 81 1.4323192121065635
43 82 1.3558272690989477
43 83 1.3214518804405402
43 84 1.3495315650944686
43 85 1.4134139528875869
43 86 1.3653973217115474
43 87 1.364435026585354
43 88 1.4135810314609214
43 89 1.4662259904295598
44 45 1.1255462892213601
44 46 1.3071840705793971
44 47 1.124385768822841
44 48 1.1736104103085487
44 49 1.2126155074322953
44 50 1.3030700685056733
44 51 1.2146990139653218
44 52 1.278591005200121
44 53 1.1744557919524095
44 54 1.3398364459373369
44 55 1.2383175648451188
44 56 1.134446853329417
44 57 1.2839413155482442
44 58 1.2006137202324625
44 59 1.3442491432694268
44 60 1.3015515909986448
44 61 1.135105690500892
44 62 1.1990230215470172
44 63 1.2089306380753686
44 64 1.3434995062461583
44 65 1.1454312040169767
44 66 1.1940341179681226
44 67 1.2422465832101586
44 68 1.2577884107511708
44 69 1.2023249037477772
44 70 1.2437434378798697
44 71 1.3128024231792461
44 72 1.3199063531385564
44 73 1.1702461908145867
44 74 1.2417233304463864
44 75 1.3618304091511255
44 76 1.1462805575093076
44 77 1.2245143583017457
44 78 1.1505937347718056
44 79 1.2979619384110144
44 80 1.2712194748743229
44 81 1.3415975005556955
44 82 1.2259606526326001
44 83 1.1476631652911307
44 84 1.269763075203957
44 85 1.376933116137408
44 86 1.2004374150985622
44 87 1.3461479560318783
44 88 1.2558922817183138
44 89 1.3228193124705296
45 46 1.4376092743511812
45 47 1.2387188897623873
45 48 1.2274859092510464
45 49 1.2229061330558477
45 50 1.3284313231681595
45 51 0.5822664954887793
45 52 1.2020142904974842
45 53 1.2237191742234412
45 54 1.3094634799458031
45 55 1.070514187308453
45 56 0.4426674070877117
45 57 1.2498060621193057
45 58 1.2450036467778423
45 59 1.3158238544527205
45 60 1.3162961129636856
45 61 0.5711614839597314
45 62 1.060922033289774
45 63 0.6611480679958337
45 64 1.3046788136178802
45 65 0.8356216662254089
45 66 1.2767750173972336
45 67 1.2295854169276208
45 68 1.4893937126020582
45 69 1.038516282973628
45 70 1.291744503861011
45 71 1.26252682044062
45 72 1.1630839182485184
45 73 1.0442963162305792
45 74 1.319553848555495
45 75 1.4114113851405483
45 76 1.0202259788946264
45 77 1.2785756933372594
45 78 1.2258343766171327
45 79 1.3449095294822362
45 80 1.4680800700251773
45 81 1.435334862079802
45 82 1.2044229558746529
45 83 0.9472916813414163
45 84 1.5160872895652129
45 85 1.2184882567258704
45 86 1.2227696889743638
45 87 1.1599444091295745
45 88 1.324165274234275
45 89 1.2692454999866032
46 47 1.27346735605027
46 48 1.397207858329196
46 49 1.4533280718647434
46 50 1.4404017787662993
46 51 1.507860279832333
46 52 1.3795901411307183
46 53 1.3411331796577515
46 54 1.4287118067477718
46 55 1.3799987961846716
46 56 1.495853640776041
46 57 1.5130878765466929
46 58 1.2101357251665767
46 59 1.4883442314529889
46 60 1.4817157569750223
46 61 1.5234729630322128
46 62 1.293684805717573
46 63 1.5340301694163834
46 64 1.3336081333866607
46 65 1.4647453908139205
46 66 1.2801595694222108
46 67 1.3993076320754254
46 68 0.9947447278748667
46 69 1.3216015262166514
46 70 1.325079746618634
46 71 1.2438939996569907
46 72 1.188804952693442
46 73 1.389311945843243
46 74 1.1542467756624541
46 75 1.5687090435016668
46 76 1.4798358671922411
46 77 1.275528084520881
46 78 1.456207621824529
46 79 1.2728949371995038
46 80 1.0056399376755816
46 81 1.3207238040280527
46 82 1.3775260852817877
46 83 1.3642896212292197
46 84 1.0482163490244656
46 85 1.2904166261381846
46 86 1.3958584499670261
46 87 1.4485879987288879
46 88 1.4087385559248142
46 89 1.333509219272998
47 48 1.1461337265608451
47 49 1.2524990863582395
47 50 1.4126181931880726
47 51 1.2892780148696688
47 52 1.3367735962767249
47 53 1.1972415727699646
47 54 1.2498234684422775
47 55 1.2008543034456565
47 56 1.288715607825281
47 57 1.3057234274409746
47 58 1.1367770374859627
47 59 1.3964902313692635
47 60 1.364860236671735
47 61 1.3082892690513468
47 62 1.2204091705573947
47 63 1.2548824621907522
47 64 1.3987090350214653
47 65 1.1615234676723492
47 66 1.2601123534184724
47 67 1.2532075145280244
47 68 1.2950724128993263
47 69 1.0863410818837271
47 70 1.3341639447717628
47 71 1.3223701555450107
47 72 1.3093718161424879
47 73 1.0921009644785087
47 74 1.2681804211190715
47 75 1.3065544754034428
47 76 1.2659692946287886
47 77 1.345441257387777
47 78 1.2925373893294716
47 79 1.2724845986173623
47 80 1.3404000266341647
47 81 1.3600993823586591
47 82 1.2088133522982512
47 83 1.203465887484802
47 84 1.3352554417477567
47 85 1.2933236867714601
47 86 1.2003462319374023
47 87 1.5299890107353757
47 88 1.2412927093554569
47 89 1.3631705298132972
48 49 1.2634996150657067
48 50 1.3808659965322636
48 51 1.2143166469839086
48 52 1.2726682328453824
48 53 1.2810240619949744
48 54 1.2604412693491904
48 55 1.201543505764049
48 56 1.2283329297961383
48 57 1.2683343351068932
48 58 1.2560919216630373
48 59 1.4099759303524404
48 60 1.3025153181487281
48 61 1.2519949863706916
48 62 1.289409588768853
48 63 1.2163802815088072
48 64 1.2973341967952547
48 65 1.2716808050963582
48 66 1.322539301086578
48 67 1.2301038878209722
48 68 1.3849074210633068
48 69 1.1416780836866178
48 70 1.3104600081350668
48 71 1.2900225800526683
48 72 1.359018864713585
48 73 1.0794278832428748
48 74 1.4637174125105992
48 75 1.2763148421969008
48 76 1.1300859430409473
48 77 1.4033729893510143
48 78 1.1747798253892754
48 79 1.329490234729537
48 80 1.432383929849581
48 81 1.454439377024365
48 82 1.229191779301474
48 83 1.2016270733068173
48 84 1.4713988574873054
48 85 1.3654890343859518
48 86 1.1258742209390746
48 87 1.3110710577317841
48 88 1.1637552206178547
48 89 1.2387577963195116
49 50 1.1722876642223352
49 51 1.286258969042989
49 52 1.2897561479231427
49 53 1.2595123734687979
49 54 1.1430747232578877
49 55 1.2415812283184708
49 56 1.2175117365002428
49 57 1.279568347503274
49 58 1.3757661922965074
49 59 1.367603746411766
49 60 1.2409233542815732
49 61 1.2005249015527222
49 62 1.2629226237315545
49 63 1.3572377632440678
49 64 1.289325876725391
49 65 1.3141416768786953
49 66 1.3787632039117936
49 67 1.134651330982557
49 68 1.4158880594045475
49 69 1.2186829863498254
49 70 1.3268206439853532
49 71 1.3854368873285932
49 72 1.4335727658504196
49 73 1.1735515915419448
49 74 1.3896675425176606
49 75 1.1617270435178686
49 76 1.2380349749114337
49 77 1.3025343624164607
49 78 1.1113756356594444
49 79 1.2911404454263777
49 80 1.4857866586605963
49 81 1.339304879047269
49 82 1.3995969254884366
49 83 1.2962499720014162
49 84 1.4488575513278505
49 85 1.238759185041915
49 86 1.1975549892440944
49 87 1.2678695371017072
49 88 1.2143300070983776
49 89 1.1001251056786605
50 51 1.338809732115183
50 52 1.420094809750786
50 53 1.3129785246783947
50 54 1.3790975995977006
50 55 1.259152494684221
50 56 1.295315713384963
50 57 1.3945577754049967
50 58 1.298248461411225
50 59 1.3713671182141076
50 60 1.382239258842806
50 61 1.303116634441258
50 62 1.3619804291754507
50 63 1.3484028185555967
50 64 1.2692099392389835
50 65 1.3197526250624805
50 66 1.2747016949853853
50 67 1.393440270746993
50 68 1.4523381579469972
50 69 1.3820459572557071
50 70 1.314247758686999
50 71 1.279851521701444
50 72 1.3912302957735523
50 73 1.32927136349656
50 74 1.323435470303722
50 75 1.3777137732310676
50 76 1.3224303345234252
50 77 1.3029951076644115
50 78 1.4083484907151158
50 79 1.4263186576711684
50 80 1.4607167875144609
50 81 1.4375653275560027
50 82 1.4926118492509362
50 83 1.3036675197968288
50 84 1.3499336100827688
50 85 1.3536974540947135
50 86 1.4561920003052538
50 87 1.3944303751357203
50 88 1.4063018804552048
50 89 1.365518474453549
51 52 1.2088745452954306
51 53 1.33970883597866
51 54 1.2608458586443054
51 55 1.063929242082817
51 56 0.6006899862206012
51 57 1.255766401335824
51 58 1.3449968798620489
51 59 1.3114325355914576
51 60 1.2403784933388724
51 61 0.5104476850533365
51 62 1.1387796534499859
51 63 0.7066019080425756
51 64 1.3437197978081068
51 65 0.8460086252789785
51 66 1.35241240869325
51 67 1.2352195268520132
51 68 1.533840404388019
51 69 1.0666655097902336
51 70 1.27905454507858
51 71 1.3091220610730605
51 72 1.2184551415578593
51 73 1.0272291510757077
51 74 1.3742393856794575
51 75 1.382540025081212
51 76 1.1018083788469888
51 77 1.243931618535372
51 78 1.2331342900977698
51 79 1.335357383233182
51 80 1.511976324512111
51 81 1.4797135461610684
51 82 1.2277179163333733
51 83 0.9886328858553772
51 84 1.507623046170213
51 85 1.2529051445803667
51 86 1.2036147440699858
51 87 1.2253829046722922
51 88 1.2509929920224194
51 89 1.23476943195995
52 53 1.3299200730911087
52 54 1.3420916324447119
52 55 1.3781584267615856
52 56 1.1863545740733152
52 57 1.3052592689356923
52 58 1.2508659321851083
52 59 1.4072413791461722
52 60 1.3746145868770545
52 61 1.2312456414599067
52 62 1.2402403616583144
52 63 1.2482843895738787
52 64 1.3525894407993488
52 65 1.3098055037098546
52 66 1.3677352558866835
52 67 1.2543641004325794
52 68 1.4108089483177644
52 69 1.3037226860827709
52 70 1.3868084633523383
52 71 1.3072348934916613
52 72 1.3763529370505447
52 73 1.3141004050330083
52 74 1.4078011401442454
52 75 1.3961330559891454
52 76 1.2007035135435227
52 77 1.4174212550337333
52 78 1.214868919958226
52 79 1.3529452107160298
52 80 1.395215640768536
52 81 1.3745757140599228
52 82 1.250211218235126
52 83 1.332627353486302
52 84 1.4449877801467852
52 85 1.387141128436218
52 86 1.283909438100786
52 87 1.2789710965589023
52 88 1.2396229943940076
52 89 1.2508652527839905
53 54 1.2768974098002528
53 55 1.2850979896927337
53 56 1.2367171536086115
53 57 1.2004878037381943
53 58 1.106331286414723
53 59 1.3423486514592948
53 60 1.1432986336206523
53 61 1.2678938261058192
53 62 1.246437008239496
53 63 1.2868931623984405
53 64 1.281432012380334
53 65 1.2711338915282642
53 66 1.3648666366270048
53 67 1.2233284290616642
53 68 1.291986156334981
53 69 1.2469888734434953
53 70 1.328589193464069
53 71 1.2816832834196548
53 72 1.2482792389272865
53 73 1.1671087863353777
53 74 1.3336308845498457
53 75 1.3139172876218306
53 76 1.148063178600945
53 77 1.3310132651912854
53 78 1.072693342202713
53 79 1.3793027668910014
53 80 1.4690902675188813
53 81 1.2116674533162808
53 82 1.303545947377597
53 83 1.2836110589590122
53 84 1.3691804470524438
53 85 1.3243822797124767
53 86 1.10537433260894
53 87 1.3627463208855441
53 88 1.2561853733062045
53 89 1.314244473732385
54 55 1.1595004982831718
54 56 1.3226657400466657
54 57 1.1462793153399056
54 58 1.4328458156289068
54 59 1.2901935361941974
54 60 1.148682611845463
54 61 1.3183046642626726
54 62 1.255465499653776
54 63 1.3133807537215794
54 64 1.379863292204519
54 65 1.3751954020759727
54 66 1.4535502510845415
54 67 1.2507717480401073
54 68 1.4064173678565797
54 69 1.2284237215467952
54 70 1.3780681373043289
54 71 1.3056363982471455
54 72 1.333695698686687
54 73 1.1613415131424416
54 74 1.5026948216626654
54 75 1.2703004387569456
54 76 1.162956630173721
54 77 1.3088826555009874
54 78 1.0400032126187346
54 79 1.317318920296039
54 80 1.384086351941489
54 81 1.322332688169578
54 82 1.1984678439947951
54 83 1.3124936060293344
54 84 1.5146429963844155
54 85 1.222868807110242
54 86 1.0008737755848434
54 87 1.3356071977282893
54 88 1.2076123760193564
54 89 1.1856228875139023
55 56 1.03089604741169
55 57 1.3296709793084636
55 58 1.2860268489427866
55 59 1.2918496763095522
55 60 1.349886743650151
55 61 1.0668242541772113
55 62 1.2827322478674035
55 63 1.032226061242411
55 64 1.265561400789764
55 65 1.0948134423845028
55 66 1.335654514086042
55 67 1.2405179795355035
55 68 1.388067508735065
55 69 1.1288542385122062
55 70 1.2874681814340143
55 71 1.2458713252401954
55 72 1.2427379222916124
55 73 1.1159715297545187
55 74 1.3056832553173845
55 75 1.3689901268739697
55 76 1.2233510738714268
55 77 1.2548739236486044
55 78 1.3041563075074551
55 79 1.2930406472839657
55 80 1.3824634592843468
55 81 1.3324454458603159
55 82 1.2047857542189582
55 83 1.140887322125366
55 84 1.4902335321462157
55 85 1.2636563066278201
55 86 1.2222729606006926
55 87 1.280682598769684
55 88 1.3596923233203886
55 89 1.2985697492135755
56 57 1.2341832235856331
56 58 1.2445352075307397
56 59 1.28701038888216
56 60 1.244422119704545
56 61 0.5451556685166487
56 62 1.1255569828419796
56 63 0.5813846021294522
56 64 1.2709045573288416
56 65 0.8670065534551349
56 66 1.2726887676705247
56 67 1.174883491604009
56 68 1.5310423465559908
56 69 1.0793216911197276
56 70 1.3083407763671624
56 71 1.3120408676697517
56 72 1.2100000098685957
56 73 1.0107487638160115
56 74 1.308788982977682
56 75 1.367918696298172
56 76 1.0132943086051063
56 77 1.3084380252609311
56 78 1.197177675582897
56 79 1.3485483919240904
56 80 1.5348917102835387
56 81 1.466551199907514
56 82 1.1600119402536402
56 83 0.9843133301759028
56 84 1.5044390482838372
56 85 1.2031966518732775
56 86 1.2302772838665557
56 87 1.097041059866454
56 88 1.2955425348380496
56 89 1.2392860658164906
57 58 1.341170470464583
57 59 1.2521593989424287
57 60 1.0339345655283199
57 61 1.2079324018107713
57 62 1.3011444338980813
57 63 1.312152807231104
57 64 1.3300383095959822
57 65 1.2422710759483413
57 66 1.4296586424988351
57 67 1.1249241389987885
57 68 1.528575292537496
57 69 1.2630628484545443
57 70 1.4208817411364671
57 71 1.3614829926190393
57 72 1.395047019197964
57 73 1.1910128479285025
57 74 1.5249949721375278
57 75 1.3399475524539262
57 76 1.0997146248426193
57 77 1.3141637148607979
57 78 0.9040281500972835
57 79 1.3726642509614875
57 80 1.3291448537839536
57 81 1.442045936856186
57 82 1.2693528002213226
57 83 1.3411204734164839
57 84 1.4916296172053758
57 85 1.3198730136586603
57 86 1.1017278390492988
57 87 1.2858625740869687
57 88 1.1494071915192678
57 89 1.2897415606569693
58 59 1.4429847460284855
58 60 1.3841775122430149
58 61 1.3244456949955796
58 62 1.292140441673456
58 63 1.282698773057703
58 64 1.2710308373054517
58 65 1.1979635047444288
58 66 1.2252490086005363
58 67 1.2171677536672612
58 68 1.2524702339222447
58 69 1.3100155919244771
58 70 1.2547041926496196
58 71 1.3060206637603788
58 72 1.3436920450050236
58 73 1.2810014817257873
58 74 1.2571146145765069
58 75 1.4559976384863935
58 76 1.2616915076391453
58 77 1.4898569368744516
58 78 1.331895349052822
58 79 1.376781392473141
58 80 1.3455196551064668
58 81 1.427380668774701
58 82 1.2890624742116095
58 83 1.3285050558256828
58 84 1.222946428633933
58 85 1.2739296145277275
58 86 1.3204007414930983
58 87 1.3641980079615947
58 88 1.270007769482445
58 89 1.3917212511937365
59 60 1.2763633860348318
59 61 1.2537718476291255
59 62 1.2252987995260838
59 63 1.2138707115213732
59 64 1.4109027352399335
59 65 1.2205051910555587
59 66 1.434575253234289
59 67 1.361171047908781
59 68 1.4846953709216255
59 69 1.3924840378707894
59 70 1.391568340947088
59 71 1.4851240059562767
59 72 1.4070796261168386
59 73 1.29522080886223
59 74 1.3787900634355603
59 75 1.4033223814114943
59 76 1.338122325289639
59 77 1.3606546246985676
59 78 1.2807890352721825
59 79 1.354521785002014
59 80 1.3884157391283665
59 81 1.3867704849676223
59 82 1.2428141424976509
59 83 1.3586547724422324
59 84 1.4405211560450246
59 85 1.3705205198828403
59 86 1.2695243242294874
59 87 1.2863642527950594
59 88 1.2542949149805387
59 89 1.3249616844566143
60 61 1.2170999386133898
60 62 1.3575522195432446
60 63 1.2562865002156665
60 64 1.4108206522293327
60 65 1.3325332871024425
60 66 1.3782891675473627
60 67 1.1257692026879074
60 68 1.3988274546373165
60 69 1.2841097308483813
60 70 1.384846888877816
60 71 1.4305964016515886
60 72 1.3823315549052457
60 73 1.0386118683343897
60 74 1.3369425088227447
60 75 1.1826542807744735
60 76 1.146875587969965
60 77 1.3590807339178042
60 78 0.8887961587763634
60 79 1.3551491409748773
60 80 1.5017525224789234
60 81 1.3563042340822422
60 82 1.2456179193416976
60 83 1.375231807659646
60 84 1.3956370614404505
60 85 1.295315882120475
60 86 1.0807066378018024
60 87 1.2579417450186614
60 88 1.0588391140028466
60 89 1.259428781730216
61 62 1.118096157947281
61 63 0.7152845886368214
61 64 1.3266698938329928
61 65 0.7969507351013204
61 66 1.3349811754363354
61 67 1.1981393477972004
61 68 1.582979864271553
61 69 1.164784930661075
61 70 1.2618113414436674
61 71 1.3228239419787933
61 72 1.2244702724305532
61 73 0.9974850345456571
61 74 1.3520550023179927
61 75 1.3916048255945388
61 76 1.0392634270837586
61 77 1.2452302295640272
61 78 1.1780238703504389
61 79 1.3658852414383065
61 80 1.5396848460110129
61 81 1.4824720394044895
61 82 1.2340346928485557
61 83 1.0615130208848693
61 84 1.5252099416419898
61 85 1.217787252806841
61 86 1.2310220392766127
61 87 1.1720013015451465
61 88 1.2613231761247297
61 89 1.271829785906535
62 63 1.179181067655395
62 64 1.3358075234612123
62 65 1.2276235463560474
62 66 1.2970652536111718
62 67 1.308715170375719
62 68 1.4651918514339486
62 69 1.1630573959927601
62 70 1.2431153464087132
62 71 1.2988564358038377
62 72 1.326589305248425
62 73 1.182178239804837
62 74 1.4522779077316663
62 75 1.4640781430045169
62 76 1.239094284317122
62 77 1.2482206671723421
62 78 1.2954933302258007
62 79 1.3324596502772683
62 80 1.3668648403435686
62 81 1.4556702709800817
62 82 1.3219139536399627
62 83 1.0984316762399509
62 84 1.476221729799072
62 85 1.1812231599740612
62 86 1.3177289867535755
62 87 1.3132283569407381
62 88 1.2858009346376682
62 89 1.3036663563431752
63 64 1.325248138751926
63 65 0.9336838065487951
63 66 1.3009323731891105
63 67 1.249783611149636
63 68 1.516392910303041
63 69 1.1292725585647045
63 70 1.2751386248245618
63 71 1.2880543535536446
63 72 1.1740562659114058
63 73 1.0407779564134059
63 74 1.2957666664271437
63 75 1.3497330259621367
63 76 1.0696304609928093
63 77 1.3358189649733274
63 78 1.2566587915304956
63 79 1.3544013625332247
63 80 1.5400843091330416
63 81 1.4765835602002833
63 82 1.0243588358322895
63 83 1.017000751330009
63 84 1.5010849953061747
63 85 1.1947059752006712
63 86 1.2190962368349962
63 87 1.2007421715014799
63 88 1.3366987091462827
63 89 1.2820952428176036
64 65 1.312175236305292
64 66 1.4212216205166126
64 67 1.2872280384878563
64 68 1.3958906634057213
64 69 1.2376931795561354
64 70 1.4301851700033232
64 71 1.3145375082033015
64 72 1.3345440634503882
64 73 1.2824982769713704
64 74 1.4564937727513738
64 75 1.4564585126490062
64 76 1.3570262504242911
64 77 1.3376170166715762
64 78 1.348364330183022
64 79 1.4459783781055
64 80 1.309204172539788
64 81 1.3318919491557517
64 82 1.2913578643768933
64 83 1.3560800072700043
64 84 1.413446886286666
64 85 1.270890869792509
64 86 1.3641789197266254
64 87 1.3374022443513651
64 88 1.382606878385347
64 89 1.35294071609359
65 66 1.3494368918181148
65 67 1.2348121307301838
65 68 1.45821509496974
65 69 1.1518625615672287
65 70 1.2473579874520444
65 71 1.3708606569416901
65 72 1.2872103654656792
65 73 1.1358219719358065
65 74 1.3288164981989288
65 75 1.4506876395121338
65 76 1.1449486273821314
65 77 1.3301835642994133
65 78 1.2695228599271808
65 79 1.3318929002958335
65 80 1.4042573382171655
65 81 1.4289657253074057
65 82 1.273853012293365
65 83 1.1238286363761716
65 84 1.4248491215264485
65 85 1.234677448886887
65 86 1.2726498564382114
65 87 1.3397556239906407
65 88 1.27697428383305
65 89 1.3063628733370565
66 67 1.3127534763816
66 68 1.278358348248202
66 69 1.237258209452909
66 70 1.3202148783641494
66 71 1.3417498552530671
66 72 1.4053128163475994
66 73 1.2834787628278217
66 74 1.1950055118432152
66 75 1.3795764666433064
66 76 1.3459838473639196
66 77 1.4231243863886507
66 78 1.387294800626986
66 79 1.4054923231977083
66 80 1.2929644246795413
66 81 1.4979578034670529
66 82 1.3083758012751543
66 83 1.263137307581363
66 84 1.2741151511727542
66 85 1.2995028519603429
66 86 1.4064092652099214
66 87 1.2644072756285496
66 88 1.3631431636230154
66 89 1.3857776253012999
67 68 1.3714819047494002
67 69 1.2375000720801452
67 70 1.3795939137142017
67 71 1.3465631112528436
67 72 1.2865194119999035
67 73 1.0578935939608243
67 74 1.2780342107061422
67 75 1.2614824187613296
67 76 1.177851201087457
67 77 1.3153099340953918
67 78 0.9832424663551228
67 79 1.2622574959686697
67 80 1.4301103490465907
67 81 1.3272872645193394
67 82 1.240283880206789
67 83 1.28646744087076
67 84 1.366593274869294
67 85 1.254566878454696
67 86 1.085412720016809
67 87 1.2817406079935272
67 88 1.0929160920442391
67 89 1.1030783441078678
68 69 1.293449181853807
68 70 1.3520408533451274
68 71 1.3012497389318538
68 72 1.2852539868533102
68 73 1.4283949145738504
68 74 0.9176414860765507
68 75 1.4915375242356828
68 76 1.4618235825051165
68 77 1.3412335688956676
68 78 1.4774788566099701
68 79 1.325125894931291
68 80 1.1685799692900833
68 81 1.3310646085303621
68 82 1.4490106671338945
68 83 1.3816454058695442
68 84 0.8356963135626795
68 85 1.4196444960244525
68 86 1.436212455085469
68 87 1.4450702522401284
68 88 1.433563805853588
68 89 1.4570743734810707
69 70 1.356327296035968
69 71 1.297353241759917
69 72 1.266589826846862
69 73 1.123841014681089
69 74 1.2723479693164732
69 75 1.3354427921159608
69 76 1.2793305152750454
69 77 1.3428514338072144
69 78 1.3007977674396058
69 79 1.3008300725050843
69 80 1.3372632715115782
69 81 1.3124334687188737
69 82 1.196619615292638
69 83 1.0711030602907345
69 84 1.3641102048540408
69 85 1.299628469396653
69 86 1.2654804467650833
69 87 1.363392375956824
69 88 1.3252007867266773
69 89 1.131939590246297
70 71 1.344413570361059
70 72 1.3390172458351648
70 73 1.3352916996692774
70 74 1.2928475870170795
70 75 1.4737335392350472
70 76 1.3390393898719206
70 77 1.3895279179431854
70 78 1.4061967209538335
70 79 1.455724166259025
70 80 1.3886745709765114
70 81 1.3761042044918483
70 82 1.3326670415299053
70 83 1.292472953875865
70 84 1.2875480918551796
70 85 1.2663327893443275
70 86 1.3919158463681585
70 87 1.4422555425425188
70 88 1.2856693870615026
70 89 1.18670236666897
71 72 0.8491134585403703
71 73 1.272427971478427
71 74 1.2807629224407835
71 75 1.3661699289248357
71 76 1.332749545978569
71 77 1.1731940010132673
71 78 1.4140724153106192
71 79 1.2723710967660735
71 80 1.3630941955420761
71 81 1.3839876507186883
71 82 1.3749611743932497
71 83 1.208741713567233
71 84 1.3675068193295496
71 85 1.1333909256210513
71 86 1.367542639466495
71 87 1.3458573026037843
71 88 1.382553872436409
71 89 1.394367541702389
72 73 1.2120124077121053
72 74 1.1889247836171968
72 75 1.391700280584951
72 76 1.2894920316228566
72 77 1.212957182186679
72 78 1.369308470012582
72 79 1.219279770792948
72 80 1.3536539420997802
72 81 1.331357288299641
72 82 1.3128381150131985
72 83 1.2520536983620834
72 84 1.328516784964917
72 85 1.110004435023087
72 86 1.3013268720587399
72 87 1.3206977330906915
72 88 1.4144093720568738
72 89 1.2938584039977314
73 74 1.301883814032123
73 75 1.2122656176245863
73 76 1.0190202987313017
73 77 1.275374241122199
73 78 1.0541092037160242
73 79 1.3129035221240068
73 80 1.5023196952896172
73 81 1.354180348232066
73 82 1.13091023086018
73 83 1.1486667867260374
73 84 1.4678253063374358
73 85 1.1428320735726127
73 86 0.9699685340653575
73 87 1.2550179094017424
73 88 1.0967408244260628
73 89 1.1120941014287322
74 75 1.4317881515064663
74 76 1.4244656760594334
74 77 1.2917274192484645
74 78 1.463711380522085
74 79 1.2795095743644085
74 80 1.2948783770527605
74 81 1.3790867696037918
74 82 1.336162260739526
74 83 1.3019323432886387
74 84 0.7999813051653978
74 85 1.3533385431851388
74 86 1.4871972122675414
74 87 1.2971567694009825
74 88 1.384058786520571
74 89 1.446381141588459
75 76 1.341473082431257
75 77 1.426715371790067
75 78 1.1870050524684292
75 79 1.379100493482734
75 80 1.5871386002648709
75 81 1.3603627079873615
75 82 1.3628623875942347
75 83 1.4719603223001518
75 84 1.5320112498093035
75 85 1.4069301144554143
75 86 1.0819504040990062
75 87 1.4030691799297614
75 88 1.2697079384844596
75 89 1.2759254976571837
76 77 1.3354932615891444
76 78 1.037429415178636
76 79 1.2762407931579913
76 80 1.4368034310695206
76 81 1.338644450336631
76 82 1.1825941406172364
76 83 1.2280595182397516
76 84 1.5155489678643381
76 85 1.1977016978148156
76 86 1.128718004729432
76 87 1.0877030823119171
76 88 1.1323292786564583
76 89 1.237461498614283
77 78 1.3016502376321373
77 79 1.2772057430901342
77 80 1.3612037119494051
77 81 1.4587036727911808
77 82 1.2576018133840565
77 83 1.2385490009566147
77 84 1.3669356662623988
77 85 1.3145605095300144
77 86 1.3515790347271581
77 87 1.3029271850113575
77 88 1.2985938389383638
77 89 1.3232677543923541
78 79 1.3218514815651308
78 80 1.4274054392882318
78 81 1.3133387305618167
78 82 1.1613904403593533
78 83 1.3464314376695203
78 84 1.5062389743942275
78 85 1.3026485411277868
78 86 0.8538234292533013
78 87 1.1995443672175883
78 88 1.006494711906543
78 89 1.1680711203609808
79 80 1.3883368397289024
79 81 1.3271959944254854
79 82 1.2329230285179051
79 83 1.2581161698512204
79 84 1.3620446633992103
79 85 1.269991610315446
79 86 1.3249641864320019
79 87 1.2074259525894748
79 88 1.2991733292671999
79 89 1.2549266862188533
80 81 1.3397638592268846
80 82 1.4280393083676997
80 83 1.3415498421669119
80 84 1.1526703118334918
80 85 1.3645648434491888
80 86 1.4476074980994769
80 87 1.4519783108622417
80 88 1.3944338754088799
80 89 1.4336917893076375
81 82 1.3220738912286796
81 83 1.4335706620328916
81 84 1.41091356664369
81 85 1.324441231874821
81 86 1.2743146355451929
81 87 1.452648263583501
81 88 1.276836934109837
81 89 1.2296489135336102
82 83 1.2285615602239286
82 84 1.4265720161846238
82 85 1.270178897376074
82 86 1.154417613114646
82 87 1.1675119783570262
82 88 1.2342128548011628
82 89 1.2361038674440703
83 84 1.3933783302492742
83 85 1.2078296181663384
83 86 1.2946475583387997
83 87 1.2317393213239134
83 88 1.3595698498061533
83 89 1.3221349327750591
84 85 1.3483636527499359
84 86 1.5518305613489372
84 87 1.4201589738120302
84 88 1.3857959899896495
84 89 1.4660161650683157
85 86 1.2825275196100816
85 87 1.188668455777854
85 88 1.286273671079382
85 89 1.2721803530881777
86 87 1.4109437020052114
86 88 1.0766933326211499
86 89 1.1035113823306102
87 88 1.2585233361700978
87 89 1.3465467016939667
88 89 1.1368783249680199
