75 0
0 1 1.2612323732517967
0 2 1.3058994729711766
0 3 1.3467447461230109
0 4 1.3002101297254096
0 5 1.222218142905925
0 6 1.2939234837611948
0 7 1.2241916784506957
0 8 1.3925700246501498
0 9 1.3405264846334697
0 10 1.3510350642642108
0 11 1.2701828054171622
0 12 1.2882896739450853
0 13 1.4300381737685695
0 14 1.3171889806117338
0 15 1.339408307319319
0 16 1.3618957106916165
0 17 1.3517931914301995
0 18 1.2864109759613847
0 19 1.211399872021477
0 20 1.4047364360117331
0 21 1.3398909880842116
0 22 1.3822358598911897
0 23 1.3755063251534658
0 24 1.432899683117854
0 25 1.1939541497840571
0 26 1.3957944813284915
0 27 1.2203208055635402
0 28 1.3941622799302256
0 29 1.3277827385360583
0 30 1.3622045259112803
0 31 1.3619909536684223
0 32 1.3287128980538465
0 33 1.3741437160802403
0 34 1.167608955953715
0 35 1.2364568622525305
0 36 1.1846644999286673
0 37 1.227244643839129
0 38 1.2541564529424933
0 39 1.2418103373687615
0 40 1.3357806263632412
0 41 1.3228113201762193
0 42 1.4333777866857722
0 43 1.370750755968008
0 44 1.3549121898929966
0 45 1.2433149748455152
0 46 1.2233703396935265
0 47 1.2363324093987362
0 48 1.3421485771851627
0 49 1.3233471571547017
0 50 1.2957531193962726
0 51 1.2558267346250696
0 52 1.3927489859638815
0 53 1.4463169708359258
0 54 1.369237450698458
0 55 1.441067195226539
0 56 1.3984688233736822
0 57 1.1083143619355194
0 58 1.2806832743488656
0 59 1.2344677303379592
0 60 1.403869217535843
0 61 1.3311673317336246
0 62 1.4034934441259954
0 63 1.378874710728812
0 64 1.2584348882144472
0 65 1.3073608689694378
0 66 1.4472182229159836
0 67 1.3511728044838318
0 68 1.055118331512691
0 69 1.2409394691545514
0 70 1.307567935057221
0 71 1.3510999607127134
0 72 1.4457651007746377
0 73 1.3536899952466008
0 74 1.3638696597851874
1 2 1.3400169785884763
1 3 1.3205478892884506
1 4 1.3537573126093945
1 5 1.2163673117181835
1 6 1.3326451684146683
1 7 1.2644537195524712
1 8 1.3112476865821867
1 9 1.3188941063133715
1 10 1.3512198056398943
1 11 1.1793628555453959
1 12 1.3825730884525231
1 13 1.3815691800028282
1 14 1.2230511529660462
1 15 1.328534725012597
1 16 1.2776419683172249
1 17 1.2971831925986836
1 18 1.376702609989199
1 19 1.3456542260618427
1 20 1.4354295557311392
1 21 1.419148568721624
1 22 1.3661220239935508
1 23 1.4022199588253488
1 24 1.4142432178558122
1 25 1.2499179544773842
1 26 1.3258204468099866
1 27 1.1606987439255227
1 28 1.3138139524041053
1 29 1.3565950433676102
1 30 1.280391349855338
1 31 1.4083766526202308
1 32 1.3501805237479148
1 33 1.3868746774347307
1 34 1.1580476697116544
1 35 1.2445673988648798
1 36 1.2997290880771488
1 37 1.3606520714839587
1 38 1.227267045954281
1 39 1.281655730277109
1 40 1.2347092793891905
1 41 1.282260501781379
1 42 1.4648089865632516
1 43 1.3815792888866305
1 44 1.3115923131122844
1 45 1.2051149224897386
1 46 1.2568537261377652
1 47 1.2340593084577611
1 48 1.3966111939573882
1 49 1.3641543809360535
1 50 1.2649263641238706
1 51 1.1499051726420855
1 52 1.3654612374648287
1 53 1.3246448345685249
1 54 1.3037530891810807
1 55 1.392531033030672
1 56 1.3448890407511513
1 57 1.12645406538558
1 58 1.2370801142651642
1 59 1.3741608837662014
1 60 1.4613311247643574
1 61 1.2918563899117805
1 62 1.3858121406852133
1 63 1.3865275938931185
1 64 1.2866378243871135
1 65 1.2971429557496519
1 66 1.4746190681726856
1 67 1.345874642761578
1 68 1.2863899411115907
1 69 1.2609908573058786
1 70 1.1879005429258804
1 71 1.246502753275519
1 72 1.300858249380547
1 73 1.173819573294038
1 74 1.2811732776982792
2 3 1.2535083117394892
2 4 1.3694399278611653
2 5 1.2457383403410152
2 6 1.3613896642991277
2 7 1.3684494691601592
2 8 1.315494429830699
2 9 1.3906773884899783
2 10 1.4338041367470458
2 11 1.3353509053871302
2 12 1.3468121504364088
2 13 1.238315382568135
2 14 1.2363976956084144
2 15 1.218529059484327
2 16 1.3264243932903677
2 17 1.3019708772447487
2 18 1.3445584993472792
2 19 1.311725971584512
2 20 1.3892876460090693
2 21 1.4326943676403492
2 22 1.1988555734071145
2 23 1.2743860715603375
2 24 1.480732030768137
2 25 1.3575396764955907
2 26 1.412418254700897
2 27 1.4270420779855415
2 28 1.3254483410447206
2 29 1.3645516441166794
2 30 1.4144865667787718
2 31 1.3757669840402575
2 32 0.6324710481905529
2 33 1.350443088699312
2 34 1.3724943809799517
2 35 1.3904290940727553
2 36 1.3771466864874562
2 37 1.2564485602052005
2 38 1.3945927259576045
2 39 1.3028573289895018
2 40 0.9871536576141161
2 41 1.3216594747074044
2 42 1.1577802410792837
2 43 1.3467065060203771
2 44 1.3933190013071883
2 45 1.3166797727022301
2 46 1.3653862208686824
2 47 1.3416138560971103
2 48 1.2211650208037461
2 49 1.2183081034031416
2 50 1.4096672870223672
2 51 1.3299240758367794
2 52 1.3849633747942782
2 53 1.3843699574837687
2 54 1.3550394845404516
2 55 1.3539554399003149
2 56 1.4580799211323205
2 57 1.3782253012510148
2 58 1.3325138214565637
2 59 1.3386602151481495
2 60 1.307585821586093
2 61 1.3518983574824983
2 62 1.2685718197114157
2 63 1.2702276159984984
2 64 1.3265490148344496
2 65 1.292875809881476
2 66 1.4220369220786988
2 67 1.3916732329889459
2 68 1.1943926440459474
2 69 1.3475691351959214
2 70 1.2599831887939565
2 71 1.3820575113356306
2 72 1.345082145739464
2 73 1.4565129420886418
2 74 1.262684603304658
3 4 1.2004288771617837
3 5 1.213785456319895
3 6 1.0796370126529726
3 7 1.2383175648451188
3 8 1.345372039393439
3 9 1.22471861018877
3 10 1.1951447606934478
3 11 1.2195903402832589
3 12 1.257078996446573
3 13 1.1014388694416506
3 14 1.0260807254880302
3 15 1.244358813051327
3 16 1.1850815106634445
3 17 1.2114559947436463
3 18 1.262019935555422
3 19 1.2670885795062083
3 20 1.2021158690973759
3 21 1.2839413155482442
3 22 1.142142689332055
3 23 1.2103386506930776
3 24 1.2580816832490738
3 25 1.192322576967176
3 26 1.2474630529414208
3 27 1.2746853028197247
3 28 1.3814969928611207
3 29 1.277146664118024
3 30 1.1338084604312657
3 31 1.2879198217473489
3 32 1.2835261110795073
3 33 1.2992021133143465
3 34 1.1879288667510088
3 35 1.196685722804338
3 36 1.356457122265655
3 37 1.332871714099231
3 38 1.180628061491736
3 39 1.0617534149606427
3 40 1.2104337262471816
3 41 1.105080513780026
3 42 1.2880476050876606
3 43 1.1505937347718056
3 44 1.1800360677315256
3 45 1.1476631652911307
3 46 1.3576207066553652
3 47 1.24521953454959
3 48 1.2890077784253082
3 49 1.2848093076311682
3 50 1.0052088174146496
3 51 1.2165942843165782
3 52 1.313395615046098
3 53 1.1853399872680266
3 54 1.3386388719958877
3 55 1.1176026739292715
3 56 1.287856870294362
3 57 1.1905399124237002
3 58 1.2107645502001192
3 59 1.4157488765706052
3 60 1.2117101031926272
3 61 1.2246439911176104
3 62 1.1575727593195688
3 63 1.2323274613873751
3 64 1.241430535589363
3 65 1.1017182846730897
3 66 1.2340753717309652
3 67 1.3718571664600228
3 68 1.283079192587324
3 69 1.1586263390824798
3 70 1.2795175455230443
3 71 1.1719125519819353
3 72 1.0734580915813332
3 73 1.1943421187058911
3 74 1.0682583072530656
4 5 1.1798997209104445
4 6 1.2086067421691467
4 7 1.257746316585511
4 8 1.3606283660157255
4 9 1.3249740857403383
4 10 1.1225758554871392
4 11 1.0649546555403673
4 12 1.219810658606558
4 13 1.1442778430903204
4 14 1.194517320385221
4 15 1.2298356974113591
4 16 1.3100749155322664
4 17 1.159432247915867
4 18 1.2848622208037006
4 19 1.3092386161359615
4 20 1.198775984188593
4 21 1.2589130706024172
4 22 1.35612907104453
4 23 1.4159053306567255
4 24 1.1628055282445164
4 25 1.2931682210119932
4 26 1.1369440675406013
4 27 1.2427621733013674
4 28 1.5877019451750736
4 29 1.1809584408038574
4 30 1.190197244245336
4 31 1.051033078007414
4 32 1.4303252688214787
4 33 1.4355035792256925
4 34 1.2763383450409507
4 35 1.2188969312134679
4 36 1.3402950171824912
4 37 1.204899339518424
4 38 1.038532144835032
4 39 1.1689433702568879
4 40 1.4218246046967022
4 41 1.3346449758640815
4 42 1.4030605795952473
4 43 1.007716762449206
4 44 1.2168491378026558
4 45 1.2773209462636548
4 46 1.0602621752182324
4 47 1.267080002358355
4 48 1.2757253090347862
4 49 1.3075572404677505
4 50 1.1336685186126179
4 51 1.3045268498063836
4 52 1.1972502760385093
4 53 1.2041295999197388
4 54 1.2345200420726774
4 55 1.1442675720240263
4 56 1.385613414598699
4 57 1.2304167710405298
4 58 1.2129924535582262
4 59 1.4291292384885996
4 60 1.3136465150898728
4 61 1.2606041617175077
4 62 1.3831927208092536
4 63 1.362668610282033
4 64 1.320259446872418
4 65 1.219684546329875
4 66 1.4012262120683336
4 67 1.218644648681301
4 68 1.3666107104096934
4 69 1.2780037194459188
4 70 1.3408452037685643
4 71 1.20693509917443
4 72 1.1625330079512102
4 73 1.3568866554792371
4 74 1.1222753694213903
5 6 1.138646966094531
5 7 1.2162783944669606
5 8 1.2448613310921937
5 9 1.2579852327922567
5 10 1.1756960955489886
5 11 1.065209612782223
5 12 1.318456530070372
5 13 1.3401896219104033
5 14 1.1685926136143117
5 15 1.2898155911442382
5 16 1.130435252907505
5 17 1.2351020581435093
5 18 1.297638843116601
5 19 1.337593888757238
5 20 1.3861939352440023
5 21 1.1885137079915986
5 22 1.2953297513299629
5 23 1.3219392999898987
5 24 1.3060723708265114
5 25 1.227714702818448
5 26 1.2205376435499982
5 27 1.298006662982219
5 28 1.2818278115974242
5 29 1.2376848523549275
5 30 1.2692538777211753
5 31 1.1795817369160433
5 32 1.377872052525399
5 33 1.3951531733876104
5 34 1.1977864990459377
5 35 1.2508588130837754
5 36 1.2773308192780721
5 37 1.2864510108698843
5 38 1.1643138697621969
5 39 1.217561827803021
5 40 1.3752536779095508
5 41 1.2435955932794835
5 42 1.3017426204516005
5 43 1.1141856317799756
5 44 1.2786059102195784
5 45 1.1875838228811528
5 46 1.2183255769428767
5 47 1.232574333120991
5 48 1.2611723387272975
5 49 1.3002292351261606
5 50 1.0648868932863818
5 51 1.341484345357367
5 52 1.2435255164721697
5 53 1.1487065445605653
5 54 1.4094769974711956
5 55 1.1812730383117611
5 56 1.3637288471639475
5 57 1.0691686705957626
5 58 1.157585880689126
5 59 1.2888963251279668
5 60 1.315605675696042
5 61 1.246710942499532
5 62 1.332534441267358
5 63 1.279984510941058
5 64 1.2122605810667768
5 65 1.1587852982775073
5 66 1.5043443373828278
5 67 1.305729105055641
5 68 1.3596608918396818
5 69 1.2506936623566969
5 70 1.203341512166912
5 71 1.1827495284582608
5 72 1.1787200684026555
5 73 1.2633003115511645
5 74 1.1308498485796292
6 7 1.2170710999273306
6 8 1.3145968230634344
6 9 1.0809282226282555
6 10 1.2036223472378493
6 11 1.27219309329768
6 12 1.314626293986246
6 13 1.233471790701413
6 14 1.163876200126038
6 15 1.2493150160764235
6 16 1.2037979900683984
6 17 1.1400373222360527
6 18 1.2652084924038642
6 19 1.3036051240786208
6 20 1.4119262460665687
6 21 1.2869828285606877
6 22 1.4068302730549875
6 23 1.4123214745687331
6 24 1.288720886944613
6 25 1.2596682244632929
6 26 1.2687255196125067
6 27 1.2240671491070696
6 28 1.2585143056698664
6 29 1.1815271424455245
6 30 1.1296507642796279
6 31 1.2123700831685034
6 32 1.3318502469559006
6 33 1.380415106100402
6 34 1.243595902236087
6 35 1.1300631386849314
6 36 1.3190674434170298
6 37 1.287206403502861
6 38 1.213873790869398
6 39 1.158931147285208
6 40 1.3434455359048962
6 41 1.3235385227848824
6 42 1.4108703439683443
6 43 1.171902608633627
6 44 1.251367198924485
6 45 1.2174389877136993
6 46 1.28679174190733
6 47 1.1264208573306238
6 48 1.4003306171402854
6 49 1.4256183061325045
6 50 1.1035251723295667
6 51 1.3054843807331242
6 52 1.2702944986879412
6 53 1.3360098360892467
6 54 1.3123460117490091
6 55 1.3290611276769837
6 56 1.3185198637811564
6 57 1.1747516917844876
6 58 1.302341540887066
6 59 1.2473733884785112
6 60 1.3308932618838778
6 61 1.2912019669897126
6 62 1.3021702148497452
6 63 1.4388715606884706
6 64 1.1391316924337356
6 65 1.1767611645558118
6 66 1.2239624912074534
6 67 1.2901426619821252
6 68 1.3565937305608544
6 69 0.9770355595593918
6 70 1.219440441991786
6 71 1.3442795020898588
6 72 1.2601736674880586
6 73 1.3158980683332189
6 74 1.1920088682529335
7 8 1.2580526267094703
7 9 1.2321932240976528
7 10 1.226375296598035
7 11 1.1478964029169398
7 12 1.3629968267474932
7 13 1.286808349105971
7 14 1.109643052061561
7 15 1.1978875463664749
7 16 1.3152958177389091
7 17 1.2700678736509292
7 18 1.2922555537255427
7 19 1.3114184712456223
7 20 1.358519367849866
7 21 1.3296709793084636
7 22 1.4342495631837753
7 23 1.4383472587691961
7 24 1.3131541199695063
7 25 1.093137174166238
7 26 1.2264248636021173
7 27 1.0840501729189025
7 28 1.3598789337064978
7 29 1.2367096773167259
7 30 1.1530981884200728
7 31 1.3420282465727684
7 32 1.4008669154847058
7 33 1.4708352356286216
7 34 1.22255189581745
7 35 1.0392394636281401
7 36 1.1831092321315981
7 37 1.2761071453828277
7 38 1.0933903918246934
7 39 1.0849766632975555
7 40 1.344187344706878
7 41 1.1612356547478542
7 42 1.4842070671158258
7 43 1.3041563075074551
7 44 1.2422403859702953
7 45 1.140887322125366
7 46 1.2890893963803003
7 47 1.1769223892276028
7 48 1.4223869989703917
7 49 1.3905416491582667
7 50 1.044567228573141
7 51 1.1993641549783045
7 52 1.2893037460303953
7 53 1.2473626282677035
7 54 1.3715141290607213
7 55 1.2922479791512274
7 56 1.3015306772001671
7 57 1.0627838204400113
7 58 1.185392881205723
7 59 1.2113587207975176
7 60 1.3310143768630314
7 61 1.0790583775014169
7 62 1.3376720669710853
7 63 1.4263585692358391
7 64 1.168000933044073
7 65 1.1668503308732163
7 66 1.4494831759275824
7 67 1.1687181824771828
7 68 1.322062057427844
7 69 1.20835165053056
7 70 1.178178654057806
7 71 1.1985289240944168
7 72 1.2418179432821022
7 73 1.2699485540813342
7 74 1.2972501413986564
8 9 1.3633695401956696
8 10 1.3068115600526071
8 11 1.2918154925778478
8 12 1.3816243523121827
8 13 1.4168673566449086
8 14 1.2759747863870874
8 15 1.2896457969077055
8 16 1.3011720890621015
8 17 1.3448999605890055
8 18 1.3796274423114956
8 19 1.367333717549561
8 20 1.3832578375048468
8 21 1.3818184607282833
8 22 1.3471255308079988
8 23 1.489131854326286
8 24 1.384730658871775
8 25 1.3153527807313996
8 26 1.2528236903335455
8 27 1.2975668299857297
8 28 1.3102453008369914
8 29 1.3828299617521245
8 30 1.3574993125337371
8 31 1.343524401333443
8 32 1.3221577625766543
8 33 1.4269332939735488
8 34 1.2485766324152783
8 35 1.2719189808052458
8 36 1.3120216003312384
8 37 1.3198968606719186
8 38 1.3053719340162118
8 39 1.2151519715862373
8 40 1.266886780050927
8 41 1.2705357665437442
8 42 1.3558232875412437
8 43 1.3523633664545023
8 44 1.502798414616113
8 45 1.2898696737274766
8 46 1.316415050020373
8 47 1.2264293055900954
8 48 1.380694546278328
8 49 1.3866660888309545
8 50 1.3653478888951116
8 51 1.3191985377834416
8 52 1.2068392591988033
8 53 1.3514896560105603
8 54 1.3749785692928422
8 55 1.3465174592094118
8 56 1.422294018583847
8 57 1.2423151085937232
8 58 1.2516311386161683
8 59 1.3974570810822635
8 60 1.4610973502869855
8 61 1.2793119703153144
8 62 1.3397564169756493
8 63 1.5127160726132507
8 64 1.2790332132703572
8 65 1.3314268943575118
8 66 1.429026337935089
8 67 1.4298302215511072
8 68 1.2071888978903218
8 69 1.299231179912201
8 70 0.999756761303985
8 71 1.4108190730863543
8 72 1.3604042962907554
8 73 1.4877793748574362
8 74 1.3273082955506863
9 10 1.245342988544173
9 11 1.2845185826659478
9 12 1.3952549803146945
9 13 1.3204616987399163
9 14 1.215221791807076
9 15 1.2189434202327276
9 16 1.2201508774076157
9 17 1.369800174464898
9 18 1.3787658123324402
9 19 1.3771140959410528
9 20 1.4133417033318474
9 21 1.395696621274857
9 22 1.424821062736595
9 23 1.3270855819095941
9 24 1.204731115491694
9 25 1.2468253021622975
9 26 1.297467465460035
9 27 1.2305069730308986
9 28 1.316350356217878
9 29 1.241653831173027
9 30 1.2637335858648557
9 31 1.30470134324199
9 32 1.4342068038542748
9 33 1.299662963337427
9 34 1.317086167472455
9 35 1.2047862999608612
9 36 1.324841802330288
9 37 1.3759361172075644
9 38 1.3524549648136743
9 39 1.3067200925977298
9 40 1.3366406947547698
9 41 1.28293513765532
9 42 1.3868259480173684
9 43 1.236412755755368
9 44 1.2531653137011165
9 45 1.195590936147485
9 46 1.3449376654445564
9 47 1.2419771043551333
9 48 1.3878571907753432
9 49 1.3591170168614723
9 50 1.2557042736376995
9 51 1.2771422506915635
9 52 1.2855863461228494
9 53 1.3206984922530143
9 54 1.2509112959894744
9 55 1.2563422902497372
9 56 1.2493007319474727
9 57 1.2915006356790608
9 58 1.3322376021216258
9 59 1.1917912671237725
9 60 1.3226082357728834
9 61 1.337044329337308
9 62 1.4313478746371695
9 63 1.380486724335629
9 64 1.3405503501204206
9 65 1.3000479394336977
9 66 1.3349545662064861
9 67 1.3775434849480086
9 68 1.4144855971679569
9 69 1.1117685985799917
9 70 1.2289166551376314
9 71 1.2846153123806077
9 72 1.2578891872399345
9 73 1.2706949081341576
9 74 1.2878379967798808
10 11 1.1694471566044815
10 12 1.2403583075478435
10 13 1.2423380215909783
10 14 1.1806863653297446
10 15 1.2895993660593603
10 16 1.319980335895011
10 17 1.1484465009432916
10 18 1.4849088922009108
10 19 1.368516894328304
10 20 1.2919515298472792
10 21 0.8642368179189038
10 22 1.4710984501480542
10 23 1.4656456035078729
10 24 1.122225048812324
10 25 1.2056915048684866
10 26 1.017405648848108
10 27 1.208907633673723
10 28 1.452489784760492
10 29 1.138845267083736
10 30 1.1818255546384198
10 31 0.8956689150742926
10 32 1.4806327584326056
10 33 1.496514052897147
10 34 1.1248119106976409
10 35 1.0831137729445228
10 36 1.4192554517410612
10 37 1.2813788893079845
10 38 1.081283448556161
10 39 1.1109627476395825
10 40 1.408244653059314
10 41 1.3560638795185918
10 42 1.444332240633981
10 43 0.7776651338174693
10 44 1.2237962943818892
10 45 1.2617736811021623
10 46 1.2777984695526525
10 47 1.2552330193584238
10 48 1.3880634078353378
10 49 1.3646945111404338
10 50 0.9614236553959683
10 51 1.3276144952282516
10 52 1.3663417748108224
10 53 1.2369462948098782
10 54 1.4115758813717045
10 55 1.2323475463915905
10 56 1.4387398636338726
10 57 1.152157682174334
10 58 1.2823965235633181
10 59 1.4469811657346112
10 60 1.3533151991661918
10 61 1.2108709962431117
10 62 1.3299545364863328
10 63 1.4644177635468048
10 64 1.2510390346727056
10 65 1.209359632088938
10 66 1.3789646813807075
10 67 1.4073579839418835
10 68 1.3899651934318953
10 69 1.3247926496413482
10 70 1.2943593762800516
10 71 1.1924214417799384
10 72 1.1138835166048524
10 73 1.3300155052501565
10 74 1.0865506737203898
11 12 1.3191787934332053
11 13 1.367149814925321
11 14 1.1899619304470863
11 15 1.2326540094218328
11 16 1.2562968211178915
11 17 1.2517312187899614
11 18 1.339660809609401
11 19 1.2541839976288558
11 20 1.3157894790749576
11 21 1.2624082107076495
11 22 1.4793223362365484
11 23 1.4936068228803265
11 24 1.1632461554012226
11 25 1.1927060253491162
11 26 1.151156277192471
11 27 1.1178266683441904
11 28 1.3878280572156059
11 29 1.2096555739684558
11 30 1.3236868019387587
11 31 1.150714718774684
11 32 1.3812474427870827
11 33 1.4641890510891595
11 34 1.2579482841159124
11 35 1.1203973403424854
11 36 1.2935268289800175
11 37 1.2385744439777493
11 38 1.0808660260151588
11 39 1.071913713098816
11 40 1.3980410694752585
11 41 1.2518559770201196
11 42 1.4771187459933512
11 43 1.0855891157884863
11 44 1.243423725825979
11 45 1.231541278246723
11 46 1.1614102810743545
11 47 1.2337994796279088
11 48 1.4479092558419964
11 49 1.386834632160246
11 50 1.1305788561153072
11 51 1.233682210067223
11 52 1.3531985179296748
11 53 1.129209101741631
11 54 1.3543729983055093
11 55 1.232548115208367
11 56 1.3996999966359311
11 57 1.154928880375586
11 58 0.757583674480287
11 59 1.3389181037379019
11 60 1.3917427940382285
11 61 1.2011309067046532
11 62 1.357328013655152
11 63 1.437239635658989
11 64 1.2147673715516405
11 65 1.1111403808779503
11 66 1.5044857517285708
11 67 1.1540725568965458
11 68 1.3503884669508848
11 69 1.2498887999271835
11 70 1.2264525063107414
11 71 1.1813680704717202
11 72 1.1891112533421972
11 73 1.2021041452660797
11 74 1.2463602297548844
12 13 1.324495955495082
12 14 1.2823045768187435
12 15 1.4142772565551092
12 16 1.3840902067171565
12 17 1.2781032635286516
12 18 1.3054827508983105
12 19 1.4200180985353732
12 20 1.3809674239645502
12 21 1.1598416280289003
12 22 1.3944588286940542
12 23 1.4645943263516177
12 24 1.2716082914644478
12 25 1.2927888947778567
12 26 1.2332991214615354
12 27 1.1879359364308724
12 28 1.5209439810318837
12 29 1.3373183208676205
12 30 1.375493330591808
12 31 1.2709627506652843
12 32 1.3785559061510995
12 33 1.4933453815543976
12 34 1.2193500491879137
12 35 1.1858649097366936
12 36 1.5173498360243318
12 37 1.37117803482686
12 38 1.2142531915710215
12 39 1.2646817269533994
12 40 1.324696780757361
12 41 1.3068058063546348
12 42 1.405648384792837
12 43 1.1903481680208123
12 44 1.2910735663219572
12 45 1.3003498979827095
12 46 1.0505294028085865
12 47 1.340835934963283
12 48 1.3693275330340633
12 49 1.3621765265851375
12 50 1.3073771388711803
12 51 1.346805900809436
12 52 1.4001172437480105
12 53 1.3801084818646803
12 54 1.45518140901009
12 55 1.3193751100940445
12 56 1.420873718325805
12 57 1.2115269609846782
12 58 1.3517411554639454
12 59 1.4911202901997325
12 60 1.2962526575984072
12 61 1.2722483658039332
12 62 1.317720900788216
12 63 1.460201080449587
12 64 1.3697437773484527
12 65 1.295260122575846
12 66 1.3152254370469196
12 67 1.2964175303902115
12 68 1.2261582781283373
12 69 1.402686296867016
12 70 1.45959496545541
12 71 1.3246766626043254
12 72 1.3504973673176455
12 73 1.3818799449627306
12 74 1.2699230776529393
13 14 1.1980207288618019
13 15 1.3171041799422654
13 16 1.2904308423777866
13 17 1.3467832376436724
13 18 1.2540650219949039
13 19 1.284653164153379
13 20 1.0456094859697624
13 21 1.3203164720205445
13 22 1.1948451821344526
13 23 1.2659222763920879
13 24 1.2623019066054422
13 25 1.3907957089487042
13 26 1.3389879037731818
13 27 1.4632825793069684
13 28 1.5441933811041322
13 29 1.3816488510589726
13 30 1.1091158588804444
13 31 1.3504305194910808
13 32 1.2061138798859878
13 33 1.166405627341055
13 34 1.3235703679812034
13 35 1.4180758516593084
13 36 1.431740725330294
13 37 1.3348826052549547
13 38 1.1823414517833042
13 39 1.272006979346031
13 40 1.202936733058904
13 41 1.286000998923442
13 42 1.2131611980830708
13 43 1.323539985661639
13 44 1.2474283379754787
13 45 1.2915969218211016
13 46 1.2944490033893956
13 47 1.3143650712878405
13 48 1.2857864231174658
13 49 1.2302206015670032
13 50 1.2197451589074202
13 51 1.4148295705037048
13 52 1.3818425721351981
13 53 1.2579682874868316
13 54 1.357546964963209
13 55 1.2718213824808653
13 56 1.416909556109695
13 57 1.2794483847071019
13 58 1.3427379118894038
13 59 1.3738127634909616
13 60 1.0228162709449722
13 61 1.375822914982198
13 62 0.9993509391937361
13 63 1.164109829695194
13 64 1.3322345162041198
13 65 1.338318965034908
13 66 1.176979234609936
13 67 1.4321267324676565
13 68 1.3981187963412751
13 69 1.3640254970389123
13 70 1.3577646294177623
13 71 1.3455372189409955
13 72 1.2776067820072583
13 73 1.3243430787578818
13 74 1.050507656553088
14 15 1.2282445890347455
14 16 1.2942377512885814
14 17 1.0996937542497196
14 18 1.2420740477986714
14 19 1.245424192069216
14 20 1.2382205315084893
14 21 1.244684401712142
14 22 1.2567916422872205
14 23 1.3080670714297185
14 24 1.1721242659236248
14 25 0.991111242273226
14 26 1.2582593179777535
14 27 1.0346409376792365
14 28 1.3658024537765652
14 29 1.1960940632907575
14 30 0.9929148724400844
14 31 1.2613593284499136
14 32 1.296099299545099
14 33 1.2818597155651146
14 34 1.089587848158939
14 35 1.013611797793552
14 36 1.3371082674763488
14 37 1.3538763363186632
14 38 1.0473279228841625
14 39 1.0310428045177555
14 40 1.2248802328598904
14 41 1.0297196131157103
14 42 1.3207785615265517
14 43 1.2142987241959347
14 44 0.9622722965706774
14 45 0.9531522002833306
14 46 1.2828100544633234
14 47 1.1805321019947024
14 48 1.2938383897762353
14 49 1.2583085875271354
14 50 0.8745498531212995
14 51 1.0164726791879977
14 52 1.2741446775558896
14 53 1.185139817490559
14 54 1.3177553314911337
14 55 1.0991681952699468
14 56 1.345799384939109
14 57 1.0606839544979823
14 58 1.2602580249233002
14 59 1.3829274589752747
14 60 1.3025482200793528
14 61 1.181536900764457
14 62 1.2329116789345913
14 63 1.3520137791112317
14 64 1.2151797294126059
14 65 1.2747319552396514
14 66 1.1496503203001764
14 67 1.2562887074476239
14 68 1.2888991216156023
14 69 1.1971800521773037
14 70 1.1747180673876585
14 71 1.1783489433683245
14 72 1.0081206610839177
14 73 0.9857859404304147
14 74 1.046370024208641
15 16 1.364415867146081
15 17 1.2377972416319616
15 18 1.1845560103976418
15 19 1.2064267955759522
15 20 1.3263796428540016
15 21 1.3457256009804996
15 22 1.2907486916132866
15 23 1.3048695159767922
15 24 1.3220400412765358
15 25 1.2558383228802632
15 26 1.2309527077513942
15 27 1.3266199159654726
15 28 1.352542261902633
15 29 1.2578489424902441
15 30 1.3190015260462336
15 31 1.2648698965816039
15 32 1.2196604065438021
15 33 1.2581741307113188
15 34 1.3307197952670817
15 35 1.2573849436218536
15 36 1.2850851085507997
15 37 1.1590572802106505
15 38 1.208920425437691
15 39 1.2665097671309589
15 40 1.3531798886171869
15 41 1.2620780553285256
15 42 1.3817360510550423
15 43 1.2215729552934376
15 44 1.2689426101040886
15 45 1.2467613436841003
15 46 1.2814108747350097
15 47 1.199385207366157
15 48 1.3796835047491793
15 49 1.3880193690714275
15 50 1.2084935045757776
15 51 1.179015077493805
15 52 1.2624452918602815
15 53 1.3158627705837127
15 54 1.036834945944309
15 55 1.302734418911934
15 56 1.408826549487481
15 57 1.2835513115156283
15 58 1.2715231357750179
15 59 1.3875445567408018
15 60 1.3431513798379358
15 61 1.4023867063249147
15 62 1.3777606981324606
15 63 1.296163656287746
15 64 1.4187198960956178
15 65 1.3079924068758206
15 66 1.3567484942921562
15 67 1.1328806943685374
15 68 1.3229053176608918
15 69 1.201103599052402
15 70 1.17037351636577
15 71 1.3935434390859114
15 72 1.2663828933724248
15 73 1.3489321749634462
15 74 1.2887227951866957
16 17 1.3059423041415341
16 18 1.3760362885265724
16 19 1.3215358526656515
16 20 1.4741303560668333
16 21 1.3610818362903658
16 22 1.3376873083237126
16 23 1.3307572240293997
16 24 1.3555396925229035
16 25 1.390632746691402
16 26 1.4500969639653307
16 27 1.3656108845777335
16 28 1.2229030027496643
16 29 1.337324684827778
16 30 1.2597970014248356
16 31 1.344455923180055
16 32 1.2858490758458099
16 33 1.3121140752479261
16 34 1.2686066744830555
16 35 1.3845153859322377
16 36 1.2615125052037772
16 37 1.3511901891192386
16 38 1.2487737530602676
16 39 1.2849892095820865
16 40 1.3573880559662248
16 41 1.1879848050994395
16 42 1.4402180910653293
16 43 1.3104335329128753
16 44 1.3852075954593381
16 45 1.3119491043892264
16 46 1.3222882292492217
16 47 1.2150965800482
16 48 1.4129352085239915
16 49 1.3848471910227762
16 50 1.2239626538384656
16 51 1.2940525242039695
16 52 1.2236527570730225
16 53 1.295867652277831
16 54 1.4069934901268324
16 55 1.2053985071656657
16 56 1.1750543480996052
16 57 1.2924320953299633
16 58 1.2740431493632642
16 59 1.117029648311059
16 60 1.3999223144525679
16 61 1.2771398660609432
16 62 1.3785730520522945
16 63 1.3733372527463843
16 64 1.304377490366809
16 65 1.1703288494908266
16 66 1.398354741352846
16 67 1.4264895021595314
16 68 1.3991628879441593
16 69 1.2158215038410567
16 70 1.2222052550451217
16 71 1.2596616487912526
16 72 1.2480790407013211
16 73 1.341796507232323
16 74 1.2611135979927215
17 18 1.318546279404832
17 19 1.2189803853882744
17 20 1.3637593410570887
17 21 1.29952823115912
17 22 1.4106633544901834
17 23 1.4371713738398642
17 24 1.1252701516221004
17 25 1.3311079049657428
17 26 1.1927383951244148
17 27 1.1845765437840405
17 28 1.3690961254358742
17 29 1.2820958549925954
17 30 1.093563781443583
17 31 1.2199295229775164
17 32 1.2980070421316614
17 33 1.38836105288793
17 34 1.1589246941779348
17 35 1.0824329166679254
17 36 1.325647104075472
17 37 1.284635499772989
17 38 1.1877402515807274
17 39 1.1706901620286188
17 40 1.359382691994049
17 41 1.1958480619837242
17 42 1.3886046902152864
17 43 1.1722299627039001
17 44 1.1369970995060537
17 45 1.048420592829545
17 46 1.273345722113102
17 47 1.2707460865489513
17 48 1.3994793421758278
17 49 1.4670494447047013
17 50 1.0338467371402815
17 51 1.1745185466795935
17 52 1.1995395695761777
17 53 1.2923834124900346
17 54 1.2878898423758625
17 55 1.2122378472637187
17 56 1.3817081018312696
17 57 1.1935595170186293
17 58 1.356521860503396
17 59 1.3637960965761282
17 60 1.3465415594384682
17 61 1.2703306787996138
17 62 1.3629628279427977
17 63 1.4019929355462462
17 64 1.2261062639915445
17 65 1.2132165377922035
17 66 1.3333452557221526
17 67 1.2879598506314405
17 68 1.3204837961950047
17 69 1.206496758634931
17 70 1.245791879730363
17 71 1.282356808721722
17 72 1.059553716380608
17 73 1.2553439948863296
17 74 1.1405020756480115
18 19 1.2319860126265123
18 20 1.381797389812797
18 21 1.38039022715877
18 22 1.293518368000787
18 23 1.4146863115386512
18 24 1.3928141985264826
18 25 1.2730883550879173
18 26 1.4989617815714178
18 27 1.2738163264220943
18 28 1.4000330874306108
18 29 1.4251370570336983
18 30 1.311799546389257
18 31 1.4785183288316206
18 32 1.3684573686300674
18 33 1.3280039396481929
18 34 1.3838173609360274
18 35 1.2732573853337004
18 36 1.350937618128235
18 37 1.318983896258043
18 38 1.3268538953963707
18 39 1.3317628405615065
18 40 1.293516863698544
18 41 1.2276772805636438
18 42 1.273072314215557
18 43 1.457528171921578
18 44 1.305395242024642
18 45 1.1746831328886436
18 46 1.2724139065059095
18 47 1.3381452167624317
18 48 1.3308268855940697
18 49 1.350143811371218
18 50 1.32391630079822
18 51 1.2672984558902451
18 52 1.3850089240258612
18 53 1.2702481124066338
18 54 1.2672963652003775
18 55 1.2080136886597348
18 56 1.3957641627394646
18 57 1.3336642064150008
18 58 1.2198063098703362
18 59 1.3149696167170877
18 60 1.3554993847019396
18 61 1.338342986442242
18 62 1.2302119884232119
18 63 1.3378579695306956
18 64 1.4430479397258194
18 65 1.345715484343115
18 66 1.3435742522903995
18 67 1.0780535579323869
18 68 1.318697622746815
18 69 1.238915419135339
18 70 1.233344248626695
18 71 1.3309459631923939
18 72 1.3199701314490822
18 73 1.299132301831919
18 74 1.3502754341363146
19 20 1.37153754937235
19 21 1.3251838165811407
19 22 1.3841881746560625
19 23 1.4287581404299727
19 24 1.2323677670169302
19 25 1.3199384847038438
19 26 1.2723476075643754
19 27 1.326740565003043
19 28 1.3770062615964471
19 29 1.261751372351448
19 30 1.208431993238672
19 31 1.3193275229438952
19 32 1.2229183117458347
19 33 1.349735282296479
19 34 1.3550586356767642
19 35 1.2900326272866542
19 36 1.2816410650812715
19 37 1.1502058796346786
19 38 1.2503623885437196
19 39 1.2725881065613203
19 40 1.4235457826202593
19 41 1.3734569044308287
19 42 1.3724871841170805
19 43 1.287998114060016
19 44 1.3265533754205845
19 45 1.2536421775248434
19 46 1.3869848405029073
19 47 1.239173783048778
19 48 1.4909086703583603
19 49 1.3930489119307299
19 50 1.195334869016076
19 51 1.3224689954599247
19 52 1.327597939517933
19 53 1.2627319144146727
19 54 1.228610193474418
19 55 1.331112732129491
19 56 1.2970698008966526
19 57 1.321670136791374
19 58 1.2898835346249782
19 59 1.3123364522584864
19 60 1.325002043674901
19 61 1.4608027019582317
19 62 1.4182422879016259
19 63 1.338540990204822
19 64 1.2572805466252797
19 65 1.2797686456305475
19 66 1.3809066000012844
19 67 1.3019556678193307
19 68 1.3209508366163603
19 69 1.2516350386274346
19 70 1.2295175382094616
19 71 1.3709006597227065
19 72 1.299720231340745
19 73 1.3749345474084798
19 74 1.3202438804681704
20 21 1.3945009572583509
20 22 1.1586429290194564
20 23 1.2160134240322624
20 24 1.243170821936057
20 25 1.3991804880849348
20 26 1.250973096575372
20 27 1.4824185481853838
20 28 1.60015107909831
20 29 1.3404769905832923
20 30 1.248148605783328
20 31 1.3565212302087832
20 32 1.384771677189358
20 33 1.2237089106029926
20 34 1.338942925557267
20 35 1.48250625560656
20 36 1.4832663849424559
20 37 1.330460131119878
20 38 1.1824718728194186
20 39 1.3703985086439585
20 40 1.2684012017051867
20 41 1.2871482266702703
20 42 1.2421008359710666
20 43 1.3172170117542528
20 44 1.2360250556195675
20 45 1.2996850374332753
20 46 1.33555854841785
20 47 1.3809714202143397
20 48 1.265922540315361
20 49 1.1277931133890977
20 50 1.1792753081862806
20 51 1.4619088214680347
20 52 1.3895716545087065
20 53 1.2232070223875615
20 54 1.4738644511986927
20 55 1.2377251269912932
20 56 1.5005370559775395
20 57 1.2681985591738625
20 58 1.3667031190574956
20 59 1.5337736076663955
20 60 0.9807325061583538
20 61 1.3289371375489263
20 62 1.0670904207138319
20 63 1.142966043545831
20 64 1.36041275356701
20 65 1.4126368533729157
20 66 1.247723839739134
20 67 1.3624597994581509
20 68 1.2668670311553551
20 69 1.4659514515261882
20 70 1.4413104487395616
20 71 1.321943384800132
20 72 1.2326251077537869
20 73 1.2528650236168557
20 74 1.198335321227103
21 22 1.4553217905907574
21 23 1.4741229131974747
21 24 1.2450860586645935
21 25 1.2818427736521045
21 26 1.1519061428001025
21 27 1.2991876384713816
21 28 1.4382882168990172
21 29 1.200070975778536
21 30 1.2667305958994721
21 31 1.038009620459259
21 32 1.4952697660226744
21 33 1.462028420014262
21 34 1.2150454870487093
21 35 1.2215978560555998
21 36 1.4611151450881203
21 37 1.2920192927447365
21 38 1.1962196300415477
21 39 1.2248914825864712
21 40 1.451748605481095
21 41 1.4516710870375018
21 42 1.4638165994616963
21 43 0.9040281500972835
21 44 1.3449805715224765
21 45 1.3411204734164839
21 46 1.3287401751687462
21 47 1.261917229455883
21 48 1.4896526430321018
21 49 1.4584332552263193
21 50 1.1377673207268215
21 51 1.345156128247573
21 52 1.371344665509099
21 53 1.2895988072428999
21 54 1.4135948703025816
21 55 1.2023871240762212
21 56 1.4418721540903998
21 57 1.2210970807642876
21 58 1.3538254151147595
21 59 1.44321087562821
21 60 1.4471405910798292
21 61 1.3278919145640582
21 62 1.2610870174121858
21 63 1.503489106905842
21 64 1.3111208355805715
21 65 1.3654415039875742
21 66 1.3462224867362758
21 67 1.2812967153178356
21 68 1.4402830451669795
21 69 1.3974852752970157
21 70 1.3950900510248225
21 71 1.2384851136519053
21 72 1.2327398063912391
21 73 1.4042875181896421
21 74 1.2491192776528555
22 23 0.8754431637433644
22 24 1.3938189321009595
22 25 1.4467354215636419
22 26 1.3741385829453583
22 27 1.5919505331043293
22 28 1.3613962393730317
22 29 1.3446152176801787
22 30 1.357896535151411
22 31 1.4866751268360738
22 32 1.1992898649407073
22 33 0.9818907776778975
22 34 1.4138124933788105
22 35 1.5664967781664592
22 36 1.4974793144513443
22 37 1.3405382788113762
22 38 1.3071682170385124
22 39 1.462177805454341
22 40 1.1217096734815848
22 41 1.2168163434535024
22 42 0.9883201291583222
22 43 1.480152884775524
22 44 1.3984083444935922
22 45 1.2575071464497365
22 46 1.4266594272495898
22 47 1.357206440423801
22 48 1.1629357238903035
22 49 1.140464998343422
22 50 1.2461254941082913
22 51 1.3531025000477501
22 52 1.4105751681358543
22 53 1.3472925744764495
22 54 1.3758350671252766
22 55 1.308644499847916
22 56 1.4140271185819526
22 57 1.411425920612012
22 58 1.4027216408039025
22 59 1.5042371378003052
22 60 1.1026354413730357
22 61 1.3870207159435282
22 62 1.1611894276000667
22 63 0.7813848419098796
22 64 1.4235423130325773
22 65 1.3725744474253598
22 66 1.2710522230377899
22 67 1.4672994583738754
22 68 1.1464140193123593
22 69 1.4138634546353914
22 70 1.3948598425522725
22 71 1.2942491616228031
22 72 1.2731524589206575
22 73 1.3293833963519677
22 74 1.2929849601326167
23 24 1.435017430975047
23 25 1.5252162106873983
23 26 1.4048398323060876
23 27 1.566222853094647
23 28 1.33015023786304
23 29 1.3406619385819627
23 30 1.3815552105075157
23 31 1.5338030741805124
23 32 1.2346166753391135
23 33 0.9678269927235263
23 34 1.4590469982718086
23 35 1.6046161979790219
23 36 1.4711637507100652
23 37 1.4536753910131994
23 38 1.3660352542443746
23 39 1.5358710830363167
23 40 1.279852769733834
23 41 1.1378117393121354
23 42 1.1158755044185025
23 43 1.4938093281886045
23 44 1.2384264245388816
23 45 1.2733983732241219
23 46 1.444550726127689
23 47 1.3908422190036214
23 48 1.1430975193140356
23 49 1.2011111687992464
23 50 1.2833012949220792
23 51 1.3481516718299877
23 52 1.5142641510686257
23 53 1.3619237236752693
23 54 1.4048181072701116
23 55 1.366498026816321
23 56 1.389711818765716
23 57 1.4013834695776881
23 58 1.4950757568686965
23 59 1.4532524724280746
23 60 1.0617491403079664
23 61 1.4708961593169945
23 62 1.3271671500384215
23 63 0.7977267347170004
23 64 1.4563564667074784
23 65 1.430806827399968
23 66 1.3010794577373812
23 67 1.4843118879896404
23 68 1.3388409415585574
23 69 1.3912837972226877
23 70 1.438216983072048
23 71 1.3553485926556421
23 72 1.2607819562609908
23 73 1.3501691962884932
23 74 1.3587785217912547
24 25 1.2780367956556986
24 26 1.1409816767326955
24 27 1.270483347753643
24 28 1.4863809157593533
24 29 1.2187699597296242
24 30 1.2058740454750905
24 31 1.1687944357406297
24 32 1.4316209887848246
24 33 1.4019245813697943
24 34 1.330064125253566
24 35 1.2122831292900613
24 36 1.4572615136212408
24 37 1.3488396271747636
24 38 1.1549880903045262
24 39 1.268255021676467
24 40 1.3997959174124013
24 41 1.2945793273511024
24 42 1.3480047546184606
24 43 1.1222055322951645
24 44 1.2449667294286573
24 45 1.3120273670437823
24 46 1.2401755404714454
24 47 1.3295316906670471
24 48 1.4266022273759231
24 49 1.2980745168031782
24 50 1.0952900537210575
24 51 1.363214352038411
24 52 1.307055743872987
24 53 1.1444809484723872
24 54 1.367810088256754
24 55 1.1553718226541412
24 56 1.3325823591307733
24 57 1.333231304563583
24 58 1.329659728311756
24 59 1.3917350104772874
24 60 1.2527602617986222
24 61 1.254953226349143
24 62 1.3147252114731074
24 63 1.4076412362363782
24 64 1.3216638222525396
24 65 1.2792300913712127
24 66 1.3506055859915276
24 67 1.2955593907013423
24 68 1.4175340036612856
24 69 1.2778671936438328
24 70 1.3890055686446914
24 71 1.2051913701159582
24 72 1.033956817026667
24 73 1.308315194403828
24 74 1.24086284882685
25 26 1.236489786556933
25 27 0.9240400467059341
25 28 1.3131688414695426
25 29 1.2654557232627317
25 30 1.2508638519583517
25 31 1.2591733261315625
25 32 1.3934395986911392
25 33 1.547967323450662
25 34 1.174260101433994
25 35 0.9013340351601461
25 36 1.229261982386623
25 37 1.3035719062333386
25 38 1.1349572546611353
25 39 1.0092693303331661
25 40 1.2952498125268415
25 41 1.1423576737961665
25 42 1.476640858960656
25 43 1.3027023529160857
25 44 1.145240214448737
25 45 1.1563915689753417
25 46 1.3235453630575855
25 47 1.223968945071811
25 48 1.359810254657469
25 49 1.2489727054652542
25 50 1.0567851978488327
25 51 1.0860542913481515
25 52 1.404077853485208
25 53 1.250957565171991
25 54 1.3234292795253828
25 55 1.224358301836427
25 56 1.37590657412104
25 57 1.0988811102111253
25 58 1.1144211274149645
25 59 1.3289966310255308
25 60 1.408688608773181
25 61 1.1880337726021875
25 62 1.3410087881445885
25 63 1.543069802901194
25 64 1.2587263601142726
25 65 1.1650689577958186
25 66 1.4039864264834951
25 67 1.1987859901684998
25 68 1.3352420600298642
25 69 1.0818699610477018
25 70 1.2236369951591184
25 71 1.2014970602526864
25 72 1.2756056547128578
25 73 1.130869047907972
25 74 1.1024949982240286
26 27 1.284294906960749
26 28 1.4436039861722216
26 29 1.1000637271466773
26 30 1.2745262197159724
26 31 1.034835573587972
26 32 1.4485651022020756
26 33 1.4931900062245418
26 34 1.3242630202309174
26 35 1.2136990765488467
26 36 1.4627540983827976
26 37 1.1417848718957426
26 38 1.0533985234111343
26 39 1.2221866134323027
26 40 1.4467786422714026
26 41 1.3855622168842712
26 42 1.3921115510012416
26 43 0.9541065327462601
26 44 1.2611551880185277
26 45 1.2855744890004055
26 46 1.1491617166134847
26 47 1.307089041745156
26 48 1.34012494969744
26 49 1.360348653527431
26 50 1.1785529695544836
26 51 1.308083289692534
26 52 1.3289942041520835
26 53 1.3520007849770086
26 54 1.2679208877030068
26 55 1.343129460980578
26 56 1.3766671022288104
26 57 1.2696648027215132
26 58 1.2614635540863317
26 59 1.4639568986261329
26 60 1.3331289412608889
26 61 1.2630595724045306
26 62 1.2961721870091596
26 63 1.3665373799047003
26 64 1.2407043350809834
26 65 1.2884595263743939
26 66 1.4156350878441408
26 67 1.248617136096054
26 68 1.3677940599974603
26 69 1.2876148404241867
26 70 1.349281239928659
26 71 1.2534894362221152
26 72 1.16277932523463
26 73 1.34557225362414
26 74 1.1127431857034014
27 28 1.4799772111448999
27 29 1.3212166914853947
27 30 1.2380822805287524
27 31 1.3085525006408625
27 32 1.427517229450342
27 33 1.5309303463429937
27 34 1.1059126156200778
27 35 0.5509312178791925
27 36 1.2692277550622046
27 37 1.3116672710220778
27 38 1.175528467524443
27 39 0.8313434763825022
27 40 1.3658845845350842
27 41 1.154154836281441
27 42 1.6376918510725884
27 43 1.3011131772725635
27 44 1.1971383128077742
27 45 1.0706952280867836
27 46 1.208911215587682
27 47 1.2774870632169497
27 48 1.471463718125594
27 49 1.4544650570289055
27 50 1.1224834392616396
27 51 0.9915344555822893
27 52 1.4156507892378944
27 53 1.2746182799065864
27 54 1.401006143948428
27 55 1.2385114559194577
27 56 1.3483419205374276
27 57 1.132964773893817
27 58 1.156922178044277
27 59 1.3641314230314492
27 60 1.502256033646851
27 61 1.16142078420137
27 62 1.498336780775645
27 63 1.5977090042698727
27 64 1.2778999224555077
27 65 1.1322130298332354
27 66 1.3858563338973526
27 67 1.2461788605134638
27 68 1.2926000335284626
27 69 1.1914754244508001
27 70 1.2911465162911944
27 71 1.2174010131801598
27 72 1.3197459927713455
27 73 1.0911182383747544
27 74 1.2567776246101652
28 29 1.3108811066304398
28 30 1.3682952433605151
28 31 1.439617159025833
28 32 1.3199776245913817
28 33 1.4159255881371966
28 34 1.4048345826468644
28 35 1.438994919841557
28 36 1.2358045528002022
28 37 1.3515914950311063
28 38 1.463042792512049
28 39 1.439281717122522
28 40 1.3559938941697345
28 41 1.3727670880556653
28 42 1.3901336940350382
28 43 1.4626788881319892
28 44 1.3632532370906165
28 45 1.4054741732200744
28 46 1.592806026952978
28 47 1.214137893874845
28 48 1.3407845813651937
28 49 1.4082407297508732
28 50 1.3893134247780232
28 51 1.3234229639478927
28 52 1.3471236499870192
28 53 1.4689595657677434
28 54 1.4778040369506658
28 55 1.4863074434665577
28 56 1.325604743522563
28 57 1.3512678032674923
28 58 1.3381118393759939
28 59 1.180021991692031
28 60 1.472339077400444
28 61 1.5263218160610192
28 62 1.366580010899666
28 63 1.4018139910354854
28 64 1.3204533254295872
28 65 1.358654573929297
28 66 1.4013466807313997
28 67 1.3376129613559964
28 68 1.451210288585223
28 69 1.2300498528912807
28 70 1.264018672998743
28 71 1.4064077555512753
28 72 1.3930588398643018
28 73 1.488343476331143
28 74 1.3562098063805013
29 30 1.27495435485915
29 31 1.1490438408093855
29 32 1.3899586927132173
29 33 1.395139651144541
29 34 1.3011311684547577
29 35 1.23985965419487
29 36 1.4386480416749385
29 37 1.2387861260376336
29 38 1.156668679041298
29 39 1.2935299058275131
29 40 1.3815673992223363
29 41 1.4319580572579687
29 42 1.4194961627365317
29 43 1.0852712831517373
29 44 1.2494335519973079
29 45 1.3043830939770704
29 46 1.309153227266734
29 47 1.0034900918460885
29 48 1.3264129121869845
29 49 1.3551807502171738
29 50 1.134290392910503
29 51 1.26430705906916
29 52 1.3629840793933417
29 53 1.2456172359760023
29 54 1.312187630534623
29 55 1.2935000765670464
29 56 1.403410776809033
29 57 1.3100523745909105
29 58 1.2576467249743113
29 59 1.4566196429876856
29 60 1.3919468922702605
29 61 1.280144002561472
29 62 1.4007519418086627
29 63 1.3724894368575222
29 64 1.1477919582358542
29 65 1.2737303217648155
29 66 1.356827787883806
29 67 1.2808442371293167
29 68 1.375053700397475
29 69 1.3056836172508293
29 70 1.374516380729779
29 71 1.2664033092641527
29 72 1.1456952920185661
29 73 1.349064258279529
29 74 1.2462387963858839
30 31 1.2131259803914183
30 32 1.4067788605645406
30 33 1.2307595916006908
30 34 1.0449413477970733
30 35 1.1775066091671043
30 36 1.325528340554458
30 37 1.299320595054778
30 38 1.0588909323095073
30 39 1.2566369803698125
30 40 1.3704162298536553
30 41 1.21706689888777
30 42 1.321339384414473
30 43 1.186832738444833
30 44 1.1334974758973044
30 45 1.1772195103887158
30 46 1.4049043237767442
30 47 1.1794667708359732
30 48 1.364825142508307
30 49 1.3667783525011035
30 50 0.9111454487664582
30 51 1.2076444935683062
30 52 1.171313220803978
30 53 1.3454881446021374
30 54 1.2379970339381725
30 55 1.2023939349416568
30 56 1.259470718776021
30 57 1.1005413196110845
30 58 1.3691077785730335
30 59 1.3518886451569876
30 60 1.2009058276910145
30 61 1.2465315201845317
30 62 1.2439157239512981
30 63 1.31760135640727
30 64 1.1725963787209537
30 65 1.3169264994846863
30 66 1.0935516428994874
30 67 1.3834178181111831
30 68 1.3258006619811527
30 69 1.2546311853544274
30 70 1.2590211815182355
30 71 1.2376170313857293
30 72 1.1440223648128744
30 73 1.2491432933858797
30 74 1.128184753180447
31 32 1.4767068996522892
31 33 1.571449964383986
31 34 1.228575935502172
31 35 1.1631254253318508
31 36 1.4278055910189458
31 37 1.2033808499652516
31 38 1.0757990777193944
31 39 1.2050899055461262
31 40 1.4899929749945138
31 41 1.455414354905239
31 42 1.4676905534976186
31 43 0.555083230571681
31 44 1.2934386758492153
31 45 1.3806418443247392
31 46 1.2554748905281041
31 47 1.216340129598932
31 48 1.3850530935706642
31 49 1.425331398305275
31 50 1.1082488650330473
31 51 1.3790933839199662
31 52 1.2724893439288858
31 53 1.3035274125439584
31 54 1.30002337891096
31 55 1.239036109349924
31 56 1.4530508400527482
31 57 1.2123828153805651
31 58 1.3397730133482744
31 59 1.4325880128158843
31 60 1.4070883767927311
31 61 1.3966569120550432
31 62 1.3700393473169097
31 63 1.5297030470674318
31 64 1.267097446117839
31 65 1.3283215571060494
31 66 1.366513492494603
31 67 1.2830671556794966
31 68 1.4373929833321863
31 69 1.335956634618526
31 70 1.3679108809871123
31 71 1.2434297971932853
31 72 1.1750906230974778
31 73 1.406740712046859
31 74 1.2061370117276164
32 33 1.2897393535369293
32 34 1.4197898201189323
32 35 1.4145056182315352
32 36 1.3895817505306851
32 37 1.291830368162545
32 38 1.384996963690511
32 39 1.311630974518895
32 40 1.010918990876072
32 41 1.2941247121294268
32 42 1.1894003379113776
32 43 1.4759998433122432
32 44 1.3602176740331566
32 45 1.334670491630861
32 46 1.3791210739798896
32 47 1.3433248776370337
32 48 1.2493132576893107
32 49 1.2147483145036182
32 50 1.4284472316072978
32 51 1.3613593074525276
32 52 1.4027243893668906
32 53 1.3706628879959142
32 54 1.3976060221628028
32 55 1.4027000485033063
32 56 1.4288399404151497
32 57 1.432149146977316
32 58 1.354050603510473
32 59 1.3170537950198504
32 60 1.3216266131628942
32 61 1.4218981884810047
32 62 1.3266482978109793
32 63 1.2558526980137559
32 64 1.339244112280491
32 65 1.2700171472198534
32 66 1.3942860874540053
32 67 1.4317017202547553
32 68 1.2234605392670201
32 69 1.3145824872242788
32 70 1.2897177784629974
32 71 1.4247662864123294
32 72 1.342740586275874
32 73 1.4428567492993247
32 74 1.3215665879146479
33 34 1.3953333456349881
33 35 1.5691223292599317
33 36 1.4811281504260299
33 37 1.5168570050084522
33 38 1.3354481591391616
33 39 1.4928762754697575
33 40 1.3176666389690765
33 41 1.277602852073757
33 42 1.1398495420987111
33 43 1.5316538177012544
33 44 1.337907580608146
33 45 1.267892955805948
33 46 1.4202508382001109
33 47 1.338660648076882
33 48 1.3509282437732353
33 49 1.2922828332706437
33 50 1.3024526180218132
33 51 1.3470819849378426
33 52 1.4278873589166297
33 53 1.4383840619451187
33 54 1.3720639269031762
33 55 1.3773497166441955
33 56 1.3523706851778923
33 57 1.403196633194436
33 58 1.4681962845391088
33 59 1.3991193978362801
33 60 1.108320651584558
33 61 1.4744926348139953
33 62 1.2664393941915342
33 63 0.89821283638848
33 64 1.402879119437473
33 65 1.3934480791015167
33 66 1.1560478326637078
33 67 1.5071361021240033
33 68 1.2828279636549396
33 69 1.3919770166309213
33 70 1.3776454971908285
33 71 1.4585659785023013
33 72 1.3439278809780688
33 73 1.255457401083967
33 74 1.3695975081718292
34 35 1.0392350523174272
34 36 1.3083518360989146
34 37 1.1948453901913836
34 38 1.0950465432091792
34 39 1.133678924256319
34 40 1.3187829985035926
34 41 1.1397674850253794
34 42 1.4527296734472688
34 43 1.2159477124810145
34 44 1.346409264932403
34 45 1.1436215197024646
34 46 1.3312363851493902
34 47 1.1921344615773033
34 48 1.3205852655013153
34 49 1.388235498607925
34 50 1.0195358364234277
34 51 1.2163156182535324
34 52 1.3051521844032272
34 53 1.2934550757450092
34 54 1.3492238411775894
34 55 1.2120909897367746
34 56 1.3969454168347277
34 57 0.8842372350243369
34 58 1.2710651570799976
34 59 1.3620367361733339
34 60 1.3950443540601598
34 61 1.1814967887379622
34 62 1.3086047078674163
34 63 1.4670534640245823
34 64 1.2887370848132853
34 65 1.24501542474445
34 66 1.26967924498468
34 67 1.4432306618573798
34 68 1.1772506333706603
34 69 1.251250778333538
34 70 1.2930315050193817
34 71 1.2151612975749102
34 72 1.2305469292270639
34 73 1.2090868608961798
34 74 1.1524051180285586
35 36 1.2799705355597835
35 37 1.2464371379404295
35 38 1.1236673734087834
35 39 0.7957626552072652
35 40 1.3811780216747618
35 41 1.1654316153224904
35 42 1.619106729489702
35 43 1.169389078148871
35 44 1.1690669286908622
35 45 1.0494116285161046
35 46 1.2445538442527568
35 47 1.2254888728103184
35 48 1.4781512746083054
35 49 1.4575634880386559
35 50 1.021669122680777
35 51 1.0370368256163451
35 52 1.38473608087422
35 53 1.2631558647823422
35 54 1.3584246758949612
35 55 1.2666072035252083
35 56 1.3408817595831701
35 57 1.1111120857750707
35 58 1.1475036395232738
35 59 1.4317938701048492
35 60 1.4715405018284724
35 61 1.1260284556435827
35 62 1.4042289201457507
35 63 1.6036928881862886
35 64 1.231218703308537
35 65 1.104501286564135
35 66 1.308481613738648
35 67 1.2134470461133349
35 68 1.2858480966500847
35 69 1.1074875722977935
35 70 1.216333510435698
35 71 1.1498627284368965
35 72 1.2899510344668972
35 73 1.124165882162059
35 74 1.1604038334980127
36 37 1.3326964959761651
36 38 1.3779172992758104
36 39 1.2556340623086235
36 40 1.395855054590955
36 41 1.268399460949468
36 42 1.5255559564491203
36 43 1.456304742860246
36 44 1.4227086267597016
36 45 1.2796361438946602
36 46 1.3763075297690681
36 47 1.2295045053283713
36 48 1.4103983971948713
36 49 1.4105908584274878
36 50 1.321983253024135
36 51 1.2236914159773604
36 52 1.3652820537651191
36 53 1.4572383709255436
36 54 1.3582824981525388
36 55 1.4429480649714284
36 56 1.2662558618192377
36 57 1.2333748582390518
36 58 1.3127214579241464
36 59 0.9961935279327353
36 60 1.5054923670084042
36 61 1.3574995247889428
36 62 1.4482412248990981
36 63 1.503501873705691
36 64 1.3522295283403587
36 65 1.2416699496290664
36 66 1.4694811290040284
36 67 1.309083208242054
36 68 1.3737139297544312
36 69 1.1734563440438501
36 70 1.1971453836864843
36 71 1.4049337637470585
36 72 1.38457069073631
36 73 1.3736591047584237
36 74 1.332882991124162
37 38 1.1488789347046564
37 39 1.2575395229406696
37 40 1.3286641842389786
37 41 1.3198149250004025
37 42 1.380157890286071
37 43 1.2164966698902766
37 44 1.3853229218525573
37 45 1.37636419587906
37 46 1.3325623440022136
37 47 1.3284331159959577
37 48 1.2751173224735919
37 49 1.2917557301240987
37 50 1.2678249313315062
37 51 1.2850364930794134
37 52 1.2732241857249003
37 53 1.4220629501922473
37 54 1.2987327268897515
37 55 1.3880322152463107
37 56 1.354217312859565
37 57 1.2889077303283136
37 58 1.2279460291348334
37 59 1.3348475673614424
37 60 1.3629036253119926
37 61 1.4264050750485358
37 62 1.3100781833802624
37 63 1.3842762726791535
37 64 1.3694175872210623
37 65 1.3713225185759566
37 66 1.4467710592054197
37 67 1.2517197597503522
37 68 1.3053183073839842
37 69 1.2070664806946874
37 70 1.336290365278587
37 71 1.3303540820576776
37 72 1.373542556102031
37 73 1.396725965954612
37 74 1.1994304447124629
38 39 1.094537087327571
38 40 1.356421670161245
38 41 1.1646622399169424
38 42 1.4195324731445962
38 43 1.071493678142834
38 44 1.1539649478298637
38 45 1.1886895702831288
38 46 1.1894188502446688
38 47 1.2221454834059498
38 48 1.311665203002589
38 49 1.293001454246907
38 50 0.8760797859820958
38 51 1.1866026589063279
38 52 1.2676481809771671
38 53 1.2111586640715404
38 54 1.3024044042606295
38 55 1.228769170060052
38 56 1.324160786602747
38 57 1.0169740393701152
38 58 1.1047234280128968
38 59 1.4416703401787843
38 60 1.200714558806929
38 61 1.1119091171013955
38 62 1.2546302476075293
38 63 1.3514799393819075
38 64 1.2305804780230112
38 65 1.24704826488133
38 66 1.2878484677097464
38 67 1.26217454988881
38 68 1.25392191286506
38 69 1.135157271613854
38 70 1.2719831432708897
38 71 1.2485714278402347
38 72 1.1016013085147864
38 73 1.2026381985368506
38 74 1.1470110051336386
39 40 1.264280024535996
39 41 1.1538222978579444
39 42 1.5143782440848836
39 43 1.2161607862915984
39 44 1.2369557691435666
39 45 1.0934884242166267
39 46 1.235251411665193
39 47 1.116188920281625
39 48 1.4280854987991076
39 49 1.4012610619157504
39 50 1.023963039129604
39 51 1.1135937909169666
39 52 1.385014514722307
39 53 1.2375589726963234
39 54 1.4369895816176956
39 55 1.2238448069535162
39 56 1.3849382566952875
39 57 1.1120904769681592
39 58 1.0557076758331065
39 59 1.3812028705580082
39 60 1.3997184087924501
39 61 1.1523627813445092
39 62 1.297398676605417
39 63 1.5605011296088938
39 64 1.2051809707753862
39 65 1.0770810902256827
39 66 1.3371744744915919
39 67 1.3397564234215333
39 68 1.2955553897829633
39 69 1.1663594707690326
39 70 1.2223770386636095
39 71 1.2398129997308398
39 72 1.2685589836727547
39 73 1.135113481314998
39 74 1.059738991358177
40 41 1.1565595027679234
40 42 1.0709653191018482
40 43 1.4753154887023774
40 44 1.3792857593360315
40 45 1.3550588477142695
40 46 1.368591233545401
40 47 1.2662476286856934
40 48 1.103111728417919
40 49 0.9732118853905328
40 50 1.3182254142809118
40 51 1.3045219040145095
40 52 1.354874461864285
40 53 1.3300488190546582
40 54 1.4307896210975268
40 55 1.2911346263937262
40 56 1.4082464468693572
40 57 1.3059808496606504
40 58 1.293328873389382
40 59 1.360003095424631
40 60 1.2178002162061623
40 61 1.3015672135793175
40 62 1.178776349068115
40 63 1.2921724587081183
40 64 1.308380659622752
40 65 1.2818896855098463
40 66 1.353025615043441
40 67 1.4648702040511852
40 68 1.2507279129371294
40 69 1.303809254622828
40 70 1.282056533216225
40 71 1.2970114368520402
40 72 1.293148958681126
40 73 1.3764648300429063
40 74 1.2808686728809557
41 42 1.2485454351626928
41 43 1.4473601727973378
41 44 1.2142819072949678
41 45 1.032447329705661
41 46 1.3350845774258384
41 47 1.319172091806548
41 48 1.2320344972870403
41 49 1.246352886600109
41 50 1.0723737216439626
41 51 1.0466654655112766
41 52 1.3338900097318611
41 53 1.234605575005755
41 54 1.3964790105966853
41 55 1.1493424784659094
41 56 1.3038356712210086
41 57 1.0794282564857915
41 58 1.219822721905319
41 59 1.2786097538431156
41 60 1.2159966287315986
41 61 1.2106215015349024
41 62 1.2702431730228714
41 63 1.3065928944488316
41 64 1.3190209171641325
41 65 1.1847341359225405
41 66 1.3496365595392819
41 67 1.3335882365403362
41 68 1.2345655271569014
41 69 1.2182456740142749
41 70 1.242657588469426
41 71 1.181585357451204
41 72 1.1904064473019675
41 73 1.13522698225883
41 74 1.117239050366293
42 43 1.4274876479223546
42 44 1.3755137212439963
42 45 1.3793803501538837
42 46 1.3962845369665031
42 47 1.4102428012102897
42 48 1.1051434900318422
42 49 1.123618656807762
42 50 1.3667832942256524
42 51 1.4640857298922063
42 52 1.3468803295438367
42 53 1.372090136649107
42 54 1.321120244378446
42 55 1.3200602191708468
42 56 1.3992385055254968
42 57 1.4302301816128662
42 58 1.4030411185134364
42 59 1.4098287037827202
42 60 1.0973323215996753
42 61 1.4198437482980562
42 62 1.2177823629924627
42 63 1.0393807527803893
42 64 1.4059306679258332
42 65 1.4304018581138709
42 66 1.2978926785196152
42 67 1.4635475446450867
42 68 1.2597035409447022
42 69 1.4587156809186663
42 70 1.3211334762940865
42 71 1.427130966404167
42 72 1.254014029656383
42 73 1.437190001586537
42 74 1.3376919194941606
43 44 1.2722320666099294
43 45 1.3464314376695203
43 46 1.1894298313213274
43 47 1.2563847082731299
43 48 1.3974781645418501
43 49 1.410507778303884
43 50 1.089545795120831
43 51 1.3695050210315192
43 52 1.2520242810048559
43 53 1.2404005366681272
43 54 1.2691140424194984
43 55 1.2164090453743528
43 56 1.3966056285560065
43 57 1.267506383842292
43 58 1.2669400900230328
43 59 1.459699958019125
43 60 1.390502829434117
43 61 1.2755439493966663
43 62 1.3609503740047293
43 63 1.4842715427886222
43 64 1.2311254773509848
43 65 1.2862339593251988
43 66 1.3423989993424315
43 67 1.2432478047161928
43 68 1.3850822563404308
43 69 1.327334977483519
43 70 1.3482303354379408
43 71 1.222047959012565
43 72 1.0757719687510428
43 73 1.4113340958258482
43 74 1.1818806716883528
44 45 1.1490397205834402
44 46 1.3362286581572331
44 47 1.2573374624895453
44 48 1.224799709623573
44 49 1.2296948447824099
44 50 1.098136018757074
44 51 1.1211011560238082
44 52 1.3831246371253454
44 53 1.212255674722267
44 54 1.3687393348843782
44 55 1.2153335343791034
44 56 1.3549395986847608
44 57 1.230608765146165
44 58 1.2725858859956134
44 59 1.4221039456401958
44 60 1.1641006866458543
44 61 1.2573958807613532
44 62 1.301663762174671
44 63 1.2928174545053697
44 64 1.2975567430288004
44 65 1.2979806313265383
44 66 1.2387027469547292
44 67 1.2933052340654096
44 68 1.45438447079362
44 69 1.27853036337311
44 70 1.2528292653438944
44 71 1.2015143517302476
44 72 1.1397554745303227
44 73 1.088528209425321
44 74 1.1157472797035963
45 46 1.3321162738045724
45 47 1.2209836613107394
45 48 1.4159644734719818
45 49 1.3892828013050784
45 50 1.0329395543120912
45 51 1.017405900942384
45 52 1.32320668306234
45 53 1.2156923660313292
45 54 1.3196353706734403
45 55 1.1512961098708931
45 56 1.3497699576632316
45 57 1.1119586182745553
45 58 1.2688391699898676
45 59 1.3580809750639644
45 60 1.2908272480037295
45 61 1.2080243657199268
45 62 1.2948513918925182
45 63 1.2837871369512344
45 64 1.2915844771967844
45 65 1.2375245736556328
45 66 1.2721051581576204
45 67 1.2208824806401573
45 68 1.2463981173210805
45 69 1.1531297492335255
45 70 1.1327222444806775
45 71 1.2135262756719958
45 72 1.1140508881212794
45 73 0.9793754440430483
45 74 1.218102633335442
46 47 1.3260488073157275
46 48 1.4095870249656715
46 49 1.3808802830838656
46 50 1.3465736237072976
46 51 1.380202292139687
46 52 1.3906300181458444
46 53 1.3617757711070626
46 54 1.3377719829820198
46 55 1.3891987049941834
46 56 1.3432579525109363
46 57 1.2548799733668696
46 58 1.2619181964480202
46 59 1.385500515229322
46 60 1.3524465225644975
46 61 1.2402029669571395
46 62 1.3873073344908782
46 63 1.4294084160217988
46 64 1.3173697310752106
46 65 1.290415878424664
46 66 1.4129900615773474
46 67 1.249665153743712
46 68 1.2414568896535765
46 69 1.3529819065619464
46 70 1.3779537857896869
46 71 1.2807437427963404
46 72 1.3183704209972689
46 73 1.3727048925798506
46 74 1.2668591144603072
47 48 1.4319959901536115
47 49 1.3642861553699779
47 50 1.1657308847474397
47 51 1.22165815294399
47 52 1.2699313026682884
47 53 1.223438736422075
47 54 1.3474394997775927
47 55 1.2473001352717241
47 56 1.3634936777218338
47 57 1.0944848015356872
47 58 1.2649444569649135
47 59 1.2577487227217936
47 60 1.335132560975051
47 61 1.2631893296536798
47 62 1.338336055684499
47 63 1.4587813610687939
47 64 1.2500230876625815
47 65 1.2362821177652428
47 66 1.25652461936004
47 67 1.325129565733732
47 68 1.2576044376291953
47 69 1.1997075775217112
47 70 1.2184719166587032
47 71 1.2879596670112872
47 72 1.262417485345853
47 73 1.310951732308225
47 74 1.2054364736687357
48 49 0.873301217448774
48 50 1.321303209621065
48 51 1.3468656670148185
48 52 1.4108221422804057
48 53 1.3451851269129014
48 54 1.4311314109245665
48 55 1.3018089975540978
48 56 1.424549810602407
48 57 1.3101621336911118
48 58 1.400866052188157
48 59 1.4182188265079578
48 60 1.2351729467098123
48 61 1.3596316216426132
48 62 1.3097550170226595
48 63 1.165936880375852
48 64 1.3427671295029637
48 65 1.3883964251167227
48 66 1.4047549794358618
48 67 1.467672426324252
48 68 1.3313337503786693
48 69 1.388297021799262
48 70 1.3879389762638197
48 71 1.260854266965932
48 72 1.2606977419293026
48 73 1.3808823541584787
48 74 1.2791215057961858
49 50 1.2631130670980732
49 51 1.4086672751902154
49 52 1.3741152915251598
49 53 1.3448921659964517
49 54 1.4400454649647552
49 55 1.3269002556939786
49 56 1.382354715037751
49 57 1.3607806822492037
49 58 1.352603310389828
49 59 1.3981632634076648
49 60 1.1242431064382665
49 61 1.376151119198058
49 62 1.2961584686547265
49 63 1.1574129069197405
49 64 1.3471138739133568
49 65 1.287418389219026
49 66 1.326259816941501
49 67 1.445992474961782
49 68 1.326859429640418
49 69 1.318526782901053
49 70 1.367991793053967
49 71 1.2735444915961636
49 72 1.2663262547803003
49 73 1.2717777058188977
49 74 1.32654334349613
50 51 1.152839126617903
50 52 1.2750026567495147
50 53 1.097764432150126
50 54 1.3614759996174548
50 55 1.0332434787880345
50 56 1.3339754737053293
50 57 0.9517965653444492
50 58 1.2251479432912342
50 59 1.4128346041658837
50 60 1.2050461159702632
50 61 1.146692654783309
50 62 1.2521956239059397
50 63 1.2712111020522343
50 64 1.1465482545674712
50 65 1.1122292520386523
50 66 1.2547265345008505
50 67 1.302089541048204
50 68 1.324999365948188
50 69 1.1475218224274677
50 70 1.2401850916934987
50 71 1.1210797314101635
50 72 0.9995075231942839
50 73 1.1100661855125071
50 74 1.0742432992718147
51 52 1.45740667774764
51 53 1.3544660627636107
51 54 1.271925316287228
51 55 1.2480268097360339
51 56 1.3173621802279056
51 57 1.156507302789426
51 58 1.2310804824354986
51 59 1.3704300585997187
51 60 1.44113641044681
51 61 1.2449735999927394
51 62 1.393388622998235
51 63 1.4106031570070523
51 64 1.3348345207588428
51 65 1.289905854976195
51 66 1.3100856129035154
51 67 1.2110729826501165
51 68 1.326746703718385
51 69 1.2018302028847683
51 70 1.182317323546578
51 71 1.2930004605403356
51 72 1.2284027425380335
51 73 1.072243143593665
51 74 1.2251727505777732
52 53 1.399409138520646
52 54 1.2960781130196148
52 55 1.2234546484212847
52 56 1.3899897306405034
52 57 1.2771072068678289
52 58 1.4607301546842226
52 59 1.3277368508361234
52 60 1.3939172311865968
52 61 1.4225783355529047
52 62 1.3815287280212645
52 63 1.444682156191353
52 64 1.331990479681399
52 65 1.388295785479443
52 66 1.4012992906562545
52 67 1.3751767315058068
52 68 1.3788813741405075
52 69 1.3495127842707912
52 70 1.273171309809453
52 71 1.3637007215836217
52 72 1.2573557570834526
52 73 1.4628661564585397
52 74 1.3413328242154794
53 54 1.40183612914497
53 55 0.8480982519102387
53 56 1.463812516071014
53 57 1.240246119719841
53 58 1.142958478500572
53 59 1.4016648566118455
53 60 1.3076360272160885
53 61 1.117120943942673
53 62 1.3725374715866137
53 63 1.3572318027234247
53 64 1.3189973367022707
53 65 1.319934737723022
53 66 1.4335823808686903
53 67 1.2868527104323415
53 68 1.407111624646481
53 69 1.3293107414093388
53 70 1.333554357501075
53 71 1.048383541584783
53 72 1.0721653674572054
53 73 1.2458966170497552
53 74 1.2949239674723259
54 55 1.3591175809860359
54 56 1.4175227684673448
54 57 1.3730324806673626
54 58 1.3660608924479027
54 59 1.4505397002493772
54 60 1.4335607740628147
54 61 1.3669377010494292
54 62 1.458856435802603
54 63 1.3405837994682257
54 64 1.3878351571221488
54 65 1.4827802759493094
54 66 1.3767528433379772
54 67 1.2820156607310742
54 68 1.4236740419684686
54 69 1.2995063812306133
54 70 1.1362803977073554
54 71 1.4325065439757676
54 72 1.3120699480661295
54 73 1.4764666552566945
54 74 1.4108183125893783
55 56 1.4406058716047783
55 57 1.1662096910435378
55 58 1.3587608276281486
55 59 1.3544573173263161
55 60 1.2946455325648165
55 61 1.2119246197017952
55 62 1.295219029616051
55 63 1.3934066407760564
55 64 1.3311306452446072
55 65 1.3156674379252324
55 66 1.3651034726585842
55 67 1.330198315774005
55 68 1.3917068103666497
55 69 1.3069191808455938
55 70 1.3755834538656317
55 71 1.0774738245303848
55 72 1.008591292124194
55 73 1.23751458597385
55 74 1.2426872742380946
56 57 1.3850839465353924
56 58 1.2986406382708593
56 59 1.2341406900872829
56 60 1.319595732126052
56 61 1.3512057341655273
56 62 1.4407857057130251
56 63 1.4321183842626275
56 64 1.4065224825938292
56 65 1.2680960739320535
56 66 1.417695762828909
56 67 1.389870785995966
56 68 1.4817983390973462
56 69 1.2439193661721364
56 70 1.3489876409026382
56 71 1.3390787347601605
56 72 1.3412996703102362
56 73 1.267709905040274
56 74 1.3709823183745655
57 58 1.2552130127994947
57 59 1.276403727003784
57 60 1.3157726829513803
57 61 1.2069024420594676
57 62 1.307891790978219
57 63 1.4340130180918762
57 64 1.07952511515466
57 65 1.2204960279998762
57 66 1.396094856816464
57 67 1.4027174771780668
57 68 1.26567571336244
57 69 1.2648921211958868
57 70 1.224978091706453
57 71 1.1650844962996478
57 72 1.2165282085863491
57 73 1.1619784648549933
57 74 1.182524363046059
58 59 1.340943831614441
58 60 1.3470259392267114
58 61 1.120490715921028
58 62 1.2891770155450053
58 63 1.4354821658241677
58 64 1.3259543106610665
58 65 1.156284815757571
58 66 1.4727126073580612
58 67 1.1893457557754212
58 68 1.3089456406686224
58 69 1.22060925076545
58 70 1.1755544111508567
58 71 1.2084644868801715
58 72 1.254692721244306
58 73 1.219195557623005
58 74 1.2374867750208274
59 60 1.4799637539212809
59 61 1.4095324771242015
59 62 1.466302971898798
59 63 1.479665294008862
59 64 1.3604039320389998
59 65 1.3122575632075555
59 66 1.5222626130283163
59 67 1.3903503799432737
59 68 1.440829137535587
59 69 1.2541307043927898
59 70 1.349107671607551
59 71 1.3641879219776634
59 72 1.3896389880625835
59 73 1.3925669071117255
59 74 1.333066940712874
60 61 1.3454130463288736
60 62 1.1130665745512531
60 63 1.011079048853498
60 64 1.333556826557826
60 65 1.3452903361777941
60 66 1.2119227367051522
60 67 1.4151710176356422
60 68 1.351242364854617
60 69 1.3685191544924553
60 70 1.3777230966025302
60 71 1.3041995509432232
60 72 1.1731693578457856
60 73 1.2810486588465153
60 74 1.2413817140164753
61 62 1.3512401806815446
61 63 1.4305741533327143
61 64 1.2151264875819576
61 65 1.180185560673966
61 66 1.3762120511078741
61 67 1.2736635437108033
61 68 1.207775548343377
61 69 1.2320560509759617
61 70 1.238248131358947
61 71 1.0928123091829884
61 72 1.1637385088158776
61 73 1.282809820989534
61 74 1.3174149096368877
62 63 1.2469225801162898
62 64 1.3508065821539668
62 65 1.381120063214297
62 66 1.1727948114809605
62 67 1.341519652921906
62 68 1.3108329152013074
62 69 1.3476904963580545
62 70 1.3606183738497877
62 71 1.314806964579243
62 72 1.297660745332315
62 73 1.2628830233734158
62 74 1.1375945863526211
63 64 1.4456399311495796
63 65 1.3610108127232539
63 66 1.330797928725787
63 67 1.4820125763782723
63 68 1.299577112765923
63 69 1.4424439554203694
63 70 1.3842574043502396
63 71 1.3657626441904624
63 72 1.267093307589274
63 73 1.3082322231913877
63 74 1.3670422833073173
64 65 1.144668969833245
64 66 1.4057005027831722
64 67 1.3701156417546805
64 68 1.383330234618353
64 69 1.287305314177575
64 70 1.3318597408383452
64 71 1.2660158434389854
64 72 1.260820179282438
64 73 1.3478052234387323
64 74 1.2991172392315136
65 66 1.3882695850860594
65 67 1.3422870140404055
65 68 1.3574203073237416
65 69 1.1519404614375328
65 70 1.2898623555034698
65 71 1.1755257201075346
65 72 1.287437502891691
65 73 1.2632945816145156
65 74 1.177988586289632
66 67 1.401873924502911
66 68 1.2699980485508704
66 69 1.3227002736161964
66 70 1.4057638840395785
66 71 1.4288241941285862
66 72 1.3844820165904508
66 73 1.3005151722517017
66 74 1.309540599780218
67 68 1.4251618719589767
67 69 1.1470607187095858
67 70 1.2422326005349673
67 71 1.2942140162009936
67 72 1.27925608975957
67 73 1.3387024088068142
67 74 1.3630084284149766
68 69 1.353729998050483
68 70 1.314458513436034
68 71 1.3335434331591498
68 72 1.397535664794856
68 73 1.3835973679989488
68 74 1.3799633390328043
69 70 1.1624835006473258
69 71 1.3089996847525607
69 72 1.2777463857501996
69 73 1.2514354563305274
69 74 1.2293458321577735
70 71 1.3235788798579666
70 72 1.2544166544730473
70 73 1.4053784812898737
70 74 1.272560945609962
71 72 1.0882594289881136
71 73 1.2927604160484893
71 74 1.2103851304539208
72 73 1.1420052384441313
72 74 1.181773728853727
73 74 1.2304367664624567
