90 0
0 1 1.249227902371858
0 2 1.253737991528406
0 3 1.2875696205225118
0 4 1.1851837040031907
0 5 1.331709867233509
0 6 1.3216237139837212
0 7 1.3169612002637265
0 8 1.3022240363259032
0 9 1.1496148659506442
0 10 1.2325446043529869
0 11 1.244632416527084
0 12 1.1280707038046398
0 13 1.1864481016443085
0 14 1.243591926101147
0 15 1.3149905240535615
0 16 1.276386950050168
0 17 1.1323016920068127
0 18 1.1245601277568154
0 19 1.1917770389526898
0 20 1.3123581804087736
0 21 1.2705757373859146
0 22 1.0345249518144897
0 23 1.1908287615999062
0 24 1.31165650889073
0 25 0.9601417326545741
0 26 1.2224595177286208
0 27 1.2870713345888822
0 28 1.2544099729338138
0 29 1.166289536435735
0 30 1.160409517150441
0 31 1.2611024088576908
0 32 1.192005192179879
0 33 1.1811014401125364
0 34 1.192470737778146
0 35 1.3291024385317198
0 36 1.239168330396207
0 37 1.2726616380977946
0 38 1.262077112782735
0 39 1.3229357780517441
0 40 1.3168964314175977
0 41 1.2466469335780515
0 42 1.2100584161162824
0 43 1.1314498214469784
0 44 1.1070089638651341
0 45 1.2710592108319179
0 46 1.0506895513872818
0 47 1.0098291300037856
0 48 1.2019512358290707
0 49 1.2680238049346968
0 50 1.3230476221022807
0 51 1.0856568593255882
0 52 1.1974171122282193
0 53 1.2887669505323218
0 54 1.055437392810034
0 55 1.089542692316307
0 56 1.274437703878893
0 57 1.3052260999437202
0 58 1.06873641828821
0 59 1.358635429843323
0 60 1.1630027444666862
0 61 1.1349084331083
0 62 1.1383487639864838
0 63 1.3067479802814095
0 64 1.2500063297238857
0 65 1.2886745424054864
0 66 1.2840016494839046
0 67 1.2449657854780858
0 68 1.1334745863093976
0 69 1.2369893031326955
0 70 1.190725783506801
0 71 1.2693521926882287
0 72 1.242658926237986
0 73 1.1868883710804383
0 74 1.1581299772888325
0 75 1.1383612641546477
0 76 1.2220437689872015
0 77 1.2646446954611505
0 78 1.2468665770428193
0 79 1.0713256901743329
0 80 1.2793225516124764
0 81 1.1063965225053585
0 82 1.0596548336061777
0 83 1.2226910457480606
0 84 1.2794175066614264
0 85 1.2243252209577173
0 86 1.257988652667455
0 87 1.3491795021052413
0 88 1.1312571881888254
0 89 1.3147632803781328
1 2 1.2140171311429502
1 3 1.2462963590400766
1 4 1.2724323804404076
1 5 1.1893457557754212
1 6 1.359830893888315
1 7 1.2454027985934562
1 8 1.2681525065568753
1 9 1.2456229127682095
1 10 1.3284470414806537
1 11 1.3968756459844345
1 12 1.330629920407295
1 13 1.0737459424156997
1 14 1.2528585369001919
1 15 1.4727126073580612
1 16 1.4505207154149706
1 17 1.322915855599212
1 18 1.195523058545549
1 19 1.2611312715512413
1 20 1.2034514324058125
1 21 1.2819216536893212
1 22 1.3587608276281486
1 23 1.1065049146469788
1 24 1.3765026410226586
1 25 1.254692721244306
1 26 1.1736799137020755
1 27 1.2524415632125883
1 28 1.3552706514659398
1 29 1.2285837212348585
1 30 1.1867696859083086
1 31 1.2477841726843948
1 32 1.3667031190574956
1 33 1.3017662888499988
1 34 1.0020757797705264
1 35 1.2237744124120347
1 36 1.3275012089977087
1 37 1.3029173243502505
1 38 1.2030979646066724
1 39 1.4980435899889541
1 40 1.515542133382898
1 41 1.293328873389382
1 42 1.3091991182458877
1 43 1.2737535927108818
1 44 1.2736231222747076
1 45 1.3517411554639454
1 46 1.1978632233225923
1 47 1.2654921554997367
1 48 1.1513474473905478
1 49 1.2740431493632642
1 50 1.317679761132767
1 51 1.157986180348413
1 52 1.2409241938693985
1 53 1.3240801264126387
1 54 1.2089021603294083
1 55 1.2615773168808613
1 56 1.2806832743488656
1 57 1.321807438657939
1 58 1.1841747526736042
1 59 1.2676878707084112
1 60 1.2438409619566264
1 61 1.1996870607584542
1 62 1.1755544111508567
1 63 1.2855022824718052
1 64 1.2614635540863317
1 65 1.2949566150149288
1 66 1.2563103203179082
1 67 1.4820857315061806
1 68 1.173404137822691
1 69 1.3397730133482744
1 70 1.42581173335799
1 71 1.156922178044277
1 72 1.2986395734744636
1 73 1.2472902276020204
1 74 1.120490715921028
1 75 1.2434978772462641
1 76 1.1864217244676276
1 77 1.3470701255612223
1 78 1.4191217540236132
1 79 1.151430867186132
1 80 1.4593114044442588
1 81 1.1489805408393106
1 82 1.1720743238696163
1 83 1.2984001587076468
1 84 1.349187479188831
1 85 1.3284218199545772
1 86 1.3203642404590714
1 87 1.3552991212743066
1 88 1.2516976333896286
1 89 1.2342634342554448
2 3 1.1017516219768981
2 4 1.2570786418089923
2 5 1.1918908001551656
2 6 1.3508120731719662
2 7 1.2414738494716866
2 8 1.30537514791496
2 9 1.1629146211512804
2 10 1.228075804338418
2 11 1.581742328589694
2 12 1.2064753101517467
2 13 0.7087344320058553
2 14 1.3654301498134798
2 15 1.3591556776295912
2 16 1.602350724290496
2 17 1.1163395325345253
2 18 1.1241930292963846
2 19 1.2455614798158097
2 20 1.2773507180860717
2 21 1.2025718697134353
2 22 1.2474286956843446
2 23 0.7504689680186146
2 24 1.402349626637219
2 25 1.3333307148476607
2 26 1.0931970191220581
2 27 1.3191203916493466
2 28 1.0270169511593763
2 29 1.3361669429174974
2 30 1.4484512531059541
2 31 1.4268898606038014
2 32 1.4049836269299387
2 33 1.3350342822366645
2 34 1.2406173475328506
2 35 1.2949871231298344
2 36 1.3377983359724777
2 37 1.3383039720694347
2 38 1.2627019815532694
2 39 1.2783265734990312
2 40 1.306299730933971
2 41 1.3575988807157928
2 42 1.2581938231091772
2 43 1.1299726009942463
2 44 1.1423678788348894
2 45 1.2165277396186656
2 46 1.1529218314284806
2 47 1.159679684118579
2 48 1.1134528649428022
2 49 1.3915594371220994
2 50 1.3482255062413846
2 51 1.4157033320171006
2 52 1.288025863089126
2 53 1.2258756345968764
2 54 1.1385321702670574
2 55 1.267254783568325
2 56 1.178885050331606
2 57 1.2700272907350338
2 58 1.096592801008821
2 59 1.215982307481314
2 60 1.2567480213684388
2 61 1.2259919681232676
2 62 1.2694542289430222
2 63 1.3330767211699992
2 64 1.230847956354848
2 65 1.1425705795386754
2 66 1.2209542483793556
2 67 1.637161348746145
2 68 0.9188226469000449
2 69 1.2750280567220127
2 70 1.5969456552388308
2 71 0.6844663233289081
2 72 1.2558872512832067
2 73 1.1894063328406923
2 74 1.1439259299292248
2 75 1.3524444108427787
2 76 1.2388493250503971
2 77 1.4803768554015855
2 78 1.5511133749079313
2 79 1.2013544258006057
2 80 1.6358536984056806
2 81 1.2058868387696922
2 82 1.1351679858726478
2 83 1.4127253428106339
2 84 1.3857908715649332
2 85 1.3408197789012866
2 86 1.145368532656767
2 87 1.3900228081045067
2 88 1.1699609261097206
2 89 1.3189490441751108
3 4 1.2404627712816683
3 5 1.1272152512007318
3 6 1.2826427934911857
3 7 0.9291183307400548
3 8 1.3361627604193453
3 9 1.2646127910023996
3 10 1.3435697389916879
3 11 1.3808385294979497
3 12 1.3950680097381327
3 13 1.0982365677907509
3 14 1.3055007308284061
3 15 1.486546747099241
3 16 1.5047270029712978
3 17 1.151280089183233
3 18 1.2733267720907417
3 19 1.2930708395822288
3 20 1.1980571758003282
3 21 0.9330997374706791
3 22 1.2443318979795126
3 23 1.080859963852274
3 24 1.4018579024594244
3 25 1.3771056847919538
3 26 1.2857031311801848
3 27 1.3630071361875014
3 28 1.2507993342543335
3 29 1.4002898578771987
3 30 1.4985340017073852
3 31 1.3411924118843617
3 32 1.4091283939757027
3 33 1.4137081002162262
3 34 1.264563523403942
3 35 1.2633951555368854
3 36 1.2579700469061466
3 37 1.2402296354482076
3 38 1.251720518907667
3 39 1.2369388541938189
3 40 1.1875804449444436
3 41 1.4212461651199353
3 42 1.2509777721262678
3 43 1.1870233107097898
3 44 1.2522292032230897
3 45 1.3404162353042433
3 46 1.3530123766075937
3 47 1.3341544350797498
3 48 1.207681513320618
3 49 1.3382151917087572
3 50 1.2966754928319806
3 51 1.3533391118745768
3 52 1.3823565191963645
3 53 1.2780595689261347
3 54 1.238344335728316
3 55 1.2951705336954238
3 56 1.2293446125853167
3 57 1.3540985380150687
3 58 1.2162154122518922
3 59 1.3509493884948744
3 60 1.1823103175466514
3 61 1.2680284673600644
3 62 1.2835679477699038
3 63 1.359381158493766
3 64 1.2922307343920947
3 65 1.321096102723826
3 66 1.2129082286446804
3 67 1.436251454431226
3 68 1.080434850635391
3 69 1.2309550332735837
3 70 1.4341109266470322
3 71 1.1485101853414266
3 72 1.3750460331491898
3 73 1.3089420227575994
3 74 1.2934133081825303
3 75 1.3768357236829585
3 76 1.179100158543887
3 77 1.39958627647836
3 78 1.4250633622232305
3 79 1.269095000354341
3 80 1.453786858148863
3 81 1.1645229851185412
3 82 1.279996357891854
3 83 1.3120920955285449
3 84 1.3505368750369893
3 85 1.4377320765464925
3 86 1.2609155066868953
3 87 1.1884357654315256
3 88 1.3373209714643677
3 89 1.1476116804795211
4 5 1.3172363077425515
4 6 1.3336241249968166
4 7 1.293946845254747
4 8 1.3155612148640652
4 9 1.2814363007709553
4 10 1.3203139615915833
4 11 1.3323459379387392
4 12 1.268399867493284
4 13 1.2019636880051658
4 14 1.2292334313400344
4 15 1.3549190860002251
4 16 1.353792678222751
4 17 1.2633736545782845
4 18 1.1751350966655298
4 19 1.18802560077623
4 20 1.3027204653262883
4 21 1.1688643094209692
4 22 1.2933158320831901
4 23 1.2263000592729576
4 24 1.3099598044162961
4 25 1.144363654418904
4 26 1.351228218084251
4 27 1.3117940264885581
4 28 1.3062058788125455
4 29 1.3465378060268192
4 30 1.3575855935229344
4 31 1.421833273766162
4 32 1.402915128341377
4 33 1.3845857630172196
4 34 1.2715716231217598
4 35 1.3125905018888895
4 36 1.2543764777289501
4 37 1.3224856269913068
4 38 1.2380330238846473
4 39 1.2896311721242717
4 40 1.2720660439861986
4 41 1.4045525358442819
4 42 1.2765965254201468
4 43 1.2096137836429408
4 44 1.272092356390381
4 45 1.283534543420858
4 46 1.2563943069105086
4 47 1.3062579058139072
4 48 1.3130679388665807
4 49 1.2950415347211068
4 50 1.3300152365559519
4 51 1.2642623523917977
4 52 1.4007903378888935
4 53 1.3287730146222676
4 54 1.2477825173132027
4 55 1.2178216634253065
4 56 1.390749764804922
4 57 1.0605318550131433
4 58 1.2695874614343112
4 59 1.3116702174313968
4 60 1.2568376246747408
4 61 1.2586049799748595
4 62 1.3764637879590127
4 63 1.2523482467603861
4 64 1.1134896129427767
4 65 1.352515295716086
4 66 1.2919325080341542
4 67 1.3319006435742444
4 68 1.1541160190887034
4 69 1.1881546291561678
4 70 1.380485744587146
4 71 1.276727525161098
4 72 1.3916575970814824
4 73 1.2912960749802085
4 74 1.2948388049875243
4 75 1.390660241139379
4 76 1.3183877866491203
4 77 1.343611058448184
4 78 1.4321167260604317
4 79 1.3159402511694949
4 80 1.4403373359300344
4 81 1.257671680069536
4 82 1.2909361784868645
4 83 1.2485830639280056
4 84 1.4266845070945382
4 85 1.385186289045255
4 86 1.3629927644739095
4 87 1.3447666936200733
4 88 1.2625785567951904
4 89 1.3361850678441813
5 6 1.3728424452832195
5 7 1.2340112219247465
5 8 1.383338233528943
5 9 1.4234310342845904
5 10 1.2454789314052241
5 11 1.415664378135315
5 12 1.3391545680967951
5 13 1.2024421409319481
5 14 1.3138138202237437
5 15 1.401873924502911
5 16 1.4440960847438076
5 17 1.2640284946850093
5 18 1.298283658810896
5 19 1.297698765404974
5 20 1.2202354048325594
5 21 1.2635321537580502
5 22 1.330198315774005
5 23 1.226953221211321
5 24 1.4309176479182912
5 25 1.27925608975957
5 26 1.309211382574297
5 27 1.317660498045872
5 28 1.2849324189157945
5 29 1.4042075679058466
5 30 1.4402065322220858
5 31 1.3533829944137779
5 32 1.3624597994581509
5 33 1.443380814490753
5 34 1.3112426375643564
5 35 1.24532266950185
5 36 1.2468268535681921
5 37 1.1878445048712136
5 38 1.1941732460193946
5 39 1.3596352268752359
5 40 1.2811581130892464
5 41 1.4648702040511852
5 42 1.299013161260508
5 43 1.3257912020623641
5 44 1.2528161635912467
5 45 1.2964175303902115
5 46 1.3793183232382256
5 47 1.4042885681608146
5 48 1.251547958197951
5 49 1.4264895021595314
5 50 1.425991520918937
5 51 1.4327653521627075
5 52 1.3852209460032958
5 53 1.4426725083369487
5 54 1.3530050294182698
5 55 1.2564805063009563
5 56 1.3511728044838318
5 57 1.3331300218552327
5 58 1.3616329507438092
5 59 1.3006061609079484
5 60 1.1858041882502508
5 61 1.2727406396440681
5 62 1.2422326005349673
5 63 1.4284909996337236
5 64 1.248617136096054
5 65 1.4404678521564422
5 66 1.0646067255290192
5 67 1.4394311298536187
5 68 1.1348491654947719
5 69 1.2830671556794966
5 70 1.4311178131007136
5 71 1.2461788605134638
5 72 1.4490555232641051
5 73 1.3722136941500602
5 74 1.2736635437108033
5 75 1.3672012427764113
5 76 1.324126953526902
5 77 1.4643821203799348
5 78 1.4692895459931135
5 79 1.3357524193328172
5 80 1.4935318640045812
5 81 1.0738605051981887
5 82 1.2746669233470664
5 83 1.3592082969798025
5 84 1.3706481410344484
5 85 1.4489404694876198
5 86 1.4712818697630214
5 87 1.438223360988926
5 88 1.2216157150936742
5 89 1.0822198964230811
6 7 1.3111104736473371
6 8 1.236531773584478
6 9 1.2540019548155839
6 10 1.347897219415816
6 11 1.3632751322938552
6 12 1.3125449763359582
6 13 1.3319097149261039
6 14 1.2736203338659104
6 15 1.3032413933888471
6 16 1.367613709480804
6 17 1.3369084439355616
6 18 1.3023572115196103
6 19 1.35294071609359
6 20 1.4109027352399335
6 21 1.3236717285526847
6 22 1.3025792222833243
6 23 1.2709045573288416
6 24 1.4216577071326886
6 25 1.363879988158617
6 26 1.3503164137659924
6 27 1.411519038121474
6 28 1.2951611254428064
6 29 1.339350799423507
6 30 1.3967102863503809
6 31 1.3209762399741112
6 32 1.3079633050998587
6 33 1.2710308373054517
6 34 1.3030387769157104
6 35 1.113636943261899
6 36 1.4509819106692379
6 37 1.3377008511082968
6 38 1.289325876725391
6 39 1.2802780956306143
6 40 1.1561368109806829
6 41 1.3473277599137812
6 42 1.254789680063872
6 43 1.3485865294901458
6 44 1.2376931795561354
6 45 1.4445427069920649
6 46 1.3685216817691275
6 47 1.331558001416203
6 48 1.3011949198354722
6 49 1.1934399265894529
6 50 1.4930053353637567
6 51 1.420989580668874
6 52 1.3677508137473815
6 53 1.332918947372576
6 54 1.3236026349697603
6 55 1.0842090479861108
6 56 1.3214667952586454
6 57 1.4108206522293327
6 58 1.2569249078934022
6 59 1.2474250189163223
6 60 1.2914617723007202
6 61 1.3502225989857293
6 62 1.3912126315020714
6 63 1.2900934266803925
6 64 1.3363624470624353
6 65 1.312137677702511
6 66 1.405757301752232
6 67 1.35658777636782
6 68 1.317073856581289
6 69 1.3736872804156768
6 70 1.363663969746294
6 71 1.3702594099597698
6 72 1.3505046636079439
6 73 1.3358075234612123
6 74 1.2350954023682228
6 75 1.2613185188857199
6 76 1.3349854324892212
6 77 1.34495804688454
6 78 1.307587171926401
6 79 1.3397072620939094
6 80 1.3049987725106933
6 81 1.3535397433154657
6 82 1.3097146529908914
6 83 1.315876425402858
6 84 1.2780951163250809
6 85 1.2809994599022945
6 86 1.3468370073959866
6 87 1.374136952143698
6 88 1.3815226045033293
6 89 1.2777263613872099
7 8 1.4387152014114974
7 9 1.281689992866923
7 10 1.333389411812099
7 11 1.2813065089124507
7 12 1.3024200900720475
7 13 1.1756253565635573
7 14 1.299262679329124
7 15 1.3936859975363296
7 16 1.355260177307207
7 17 1.1744756876886195
7 18 1.2823810541043483
7 19 1.2616787126013538
7 20 1.2481420350179337
7 21 0.9949646196024338
7 22 1.3133394696531144
7 23 1.225214473133756
7 24 1.4223254197346231
7 25 1.3383091061049004
7 26 1.2435749243652194
7 27 1.2180556087272982
7 28 1.2724466839157085
7 29 1.3768539965771938
7 30 1.4034016115740444
7 31 1.2701568268492234
7 32 1.3252908267700858
7 33 1.288727798653078
7 34 1.2236273058528528
7 35 1.3409926848316038
7 36 1.2713028337584504
7 37 1.3388480661548758
7 38 1.3461676451672793
7 39 1.393448262163991
7 40 1.3506713944959543
7 41 1.415347394830656
7 42 1.319929815957885
7 43 1.2200256908802067
7 44 1.2611229117667266
7 45 1.4880227792981076
7 46 1.327409862557242
7 47 1.3451914072148579
7 48 1.1991386151512364
7 49 1.4085575624815478
7 50 1.2624200708242943
7 51 1.307519361768143
7 52 1.3720910143028464
7 53 1.3286040903959404
7 54 1.2942693833204637
7 55 1.2158864909330893
7 56 1.267409006882295
7 57 1.3432818917443268
7 58 1.2780969821989916
7 59 1.3333381542907967
7 60 1.1198286806750943
7 61 1.2869370239483773
7 62 1.2491844306329392
7 63 1.419276852225624
7 64 1.2687825384092895
7 65 1.2995762862320923
7 66 1.2477349084284508
7 67 1.2906586855851083
7 68 1.1380223256299498
7 69 1.262350044584376
7 70 1.326847843178875
7 71 1.278745055778905
7 72 1.287067781567613
7 73 1.3143267259133258
7 74 1.3258764434769696
7 75 1.4669569644233735
7 76 1.181912029533041
7 77 1.392145128649956
7 78 1.3320476231749214
7 79 1.2618680782445075
7 80 1.3359721773311712
7 81 1.2119130958128619
7 82 1.3065930741515153
7 83 1.250432346240571
7 84 1.4267788832903847
7 85 1.298430728355876
7 86 1.3026725266522259
7 87 1.135709102270797
7 88 1.2672974110458404
7 89 1.232205561438394
8 9 1.1462067989579234
8 10 1.3498754612212085
8 11 1.398747535777627
8 12 1.2367859134525387
8 13 1.2681055871280091
8 14 1.3135264661143693
8 15 1.3739752886436094
8 16 1.4252953159387507
8 17 1.2535401203204535
8 18 1.2800433629919432
8 19 1.3558536953135472
8 20 1.4054582634898187
8 21 1.3338041048327502
8 22 1.3521307031409837
8 23 1.2258948557990796
8 24 1.3142926065970522
8 25 1.3328353672123807
8 26 1.2758369871867619
8 27 1.3989337742078891
8 28 1.1121689001380344
8 29 1.2202529153545432
8 30 1.271247964603012
8 31 1.2379768886516418
8 32 1.5297194234174798
8 33 1.2295953875316166
8 34 1.2992557783354397
8 35 1.1156128637968223
8 36 1.3968261946767033
8 37 1.4789003175278777
8 38 1.2347740395803322
8 39 1.1977907883828394
8 40 1.357628572826847
8 41 1.3125091843910608
8 42 1.323758004586455
8 43 1.3572675762302566
8 44 1.3848259660629645
8 45 1.3679401287084973
8 46 1.2018969950320697
8 47 1.2982427969011132
8 48 1.3700495074025398
8 49 0.8957344205781401
8 50 1.3311521456332898
8 51 1.2609122950839227
8 52 1.2879071010600125
8 53 1.2842751487023425
8 54 1.1939006291840468
8 55 1.2520725560833563
8 56 1.276055031655173
8 57 1.3776837854288395
8 58 1.3038180071973287
8 59 1.274437747024228
8 60 1.3964942297536247
8 61 1.1837625921267405
8 62 1.3277984412433128
8 63 1.222428867982022
8 64 1.3843131593264322
8 65 1.2268724095003876
8 66 1.270802360178208
8 67 1.4505464337934084
8 68 1.2567513224991351
8 69 1.3931196327132036
8 70 1.4395559628467058
8 71 1.287834716364546
8 72 1.3498612047301062
8 73 1.365085329646748
8 74 1.288752128876199
8 75 1.1515479831771012
8 76 1.267576294408077
8 77 1.3396563022304
8 78 1.3263381928373454
8 79 1.2518714154064108
8 80 1.4298484866444374
8 81 1.199320876168545
8 82 1.3379058905797419
8 83 1.3606393976372413
8 84 1.3313671972517236
8 85 1.2464867449452413
8 86 1.3109800889803331
8 87 1.3944670383824747
8 88 1.3786634471514725
8 89 1.3610470877587775
9 10 1.2587856701343014
9 11 1.4320457655076377
9 12 1.2219020682390787
9 13 1.1101119860410749
9 14 1.3252719898020113
9 15 1.4206855826091358
9 16 1.4526771932202014
9 17 1.1581977334589133
9 18 1.2307876680217256
9 19 1.3320096787571363
9 20 1.32360594961225
9 21 1.1586790072605258
9 22 1.3162105699922468
9 23 1.0176260204412972
9 24 1.4177468241925433
9 25 1.2950845668918807
9 26 1.2936118839132167
9 27 1.345023993639585
9 28 1.082494384618622
9 29 1.3444343414831896
9 30 1.2089247158386591
9 31 1.323831392013244
9 32 1.4331841154969083
9 33 1.214783516671444
9 34 1.222255040634091
9 35 1.241122777562092
9 36 1.3652060015792087
9 37 1.425536628283772
9 38 1.2191824683342969
9 39 1.2256313501092426
9 40 1.3146705674527293
9 41 1.3361419275354225
9 42 1.1244148774016556
9 43 1.2862970559409486
9 44 1.2182458410585133
9 45 1.3465615604638943
9 46 1.1250928280340673
9 47 1.0816389366841548
9 48 1.2945613406794492
9 49 1.2046768652906716
9 50 1.2320654385238696
9 51 1.2837362224927624
9 52 1.2638822904334395
9 53 1.1348216384871785
9 54 1.019452200013209
9 55 1.2110373377541275
9 56 1.0598168906600374
9 57 1.328981802133585
9 58 0.8791868051808651
9 59 1.2463245046423364
9 60 1.4167916622133885
9 61 1.0151035549051455
9 62 1.2105324638259154
9 63 1.232484180734531
9 64 1.3410378785082757
9 65 1.130915586010725
9 66 1.3971201592604845
9 67 1.4631220684057868
9 68 1.0543696304876464
9 69 1.2804325842235267
9 70 1.5125292154594807
9 71 1.1094709207751683
9 72 1.211960949415083
9 73 1.1247001938785717
9 74 1.1480669823164034
9 75 1.1488944501554297
9 76 1.2432405875059567
9 77 1.4160606378944516
9 78 1.383460009694091
9 79 0.9866994284212304
9 80 1.50080050396817
9 81 1.2196184682777174
9 82 1.2272035372877526
9 83 1.2562276181215455
9 84 1.3360968651287306
9 85 1.224950109500415
9 86 1.0842869616437898
9 87 1.3628818025578797
9 88 1.2783557973752206
9 89 1.3441303600304146
10 11 1.3692642013154182
10 12 1.3183641200487985
10 13 1.1623145464089266
10 14 1.1762534476339612
10 15 1.3333740411330934
10 16 1.3171885046503151
10 17 1.2513805801161129
10 18 1.2887962154492218
10 19 1.3445006638651582
10 20 1.3297743172853358
10 21 1.3544936077614347
10 22 1.2702334828824913
10 23 1.1949155555574873
10 24 1.3289431142127135
10 25 1.3101207019845835
10 26 1.3554000622369726
10 27 1.2716364986266568
10 28 1.286556406207073
10 29 1.2500488809500674
10 30 1.351263443794216
10 31 1.3032593733842415
10 32 1.20416428984059
10 33 1.410484502779679
10 34 1.3353571988785042
10 35 1.43571120142773
10 36 1.2338471782153015
10 37 1.2775013448965091
10 38 1.3414563906027268
10 39 1.2630102348195695
10 40 1.2729307515439718
10 41 1.3617970887264927
10 42 1.1957955693524955
10 43 1.1584537875427623
10 44 1.247038685212459
10 45 1.3678977980655203
10 46 1.2160551204255805
10 47 1.244714184938236
10 48 1.215748633497163
10 49 1.4640181393328493
10 50 1.3226948296191927
10 51 1.260684826949033
10 52 1.3032795419423604
10 53 1.244662370971681
10 54 1.1967643338597787
10 55 1.2518423860230694
10 56 1.2062029949606101
10 57 1.2329634763807409
10 58 1.173957111670328
10 59 1.3389934078455255
10 60 1.3032870386470878
10 61 1.2933417873525694
10 62 1.2705522224410497
10 63 1.3643055838833102
10 64 1.1204457811016948
10 65 1.1965299711549695
10 66 1.2537915973364777
10 67 1.3797444029855268
10 68 1.1324728584693213
10 69 1.1961717742915443
10 70 1.4243054707836404
10 71 1.2817531552399373
10 72 1.2739212754973426
10 73 1.3092152721842056
10 74 1.427269264310807
10 75 1.3872512167034414
10 76 1.279597992622994
10 77 1.3740859397509848
10 78 1.3330214883037192
10 79 1.2502472597714742
10 80 1.3917544783773257
10 81 1.1907000707064308
10 82 1.1593661183611212
10 83 1.417935913474369
10 84 1.3044506834692515
10 85 1.4205521139562833
10 86 1.3206463111823428
10 87 1.3326075370362218
10 88 1.171257537891621
10 89 1.324217944236214
11 12 1.303046460601688
11 13 1.5265561354968382
11 14 1.194618684532451
11 15 1.2935969540109968
11 16 1.082179858433948
11 17 1.3345834267356147
11 18 1.3821471550128839
11 19 1.3554402446260176
11 20 1.4634530526855627
11 21 1.3943980306698596
11 22 1.3424498052818263
11 23 1.5155680958714606
11 24 1.4475680881103585
11 25 1.2782296734619236
11 26 1.4094023523598274
11 27 1.1700449672130906
11 28 1.4544437127885141
11 29 1.260094821650546
11 30 1.2687046691882773
11 31 1.2492422938374055
11 32 1.1613679842398956
11 33 1.2444244903452726
11 34 1.3766856583761868
11 35 1.3832266251562852
11 36 1.3529290936123881
11 37 1.2591995211210385
11 38 1.396243345323076
11 39 1.3116027440281561
11 40 1.424395667716869
11 41 1.2636621498119485
11 42 1.2669972959394675
11 43 1.3400468974690454
11 44 1.2273151994389233
11 45 1.3934689377759621
11 46 1.3656934393492959
11 47 1.327875962430644
11 48 1.3046911599444388
11 49 1.3342335256424753
11 50 1.4931568956088748
11 51 1.2677828594691058
11 52 1.333944177043483
11 53 1.3732321745439056
11 54 1.4155813470128593
11 55 1.3383777084411972
11 56 1.3454398331080237
11 57 1.4178821624062428
11 58 1.3976851538553023
11 59 1.3996165723690357
11 60 1.2365032938463634
11 61 1.3356388831428128
11 62 1.3827894582486393
11 63 1.4182188597890522
11 64 1.354804450765945
11 65 1.3319202416032638
11 66 1.3423682101763263
11 67 0.7231124342252588
11 68 1.324508460432532
11 69 1.4551289828770515
11 70 0.6953288896775988
11 71 1.5676852309485898
11 72 1.2788741445002354
11 73 1.3463047962811863
11 74 1.4125730389181532
11 75 1.3330187453904843
11 76 1.411774171930693
11 77 1.1062619904142421
11 78 0.8414431046108359
11 79 1.3683222232438828
11 80 0.7350259910766218
11 81 1.2664522209372218
11 82 1.382582567938241
11 83 1.2319470235906258
11 84 1.2567022053608252
11 85 1.23298584493282
11 86 1.34831980131698
11 87 1.3485054829272691
11 88 1.2140260966105452
11 89 1.3300050109553174
12 13 1.1540678874847672
12 14 1.3412286915389438
12 15 1.3931467063471752
12 16 1.392660798857273
12 17 1.1498490630746432
12 18 1.2335319801252247
12 19 1.1244573254971206
12 20 1.327675746654422
12 21 1.2763012112543968
12 22 1.1836979923445246
12 23 1.2199626746977585
12 24 1.354209674168952
12 25 1.1480084146293348
12 26 0.9809704954607656
12 27 1.309709238999253
12 28 1.2061699516237603
12 29 1.1336346318870822
12 30 1.3305931889782676
12 31 1.326750411453941
12 32 1.3631168249829062
12 33 1.2754733473530078
12 34 1.384250709919588
12 35 1.2279820583744498
12 36 1.1877135570234634
12 37 1.4191330774824518
12 38 1.2166938663956464
12 39 1.1977203943520842
12 40 1.3070062495270482
12 41 1.3779231927842661
12 42 1.2530214861654185
12 43 1.1233823556367875
12 44 1.2525116119509438
12 45 1.287667577133679
12 46 1.204354393315891
12 47 1.1970698397212767
12 48 1.2813261613147042
12 49 1.1928758247836317
12 50 1.329783605918354
12 51 1.3725242173189722
12 52 1.390481034761933
12 53 1.3329480675945509
12 54 1.124425371467422
12 55 1.079478938565085
12 56 1.3124760840727328
12 57 1.2868358586003568
12 58 1.105372546012914
12 59 1.1916695897094518
12 60 1.2772256194996463
12 61 1.1067203852925998
12 62 1.3191516958520504
12 63 1.2648562148423308
12 64 1.2626350882601316
12 65 1.3365897902911725
12 66 1.315986755572682
12 67 1.3893874562051973
12 68 1.103001432098116
12 69 1.1998526662465308
12 70 1.3400920255382807
12 71 1.2162527799202807
12 72 1.2828785836057544
12 73 1.3127139671721804
12 74 1.2794143983986401
12 75 1.1858098064110898
12 76 1.3164392410957486
12 77 1.4288941261260137
12 78 1.326673275907613
12 79 1.088599388194205
12 80 1.397064423632914
12 81 1.1598470640564653
12 82 1.2164739015272905
12 83 1.4374816175492775
12 84 1.3319935659771605
12 85 1.3033945120295078
12 86 1.3425380069119128
12 87 1.4704641901490811
12 88 1.213332625804339
12 89 1.3068340409028214
13 14 1.2366554779505439
13 15 1.3512310990726109
13 16 1.5735327793063327
13 17 1.0706398004850997
13 18 1.1081289140482904
13 19 1.2007964869431644
13 20 1.2683647490604504
13 21 1.139601173999343
13 22 1.2022067139170751
13 23 0.5854692872290213
13 24 1.4185216836846473
13 25 1.222314692535387
13 26 1.008366837339969
13 27 1.3016292306184458
13 28 1.0508948052550844
13 29 1.3257036045853232
13 30 1.3772893559698691
13 31 1.3609123833335839
13 32 1.4136493190663184
13 33 1.3337958718665195
13 34 1.0360812364196064
13 35 1.318272935031566
13 36 1.26689973464896
13 37 1.299712477241174
13 38 1.23291982646813
13 39 1.3203652005311162
13 40 1.33926363463518
13 41 1.3543293057906527
13 42 1.2591799562273578
13 43 1.1260620927024805
13 44 1.098845766245062
13 45 1.253577563993601
13 46 1.098520652459823
13 47 1.045388528319966
13 48 1.0132656950850034
13 49 1.313793104027484
13 50 1.2240631740123304
13 51 1.3472048033418536
13 52 1.2212861536455908
13 53 1.1973829831010614
13 54 1.0249968607954678
13 55 1.1468579201516482
13 56 1.2005461098690493
13 57 1.2390099280801263
13 58 1.0223933200349973
13 59 1.2211210009347002
13 60 1.232981063259903
13 61 1.1579704353420366
13 62 1.2009816620566423
13 63 1.338300505381633
13 64 1.2185860393661647
13 65 1.1360751742750044
13 66 1.24903061180401
13 67 1.5934416177485318
13 68 0.8795300069863666
13 69 1.1822171209352035
13 70 1.5193214581989782
13 71 0.5996071318074726
13 72 1.2593068612723228
13 73 1.0691166952731916
13 74 1.1165297833326995
13 75 1.2438905895223742
13 76 1.1863878324797394
13 77 1.4428240596417774
13 78 1.489685364131945
13 79 1.0792785354346675
13 80 1.5456577818823167
13 81 1.1455265139866797
13 82 1.1258018656081672
13 83 1.320959765092659
13 84 1.3998066384862142
13 85 1.3602370283660874
13 86 1.1419214687617174
13 87 1.3621000621700972
13 88 1.0415749270096233
13 89 1.2446932423185422
14 15 1.3022434061538366
14 16 1.301144206175323
14 17 1.2930303111985237
14 18 1.3706368310163508
14 19 1.2848307482555308
14 20 1.3462331785820993
14 21 1.3444596096103665
14 22 1.2680948953472773
14 23 1.2583304247986518
14 24 1.3473880563635305
14 25 1.242726460233697
14 26 1.3053895887316709
14 27 1.2235617880251521
14 28 1.1855475128953612
14 29 1.2432667898451444
14 30 1.2555871068790985
14 31 1.2775341245332021
14 32 1.2878402687053905
14 33 1.2963322302628595
14 34 1.240158303897668
14 35 1.411492157471179
14 36 1.3563768208833629
14 37 1.2842400931433426
14 38 1.274578910675859
14 39 1.2506304268003592
14 40 1.3157786528530326
14 41 1.306464829610605
14 42 1.1339880952453834
14 43 1.1729247214606935
14 44 1.149652176632512
14 45 1.3677586413214902
14 46 1.2704617599065104
14 47 1.16398537277349
14 48 1.2366563984051946
14 49 1.2666856861630431
14 50 1.3218771292057792
14 51 1.2234154256206364
14 52 1.2052589614790428
14 53 1.3479422165481065
14 54 1.2477919367845802
14 55 1.2278801791676244
14 56 1.4552069623565365
14 57 1.328870515417155
14 58 1.3183718836397713
14 59 1.236244401759423
14 60 1.2504235122192795
14 61 1.3846632716108038
14 62 1.263087106783972
14 63 1.388349010561873
14 64 1.175836648205022
14 65 1.3609317436153214
14 66 1.296768694185847
14 67 1.2975769351222457
14 68 1.1794571164527898
14 69 1.2848832047793495
14 70 1.2897665604998374
14 71 1.380783951270975
14 72 1.347743622064346
14 73 1.3183236670102094
14 74 1.2827205611521995
14 75 1.2074788346763599
14 76 1.2563979582109774
14 77 1.3127360924645066
14 78 1.316940156983588
14 79 1.2386160557872987
14 80 1.274081294559702
14 81 1.2895099519221267
14 82 1.3625984611784716
14 83 1.3046964454799772
14 84 1.160856769566659
14 85 1.3017044176316437
14 86 1.3833018979377125
14 87 1.2159952081097516
14 88 1.1434704187341762
14 89 1.2727012811269809
15 16 1.279330820067398
15 17 1.3354820358945514
15 18 1.30920601125027
15 19 1.4468643023305243
15 20 1.4504681018490424
15 21 1.4474240680379424
15 22 1.3651034726585842
15 23 1.331493283832773
15 24 1.3370031837040388
15 25 1.3844820165904508
15 26 1.4530362087098527
15 27 1.2992863841967524
15 28 1.2182084713068522
15 29 1.379690749933258
15 30 1.3295881336532325
15 31 1.4204987389534565
15 32 1.247723839739134
15 33 1.3651667823834306
15 34 1.4143881055086005
15 35 1.6293133423827715
15 36 1.4226657438700847
15 37 1.3478080332026605
15 38 1.4185543311486795
15 39 1.3752583962753169
15 40 1.377714335276387
15 41 1.353025615043441
15 42 1.3528030182309987
15 43 1.4205373605944973
15 44 1.2960072788569241
15 45 1.3152254370469196
15 46 1.485723791742973
15 47 1.073773460520425
15 48 1.3466557268471648
15 49 1.398354741352846
15 50 1.4259119922157286
15 51 1.3546572352663488
15 52 1.3798595074459021
15 53 1.4322619645695553
15 54 1.295918883840282
15 55 1.2840931578985353
15 56 1.4472182229159836
15 57 1.381875795461612
15 58 1.361773645030275
15 59 1.4230451069364147
15 60 1.203253261033964
15 61 1.5099233559135659
15 62 1.4057638840395785
15 63 1.4801640965975058
15 64 1.4156350878441408
15 65 1.2441267926886428
15 66 1.334057767236249
15 67 1.3435085805396336
15 68 1.3127847730632123
15 69 1.366513492494603
15 70 1.2841383638646722
15 71 1.3858563338973526
15 72 1.3563011799919413
15 73 1.270199135301553
15 74 1.3762120511078741
15 75 1.417950014310395
15 76 1.3913445367277437
15 77 1.365776733452997
15 78 1.3734281090091145
15 79 1.3739374145518202
15 80 1.326294182524096
15 81 1.350056517352157
15 82 1.3510584470401128
15 83 1.3131330165562058
15 84 1.2935599424822206
15 85 1.3647165431088915
15 86 1.327514375112609
15 87 1.459733871705488
15 88 1.2673791803242211
15 89 1.4093927854858508
16 17 1.2996277025773086
16 18 1.3856244627376426
16 19 1.4362452251857412
16 20 1.4699849349345604
16 21 1.4744149971065486
16 22 1.3440882885428034
16 23 1.574480152749856
16 24 1.3857312007644293
16 25 1.2518580695282164
16 26 1.4491524097453357
16 27 1.3392551292776327
16 28 1.4994439592503073
16 29 1.311566623807279
16 30 1.1882010926831414
16 31 1.2998179760130604
16 32 1.2528203227021657
16 33 1.286086825768419
16 34 1.3803662999516164
16 35 1.448287059933954
16 36 1.4645201249714481
16 37 1.3520937564905682
16 38 1.5198650452101217
16 39 1.4048752148842163
16 40 1.4976614864069193
16 41 1.120788048400134
16 42 1.3753453288943762
16 43 1.3649685985184765
16 44 1.330628728621149
16 45 1.462175093445212
16 46 1.32708644395168
16 47 1.416871918952977
16 48 1.4181372057412445
16 49 1.4638549814876818
16 50 1.4622468519843035
16 51 1.35770242107258
16 52 1.2132441828419736
16 53 1.416917941296414
16 54 1.4853619249426304
16 55 1.3213885454583292
16 56 1.4642724682547337
16 57 1.4318954764485583
16 58 1.4409115773288887
16 59 1.3741941722149693
16 60 1.3688525917066408
16 61 1.4210471596951095
16 62 1.3453673794696017
16 63 1.4954985836445265
16 64 1.4259938037489255
16 65 1.3442690354604905
16 66 1.4059290652388525
16 67 0.9752521598486594
16 68 1.4043803357177695
16 69 1.4342631038518565
16 70 1.0888458852199194
16 71 1.6654548544726309
16 72 1.3537701373943285
16 73 1.4407649502335973
16 74 1.421883274259147
16 75 1.5096984625217778
16 76 1.4767614497346
16 77 1.1052177427490228
16 78 1.1157240422413595
16 79 1.4424596142185946
16 80 1.04318355726935
16 81 1.4347438350525301
16 82 1.432661914953659
16 83 1.3276088319217985
16 84 1.3162065620482675
16 85 1.2773146252416971
16 86 1.3928871649199546
16 87 1.3966071317015807
16 88 1.338267430084375
16 89 1.4779591383470982
17 18 1.1206345442792125
17 19 1.1651925923907016
17 20 1.3613182934135706
17 21 1.1658966372212192
17 22 1.223116483809835
17 23 1.0060787669878863
17 24 1.4771325884895603
17 25 1.1901095286126135
17 26 1.2049162039761143
17 27 1.3136892549427828
17 28 1.1485744323569835
17 29 1.226477206261138
17 30 1.349667223624751
17 31 1.3410667317031395
17 32 1.3087907309852929
17 33 1.2941369622459902
17 34 1.2729066266305777
17 35 1.3465472010165207
17 36 1.167650970634158
17 37 1.3762744271251777
17 38 1.2287479586214975
17 39 1.2410446204526142
17 40 1.2797435020162122
17 41 1.272695899376835
17 42 1.2027942599524095
17 43 1.2296804739079876
17 44 1.2068807142788809
17 45 1.3032824540651307
17 46 1.2053960671045343
17 47 1.1909357169102057
17 48 1.1771029418379237
17 49 1.2900322950717946
17 50 1.2821707728576588
17 51 1.297206198741375
17 52 1.2153179307256772
17 53 1.3319102129115519
17 54 1.0472406493438144
17 55 1.1144068942655214
17 56 1.3434686171802523
17 57 1.3049325857656335
17 58 1.142111648757419
17 59 1.260176358742134
17 60 1.231871515586487
17 61 1.1130145091698633
17 62 1.230239835696607
17 63 1.326911066054773
17 64 1.248980921120443
17 65 1.190030409692296
17 66 1.2782942674231559
17 67 1.3506900581357848
17 68 1.0776691766020143
17 69 1.1822511167885301
17 70 1.3873540173875623
17 71 1.137373291159467
17 72 1.3604088890667259
17 73 1.220067188747969
17 74 1.2934796775139668
17 75 1.22565161743963
17 76 1.255076698367406
17 77 1.3188073949823031
17 78 1.3507622102254204
17 79 1.1628658271551238
17 80 1.4276326988531136
17 81 1.1795223974644107
17 82 1.123072871998284
17 83 1.341869864899547
17 84 1.355457473355982
17 85 1.3158896042848276
17 86 1.1998946542713906
17 87 1.349268704129939
17 88 1.2001211165688752
17 89 1.370417136256357
18 19 1.266721449207262
18 20 1.3954721809798676
18 21 1.189902031597019
18 22 1.2507132252439304
18 23 1.0531287136807768
18 24 1.407053014090537
18 25 1.178766766081872
18 26 1.2129752790965336
18 27 1.3226153498211162
18 28 1.2421401743957767
18 29 1.3128913958388255
18 30 1.232680266996906
18 31 1.3051153702094302
18 32 1.335330071390358
18 33 1.2258008404398193
18 34 1.292920563430199
18 35 1.319182755318036
18 36 1.3014099609606202
18 37 1.3562245380284488
18 38 1.2112148391453283
18 39 1.3111239034574638
18 40 1.3139361132645242
18 41 1.3495948371222495
18 42 1.2870088721352781
18 43 1.189523837463355
18 44 1.2147417786270167
18 45 1.3280374544194868
18 46 1.2190786271993235
18 47 1.1541130567240472
18 48 1.166354114908257
18 49 1.330895240244715
18 50 1.3484759764421947
18 51 1.3391917663972626
18 52 1.3176851658533273
18 53 1.377591875676608
18 54 1.1620331423928816
18 55 1.1489808860364794
18 56 1.3262269958957784
18 57 1.2205087702239321
18 58 1.2093298677155482
18 59 1.1951571268544996
18 60 1.2202779170342142
18 61 1.1581615976487896
18 62 1.2232709041678849
18 63 1.3610311144163745
18 64 1.2302989900188293
18 65 1.2957181346399511
18 66 1.3664402687212958
18 67 1.4401029389513889
18 68 1.0456003500675015
18 69 1.1963008563400617
18 70 1.4067472966369556
18 71 1.1756719669562075
18 72 1.3152513720251873
18 73 1.297971974260396
18 74 1.1684581979757347
18 75 1.286475197291609
18 76 1.2224897046608314
18 77 1.3978620114973872
18 78 1.3772837313413928
18 79 1.1826279530850305
18 80 1.4224317852900106
18 81 1.1696398084095692
18 82 1.1872454190435617
18 83 1.3577121782945176
18 84 1.396021496347794
18 85 1.2229158525406423
18 86 1.31470271312133
18 87 1.421865497133097
18 88 1.2479412499432871
18 89 1.3371783262247452
19 20 1.3249616844566143
19 21 1.2861279249071844
19 22 1.2063089379178875
19 23 1.2392860658164906
19 24 1.2929561564940955
19 25 1.0785833278766166
19 26 1.2284020819790178
19 27 1.2106298762966687
19 28 1.2375891212438979
19 29 1.155041453080881
19 30 1.3681019145623141
19 31 1.4694488905552372
19 32 1.242429800441429
19 33 1.3917212511937365
19 34 1.2805980802072376
19 35 1.304076244774711
19 36 1.1229249400646657
19 37 1.3417888249138972
19 38 1.1001251056786605
19 39 1.3000231450338668
19 40 1.248239514050617
19 41 1.4639438754566756
19 42 1.1816846194243633
19 43 1.0720913842523054
19 44 1.131939590246297
19 45 1.3580958374730001
19 46 1.2066968358912367
19 47 1.2719252414937223
19 48 1.311775084588218
19 49 1.2891316617535862
19 50 1.3633489087841535
19 51 1.4250410356503642
19 52 1.4257563737972243
19 53 1.3574030410284845
19 54 1.2239033532047063
19 55 1.1790071670244506
19 56 1.324371268645286
19 57 1.259428781730216
19 58 1.252631542625913
19 59 1.2132339771748917
19 60 1.1140281896360174
19 61 1.2310730644597947
19 62 1.4465609932970465
19 63 1.3652443117082094
19 64 1.119909352847308
19 65 1.3531956725060115
19 66 1.3184790351735123
19 67 1.4244312609020164
19 68 1.1510950408563143
19 69 1.1138896969208154
19 70 1.3656295867532735
19 71 1.2731359494539312
19 72 1.4080537218710594
19 73 1.3036663563431752
19 74 1.3026391311710872
19 75 1.201905399447413
19 76 1.3641318772924855
19 77 1.3755107043564407
19 78 1.3584365443703648
19 79 1.2004919202325166
19 80 1.459848897485703
19 81 1.1418299763056587
19 82 1.2546402571110071
19 83 1.4662259904295598
19 84 1.348230303218639
19 85 1.4377346867740173
19 86 1.3524470860659135
19 87 1.3287138784305412
19 88 1.2074523215841986
19 89 1.2549717529446487
20 21 1.2853609787122
20 22 1.3249568742432705
20 23 1.28701038888216
20 24 1.2492525782763326
20 25 1.4091183190327439
20 26 1.1963212360678774
20 27 1.4138734128660462
20 28 1.3562074211419457
20 29 1.3462547883726979
20 30 1.3591949109014285
20 31 1.404205703822433
20 32 1.4731729171780452
20 33 1.4429847460284855
20 34 1.2164816581695543
20 35 1.3204274752031595
20 36 1.3585500436091196
20 37 1.2388709058747893
20 38 1.367603746411766
20 39 1.370651277563566
20 40 1.394774614640643
20 41 1.2744257570978905
20 42 1.2929624644151416
20 43 1.3302829881240499
20 44 1.3924840378707894
20 45 1.4278599056413308
20 46 1.3000695123447146
20 47 1.297615541679657
20 48 1.3751859687421548
20 49 1.4089516823881045
20 50 1.3857374713169304
20 51 1.300344625494966
20 52 1.2835528892596022
20 53 1.3562354614609953
20 54 1.3175383958171838
20 55 1.2799609822300089
20 56 1.3301552986156389
20 57 1.2763633860348318
20 58 1.3021491448332962
20 59 1.3953203655664694
20 60 1.3702505983087232
20 61 1.26908106912731
20 62 1.272789013019024
20 63 1.4042182966772747
20 64 1.4059577239293837
20 65 1.4430956559744845
20 66 1.164703050020528
20 67 1.4756545350385286
20 68 1.2646670056216953
20 69 1.2831557329798495
20 70 1.519280539365984
20 71 1.3493402859745691
20 72 1.4589270741178006
20 73 1.2252987995260838
20 74 1.365292185217359
20 75 1.411293059363547
20 76 1.2309132171443025
20 77 1.482703663146716
20 78 1.4390132374070304
20 79 1.4231096046553167
20 80 1.5064639094753443
20 81 1.2950055260517768
20 82 1.2570368679939876
20 83 1.3748459390467018
20 84 1.3756986754812317
20 85 1.4492945782418638
20 86 1.4299385468429622
20 87 1.3841199840269653
20 88 1.4318136969046589
20 89 1.2451376803132745
21 22 1.2946620948468304
21 23 1.1308291992478376
21 24 1.3701584899245773
21 25 1.3251740540264978
21 26 1.2756786598956305
21 27 1.3557581554103135
21 28 1.2520389558114966
21 29 1.424129371133166
21 30 1.3336549811614051
21 31 1.2834040871539807
21 32 1.360604717629678
21 33 1.3189809132275967
21 34 1.276254681063358
21 35 1.3051832744473004
21 36 1.2141861894405959
21 37 1.2590347799953203
21 38 1.2117986444193367
21 39 1.1599681482711692
21 40 1.1193769096763155
21 41 1.5027585600191122
21 42 1.255141672304705
21 43 1.2833084383060565
21 44 1.3689730168106566
21 45 1.3527493687134524
21 46 1.3751038384242897
21 47 1.3386583884537815
21 48 1.340753966783709
21 49 1.3758582567445559
21 50 1.2669420986235294
21 51 1.2953722306921873
21 52 1.4091307629540815
21 53 1.2583409988836218
21 54 1.129009228693263
21 55 1.2494292422001287
21 56 1.2644677036064502
21 57 1.2815204468378778
21 58 1.1023441844024868
21 59 1.1822325640675815
21 60 1.258957747507375
21 61 1.2001484865841987
21 62 1.2561261031736055
21 63 1.1728154050716701
21 64 1.268093540731678
21 65 1.2844604409551874
21 66 1.264523991872046
21 67 1.414071320500719
21 68 1.0872633248426136
21 69 1.2018370575288015
21 70 1.4690752731601535
21 71 1.1556271923098942
21 72 1.2967529294980111
21 73 1.1345610499668675
21 74 1.2944180872631288
21 75 1.382411217616053
21 76 1.1821612716104275
21 77 1.4264921186188841
21 78 1.4429198688812113
21 79 1.1486043513934796
21 80 1.4870640810255533
21 81 1.1447842187622372
21 82 1.2465262271775999
21 83 1.1527169449317105
21 84 1.3816105338639824
21 85 1.332729921093781
21 86 1.2363726654901477
21 87 1.1682736127260405
21 88 1.3199350429184193
21 89 1.100200554398628
22 23 1.1871652321848882
22 24 1.357278164377738
22 25 1.008591292124194
22 26 1.1982555814457638
22 27 1.3094474182463554
22 28 1.2731565994850362
22 29 1.2251693312979803
22 30 1.3571766369815073
22 31 1.3571920854030373
22 32 1.2377251269912932
22 33 1.236618096350639
22 34 1.3519247547248359
22 35 1.3314595068693365
22 36 1.3067853832506213
22 37 1.3073264002799818
22 38 1.2818918291938937
22 39 1.2562739935082108
22 40 1.253100328445997
22 41 1.2911346263937262
22 42 1.2208911952145884
22 43 1.1108035749390055
22 44 1.1929287102002148
22 45 1.3193751100940445
22 46 1.2003595530185678
22 47 1.2304872341356259
22 48 1.2725589454382606
22 49 1.2053985071656657
22 50 1.281225481659904
22 51 1.36346667213697
22 52 1.3225163818836212
22 53 1.3639967503098598
22 54 1.1915163003094555
22 55 1.2064529993934336
22 56 1.441067195226539
22 57 1.3886324133698535
22 58 1.2219524272017197
22 59 1.2483536813868736
22 60 1.184179727918486
22 61 1.2729812461806453
22 62 1.3755834538656317
22 63 1.3592027152289927
22 64 1.343129460980578
22 65 1.4023015243375327
22 66 1.376272392713154
22 67 1.363500211523044
22 68 1.1438606759771306
22 69 1.239036109349924
22 70 1.368475601058824
22 71 1.2385114559194577
22 72 1.4013396788865762
22 73 1.3163817076711335
22 74 1.2119246197017952
22 75 1.2440430814257482
22 76 1.346668082297257
22 77 1.3570937217084267
22 78 1.3288831433256427
22 79 1.1784187568857498
22 80 1.40722735344008
22 81 1.194601726591117
22 82 1.0885954488064633
22 83 1.390632509150513
22 84 1.3674964617698844
22 85 1.269410286340354
22 86 1.3543545121885434
22 87 1.2771261614686509
22 88 1.1731149065606559
22 89 1.270137706131307
23 24 1.3983185303943257
23 25 1.2094192604251695
23 26 1.0592606516002827
23 27 1.330398947338193
23 28 1.0233244553680545
23 29 1.307970040863768
23 30 1.3267317560173155
23 31 1.30531245769328
23 32 1.4038951960440231
23 33 1.2445352075307397
23 34 1.0650094848423541
23 35 1.3123899730754143
23 36 1.2926747874356626
23 37 1.3217578164500228
23 38 1.2175117365002428
23 39 1.2844527657884892
23 40 1.313473313085865
23 41 1.2947139347611842
23 42 1.1914412724071797
23 43 1.1847969839367174
23 44 1.0793216911197276
23 45 1.2328694234404423
23 46 1.129816537483802
23 47 1.068585154983307
23 48 1.0523464624144852
23 49 1.3072753533336288
23 50 1.2726190716879537
23 51 1.3085763507800114
23 52 1.1967986761893132
23 53 1.220930427878294
23 54 1.0009213406817885
23 55 1.1236972079148237
23 56 1.2260391938572015
23 57 1.244422119704545
23 58 0.9769457707065284
23 59 1.2392664406683973
23 60 1.1863451594913328
23 61 1.0998007423984975
23 62 1.152185264811404
23 63 1.2738054373429208
23 64 1.2686453974199503
23 65 1.167882826950805
23 66 1.2463905714119536
23 67 1.6022930349149418
23 68 0.8637679048281466
23 69 1.1942126458283757
23 70 1.5799447653755965
23 71 0.6460083637436377
23 72 1.2611647922210543
23 73 1.1255569828419796
23 74 1.1131227252834723
23 75 1.2008801506104152
23 76 1.1812632988466811
23 77 1.4552138859491799
23 78 1.5103217336123174
23 79 1.0672581184897254
23 80 1.6138194250838156
23 81 1.1419630981500375
23 82 1.065729548659731
23 83 1.3180653792552923
23 84 1.3457235607650968
23 85 1.2633450656478835
23 86 1.1207329116384102
23 87 1.3470343961580475
23 88 1.1370301891211987
23 89 1.3057573432111163
24 25 1.3389806725531013
24 26 1.3576622469005741
24 27 1.3148577196509883
24 28 1.2863707033079719
24 29 1.3271404690128328
24 30 1.3744013891441367
24 31 1.4074029326284216
24 32 1.3606099088070058
24 33 1.3900471898533362
24 34 1.3401289788125355
24 35 1.4098207900285484
24 36 1.2657650804876324
24 37 1.3414320057900262
24 38 1.3312408939824636
24 39 1.3830944250835762
24 40 1.35627731045567
24 41 1.3612431293308858
24 42 1.2881385950111508
24 43 1.3291371258155535
24 44 1.3895246326505997
24 45 1.283983975869208
24 46 1.329076572213277
24 47 1.3564467485856535
24 48 1.4628081863977676
24 49 1.4056122591772022
24 50 1.396132536426477
24 51 1.3370773044585083
24 52 1.4031528599734766
24 53 1.3613976297265344
24 54 1.3236350443901261
24 55 1.311328469832755
24 56 1.2774831737310723
24 57 1.2324477753788905
24 58 1.3356191487120248
24 59 1.373443860649656
24 60 1.3256512646961893
24 61 1.2635656827545243
24 62 1.4230313188557893
24 63 1.3483024504776437
24 64 1.2150008733178195
24 65 1.3961269628296549
24 66 1.2987875596782117
24 67 1.4662385811969645
24 68 1.346613791087115
24 69 1.208794233918613
24 70 1.4617805636066579
24 71 1.4412286444663684
24 72 1.3700694508508067
24 73 1.3685035717324403
24 74 1.4124589243817895
24 75 1.375756946801868
24 76 1.2549402526996258
24 77 1.3997081969466179
24 78 1.4742838391353412
24 79 1.4016458437070756
24 80 1.522144258324781
24 81 1.285704239593341
24 82 1.3016079821653201
24 83 1.4264418920901707
24 84 1.346504022470909
24 85 1.397031904654292
24 86 1.412902247609133
24 87 1.3749823743691965
24 88 1.4287431634002676
24 89 1.346508600662093
25 26 1.2459151512132371
25 27 1.2952917993796318
25 28 1.2487092695076376
25 29 1.2927792009615156
25 30 1.305215318368048
25 31 1.2597544816230148
25 32 1.2326251077537869
25 33 1.1890682679656572
25 34 1.2053942861358922
25 35 1.3378577033664951
25 36 1.2365652281120556
25 37 1.232217030305932
25 38 1.148364697547263
25 39 1.323765176517245
25 40 1.3901912745228562
25 41 1.293148958681126
25 42 1.255905507537314
25 43 1.165164113936
25 44 1.163222340910333
25 45 1.3504973673176455
25 46 1.1477793689746472
25 47 1.1831859544710916
25 48 1.2144899771657847
25 49 1.2480790407013211
25 50 1.3343268582502588
25 51 1.2418407529244027
25 52 1.2571889501786029
25 53 1.4095847771360743
25 54 1.1399566456652266
25 55 1.0840753227355286
25 56 1.4457651007746377
25 57 1.231108435313061
25 58 1.1961859065024671
25 59 1.2664064871703107
25 60 1.1707511804899833
25 61 1.2348897095740894
25 62 1.2544166544730473
25 63 1.3029318416265214
25 64 1.16277932523463
25 65 1.4185165451582151
25 66 1.315882768603922
25 67 1.2407648957609734
25 68 1.1511745442954806
25 69 1.1750906230974778
25 70 1.2287739882217805
25 71 1.3197459927713455
25 72 1.3545917457489736
25 73 1.2195898062452866
25 74 1.1637385088158776
25 75 1.299484541454944
25 76 1.2818327403648169
25 77 1.194978950182863
25 78 1.249131693699031
25 79 1.1157772085493434
25 80 1.3214654382487556
25 81 1.0815111933769432
25 82 1.159175507370917
25 83 1.3678429362422198
25 84 1.3244231464909624
25 85 1.226160532760705
25 86 1.3738773169438114
25 87 1.3713480864037884
25 88 1.1075957843476665
25 89 1.2862963917790806
26 27 1.3069601204277845
26 28 1.2014485413828953
26 29 1.2063000365943137
26 30 1.2933674670303572
26 31 1.336152004442613
26 32 1.4120871247057667
26 33 1.1596640418255144
26 34 1.2100006674399066
26 35 1.207801062273263
26 36 1.3765597867480845
26 37 1.348216992106534
26 38 1.3659060075313925
26 39 1.3798514413852887
26 40 1.4933934064211052
26 41 1.3261025747340525
26 42 1.330712731330596
26 43 1.180221800146167
26 44 1.196878201532668
26 45 1.3449794826370247
26 46 1.1270052802806534
26 47 1.1721620009439084
26 48 1.241515449291411
26 49 1.2846883948148933
26 50 1.3292989374619968
26 51 1.2813345401912037
26 52 1.266982291829094
26 53 1.3137792081318178
26 54 1.172400749648332
26 55 1.1414099601196632
26 56 1.3279035834515873
26 57 1.321041411896568
26 58 1.1985026405016321
26 59 1.2008933355106295
26 60 1.2635614033595624
26 61 1.169992563533032
26 62 1.2428600797993175
26 63 1.3621535057977179
26 64 1.3150395794532013
26 65 1.409820526541265
26 66 1.2827560809760072
26 67 1.4946883641943658
26 68 1.0518865150257266
26 69 1.2390095628752196
26 70 1.409726529588077
26 71 1.09975285476225
26 72 1.3630036429237893
26 73 1.2892764080942314
26 74 1.2433100801361574
26 75 1.1764906728999627
26 76 1.3125656417212648
26 77 1.4741151211891432
26 78 1.4017153866273007
26 79 1.2081687411041493
26 80 1.4566355765508008
26 81 1.2588854659863533
26 82 1.3060200275955647
26 83 1.331455111809778
26 84 1.3796367951569093
26 85 1.2039923173688325
26 86 1.3132690686702988
26 87 1.450682919365555
26 88 1.1948367842893324
26 89 1.3231809888458015
27 28 1.2561516727951247
27 29 1.2241729396013483
27 30 1.2427331334064164
27 31 1.279028423641301
27 32 1.1429888936684058
27 33 1.2585717746894065
27 34 1.3478877476748976
27 35 1.3109825623223563
27 36 1.3519587397621267
27 37 1.3565921127413187
27 38 1.259791373172279
27 39 1.3280637712773904
27 40 1.3547010239226491
27 41 1.3176231770456104
27 42 1.2170696108242745
27 43 1.2207314776668365
27 44 1.2182962211738955
27 45 1.2740662627835473
27 46 1.2724885811296938
27 47 1.3074653724604421
27 48 1.2735337157578892
27 49 1.302255049262393
27 50 1.4354935662663952
27 51 1.3654964618287677
27 52 1.3426296384067893
27 53 1.4037000777639266
27 54 1.363410079953365
27 55 1.2672592294907554
27 56 1.330008515786374
27 57 1.3557150990756919
27 58 1.29656387998761
27 59 1.2970479615155142
27 60 1.2584140959413979
27 61 1.3508980163887276
27 62 1.2705498952574326
27 63 1.4045291226100987
27 64 1.2538059536746133
27 65 1.3375628091101703
27 66 1.3910331556723474
27 67 1.2608679601116746
27 68 1.1080664243151641
27 69 1.386476602866691
27 70 1.2541955635235449
27 71 1.3604608391415483
27 72 1.2765955196836714
27 73 1.3742143349717388
27 74 1.3576708711520038
27 75 1.3385044672950182
27 76 1.3701662099783278
27 77 1.3481781704794424
27 78 1.2286873226225796
27 79 1.363111880954106
27 80 1.273926430402075
27 81 1.1885832607609974
27 82 1.3540377076676855
27 83 1.3358679874819461
27 84 1.259989349908974
27 85 1.2692442407035325
27 86 1.3372487222366427
27 87 1.3968756406147103
27 88 1.1770076583489413
27 89 1.3800902742980738
28 29 1.3481039752264476
28 30 1.2881907116701736
28 31 1.2867426177348975
28 32 1.4324001529297552
28 33 1.210195393738916
28 34 1.3942905975183169
28 35 1.3650748162703266
28 36 1.3184161521235715
28 37 1.3740649556963735
28 38 1.21515013775844
28 39 1.1371889942077382
28 40 1.207641557809578
28 41 1.3110191290112214
28 42 1.1723576845079537
28 43 1.2655721163963183
28 44 1.1478627835648034
28 45 1.2676994427694142
28 46 1.1086843929035233
28 47 1.0924633473559233
28 48 1.220032586050365
28 49 1.1823815286254336
28 50 1.256977414101914
28 51 1.3816057965001456
28 52 1.2679393603702884
28 53 1.2749410238394918
28 54 1.1702169717904483
28 55 1.1023569906392297
28 56 1.1919898932455153
28 57 1.2731890591823618
28 58 1.1812226296560664
28 59 1.1677078708480297
28 60 1.2519384110134066
28 61 1.2695131102416608
28 62 1.2716973728165788
28 63 1.3555519422700608
28 64 1.2532271877201027
28 65 1.2259188875160762
28 66 1.3111092773458926
28 67 1.5228641985594416
28 68 1.0441707297197045
28 69 1.2553916238529064
28 70 1.4926922906209492
28 71 1.077003470588852
28 72 1.2816075920802048
28 73 1.2249440211158322
28 74 1.262300147046264
28 75 1.1711436800368884
28 76 1.1596147685466671
28 77 1.4451052991339044
28 78 1.412053204663498
28 79 1.1329529396663414
28 80 1.519602457709079
28 81 1.1476057548201042
28 82 1.213549234076493
28 83 1.326999307775182
28 84 1.3008888383150305
28 85 1.211904478868463
28 86 1.2200192424468363
28 87 1.4059234173877229
28 88 1.2352957792455102
28 89 1.2676472800189464
29 30 1.287262186410607
29 31 1.3330100542441639
29 32 1.3134825215677504
29 33 1.2349506829778425
29 34 1.2862424611231036
29 35 1.3480799026675252
29 36 1.1863489659948507
29 37 1.4256730612578148
29 38 1.3487229826530125
29 39 1.3074196970154057
29 40 1.3652311968853101
29 41 1.373141368958851
29 42 1.2571366352340017
29 43 1.0945625928490867
29 44 1.2601347054433756
29 45 1.2933912165458803
29 46 1.191016835367977
29 47 1.310088690916133
29 48 1.369934800728274
29 49 1.1645726032311847
29 50 1.343476702918753
29 51 1.2233499020347214
29 52 1.3547747900613902
29 53 1.3179958520645587
29 54 1.212591813868798
29 55 1.239324129672317
29 56 1.3795166709353606
29 57 1.2985523804778714
29 58 1.2282372426726333
29 59 1.1755126992506861
29 60 1.1758651993030473
29 61 1.2855231583885043
29 62 1.2845021253105116
29 63 1.2554048381953655
29 64 1.2641328648789043
29 65 1.326042218920951
29 66 1.3531610790026252
29 67 1.3815862771972363
29 68 1.176092172137347
29 69 1.2265148267897132
29 70 1.347286503085649
29 71 1.354914860306603
29 72 1.2968583604420743
29 73 1.2980843085556273
29 74 1.294902915512606
29 75 1.2313427270327264
29 76 1.3037075469867492
29 77 1.3476675349014282
29 78 1.3655080923058678
29 79 1.1627865266680304
29 80 1.3639332520961227
29 81 1.1884067257644235
29 82 1.2115007568103757
29 83 1.3956731320729334
29 84 1.2431947760677164
29 85 1.2632363464350225
29 86 1.2940582841745996
29 87 1.3851825953427643
29 88 1.2307691785614292
29 89 1.3259150093828025
30 31 1.1949573262122146
30 32 1.2656330728880554
30 33 1.2620582658435269
30 34 1.226282243720926
30 35 1.3985363869858363
30 36 1.5068107125132748
30 37 1.4630420249924996
30 38 1.3420065110894888
30 39 1.47392279312919
30 40 1.5043914817456832
30 41 1.0786933133503078
30 42 1.2790073425422024
30 43 1.3047200450182075
30 44 1.323089274284496
30 45 1.2324618778193237
30 46 1.178223326951031
30 47 1.2819282708498279
30 48 1.3203908154112385
30 49 1.314025107470553
30 50 1.3387381700597953
30 51 1.1934136607602102
30 52 1.1617053559872923
30 53 1.2196960756599395
30 54 1.31605480826378
30 55 1.2536098460408913
30 56 1.2173476563412895
30 57 1.3797072153932437
30 58 1.1906416979902643
30 59 1.3500721270313945
30 60 1.3519846115272067
30 61 1.2110879719084444
30 62 1.2326776554272005
30 63 1.3509757980725106
30 64 1.3753686763461836
30 65 1.2654462082630507
30 66 1.4702082708000164
30 67 1.3459456457467018
30 68 1.2773248076977703
30 69 1.3887128659741148
30 70 1.298474160233096
30 71 1.4226374033562346
30 72 1.1029425465901752
30 73 1.366282782312759
30 74 1.252729669205567
30 75 1.2806895131837055
30 76 1.3580850798166553
30 77 1.2664404197659347
30 78 1.3093108421150592
30 79 1.2717870092198862
30 80 1.3479406198175485
30 81 1.3737302535847862
30 82 1.3262016347581582
30 83 1.255261572121972
30 84 1.1820644631151136
30 85 1.2629616774856436
30 86 1.2441825702606595
30 87 1.4181866043469875
30 88 1.3187409800730179
30 89 1.3890519583079064
31 32 1.4011588580416208
31 33 1.1602061120709808
31 34 1.343564421971362
31 35 1.188950065316776
31 36 1.4010812019345615
31 37 1.3752302416403834
31 38 1.334460555108796
31 39 1.2935481791465746
31 40 1.38202653663317
31 41 1.2556543361159394
31 42 1.3060495500915303
31 43 1.341538103719683
31 44 1.3038451166326728
31 45 1.3539208292071332
31 46 1.2385772769069086
31 47 1.3241248768809593
31 48 1.2386144821300018
31 49 1.1936318783697502
31 50 1.3558734953927525
31 51 1.1829774739571888
31 52 1.182465972803073
31 53 1.2401305545941816
31 54 1.3242654810345633
31 55 1.254328272694981
31 56 1.2928272332484039
31 57 1.4574698927760448
31 58 1.205252538218018
31 59 1.3335707937587717
31 60 1.4268636388871028
31 61 1.2916198320460295
31 62 1.1484823464993699
31 63 1.2697971548070224
31 64 1.3671634101760086
31 65 1.293550532491647
31 66 1.3755951144299676
31 67 1.269021438384445
31 68 1.3083016563594512
31 69 1.4420813797932517
31 70 1.2710699826505367
31 71 1.41437992233839
31 72 1.1522437950751323
31 73 1.3214702429789793
31 74 1.408011344238183
31 75 1.3086866267554005
31 76 1.27654133642711
31 77 1.3562309951546467
31 78 1.2603500689024978
31 79 1.3025990170686441
31 80 1.2893453869753178
31 81 1.2402929513029297
31 82 1.3137210210191317
31 83 1.2071267382650035
31 84 1.155529169645064
31 85 1.160882517696252
31 86 1.2803080394584325
31 87 1.3452821005760094
31 88 1.2514811720198304
31 89 1.3394642876323999
32 33 1.3518166415183532
32 34 1.4429042427956706
32 35 1.4573296256787966
32 36 1.3436989174376661
32 37 1.2454766040219674
32 38 1.3039864420521918
32 39 1.3996707882586237
32 40 1.3215420928801536
32 41 1.2684012017051867
32 42 1.1844372748271135
32 43 1.2472403640190246
32 44 1.2279658042494066
32 45 1.3809674239645502
32 46 1.3528941091414892
32 47 1.3187345421263015
32 48 1.374057287479798
32 49 1.4741303560668333
32 50 1.4604698522789523
32 51 1.335755650152026
32 52 1.2896387991838074
32 53 1.3826633404712132
32 54 1.3443727618037997
32 55 1.303934644527156
32 56 1.4047364360117331
32 57 1.4246228229051174
32 58 1.2992142275315608
32 59 1.3664314437775626
32 60 1.13389531772297
32 61 1.4028121372185312
32 62 1.4413104487395616
32 63 1.5001603243330086
32 64 1.250973096575372
32 65 1.2741872674252634
32 66 1.3452437714802314
32 67 1.1544086933976718
32 68 1.2251756360751647
32 69 1.3565212302087832
32 70 1.142745665321713
32 71 1.4824185481853838
32 72 1.3032035317131097
32 73 1.3156048910604148
32 74 1.3289371375489263
32 75 1.3851302620698278
32 76 1.4280911711268378
32 77 1.187544515170791
32 78 1.2012185878390773
32 79 1.3532899825082854
32 80 1.1589275471438634
32 81 1.2821822069345221
32 82 1.2155588249973768
32 83 1.3312296407368356
32 84 1.256487932762991
32 85 1.3635653030292696
32 86 1.3272207206439588
32 87 1.370069960217157
32 88 1.1896431976696527
32 89 1.4161812460955523
33 34 1.3038845142450848
33 35 1.2182031109314733
33 36 1.4408904794113173
33 37 1.424153426629765
33 38 1.3757661922965074
33 39 1.3828605176681545
33 40 1.4376252206358255
33 41 1.2065593408333752
33 42 1.3460057375247
33 43 1.3105794890319737
33 44 1.3100155919244771
33 45 1.337971643076351
33 46 1.1381593232956757
33 47 1.2304657446208476
33 48 1.1414811550021315
33 49 1.2331488210615797
33 50 1.3387540456509863
33 51 1.205663475003894
33 52 1.161516737747745
33 53 1.3170217937231679
33 54 1.2009961048696842
33 55 1.1454378254351596
33 56 1.3418284193912118
33 57 1.3841775122430149
33 58 1.178657962951587
33 59 1.2248571318994361
33 60 1.3236680450267229
33 61 1.3183297783948011
33 62 1.1175910664322026
33 63 1.3165426989042435
33 64 1.3548084548210313
33 65 1.323389732112745
33 66 1.4779446426163014
33 67 1.2773374910548596
33 68 1.212471603840651
33 69 1.3435829303843922
33 70 1.308039731297811
33 71 1.3835198453074704
33 72 1.2063430200787175
33 73 1.292140441673456
33 74 1.200618476923552
33 75 1.2838395651916843
33 76 1.3485033368961612
33 77 1.3260934651910297
33 78 1.2242750722072218
33 79 1.1769183925637563
33 80 1.3017671786549045
33 81 1.2568274897954266
33 82 1.2813388982899736
33 83 1.148530227750494
33 84 1.2413871620457984
33 85 0.19663399834954703
33 86 1.267572119598163
33 87 1.3735832568357822
33 88 1.29833401619041
33 89 1.3716212469649127
34 35 1.3627990061340953
34 36 1.3356961800271654
34 37 1.3347995349732902
34 38 1.243573968716691
34 39 1.5669004184179165
34 40 1.5303420778055579
34 41 1.3367431669174559
34 42 1.322512779690946
34 43 1.2205055482323586
34 44 1.2002540328420301
34 45 1.4031650810737537
34 46 1.1850525256413191
34 47 1.2081495254120787
34 48 1.1839869251591661
34 49 1.329311374748359
34 50 1.302387706078242
34 51 1.1022154576745606
34 52 1.2833505739790774
34 53 1.3292212984956746
34 54 1.149514979464796
34 55 1.2402936545824919
34 56 1.335018470160365
34 57 1.2756216359279884
34 58 1.1343452982973286
34 59 1.3496422302990836
34 60 1.2733400454763997
34 61 1.1327333551677472
34 62 1.149803106741675
34 63 1.3645807690846714
34 64 1.2617469118329085
34 65 1.3436969511961272
34 66 1.245026821991039
34 67 1.4072848894796142
34 68 1.2266547974955209
34 69 1.229741291416166
34 70 1.3710530749631205
34 71 1.2127611598413386
34 72 1.3419104631104402
34 73 1.2358298834100327
34 74 1.1231254661088963
34 75 1.2879572310481808
34 76 1.1510672140991915
34 77 1.3397718486304664
34 78 1.4053948104382379
34 79 1.2032423043579328
34 80 1.4135260223745258
34 81 1.2108205787955872
34 82 1.1433714075858823
34 83 1.2721481692766952
34 84 1.3659674433341513
34 85 1.3172474015764108
34 86 1.346293027694016
34 87 1.3272342032672897
34 88 1.272450219747147
34 89 1.2418628040953825
35 36 1.3894271127810114
35 37 1.4190761622126975
35 38 1.315219248444529
35 39 1.2440240849054793
35 40 1.2829603300066497
35 41 1.3415188504256215
35 42 1.313437477490093
35 43 1.2983232854447808
35 44 1.3664825309256212
35 45 1.3602540125813218
35 46 1.2228007614351624
35 47 1.5552314747940512
35 48 1.325742259058409
35 49 1.0799109815084516
35 50 1.427914886412088
35 51 1.4601239602940446
35 52 1.3216049118703135
35 53 1.334749269693648
35 54 1.3740360209150833
35 55 1.2289051522830496
35 56 1.2699777493189714
35 57 1.37598942672853
35 58 1.2166974898289011
35 59 1.3097260249024893
35 60 1.3548031980976063
35 61 1.1027759246107691
35 62 1.3248098448349355
35 63 1.2748738337790975
35 64 1.3554552769327066
35 65 1.391902812718098
35 66 1.34844084521372
35 67 1.391880606794395
35 68 1.2665400975764607
35 69 1.3768878518179644
35 70 1.3978782637790832
35 71 1.3543711818306068
35 72 1.369226888790136
35 73 1.4238732541242607
35 74 1.3180639087009354
35 75 1.2845859132398327
35 76 1.3232671130650957
35 77 1.400746272453353
35 78 1.3386759863947237
35 79 1.3017933787612928
35 80 1.410012347414741
35 81 1.2680971403047723
35 82 1.3457845661879784
35 83 1.3558775354903168
35 84 1.3545251100649738
35 85 1.2164363634449495
35 86 1.374060303429419
35 87 1.4344255780705848
35 88 1.3827317261740493
35 89 1.316043808655915
36 37 1.2836515744618877
36 38 1.1147993759971369
36 39 1.2311719959067133
36 40 1.1715802851651373
36 41 1.6067991790927614
36 42 1.22603179560964
36 43 1.1848675206176913
36 44 1.305068591997947
36 45 1.2819552745165874
36 46 1.3076844589594352
36 47 1.402887738247815
36 48 1.3432799757680363
36 49 1.349084993638269
36 50 1.3428339899216426
36 51 1.3250245288842852
36 52 1.5473574511359303
36 53 1.4496334504355721
36 54 1.2495619888469216
36 55 1.31289865859916
36 56 1.341201576136558
36 57 1.137591272959179
36 58 1.250018757929071
36 59 1.3732872325109495
36 60 1.213289583442951
36 61 1.2403679705709423
36 62 1.3879907048946358
36 63 1.283341406097203
36 64 1.1526812641681672
36 65 1.4466013071229864
36 66 1.3583087972792682
36 67 1.3839892597067904
36 68 1.2617753049972893
36 69 0.8912522777283788
36 70 1.3701750330562634
36 71 1.3303632839798412
36 72 1.4488313974796099
36 73 1.330063771711875
36 74 1.5488865925319861
36 75 1.3388888381925526
36 76 1.2114275065396731
36 77 1.4828039101283708
36 78 1.4452026599689176
36 79 1.2171158429870712
36 80 1.4670071831264366
36 81 1.0711807857338935
36 82 1.1570917248205037
36 83 1.4122394403128926
36 84 1.4140734817888663
36 85 1.463576300382276
36 86 1.4214646257092702
36 87 1.3288036017418892
36 88 1.3086396863870098
36 89 1.2108250340073103
37 38 1.3040800426588168
37 39 1.266705910974718
37 40 1.1877757804431253
37 41 1.373035403648923
37 42 1.2976122219831547
37 43 1.286572826763706
37 44 1.2316192302815945
37 45 1.4365041323726242
37 46 1.3796504335710864
37 47 1.2934415764334717
37 48 1.34665307063158
37 49 1.5455263499060399
37 50 1.4569855460009622
37 51 1.412570636783667
37 52 1.3258592784757104
37 53 1.3907381250249682
37 54 1.3843527652830727
37 55 1.267553093956799
37 56 1.3781538390672183
37 57 1.4137310440466953
37 58 1.396127700779238
37 59 1.3379413448393804
37 60 1.2602104339796423
37 61 1.3664503442708134
37 62 1.3888921665749678
37 63 1.4464021348835179
37 64 1.3352095776199202
37 65 1.3589047655907431
37 66 1.0283932585800695
37 67 1.276746703955822
37 68 1.2083742491956138
37 69 1.3261086060644218
37 70 1.2675633773648929
37 71 1.312156576431029
37 72 1.364471417650107
37 73 1.2697281923590662
37 74 1.4845738254193208
37 75 1.3931235070983496
37 76 1.4098674763917394
37 77 1.3171499020624982
37 78 1.2933316897833291
37 79 1.3165444966602404
37 80 1.2547433974462905
37 81 1.2121981866355602
37 82 1.28353879607746
37 83 1.1820517526920602
37 84 1.3568480598619295
37 85 1.424028946710005
37 86 1.3965166283485473
37 87 1.3007758790767183
37 88 1.216706835143655
37 89 1.232228220204729
38 39 1.2761943668809346
38 40 1.2435163821867605
38 41 1.4466927633163442
38 42 1.2891586806893922
38 43 1.2502577252685254
38 44 1.2186829863498254
38 45 1.3135251864665158
38 46 1.3184222101779548
38 47 1.2958030498816544
38 48 1.3376823302369438
38 49 1.202925065976639
38 50 1.3617331445024243
38 51 1.3200517053570735
38 52 1.3533101938405285
38 53 1.397148541343191
38 54 1.1696491603276253
38 55 1.3071058380583416
38 56 1.4029801773772048
38 57 1.2409233542815732
38 58 1.261177819163229
38 59 1.2133391493486245
38 60 1.3217587184754687
38 61 1.1815430154899473
38 62 1.2802401549174849
38 63 1.1844350969562425
38 64 1.1750159621539307
38 65 1.3499683359790686
38 66 1.2467080282776168
38 67 1.376757907111878
38 68 1.1960658871585348
38 69 1.1686882309443813
38 70 1.3966641419024732
38 71 1.311492997822548
38 72 1.3940219234833473
38 73 1.2629226237315545
38 74 1.2169205104411382
38 75 1.1734562734407015
38 76 1.242612279498687
38 77 1.3420786730436225
38 78 1.3640333521653483
38 79 1.1913946129690975
38 80 1.4719483285511434
38 81 1.1115882898678255
38 82 1.2884586566024252
38 83 1.385846138557984
38 84 1.376175817518697
38 85 1.3744503767349168
38 86 1.399303721235093
38 87 1.330436405580729
38 88 1.2723659376202756
38 89 1.1747085800804178
39 40 1.0959378427792492
39 41 1.4387348851851616
39 42 1.2558989119493993
39 43 1.2650401103418953
39 44 1.2757657967616831
39 45 1.3288798500304486
39 46 1.353910489227828
39 47 1.3632998866968966
39 48 1.3853190663099049
39 49 1.255440524391711
39 50 1.4153690043528184
39 51 1.4804545761752324
39 52 1.4071474513549547
39 53 1.3920504029796095
39 54 1.3192830783044756
39 55 1.243121375224155
39 56 1.356062203150813
39 57 1.3857305748156599
39 58 1.2890241596080403
39 59 1.1837785370943203
39 60 1.339284005935153
39 61 1.272470272156119
39 62 1.4148248601187312
39 63 1.2666814699863955
39 64 1.3120135075678558
39 65 1.3622711647164398
39 66 1.2305291770108173
39 67 1.3664858064746785
39 68 1.126240297413272
39 69 1.3155671388949666
39 70 1.40752645735994
39 71 1.319146433965506
39 72 1.433201083834085
39 73 1.2791304113560333
39 74 1.4874577477980568
39 75 1.313643128401773
39 76 1.3238140720700708
39 77 1.3853414499881374
39 78 1.3165823127535667
39 79 1.2250730512464083
39 80 1.406481688243421
39 81 1.2118971564216325
39 82 1.367662471414611
39 83 1.3503092790075901
39 84 1.3332012457192768
39 85 1.3829749726275031
39 86 1.3969068802489304
39 87 1.4231936531059883
39 88 1.3235526940390185
39 89 1.279736136867284
40 41 1.5313710275093113
40 42 1.1824173295564442
40 43 1.224323556443316
40 44 1.3044991678249482
40 45 1.3612619298085347
40 46 1.4014760196451477
40 47 1.3510269153628949
40 48 1.4396302861215668
40 49 1.3486969773760533
40 50 1.4149841977743196
40 51 1.589286291211095
40 52 1.4711452009490937
40 53 1.3896088102582105
40 54 1.3181165912028585
40 55 1.3338491483242478
40 56 1.3269655239152538
40 57 1.2197390349397876
40 58 1.2709004992868833
40 59 1.2534496674209985
40 60 1.3117504109987523
40 61 1.361624769334063
40 62 1.413336474103692
40 63 1.3808395324689722
40 64 1.2535331433148973
40 65 1.3646266465638823
40 66 1.3739289307445912
40 67 1.4602343432010956
40 68 1.224032480540622
40 69 1.2037496068744709
40 70 1.4348372411763823
40 71 1.3050692305024458
40 72 1.4210110367571014
40 73 1.391001314587454
40 74 1.5282368792939702
40 75 1.3443195010581381
40 76 1.3271195326904333
40 77 1.462838517681611
40 78 1.4476330650488975
40 79 1.3157591212938853
40 80 1.4540419059982435
40 81 1.246808033462713
40 82 1.2709131247732115
40 83 1.2718464002525103
40 84 1.3703512797365045
40 85 1.4461262476065713
40 86 1.4059248104247948
40 87 1.3041633381790583
40 88 1.3308510195993806
40 89 1.2452306951539227
41 42 1.4070340713110805
41 43 1.3726987662414383
41 44 1.3085663833487047
41 45 1.324696780757361
41 46 1.2520561013021252
41 47 1.3256429174388669
41 48 1.209873509210305
41 49 1.3573880559662248
41 50 1.4617785238805507
41 51 1.311815500377991
41 52 0.7068696837664995
41 53 1.2087722707067041
41 54 1.4024559345378864
41 55 1.2209200394257036
41 56 1.3357806263632412
41 57 1.4482368677886939
41 58 1.3635606226205348
41 59 1.5356362138335518
41 60 1.3876774666583516
41 61 1.3006813720882793
41 62 1.282056533216225
41 63 1.4202120512268293
41 64 1.4467786422714026
41 65 1.2091125552895614
41 66 1.359310499486102
41 67 1.2667399941387754
41 68 1.3679968323178382
41 69 1.4899929749945138
41 70 1.2796624569563633
41 71 1.3658845845350842
41 72 1.1600395242280843
41 73 1.3853482122266818
41 74 1.3015672135793175
41 75 1.3826353002678113
41 76 1.4242691455911964
41 77 1.0286422526692638
41 78 1.2518609337932352
41 79 1.4590712500920848
41 80 1.2656914984080174
41 81 1.414246922702071
41 82 1.2766327381216356
41 83 1.3796522266986937
41 84 1.297679482161457
41 85 1.2072507379705801
41 86 1.2593385321353157
41 87 1.4273812601206053
41 88 1.3178640470001923
41 89 1.5798199665981818
42 43 1.2117692245378642
42 44 1.1343496128810597
42 45 1.2574804113001365
42 46 1.231354828312761
42 47 1.209536900620284
42 48 1.3872555513086793
42 49 1.3066876733842436
42 50 1.354369872892376
42 51 1.3437578994809267
42 52 1.3559267554235988
42 53 1.2498915870921248
42 54 1.2214718112233507
42 55 1.270286546318246
42 56 1.1950271936716712
42 57 1.278241025249754
42 58 1.1273327684505037
42 59 1.217273585743513
42 60 1.1887444188411442
42 61 1.215264221507641
42 62 1.3779610590632183
42 63 1.344082299592794
42 64 1.1927967797084653
42 65 1.2311813327625785
42 66 1.3762484767858636
42 67 1.3300287805707494
42 68 1.1020688955109998
42 69 1.2004240492228209
42 70 1.3824848502592126
42 71 1.2683281533984734
42 72 1.3079799338907663
42 73 1.2411450326567113
42 74 1.298542949564459
42 75 1.2253808414976177
42 76 1.1747467584486704
42 77 1.3341154144675622
42 78 1.329534957379887
42 79 1.186060163288827
42 80 1.3746292501704693
42 81 1.175789459601671
42 82 1.157498235133879
42 83 1.3282477348196053
42 84 1.2558729706170944
42 85 1.3437301613032429
42 86 1.2508598968815106
42 87 1.2557229719755176
42 88 1.2333936097206988
42 89 1.2923479876311013
43 44 1.1789973777314053
43 45 1.1914915467960188
43 46 1.1700204283137619
43 47 1.2089791861478425
43 48 1.1985777848439338
43 49 1.3188619472000813
43 50 1.2581358445474344
43 51 1.2953299477957367
43 52 1.3606729734460064
43 53 1.3211745043850738
43 54 1.1461498017855998
43 55 1.1699874047509353
43 56 1.281745340705424
43 57 1.1916227627686578
43 58 1.1778125561562545
43 59 1.1706774850624677
43 60 1.1496051234935407
43 61 1.1654035658547552
43 62 1.3340169800896111
43 63 1.4051042543073657
43 64 1.0108065280815237
43 65 1.340313421413595
43 66 1.3521907791591643
43 67 1.4479822905925015
43 68 1.0707834185496599
43 69 1.0249877465420145
43 70 1.3311907163030916
43 71 1.2467658229958332
43 72 1.293065775320951
43 73 1.3554271847504304
43 74 1.2854870369569074
43 75 1.323577080710215
43 76 1.2417908482517752
43 77 1.375572645287673
43 78 1.3973497278177789
43 79 1.1664655333917158
43 80 1.3967444816509282
43 81 1.1758935746002825
43 82 1.1470726045780488
43 83 1.395521823401846
43 84 1.3051672476682998
43 85 1.3398064793271325
43 86 1.3553745248573912
43 87 1.2745384633650907
43 88 1.2315462678774154
43 89 1.3201509430718497
44 45 1.3014584873841653
44 46 1.0955942695718879
44 47 1.0994995097571811
44 48 1.1138583800777462
44 49 1.3401982848490954
44 50 1.4437569607162184
44 51 1.286274458920631
44 52 1.2906994983215891
44 53 1.3488694277695459
44 54 1.217600510823759
44 55 1.2229599020360167
44 56 1.2973196909739753
44 57 1.2841097308483813
44 58 1.2134179781137493
44 59 1.1821544012250669
44 60 1.2057985525322832
44 61 1.2643518655360855
44 62 1.2421167398662643
44 63 1.3732790070447511
44 64 1.2166094908577059
44 65 1.304466659757165
44 66 1.224623718722394
44 67 1.3219959191866633
44 68 1.0296440818160228
44 69 1.2976209618552488
44 70 1.2497619643743962
44 71 1.1614427989757894
44 72 1.318701456380834
44 73 1.1630573959927601
44 74 1.23019268874308
44 75 1.1250593971959983
44 76 1.2497161022140015
44 77 1.283946257593157
44 78 1.3140423587531547
44 79 1.1417661148111724
44 80 1.3310127388067745
44 81 1.1522051280088355
44 82 1.275536515635239
44 83 1.2948150563211953
44 84 1.319893406091399
44 85 1.3102778330174867
44 86 1.252175949284885
44 87 1.2997482277539896
44 88 0.9374456045048924
44 89 1.1813951144187522
45 46 1.3972384849046913
45 47 1.3763626467162007
45 48 1.2820578111180638
45 49 1.3840902067171565
45 50 1.386167762544
45 51 1.3726063803631259
45 52 1.3446887661725822
45 53 1.2397799437122277
45 54 1.248623620932031
45 55 1.2826704786333343
45 56 1.2882896739450853
45 57 1.2649316820860659
45 58 1.215591600985963
45 59 1.235765236225749
45 60 1.336422572916513
45 61 1.2679764268497522
45 62 1.45959496545541
45 63 1.3794304172395098
45 64 1.2332991214615354
45 65 1.2791202209304977
45 66 1.3528264032784458
45 67 1.4962693087499814
45 68 1.233101871528115
45 69 1.2709627506652843
45 70 1.3774235148785476
45 71 1.1879359364308724
45 72 1.246421087904939
45 73 1.2647867824907792
45 74 1.2722483658039332
45 75 1.3980410425629448
45 76 1.325920738085744
45 77 1.3415428352291812
45 78 1.5414605531466408
45 79 1.2025489869309696
45 80 1.4965189017543916
45 81 1.3156002450392956
45 82 1.2590597831469363
45 83 1.3859391493315767
45 84 1.362762238844489
45 85 1.3330728122883746
45 86 1.2386793188082086
45 87 1.4535047589075571
45 88 1.2670563085873259
45 89 1.3141269090851126
46 47 1.1401568018131765
46 48 1.230431031623889
46 49 1.1533708693331925
46 50 1.3860415306929128
46 51 1.291245534669867
46 52 1.199644436072584
46 53 1.2414544479126952
46 54 1.17615045062736
46 55 1.128197232060684
46 56 1.1735328999208627
46 57 1.3015680855433194
46 58 1.0642899846606257
46 59 1.330773391732396
46 60 1.313514669480628
46 61 1.1399109097524365
46 62 1.1650783587059959
46 63 1.2514167402803538
46 64 1.260763773639692
46 65 1.2757795478622171
46 66 1.4153632161818923
46 67 1.3887790227343504
46 68 0.999493864847912
46 69 1.297214487240391
46 70 1.3855978335827226
46 71 1.2362276665488912
46 72 1.2871135174570902
46 73 1.2797724785596933
46 74 1.2581938198499782
46 75 1.1520412553920976
46 76 1.2460551153023538
46 77 1.2962629320746983
46 78 1.3063574005162089
46 79 1.1855599055445882
46 80 1.3846957437290766
46 81 1.1634667294152974
46 82 1.1920073617569098
46 83 1.358320710693057
46 84 1.3326022953986152
46 85 1.158499068367177
46 86 1.293003973878797
46 87 1.3458910391678336
46 88 1.1139389939190947
46 89 1.3766690666190393
47 48 1.1731065462658083
47 49 1.2678424485747584
47 50 1.3023727556862952
47 51 1.1766093980531604
47 52 1.2711291263803262
47 53 1.3050737976411453
47 54 0.9709230463634929
47 55 1.1672926338322738
47 56 1.2679247300340695
47 57 1.2996453658766587
47 58 1.1068475770035002
47 59 1.2919171994920553
47 60 1.2614559171343351
47 61 1.2695814441709368
47 62 1.1632607035258735
47 63 1.3944525360650388
47 64 1.305649388935592
47 65 1.232122161323635
47 66 1.3423414811324268
47 67 1.3985439217417592
47 68 1.0852729966374157
47 69 1.278004407549411
47 70 1.334713574382458
47 71 1.1512847378829445
47 72 1.2894738443411395
47 73 1.156534406078427
47 74 1.1271037023353523
47 75 1.042052197017107
47 76 1.223734222731628
47 77 1.3808774454911985
47 78 1.3474974105981383
47 79 1.1408891497284999
47 80 1.358941294169832
47 81 1.1763152064008622
47 82 1.1838044654700497
47 83 1.293988395400234
47 84 1.3074107722403703
47 85 1.2627113877611202
47 86 1.2292682512169453
47 87 1.3677710607242426
47 88 1.1597153768813604
47 89 1.4051863379907483
48 49 1.3302872281212332
48 50 1.3258380254228312
48 51 1.2697200703116072
48 52 1.1974821563056723
48 53 1.2194101517612645
48 54 1.18325781031149
48 55 1.186651528397854
48 56 1.238497887283452
48 57 1.319383804608294
48 58 1.1467945704009588
48 59 1.3992066106535836
48 60 1.3015085527433978
48 61 1.2733576589787206
48 62 1.1389573185247723
48 63 1.3152635471747018
48 64 1.1661891313094794
48 65 1.2241076486461429
48 66 1.2774168769531227
48 67 1.4241392731387101
48 68 1.080573244019363
48 69 1.298739694302131
48 70 1.3511328140944021
48 71 1.0700578482676921
48 72 1.1891516815946934
48 73 1.2734165080404696
48 74 1.1881010922870532
48 75 1.2465332741945994
48 76 1.296981756108286
48 77 1.3278643374806918
48 78 1.3241505310528427
48 79 1.2201435221380643
48 80 1.3663383192175034
48 81 1.2566042030168192
48 82 1.2268472128864005
48 83 1.3110730558903139
48 84 1.3372413814004214
48 85 1.1627225327252968
48 86 1.1583132881402036
48 87 1.3566241497224611
48 88 1.2233378218269995
48 89 1.2083939692078962
49 50 1.363705192870368
49 51 1.252528380203264
49 52 1.3757837129151353
49 53 1.3547171511834752
49 54 1.2102455166484476
49 55 1.299028007453022
49 56 1.3618957106916165
49 57 1.365736342154693
49 58 1.2405192738080708
49 59 1.305842244031268
49 60 1.3686462122301866
49 61 1.2773421459011747
49 62 1.2222052550451217
49 63 1.157575160002473
49 64 1.4500969639653307
49 65 1.3850708343055318
49 66 1.4461972599988884
49 67 1.3604797815787393
49 68 1.2914298575637526
49 69 1.344455923180055
49 70 1.3587681157459437
49 71 1.3656108845777335
49 72 1.4359439135357586
49 73 1.352948962584467
49 74 1.2771398660609432
49 75 1.0487589473993755
49 76 1.2633804240664337
49 77 1.331036165994041
49 78 1.2549178515857735
49 79 1.2360177121291118
49 80 1.3617385601634246
49 81 1.1154476634091974
49 82 1.3289647376372091
49 83 1.3387953640996162
49 84 1.3387438058902954
49 85 1.2520386990432577
49 86 1.3263071031264482
49 87 1.4099866540622834
49 88 1.3617833123462162
49 89 1.3164613531856382
50 51 1.1844352168618706
50 52 1.4279174925392748
50 53 1.3449858910549148
50 54 0.9949693397062811
50 55 1.266238563080475
50 56 1.4458298670275145
50 57 1.2989497899489018
50 58 1.245625618674749
50 59 1.3896893163818798
50 60 1.3152748202852464
50 61 1.2440209425534487
50 62 1.3295616923856783
50 63 1.3006979575150883
50 64 1.2809702078506446
50 65 1.3573144503970258
50 66 1.3922689338143919
50 67 1.528232568997723
50 68 1.294736193836138
50 69 1.2672751066762655
50 70 1.506449024855682
50 71 1.298905351395482
50 72 1.3284792983283367
50 73 1.3613695656600344
50 74 1.2623117529557464
50 75 1.3501519775401831
50 76 1.2478369296060583
50 77 1.4791669441344826
50 78 1.5148182764330147
50 79 1.1941191890523837
50 80 1.5231493272316354
50 81 1.3464010317290582
50 82 1.2184499514805198
50 83 1.3117123326891031
50 84 1.3861228726060886
50 85 1.350183796092429
50 86 1.394193908547523
50 87 1.313195144182378
50 88 1.4189794470001291
50 89 1.386673120900301
51 52 1.273883362944302
51 53 1.2808662178547894
51 54 1.1418905737932792
51 55 1.2686251555407642
51 56 1.387616601440242
51 57 1.2379589370497548
51 58 1.2838483321014529
51 59 1.3781457045075383
51 60 1.307401768284813
51 61 1.3756083731404645
51 62 1.1256579376909173
51 63 1.26195881456698
51 64 1.2739042274092354
51 65 1.384863611103336
51 66 1.2978946179957036
51 67 1.3175896774809748
51 68 1.3610267520028199
51 69 1.3395127646891851
51 70 1.3383175296934458
51 71 1.4231378112322333
51 72 1.249544329929986
51 73 1.232343639244696
51 74 1.2016580013790537
51 75 1.2638788393682163
51 76 1.1678178391161456
51 77 1.3209750865094483
51 78 1.34559329587899
51 79 1.257693157161651
51 80 1.3585501780188853
51 81 1.2853346975887692
51 82 1.2507771561430827
51 83 1.1835620799628725
51 84 1.2763824044956957
51 85 1.2150550459979197
51 86 1.3235286021810913
51 87 1.3246915018382925
51 88 1.3912543857330844
51 89 1.3416654516884445
52 53 1.1251329516795578
52 54 1.3108025134800905
52 55 1.2545983059697463
52 56 1.3129840139594677
52 57 1.4411764577166837
52 58 1.274526991241425
52 59 1.4083751446786763
52 60 1.3504171255940114
52 61 1.2652095813070428
52 62 1.2031829200897641
52 63 1.4321879680729919
52 64 1.399087975956319
52 65 1.160636828354874
52 66 1.3651905687521273
52 67 1.28575227403803
52 68 1.2939688833869194
52 69 1.4600176992724148
52 70 1.2816821012521384
52 71 1.278579163366064
52 72 1.129801956123289
52 73 1.2547779963860508
52 74 1.2653347791972076
52 75 1.3437818000949382
52 76 1.373352597424527
52 77 1.031209859554612
52 78 1.2643094874217915
52 79 1.3269021399615688
52 80 1.272393113755172
52 81 1.3459699280377853
52 82 1.2967960932512663
52 83 1.322748869496606
52 84 1.269754238570785
52 85 1.1777325923520292
52 86 1.181361946032152
52 87 1.3479230939450582
52 88 1.1231828423739265
52 89 1.4527295920857124
53 54 1.2224279232655044
53 55 1.364056493974155
53 56 0.9768594008462701
53 57 1.430651177228436
53 58 1.068866532711152
53 59 1.3548596785970275
53 60 1.4614536324488412
53 61 1.2858154421799837
53 62 1.304201183023181
53 63 1.3048728401954235
53 64 1.4034022733537819
53 65 0.8473406228490696
53 66 1.4294718200125724
53 67 1.4306237406345221
53 68 1.225069178629565
53 69 1.4625206708957526
53 70 1.424620088237639
53 71 1.1827163817852775
53 72 0.7927021908911823
53 73 1.3057370166417486
53 74 1.1876846020475387
53 75 1.3328228588928783
53 76 1.4706536392469935
53 77 1.3620676511370393
53 78 1.372203771150006
53 79 1.224807386116004
53 80 1.4053867916038114
53 81 1.4393022003145564
53 82 1.323655471628712
53 83 1.2937781665139916
53 84 1.2307405090512846
53 85 1.3440406437093304
53 86 0.796372743812594
53 87 1.3130243216873427
53 88 1.2941645394234689
53 89 1.3961456707904303
54 55 1.189358639954392
54 56 1.3781548120019003
54 57 1.1853152562092433
54 58 0.9548395901253857
54 59 1.2865610168219463
54 60 1.2867785488246293
54 61 1.0502629304428128
54 62 1.1851647680437227
54 63 1.1987802088373918
54 64 1.1311152224489491
54 65 1.190528789765214
54 66 1.2921696743818416
54 67 1.4893724047296126
54 68 0.9831620338717604
54 69 1.0926425504080928
54 70 1.4217667498294002
54 71 1.1257155239645245
54 72 1.3010502138720528
54 73 1.1937832976998703
54 74 1.0701974535539136
54 75 1.0631815809048684
54 76 1.1831210444803733
54 77 1.3808590234476563
54 78 1.4627247257229914
54 79 0.9594655532028333
54 80 1.502483228647811
54 81 1.1491796045480185
54 82 1.0090075752164422
54 83 1.2694110144169533
54 84 1.2928955154583983
54 85 1.242698658702962
54 86 1.14622306292637
54 87 1.349795650688154
54 88 1.2843287833579569
54 89 1.3403469422172383
55 56 1.2968393546328898
55 57 1.2756341213746032
55 58 1.169232961385339
55 59 1.2211229045069107
55 60 1.1204850493178393
55 61 1.122948446352548
55 62 1.2755930916132578
55 63 1.344878428766275
55 64 1.20447803343757
55 65 1.3394645937235836
55 66 1.3113196978333281
55 67 1.4509218007619402
55 68 1.1258341451681335
55 69 1.1427699533714613
55 70 1.427095873025601
55 71 1.266326431193601
55 72 1.2766210805855678
55 73 1.240318248560625
55 74 1.1563448625186843
55 75 1.2774244786909585
55 76 1.2218226721488488
55 77 1.3176718848667848
55 78 1.4017224167312319
55 79 1.1294515103021179
55 80 1.423340474816685
55 81 1.1800410892747768
55 82 1.1214576198490769
55 83 1.3358625313093175
55 84 1.3262636777136834
55 85 1.159692706415918
55 86 1.329362031245798
55 87 1.4005560598361237
55 88 1.238694886559149
55 89 1.3111884453187088
56 57 1.4249639309521918
56 58 1.0508691004585144
56 59 1.3445909886190166
56 60 1.3215411498558114
56 61 1.1506345661115214
56 62 1.307567935057221
56 63 1.2653977374008865
56 64 1.3957944813284915
56 65 1.0060435282905267
56 66 1.4409954299952934
56 67 1.430450671373599
56 68 1.2349184482640245
56 69 1.3619909536684223
56 70 1.3986572532782051
56 71 1.2203208055635402
56 72 0.9870719640297475
56 73 1.319089654934402
56 74 1.3311673317336246
56 75 1.3571938703455875
56 76 1.3051041336822145
56 77 1.4187496113704972
56 78 1.3222179812744612
56 79 1.2567573328281947
56 80 1.426645150743428
56 81 1.228276057909021
56 82 1.329529106880871
56 83 1.3299851208368498
56 84 1.3070573886368324
56 85 1.3517524439027306
56 86 1.0573114540497284
56 87 1.346296702999203
56 88 1.2887363634309885
56 89 1.2596170942279106
57 58 1.2951738388695562
57 59 1.3887077664058673
57 60 1.2889447003506513
57 61 1.2759895478465466
57 62 1.253506427067217
57 63 1.3124005946231379
57 64 1.0490555800490076
57 65 1.4530446644129897
57 66 1.314610846767681
57 67 1.4757721604845015
57 68 1.1986294838198717
57 69 0.955100721862327
57 70 1.4507497907215967
57 71 1.3024139150784546
57 72 1.5085234250633281
57 73 1.3575522195432446
57 74 1.3613623516873148
57 75 1.4448651294807606
57 76 1.1537454020292632
57 77 1.4461455235752998
57 78 1.5369413074352287
57 79 1.3579482319764975
57 80 1.5318441601258261
57 81 1.2145849299546774
57 82 1.2291658535713983
57 83 1.4002649332784396
57 84 1.4968818929035483
57 85 1.3792183615611344
57 86 1.4062316929732672
57 87 1.4335742919377281
57 88 1.4508793582119568
57 89 1.3795282948092122
58 59 1.3046297221539043
58 60 1.2994821908704353
58 61 1.0398999590413902
58 62 1.2050761756212358
58 63 1.2512695645794132
58 64 1.2416251232505873
58 65 1.0788125257093824
58 66 1.355668133980706
58 67 1.4224867684731175
58 68 0.9438475882729715
58 69 1.1795487106404416
58 70 1.436374734752502
58 71 1.107869584276222
58 72 1.1001340662608192
58 73 1.1533666014030077
58 74 1.154075898317601
58 75 1.218496198105935
58 76 1.2098127192362111
58 77 1.4281723609703119
58 78 1.3503196179177288
58 79 0.8654695279148894
58 80 1.4836708570997512
58 81 1.1402226607908208
58 82 1.042491873132727
58 83 1.2464179695779771
58 84 1.1921491002283757
58 85 1.2112166255472323
58 86 1.0912698087872048
58 87 1.3527225238614404
58 88 1.2189515493252503
58 89 1.210222275367853
59 60 1.256263300116442
59 61 1.3205331407168783
59 62 1.3404688596811998
59 63 1.3011431434029788
59 64 1.214812934264169
59 65 1.3271506342642283
59 66 1.331610848746812
59 67 1.4599034170777139
59 68 1.1718085991448157
59 69 1.2857505273003327
59 70 1.4435091902370476
59 71 1.2385611943864705
59 72 1.3162429218712195
59 73 1.1734985666952111
59 74 1.1949013833361573
59 75 1.272310118854786
59 76 1.2010243838140677
59 77 1.4094035937919593
59 78 1.427942975217202
59 79 1.034750659062116
59 80 1.451018521128313
59 81 1.1711858888005897
59 82 1.3794649302440798
59 83 1.3183020063504578
59 84 1.3116181473739135
59 85 1.2175155954766077
59 86 1.323766541311447
59 87 1.3512310661208993
59 88 1.155054110156467
59 89 1.0763692774792923
60 61 1.290857626252869
60 62 1.3415812707714994
60 63 1.3982957426575844
60 64 1.1523440829886513
60 65 1.4248604424267106
60 66 1.2290578428578878
60 67 1.3913575915117034
60 68 1.178614623215847
60 69 1.1443313073430696
60 70 1.2964283406615158
60 71 1.2518974602712785
60 72 1.338709364402802
60 73 1.355788049671652
60 74 1.2730808077491804
60 75 1.3159554894637435
60 76 1.2343415104712143
60 77 1.2352311162231386
60 78 1.4244224574636106
60 79 1.1800604680981739
60 80 1.391904085426495
60 81 1.0444559859866571
60 82 1.2030698079921922
60 83 1.386559332010913
60 84 1.2661751579240264
60 85 1.349369774674179
60 86 1.437076472088147
60 87 1.2154357581857695
60 88 1.2272163562173974
60 89 1.2229858783821574
61 62 1.2680971919040036
61 63 1.2873054914630098
61 64 1.2406128713620133
61 65 1.2057037982018919
61 66 1.2977966706905562
61 67 1.4145123501474088
61 68 1.0748212361781146
61 69 1.1164707148546817
61 70 1.3791147854289156
61 71 1.211773201182418
61 72 1.2893253428782632
61 73 1.3326347993572263
61 74 1.2007601972578608
61 75 1.1608635937507648
61 76 1.121798662803637
61 77 1.4187750913083617
61 78 1.3492047414519022
61 79 1.0630271646737015
61 80 1.4472808626361913
61 81 1.1257250296625432
61 82 1.1339731343499273
61 83 1.3920872141536031
61 84 1.400210531464433
61 85 1.3247845579541415
61 86 1.3007100343270115
61 87 1.3555031184992232
61 88 1.2610836654103934
61 89 1.3964231849081021
62 63 1.185748365648084
62 64 1.349281239928659
62 65 1.4077251880370552
62 66 1.3868230951015321
62 67 1.3979291466831885
62 68 1.1867464745605725
62 69 1.3679108809871123
62 70 1.4094098443241194
62 71 1.2911465162911944
62 72 1.1950115189358952
62 73 1.2673686735804555
62 74 1.238248131358947
62 75 1.2704970070567203
62 76 1.2194189893869825
62 77 1.355215578932521
62 78 1.3442095088199222
62 79 1.273188177758332
62 80 1.440362585615428
62 81 1.1328462353421334
62 82 1.301018081998832
62 83 1.214296556705919
62 84 1.2398731435650499
62 85 1.13830780876232
62 86 1.285499043802919
62 87 1.401057390665283
62 88 1.2829627498831222
62 89 1.3490039338554192
63 64 1.2406126437848763
63 65 1.3664895921738993
63 66 1.3774764074143675
63 67 1.4344724570876586
63 68 1.2863581347542972
63 69 1.3327737634314867
63 70 1.4987629271115595
63 71 1.2918906675505377
63 72 1.287315072446615
63 73 1.2721062317042227
63 74 1.285616886097171
63 75 1.2682438627115302
63 76 1.2729968576266444
63 77 1.3575684522688036
63 78 1.4368204129802475
63 79 1.2762123772173457
63 80 1.5303323372196984
63 81 1.2036335100041353
63 82 1.3954929834116463
63 83 1.3637501733644326
63 84 1.3335558387606288
63 85 1.3234557434306187
63 86 1.3218973124700348
63 87 1.2788515574333943
63 88 1.3725224768425122
63 89 1.2517333790181246
64 65 1.4264077173586682
64 66 1.289976159034284
64 67 1.4411294811383044
64 68 1.112710766545798
64 69 1.034835573587972
64 70 1.3692949495007252
64 71 1.284294906960749
64 72 1.3440536057175934
64 73 1.3341717170690304
64 74 1.2630595724045306
64 75 1.3122073986778233
64 76 1.1424004926230058
64 77 1.2963998436978241
64 78 1.4790835873480326
64 79 1.180594462061393
64 80 1.4446967134948907
64 81 1.1817010694387329
64 82 1.1658714126184322
64 83 1.4746051558545668
64 84 1.34952049783374
64 85 1.3663372426631835
64 86 1.4118833455143607
64 87 1.275915534168186
64 88 1.3127684175177088
64 89 1.2628187276580307
65 66 1.3312162471971927
65 67 1.3340381172871387
65 68 1.1674504995381256
65 69 1.4403075248822292
65 70 1.37384918081331
65 71 1.18354581905946
65 72 0.9793049077653578
65 73 1.245087858329602
65 74 1.2283173245946748
65 75 1.3495600994571475
65 76 1.442456716767793
65 77 1.3721680556576574
65 78 1.2909469621780698
65 79 1.1918920552529377
65 80 1.3357427877444776
65 81 1.35748473055776
65 82 1.2974340745139485
65 83 1.304331031609302
65 84 1.3154303514245402
65 85 1.3208947614023674
65 86 0.8531163546902049
65 87 1.3602583895437745
65 88 1.2454411212299101
65 89 1.4349137223535293
66 67 1.3647215629504508
66 68 1.1366816513448124
66 69 1.3200419962400085
66 70 1.4028292555049182
66 71 1.2423245011446795
66 72 1.473744285835976
66 73 1.3018715359199613
66 74 1.3886359199990765
66 75 1.3271136709032627
66 76 1.2913389670595108
66 77 1.3387830373479994
66 78 1.4046230394762496
66 79 1.308234167828399
66 80 1.4619178796391747
66 81 1.129468364950694
66 82 1.29377160748166
66 83 1.2851968491419024
66 84 1.3887382179198575
66 85 1.4804508945758221
66 86 1.4641442074560471
66 87 1.3969932867940538
66 88 1.3109563911508542
66 89 1.1799350689966073
67 68 1.4286138982071819
67 69 1.493601674283375
67 70 0.636933783159147
67 71 1.663951780582919
67 72 1.3753464642619495
67 73 1.3600163902599638
67 74 1.4805947305269578
67 75 1.4429486364355146
67 76 1.425650920262384
67 77 1.089785871930755
67 78 0.7290428465272454
67 79 1.4570610416852199
67 80 0.5594145513685862
67 81 1.2977373992351093
67 82 1.4432086110685012
67 83 1.2609038613778702
67 84 1.398827684101021
67 85 1.2554140636414943
67 86 1.4389971617400361
67 87 1.3910556534521474
67 88 1.2618151611793071
67 89 1.37027493817634
68 69 1.213350199210018
68 70 1.4187758077273072
68 71 0.9990603426880436
68 72 1.2759048225487886
68 73 1.1565512307110395
68 74 1.1600990379170246
68 75 1.1924155613686838
68 76 1.224670971152428
68 77 1.3963741157440193
68 78 1.3627824923858118
68 79 1.0136651253449682
68 80 1.4570879305126463
68 81 1.0431294238502369
68 82 1.1127873625311482
68 83 1.2658114835556604
68 84 1.299564560399217
68 85 1.2367311588079404
68 86 1.1751733361012944
68 87 1.381423733018856
68 88 1.0228305795831036
68 89 1.26078139740008
69 70 1.4735433756213774
69 71 1.3085525006408625
69 72 1.4707384159554915
69 73 1.335112058737093
69 74 1.3966569120550432
69 75 1.3435104698450813
69 76 1.1324999741071924
69 77 1.4089342475366367
69 78 1.5590144911242405
69 79 1.198531197372814
69 80 1.551415866310582
69 81 1.1329375071130305
69 82 1.216696538313169
69 83 1.3852354575443449
69 84 1.39782934932558
69 85 1.3639797201135238
69 86 1.4308942435547014
69 87 1.3586720610316207
69 88 1.4091608934669884
69 89 1.2501110634660673
70 71 1.599780620873604
70 72 1.3176879235396506
70 73 1.3637374576654846
70 74 1.460390475901324
70 75 1.371929088368241
70 76 1.4385622799144282
70 77 1.1051386099020704
70 78 0.8199968279981694
70 79 1.3955657539455983
70 80 0.5397811010515672
70 81 1.2703860158398135
70 82 1.4256298472290276
70 83 1.2778588905396793
70 84 1.3256848079821293
70 85 1.309174422997469
70 86 1.4152195071905662
70 87 1.3926272728372868
70 88 1.1777444710958134
70 89 1.3347168065170547
71 72 1.2425628625917782
71 73 1.1531593989218596
71 74 1.16142078420137
71 75 1.2776329967928362
71 76 1.2725630226523528
71 77 1.4749448737270436
71 78 1.548212511246368
71 79 1.1201818483485553
71 80 1.6210580154166756
71 81 1.2135621578485667
71 82 1.1562668520953014
71 83 1.356754111329514
71 84 1.42860706766931
71 85 1.4091824910126745
71 86 1.1248144080746119
71 87 1.3598618284761121
71 88 1.1339674175712884
71 89 1.2756596414596242
72 73 1.2853441076083654
72 74 1.2298775981352357
72 75 1.3553010106668837
72 76 1.4401295722166843
72 77 1.2828810498650223
72 78 1.3065222539293297
72 79 1.1645447598561927
72 80 1.3307655850938436
72 81 1.3834950272697857
72 82 1.3948067463155724
72 83 1.2544986331240764
72 84 1.0626633125260745
72 85 1.2213440858487274
72 86 0.9323011630865348
72 87 1.274582239182639
72 88 1.245952322641739
72 89 1.3721076366598783
73 74 1.222497045029802
73 75 1.3032926776065632
73 76 1.2359748997244167
73 77 1.2783315614569144
73 78 1.3836572400278606
73 79 1.106843578443062
73 80 1.362038477987003
73 81 1.2269991849492918
73 82 1.2468487683808844
73 83 1.2625281876680792
73 84 1.3906987386421243
73 85 1.2993576454351705
73 86 1.2412385948146651
73 87 1.2468181118356954
73 88 1.0563376382063108
73 89 1.20588339778009
74 75 1.2692140578608757
74 76 1.2719067406226732
74 77 1.3299728163017885
74 78 1.4495420071280554
74 79 1.098689557167537
74 80 1.4571027968827623
74 81 1.3255069275349673
74 82 1.2324298646129024
74 83 1.3848956194209048
74 84 1.374655168243174
74 85 1.2119074043968465
74 86 1.1955481669330812
74 87 1.3674766727666552
74 88 1.2997004159342087
74 89 1.329101112913246
75 76 1.3111815824137387
75 77 1.3728801890150666
75 78 1.3509025097316607
75 79 1.1115000549200573
75 80 1.4174814652032162
75 81 1.2535979570949156
75 82 1.2523673824256065
75 83 1.371701889276846
75 84 1.2244524260663405
75 85 1.3141660994157394
75 86 1.3137637809773708
75 87 1.4041656229006791
75 88 1.2789384078356005
75 89 1.323106196446489
76 77 1.3937404622160878
76 78 1.4961449626139514
76 79 1.1537329849914193
76 80 1.4698048733658617
76 81 1.1061477079316195
76 82 1.144375804433307
76 83 1.3714777556861912
76 84 1.4637436470898721
76 85 1.3326070061737925
76 86 1.4307489909081754
76 87 1.244173398429107
76 88 1.28400213764516
76 89 1.2493496693456674
77 78 1.2271681420303984
77 79 1.3385429082170395
77 80 1.118770479847021
77 81 1.309011753337951
77 82 1.346930644564727
77 83 1.3555817949716034
77 84 1.377009764923125
77 85 1.3296008709359213
77 86 1.3753940834778782
77 87 1.3143569506320487
77 88 1.2075799942533199
77 89 1.361025409070842
78 79 1.40083386674146
78 80 0.6825176005570858
78 81 1.2525156725786826
78 82 1.4423891548852876
78 83 1.307744434976363
78 84 1.3066440120952272
78 85 1.2268355473206585
78 86 1.3591846483536927
78 87 1.4418711883603494
78 88 1.265621460150995
78 89 1.3495401871839303
79 80 1.458630011456723
79 81 1.0583003634426895
79 82 1.1367461885421268
79 83 1.2875137019882812
79 84 1.3328562095994545
79 85 1.198940616235883
79 86 1.140480411439467
79 87 1.2616336631967096
79 88 1.1018501696744056
79 89 1.0963894521098623
80 81 1.3774754334998611
80 82 1.479249074207634
80 83 1.3098293055701056
80 84 1.380522674452857
80 85 1.288697137206296
80 86 1.4198074625208956
80 87 1.377174846735158
80 88 1.2609574510323969
80 89 1.405824526562652
81 82 1.1493408981990842
81 83 1.3192225802208055
81 84 1.341027307555862
81 85 1.2887388048060675
81 86 1.3754525574695504
81 87 1.2779844800147704
81 88 1.114272015444631
81 89 1.0504809069596572
82 83 1.371930376564171
82 84 1.3818354449869032
82 85 1.3023785325378372
82 86 1.2960202459518717
82 87 1.3533982837842315
82 88 1.2527925631624413
82 89 1.3803107748470516
83 84 1.290675270041814
83 85 1.1511217678537775
83 86 1.26835572211186
83 87 1.379220067331858
83 88 1.2985039426981146
83 89 1.2202839561654562
84 85 1.2787180937862694
84 86 1.2859513089575625
84 87 1.3497535647859433
84 88 1.3524643907793041
84 89 1.3189575497212096
85 86 1.2768337005623305
85 87 1.3904597750039323
85 88 1.3203697823426566
85 89 1.3734302565405252
86 87 1.3797812694696616
86 88 1.255586864125142
86 89 1.3699814874909155
87 88 1.2663520343406085
87 89 1.245574118210657
88 89 1.2130148671209595
