75 0
0 1 1.296065863420093
0 2 1.3826657751480753
0 3 1.4026168854798617
0 4 1.364825142508307
0 5 1.311799546389257
0 6 1.3762232576987954
0 7 1.3065973614950952
0 8 1.3663608014303086
0 9 1.299510732201335
0 10 1.3709015356531533
0 11 1.3327142156101117
0 12 1.3956933973173906
0 13 1.3386045213697357
0 14 1.128184753180447
0 15 1.16238908871894
0 16 1.3093937964809583
0 17 1.286827803408416
0 18 1.0892450464822045
0 19 1.1745361406534043
0 20 1.4014231189374828
0 21 1.168551624741895
0 22 1.3397562335059032
0 23 1.3127195441583086
0 24 1.2161461995979783
0 25 1.1826103524828386
0 26 1.2068271615361237
0 27 1.0922311005575716
0 28 1.3010012151989152
0 29 1.4049043237767442
0 30 1.1945477508922666
0 31 1.3813178642072714
0 32 1.0740973719188425
0 33 1.3236868019387587
0 34 1.1047978140845913
0 35 1.2347592431136114
0 36 1.2928025187870296
0 37 1.3366118634909299
0 38 1.086830132381729
0 39 1.1731627537869016
0 40 1.21706689888777
0 41 1.190162473453739
0 42 1.144183466625987
0 43 1.1259068082882806
0 44 1.2901988860753908
0 45 1.1906966121220244
0 46 1.2033041389710564
0 47 1.3034712050304074
0 48 1.4065543013937094
0 49 1.0993776284063617
0 50 1.3405449674731602
0 51 1.3140919518621916
0 52 1.2566369803698125
0 53 1.3454881446021374
0 54 1.0917336078961877
0 55 1.0975024272603868
0 56 1.1345043343625456
0 57 1.0700668939778495
0 58 1.1484397172930698
0 59 1.2313023986640452
0 60 1.4119873961625065
0 61 1.2269256586675223
0 62 1.3827080267101275
0 63 1.2633342980666538
0 64 1.2922598976403612
0 65 1.0469664864919472
0 66 1.1606397217657307
0 67 1.1760368038067632
0 68 1.259182846012761
0 69 1.2351680667700213
0 70 1.2439219812603053
0 71 1.2114922693286838
0 72 1.3279077132741057
0 73 1.280889700093603
0 74 1.3691077785730335
1 2 1.3940148406595503
1 3 1.2656309636107785
1 4 1.3931855447205221
1 5 1.4362068361713656
1 6 1.2722346115326049
1 7 1.4143890747836345
1 8 1.4374357988134367
1 9 1.2841344623384234
1 10 1.381530998891041
1 11 1.2418096611555587
1 12 1.3184474254379752
1 13 1.458504095172011
1 14 1.1610415857885261
1 15 1.0969272946294075
1 16 1.5131508083592724
1 17 1.3651187952197863
1 18 1.1559273777394812
1 19 1.3115031306562364
1 20 1.4248363166092406
1 21 1.1984723731282707
1 22 1.322441496724199
1 23 1.2443745518666165
1 24 1.264385803058191
1 25 0.8911479402206991
1 26 1.2820924644262992
1 27 1.2105587192034022
1 28 1.3334428216545458
1 29 1.2820826058827994
1 30 1.3501762144886083
1 31 1.4186308987483185
1 32 1.1973635458217446
1 33 1.1270398392165033
1 34 1.2191586607479632
1 35 1.2423019136983466
1 36 1.4797991824012195
1 37 1.4994502274721664
1 38 1.141419977649374
1 39 1.2478058732493613
1 40 1.3152769936644135
1 41 1.1107180077275574
1 42 1.1976762681361957
1 43 1.324661885793685
1 44 1.411037104560756
1 45 1.3373648818664057
1 46 1.1489187686818956
1 47 1.4456606590677905
1 48 1.2202457191057188
1 49 1.2303252340517308
1 50 1.332756795470691
1 51 1.4019023510578015
1 52 1.1268389337030036
1 53 1.2295371227048195
1 54 1.0853238400784633
1 55 1.2424665401916426
1 56 1.1815064764372385
1 57 1.1798409365112574
1 58 1.3250440733301494
1 59 1.446167916595535
1 60 1.3771990025314738
1 61 1.1897893152918284
1 62 1.1647874657709745
1 63 1.4233251684242456
1 64 1.1984331538429873
1 65 1.1926061200074143
1 66 1.404418243163832
1 67 1.3099427173094778
1 68 1.2735793378451052
1 69 0.894942006738844
1 70 1.2173481555231176
1 71 1.2465838281523551
1 72 1.348026452337532
1 73 1.1046567777999816
1 74 1.2354445267787622
2 3 1.420724211481457
2 4 1.3434913892815377
2 5 1.3392149912220537
2 6 1.3609338461499971
2 7 1.5098157156429735
2 8 1.4224609562913337
2 9 1.3877343131542252
2 10 1.4281276540225236
2 11 1.3912622198479279
2 12 1.3423246649281664
2 13 1.4159323140498081
2 14 1.3581043864987985
2 15 1.2856552055475479
2 16 1.3716625677089322
2 17 1.427262462629561
2 18 1.3458164558323424
2 19 1.3249841945998242
2 20 1.391497557046776
2 21 1.3026202654985386
2 22 1.3162734725363112
2 23 1.3855322084428305
2 24 1.3498155431183019
2 25 1.4099958771865282
2 26 1.4592692336841524
2 27 1.4150505345202609
2 28 1.3403591140479323
2 29 1.391305153213706
2 30 1.3217634473490263
2 31 1.3979690572222396
2 32 1.3762640736319667
2 33 1.3049747018083668
2 34 1.2897298034903417
2 35 1.3245878597728709
2 36 1.2668632006431482
2 37 1.413835301090574
2 38 1.3478158532600053
2 39 1.2724374888614527
2 40 1.3271219626017172
2 41 1.38197199004742
2 42 1.3681940380653228
2 43 1.3059005923741187
2 44 1.3765050750101229
2 45 1.3805802745892193
2 46 1.424223502059652
2 47 1.3943593913022825
2 48 1.3563751347553312
2 49 1.3109594877073534
2 50 1.2508990808090665
2 51 1.3820927510646885
2 52 1.3444660614159207
2 53 1.381026429041753
2 54 1.3214510022216264
2 55 1.3049859118383917
2 56 1.2098584098134866
2 57 1.1061974266349146
2 58 1.2872428330750139
2 59 1.4686077826337698
2 60 1.387783256008618
2 61 1.3326434009241042
2 62 1.3342719321538659
2 63 1.3766034946963546
2 64 1.3487640534655652
2 65 1.307367848301679
2 66 1.3401572261847192
2 67 1.43538248509261
2 68 1.3366303401364403
2 69 1.438144396416449
2 70 1.2878624253594921
2 71 1.3379156389990872
2 72 1.4432187879290672
2 73 1.2974666255190628
2 74 1.3510329740632372
3 4 1.3597198395586143
3 5 1.1765344577054981
3 6 1.241892369093618
3 7 1.3364493162161277
3 8 1.400345879984451
3 9 1.3429204831242814
3 10 1.3823797188307099
3 11 1.3656888734984587
3 12 1.426993340054218
3 13 1.290147202097232
3 14 1.3741832925738695
3 15 1.3200392874373017
3 16 1.3066996713275503
3 17 1.3109800346007483
3 18 1.4109688779456022
3 19 1.2586820721628968
3 20 1.3434728388195611
3 21 1.264175579997611
3 22 1.4195920454788133
3 23 1.444856614478145
3 24 1.3311364482758723
3 25 1.3328020911615943
3 26 1.3789937302548003
3 27 1.3467381360877957
3 28 1.3779643441556597
3 29 1.3040610524180853
3 30 1.3357247715103495
3 31 1.4035757798940698
3 32 1.319606406767683
3 33 1.2670187643574433
3 34 1.262895694797924
3 35 1.304864522374933
3 36 1.4168726670390186
3 37 1.3295288558178755
3 38 1.4131217795195088
3 39 1.5097664291147497
3 40 1.2668586226625957
3 41 1.2791496506973725
3 42 1.33250963103018
3 43 1.414299363771535
3 44 1.4386799080981874
3 45 1.369838121538947
3 46 1.3158531295836717
3 47 1.471771533622098
3 48 1.4524308469171265
3 49 1.3505084527135578
3 50 1.3299389415367047
3 51 1.328771890927993
3 52 1.40233493426159
3 53 1.3770904768861822
3 54 1.4234398822747794
3 55 1.4341850418524773
3 56 1.4121471889752921
3 57 1.3254711264131098
3 58 1.419198654880805
3 59 1.2664887306950008
3 60 1.3011921707573477
3 61 1.3356347917145255
3 62 1.3316504161823834
3 63 1.3674783470811736
3 64 1.3295326630010538
3 65 1.4300455125772795
3 66 1.3379017794915764
3 67 1.2790697857344364
3 68 1.3696916386560702
3 69 1.380756355462208
3 70 1.4383473813099594
3 71 1.290843555398376
3 72 1.3198310268384479
3 73 1.3418793426367932
3 74 1.2488441908435064
4 5 1.3308268855940697
4 6 1.4082869110376652
4 7 1.3140381430475643
4 8 1.242384067957164
4 9 1.347534808263524
4 10 0.7764223888751564
4 11 1.359337234995137
4 12 1.4569493057870284
4 13 1.1517377760689465
4 14 1.2791215057961858
4 15 1.272412201364057
4 16 1.2588327090829166
4 17 1.3158445454540504
4 18 1.3268090881575263
4 19 1.262685681050834
4 20 1.3356821931282585
4 21 1.3325941983296166
4 22 1.4307671687012748
4 23 1.3296700425045211
4 24 1.3148189768587752
4 25 1.3667181687750827
4 26 1.3798492930519262
4 27 1.32977488632678
4 28 1.363169384430587
4 29 1.4095870249656715
4 30 1.383028998457921
4 31 1.3621909398854974
4 32 1.3560690167643548
4 33 1.4479092558419964
4 34 1.285429310458406
4 35 1.353484267462191
4 36 1.2724211945190886
4 37 1.2477011122013997
4 38 1.2838288635763806
4 39 1.391095141085603
4 40 1.2320344972870403
4 41 1.471084116815702
4 42 1.4762652916470835
4 43 1.341184718871915
4 44 1.304404521100092
4 45 1.4392963764880013
4 46 1.3792220634694223
4 47 1.0777551512772152
4 48 1.4180199899153687
4 49 1.309030057394436
4 50 1.3170400621458245
4 51 1.1260551494379811
4 52 1.4280854987991076
4 53 1.3451851269129014
4 54 1.3687568368733014
4 55 1.3483668799527893
4 56 1.3212928369628925
4 57 1.3056860179692593
4 58 1.2827301331524839
4 59 1.3027110805830318
4 60 1.3872898800502187
4 61 1.4303956834660498
4 62 1.4318723106050082
4 63 1.1065925090677822
4 64 1.400013471336104
4 65 1.4088157933460124
4 66 1.31657644021957
4 67 1.326092155406062
4 68 1.3773019916294567
4 69 1.4321421828219882
4 70 1.4446508048844973
4 71 1.3817605182877846
4 72 1.465572777161557
4 73 1.327201652393149
4 74 1.400866052188157
5 6 1.043383899702844
5 7 1.2805800509215184
5 8 1.3392320045860218
5 9 1.3098394747549444
5 10 1.3639636645757118
5 11 1.4313143729351403
5 12 1.4158705980344761
5 13 1.349173075048185
5 14 1.3502754341363146
5 15 1.3917189995170578
5 16 1.3415836543459383
5 17 1.4100621101697215
5 18 1.271413262633089
5 19 1.2558525624688381
5 20 1.3855596041252687
5 21 1.201759456924353
5 22 1.2881032667411727
5 23 1.3687844821828197
5 24 1.2523256323872702
5 25 1.4718924446106916
5 26 1.3205223673926554
5 27 1.3039207620445077
5 28 1.3879167472437688
5 29 1.2724139065059095
5 30 1.2588078563248963
5 31 1.0812043170519081
5 32 1.260620985421888
5 33 1.339660809609401
5 34 1.2669743911169693
5 35 1.3458348858714309
5 36 1.3664130604206794
5 37 1.342988432979026
5 38 1.2070445670563377
5 39 1.3957352596564374
5 40 1.2276772805636438
5 41 1.2549376254897542
5 42 1.2591140680970234
5 43 1.3290217548991037
5 44 1.4069559153719655
5 45 1.4175832973354263
5 46 1.4475769428839105
5 47 1.3533404978314687
5 48 1.3195243728068853
5 49 1.2848546970269341
5 50 1.3895613313778206
5 51 1.349711552120919
5 52 1.3317628405615065
5 53 1.2702481124066338
5 54 1.3269927080882054
5 55 1.429667877140913
5 56 1.2698828921993688
5 57 1.3283200528656132
5 58 1.374911222429939
5 59 1.2518052828025825
5 60 1.0474345657153799
5 61 1.2976336480913537
5 62 1.3265720848721707
5 63 1.2884824170142415
5 64 1.3388412397825638
5 65 1.320585166133412
5 66 1.3977970287567647
5 67 1.2853790147856414
5 68 1.3928444959401756
5 69 1.5274116952252101
5 70 1.2930217201343008
5 71 1.2115155605341017
5 72 1.3990102187393036
5 73 1.4604310143557433
5 74 1.2198063098703362
6 7 1.4083432694513396
6 8 1.452352858746373
6 9 1.3711815151511684
6 10 1.39331709258169
6 11 1.2929476846568093
6 12 1.3808655773374714
6 13 1.4786579855582844
6 14 1.2260291484610522
6 15 1.2502625725645287
6 16 1.4303880309517834
6 17 1.356730344769307
6 18 1.2599640930403107
6 19 1.3117223446105453
6 20 1.5018575999037693
6 21 1.1332881375779202
6 22 1.2556205155091058
6 23 1.3941067102194118
6 24 1.2373729276519965
6 25 1.2543912035233042
6 26 1.2236553479765377
6 27 1.3195163803286165
6 28 1.3464726358928638
6 29 1.1238791235014074
6 30 1.265568614734882
6 31 1.2617531570440628
6 32 1.2945011537337312
6 33 1.1882990868748236
6 34 1.2816953773251538
6 35 1.3621894276791418
6 36 1.3755600565278507
6 37 1.4298208295414183
6 38 1.288090482412699
6 39 1.3685514851900324
6 40 1.355926839709822
6 41 1.1546443870454632
6 42 1.158702749295823
6 43 1.311884747735151
6 44 1.455528088628963
6 45 1.3776444032741617
6 46 1.4029896570765654
6 47 1.476124994206819
6 48 1.226544218574866
6 49 1.4330378816817073
6 50 1.4431816399911572
6 51 1.4451343198525577
6 52 1.1614335843926467
6 53 1.3768113977718528
6 54 1.2071457948288615
6 55 1.3708040007476066
6 56 1.1970732009406302
6 57 1.3473692127305967
6 58 1.3831105769261685
6 59 1.3827957160451776
6 60 1.0881895147671106
6 61 1.3170298265625335
6 62 1.214874077595754
6 63 1.382530445913314
6 64 1.2995104148298604
6 65 1.2792485069896067
6 66 1.34758605821905
6 67 1.3921915637184388
6 68 1.3367762122880595
6 69 1.308937791125697
6 70 1.1846499825905452
6 71 1.3100404622971775
6 72 1.4015998941038683
6 73 1.2727842249063563
6 74 1.2136161009756683
7 8 1.0420231137143756
7 9 1.2653908439917176
7 10 1.370857629441975
7 11 1.3543203266527486
7 12 1.2170653425838038
7 13 1.389073333274582
7 14 1.4033222452417589
7 15 1.3711996010680247
7 16 1.3808688828932307
7 17 1.345712030328167
7 18 1.2905693578875264
7 19 1.2941645394234689
7 20 1.0737758028588806
7 21 1.2689751618141525
7 22 1.2727341900276943
7 23 1.3549066437834638
7 24 1.3968876484640784
7 25 1.363134914197911
7 26 1.244662370971681
7 27 1.1554283507627956
7 28 1.4745609933218498
7 29 1.2459747103168024
7 30 1.2797593163696168
7 31 1.4158206099029371
7 32 1.1619306243204224
7 33 1.3228659314468594
7 34 1.3319102129115519
7 35 1.387115710843045
7 36 1.3130243216873427
7 37 1.372203771150006
7 38 1.2723551089527305
7 39 1.3881993590730726
7 40 1.21032115841657
7 41 1.203842720020038
7 42 1.2110415894313649
7 43 1.3901055444127313
7 44 1.3657532804597465
7 45 1.4633972603580356
7 46 1.1844335241144133
7 47 1.424462890803226
7 48 1.3819970652985871
7 49 1.2887669505323218
7 50 1.2351506776716414
7 51 1.425211280331663
7 52 1.2451291329811671
7 53 1.3334869362818693
7 54 1.3059368328001808
7 55 1.358545971317399
7 56 1.2245343416800745
7 57 1.4293076456363163
7 58 1.5113081886043276
7 59 0.8324538127592082
7 60 1.439558856495482
7 61 1.2905564331512573
7 62 1.3239405606561234
7 63 1.2246062266508848
7 64 1.397148541343191
7 65 1.2117370186402359
7 66 1.3124555420067152
7 67 1.3475247687018788
7 68 1.377591875676608
7 69 1.4903431495836985
7 70 1.4682586088487664
7 71 1.3989029688372097
7 72 1.2777927675051979
7 73 1.4498679338453102
7 74 1.3240801264126387
8 9 1.2807577658455234
8 10 1.412089050177482
8 11 1.4504550631784339
8 12 1.2177424901756355
8 13 1.413999284284451
8 14 1.3541639974765665
8 15 1.342014126297152
8 16 1.3685232537957521
8 17 1.3434714665405052
8 18 1.3822226629207226
8 19 1.2645161755066503
8 20 0.9542447559873918
8 21 1.2533651267970662
8 22 1.304624220519394
8 23 1.4072035121579747
8 24 1.2607551006172677
8 25 1.467687878329805
8 26 1.2808233907436808
8 27 1.228743870658526
8 28 1.5101874541477107
8 29 1.2753049330402813
8 30 1.3411486318661674
8 31 1.292238864784217
8 32 1.1663778553666773
8 33 1.38619251101625
8 34 1.3459817385296708
8 35 1.3725435583535803
8 36 1.43004164656666
8 37 1.402246704592903
8 38 1.3368503257289066
8 39 1.5257528702724616
8 40 1.3080344086142286
8 41 1.32155898460005
8 42 1.3231547612663992
8 43 1.4099918195999455
8 44 1.3700065638585872
8 45 1.418091486825843
8 46 1.250771022772683
8 47 1.2492852750481307
8 48 1.4084976338637556
8 49 1.29798189895536
8 50 1.3433258285939462
8 51 1.4504952364966985
8 52 1.2923576557177576
8 53 1.4017165747830644
8 54 1.46000722633018
8 55 1.332509369796433
8 56 1.2198844505666382
8 57 1.281417671005001
8 58 1.4611143980300816
8 59 1.0667257348882973
8 60 1.414763549369944
8 61 1.2997223577444263
8 62 1.379174844210175
8 63 1.1921315021921923
8 64 1.3383390431642277
8 65 1.2011503004003814
8 66 1.2909556503700543
8 67 1.3997197381519122
8 68 1.3043527026862634
8 69 1.528987116986815
8 70 1.5234413962177769
8 71 1.563916932812778
8 72 1.3745479484179737
8 73 1.4956386193973628
8 74 1.298987514271494
9 10 1.431737649891837
9 11 1.3291596423614684
9 12 1.2969399411093787
9 13 1.4041686017030985
9 14 1.3213379969134058
9 15 1.3421210614561168
9 16 1.3703598202336789
9 17 1.4257645401065135
9 18 1.2700688051293574
9 19 1.2613048922168262
9 20 1.3034684282348095
9 21 1.1762116219648433
9 22 1.2977781222719835
9 23 1.2695208921192311
9 24 1.3622132225416115
9 25 1.2835655299843949
9 26 1.3018462223732794
9 27 1.264564517845363
9 28 1.4866775310067781
9 29 1.3026153028295435
9 30 1.2144200313906506
9 31 1.31672343539395
9 32 1.1961664791219873
9 33 1.2162557488305834
9 34 1.348929120604936
9 35 1.2946783803730957
9 36 1.4606463149577886
9 37 1.3480373631208777
9 38 1.307114521497252
9 39 1.2553157366479046
9 40 1.1876942288546992
9 41 1.2566982706544292
9 42 1.2222536088264953
9 43 1.377859277052676
9 44 1.3822135395181052
9 45 1.3565638876100363
9 46 1.259406105884401
9 47 1.4514253908793948
9 48 1.334270115326081
9 49 1.2956408255968126
9 50 1.213080429100285
9 51 1.339365219132551
9 52 1.2165481591145386
9 53 1.3959363546090413
9 54 1.227402968101968
9 55 1.3385999302705007
9 56 1.3085982333570771
9 57 1.233150650093
9 58 1.4043742601954061
9 59 1.2404399112896167
9 60 1.4442085939294533
9 61 1.2408520460378265
9 62 1.2162027744886164
9 63 1.3230179873281318
9 64 1.3250983618152008
9 65 1.1619007670320194
9 66 1.3856887952361503
9 67 1.3551439174469118
9 68 1.3283936309772966
9 69 1.3019684423985258
9 70 1.3194804681163488
9 71 1.2584949958979617
9 72 1.3150382465529813
9 73 1.4039970858880686
9 74 1.267254214708259
10 11 1.2877436797710606
10 12 1.4736808295658483
10 13 1.1823424090196302
10 14 1.3133866642712204
10 15 1.3154316313358083
10 16 1.288945278492602
10 17 1.3326374210730099
10 18 1.3574706922846822
10 19 1.2667513406960391
10 20 1.454478401190707
10 21 1.385307831931609
10 22 1.4291951029446697
10 23 1.2686269800680343
10 24 1.3093218191282605
10 25 1.3260919818743453
10 26 1.3706107368714182
10 27 1.436995060389631
10 28 1.328787716055813
10 29 1.4381192869893211
10 30 1.3683457191937742
10 31 1.3306922663058225
10 32 1.4091047862331034
10 33 1.414614484532951
10 34 1.321258761663818
10 35 1.3395060761170923
10 36 1.244551060239193
10 37 1.275772556750215
10 38 1.3424382238385253
10 39 1.3701408754494195
10 40 1.2963399646683036
10 41 1.487020294854907
10 42 1.506038539173611
10 43 1.3269168459073708
10 44 1.347736669696672
10 45 1.4051540625527588
10 46 1.4313637413836864
10 47 1.153646150369718
10 48 1.3215159183098109
10 49 1.334436601735834
10 50 1.3746049009465997
10 51 1.1502941567317615
10 52 1.505047520871649
10 53 1.3553676198491242
10 54 1.3566070009979019
10 55 1.3703958381343158
10 56 1.3680374133223197
10 57 1.3740753996325625
10 58 1.2952798505658054
10 59 1.3554875961324342
10 60 1.3455272879937048
10 61 1.4360036959810054
10 62 1.4259924407879168
10 63 1.134994742308233
10 64 1.3483822314064429
10 65 1.4605362875652899
10 66 1.3879002228065098
10 67 1.3429205407335378
10 68 1.3998725035802433
10 69 1.3770505326473232
10 70 1.4429999204742707
10 71 1.2824968689778153
10 72 1.4360108720750744
10 73 1.2314570721827427
10 74 1.3983136282835218
11 12 1.3434642140912614
11 13 1.440131190197587
11 14 1.260679070447805
11 15 1.3141990329112585
11 16 1.4563446729478688
11 17 1.3867790265197264
11 18 1.2068174847562596
11 19 1.356446631952648
11 20 1.4105882705402808
11 21 1.4034051715403777
11 22 1.3555853804167302
11 23 1.3038953815139873
11 24 1.2226561510633287
11 25 1.0776665825795309
11 26 1.2291476193274011
11 27 1.2561194318434372
11 28 1.4192622850399697
11 29 1.2996716191977318
11 30 1.3839433150165683
11 31 1.2930355220667402
11 32 1.425370999781591
11 33 1.149172935553327
11 34 1.3771999983694552
11 35 1.3716021486841277
11 36 1.3010641194450874
11 37 1.477532085829507
11 38 1.3174089832257423
11 39 1.3022904964826147
11 40 1.4074579503510718
11 41 1.2784004555415647
11 42 1.3101588486219164
11 43 1.3436993657171155
11 44 1.4997935589770297
11 45 1.3347479514540836
11 46 1.2506930261653604
11 47 1.4391975433251818
11 48 1.3124397317748695
11 49 1.225244119073114
11 50 1.4237645913864492
11 51 1.438766450807128
11 52 1.3203355103057939
11 53 1.2247654630083655
11 54 1.2987357476997716
11 55 1.2513794450388074
11 56 1.2231541757246371
11 57 1.3406305790878843
11 58 1.3245266069571118
11 59 1.3713852601882792
11 60 1.3458978406686704
11 61 1.4004447886177849
11 62 1.2507776605679675
11 63 1.3578289841751428
11 64 1.2865264960773373
11 65 1.3697366459056397
11 66 1.3725322868295762
11 67 1.3965089241951476
11 68 1.3215906913840192
11 69 1.133877577708213
11 70 1.28271244909952
11 71 1.1534951239522262
11 72 1.3074446365815215
11 73 1.0591774279996475
11 74 1.1890237776515584
12 13 1.4017349817365679
12 14 1.3234181498214999
12 15 1.253417367811345
12 16 1.3675555859866741
12 17 1.3593387343975047
12 18 1.3054621593294577
12 19 1.2875990137011977
12 20 1.3112690337557984
12 21 1.3107028690260492
12 22 1.2015144232105963
12 23 1.292490416394877
12 24 1.2977730567456287
12 25 1.3370712089918777
12 26 1.2701283526951022
12 27 1.2811629476777233
12 28 1.4041713259604856
12 29 1.3526692662258053
12 30 1.3006250183506955
12 31 1.3210504408300634
12 32 1.21778902108129
12 33 1.3014798892970687
12 34 1.3536437621438255
12 35 1.3623389578664953
12 36 1.4118307382121513
12 37 1.3466691781446305
12 38 1.3195388646016433
12 39 1.227438463006397
12 40 1.2506587355997083
12 41 1.3255053996408546
12 42 1.2885587003385883
12 43 1.404233654416881
12 44 1.4248812260112904
12 45 1.2097489076141843
12 46 1.399249090152545
12 47 1.4955795778975123
12 48 1.3842318765540673
12 49 1.36343571883988
12 50 1.3774222152238869
12 51 1.442559164106806
12 52 1.2710388250058833
12 53 1.353710592047446
12 54 1.3105302555004377
12 55 1.3785849523489737
12 56 1.2070312592404564
12 57 1.2737715227289736
12 58 1.4895352360619036
12 59 1.237736703720007
12 60 1.4541861648743313
12 61 1.279763635298746
12 62 1.3416203375210407
12 63 1.3205929447961215
12 64 1.2783004452205036
12 65 1.2779689460646366
12 66 1.2438337977650469
12 67 1.4024084271481374
12 68 1.255324137856099
12 69 1.364417562100652
12 70 1.226146296003939
12 71 1.3832704160572882
12 72 1.2463052423455323
12 73 1.3115183355479363
12 74 1.3289180209890052
13 14 1.3316418314986491
13 15 1.2478588227749399
13 16 0.8724540052876536
13 17 1.273477998288436
13 18 1.362092291813427
13 19 1.195835449492763
13 20 1.4317570378504427
13 21 1.4910365621329635
13 22 1.4507778786691774
13 23 1.4012033133241195
13 24 1.4249459490780194
13 25 1.4139473236205302
13 26 1.3742579105233543
13 27 1.4247556143573405
13 28 1.1651463006010572
13 29 1.4516963354322914
13 30 1.4059774166259384
13 31 1.4617149338866948
13 32 1.3303420098424619
13 33 1.4400275715902584
13 34 1.3541191700752375
13 35 1.429873775176195
13 36 1.3975210573039645
13 37 0.7490906422207327
13 38 1.357999817381437
13 39 1.3465868595565693
13 40 1.2201774574239739
13 41 1.5703676716240373
13 42 1.5815305709843082
13 43 1.183532479292688
13 44 1.1632652384525524
13 45 1.1275960573177088
13 46 1.5118114768261872
13 47 1.23592802674625
13 48 1.4339110137081053
13 49 1.2331883984341285
13 50 1.3620495168448514
13 51 0.6480724570040445
13 52 1.5532372681389828
13 53 1.3499653836106833
13 54 1.376498552380064
13 55 1.3868616923797696
13 56 1.473554061285852
13 57 1.4791920696891485
13 58 1.1503799722323946
13 59 1.286278270354167
13 60 1.449145904740641
13 61 1.5273110175799565
13 62 1.3761717574343135
13 63 1.2640665156498114
13 64 1.3742045598141734
13 65 1.496444291742375
13 66 1.1899826103866906
13 67 1.2572354826154195
13 68 1.4197438656131731
13 69 1.4348676775592721
13 70 1.5053812511608016
13 71 1.4278231625617912
13 72 1.4376448408994769
13 73 1.4148171442678557
13 74 1.4359285495344543
14 15 1.0599921605128189
14 16 1.313674479421483
14 17 1.32180233424795
14 18 1.1691522667009149
14 19 1.2173658990872944
14 20 1.3497204254798694
14 21 0.9981278732453407
14 22 1.4117169290492
14 23 1.3059035478036234
14 24 1.2967226183228522
14 25 1.1746338530136282
14 26 1.1626004786972124
14 27 1.1567247985235873
14 28 1.2180983735860709
14 29 1.2668591144603072
14 30 1.1699998576172983
14 31 1.3288306476535487
14 32 1.1396467683277405
14 33 1.2463602297548844
14 34 1.144011013230906
14 35 1.1876936764939467
14 36 1.3469489875935259
14 37 1.3510588010594258
14 38 1.1418093217844119
14 39 1.2231269138264016
14 40 1.117239050366293
14 41 1.1364734473970979
14 42 1.110665755234537
14 43 1.142986664081119
14 44 1.2098904906868142
14 45 1.149120580310834
14 46 1.3255650951893503
14 47 1.3942540544002575
14 48 1.4249541416876073
14 49 1.1720305073174353
14 50 1.3701250492986006
14 51 1.3342518679273916
14 52 1.059738991358177
14 53 1.2949239674723259
14 54 1.1569386847063678
14 55 1.2227756132083811
14 56 1.1755891596171038
14 57 1.2449135038375203
14 58 1.0801664062360687
14 59 1.4274054507397116
14 60 1.437265372952775
14 61 1.3064911412702351
14 62 1.3276618615896858
14 63 1.2390650505958618
14 64 1.270251908318001
14 65 1.2214838919578535
14 66 1.203272709583795
14 67 1.3163427343970462
14 68 1.1608928029329009
14 69 1.1855414293853443
14 70 1.267981409070194
14 71 1.3207757153418505
14 72 1.3841390203533146
14 73 1.1783976032054184
14 74 1.2374867750208274
15 16 1.3190288321420858
15 17 1.2231961940221068
15 18 1.1332385959948827
15 19 1.179885959456885
15 20 1.4167693788241063
15 21 1.1221140894066668
15 22 1.3107742805883782
15 23 1.2858371174530994
15 24 1.1896981738585157
15 25 1.1305677376227015
15 26 1.1889211669565123
15 27 1.3001961351722624
15 28 1.267974325081642
15 29 1.2698667834361614
15 30 1.2877152046076676
15 31 1.4040935472286344
15 32 1.1029730070014556
15 33 1.1751424298224882
15 34 1.1286717926360026
15 35 1.2786382276388657
15 36 1.3426553036373374
15 37 1.348088943249567
15 38 1.1415090851070144
15 39 1.1984357278610327
15 40 1.1707749495527429
15 41 1.2083851375581596
15 42 1.1956365783612253
15 43 1.220531050585323
15 44 1.2912432538025003
15 45 1.2238247348431075
15 46 1.2809860445079921
15 47 1.39301957630063
15 48 1.3347614248877815
15 49 1.1741073057821476
15 50 1.179232111237944
15 51 1.283681874807341
15 52 1.183661510005338
15 53 1.2915906268244528
15 54 1.1962616827539834
15 55 1.226979110450221
15 56 1.1692345585666155
15 57 1.1903427062454892
15 58 1.1761712481051991
15 59 1.2963158932263954
15 60 1.3261461382008566
15 61 1.3190138962761067
15 62 1.2386728065033317
15 63 1.3090061063564191
15 64 1.1944609192835889
15 65 1.1973410481957
15 66 1.1438395317292518
15 67 1.249249015413578
15 68 1.1866284349765392
15 69 1.150024340448031
15 70 1.2503333600777662
15 71 1.3005283659615106
15 72 1.3695137636404793
15 73 1.135800496043635
15 74 1.2605345660625857
16 17 1.3312427251107015
16 18 1.3743556873768232
16 19 1.2670445924953326
16 20 1.3927733079995626
16 21 1.4445336987097486
16 22 1.3953048803745745
16 23 1.3609797092197862
16 24 1.4120717123232094
16 25 1.5288148715761511
16 26 1.3422855560513396
16 27 1.453303663719268
16 28 1.266004030405353
16 29 1.4235066333256998
16 30 1.394668829002417
16 31 1.4085121047124383
16 32 1.3390207482420362
16 33 1.4776146775084422
16 34 1.3794206629579695
16 35 1.3938796412004308
16 36 1.4561150293275447
16 37 0.6741691454411769
16 38 1.413218989559405
16 39 1.418369843877584
16 40 1.309456934774863
16 41 1.5547509550632428
16 42 1.5008982622842224
16 43 1.2766268609603646
16 44 1.2438107211441438
16 45 1.2019748742933012
16 46 1.448933332753464
16 47 1.3383679053924946
16 48 1.4745007606214406
16 49 1.287266981230241
16 50 1.3972357009973349
16 51 1.0125489663666662
16 52 1.5051344867362424
16 53 1.4062695393436813
16 54 1.4626076516502713
16 55 1.4758639641058082
16 56 1.407647963497178
16 57 1.4532557345280257
16 58 1.254848794331081
16 59 1.3004169389958016
16 60 1.4823197067150997
16 61 1.4943672192318191
16 62 1.4950558498614765
16 63 1.280895894509869
16 64 1.3831547895195224
16 65 1.4178627530670704
16 66 1.2353756499036255
16 67 1.2859370974273907
16 68 1.3366185923094684
16 69 1.4532047632300586
16 70 1.4761294419219055
16 71 1.4365811851439272
16 72 1.412693028851098
16 73 1.490479167284231
16 74 1.4295663293538081
17 18 1.380056354502593
17 19 1.2467096458393556
17 20 1.402016051002267
17 21 1.339408107253849
17 22 1.355147910099888
17 23 1.3596307411405244
17 24 1.3223506084906935
17 25 1.1895139195514426
17 26 1.347623207549805
17 27 1.2574478627049148
17 28 1.3091440358293078
17 29 1.3603493549140677
17 30 1.3098861538995512
17 31 1.4449191307881948
17 32 1.219374954202869
17 33 1.3975308361568197
17 34 1.0441201226255918
17 35 1.2936261133570632
17 36 1.4685909355754294
17 37 1.3106825048784776
17 38 1.3250554457153298
17 39 1.3090453571216887
17 40 1.2920888554854775
17 41 1.234160037380814
17 42 1.337212293253815
17 43 1.2808575983563801
17 44 1.2729404860574354
17 45 1.2944614435605917
17 46 1.2458960385451072
17 47 1.38603224790158
17 48 1.3418909297249324
17 49 1.3254573736528328
17 50 1.4073395284037324
17 51 1.3505749415218617
17 52 1.3207313948999102
17 53 1.4068931780572482
17 54 1.3075264682266063
17 55 1.3508787445211847
17 56 1.240820751872587
17 57 1.2960570330236145
17 58 1.27189095395382
17 59 1.3734944757112935
17 60 1.381641361024918
17 61 1.2939117516142848
17 62 1.336043694974457
17 63 1.3083138839301627
17 64 1.2658253109657025
17 65 1.368816711028927
17 66 1.2516970058322283
17 67 1.014457080372968
17 68 1.2356690758723
17 69 1.313971017989092
17 70 1.4108567670108312
17 71 1.3529531022474088
17 72 1.3782120802528486
17 73 1.258586072221539
17 74 1.3847575280388205
18 19 1.1227615970145908
18 20 1.4048792239011363
18 21 1.0452924648036845
18 22 1.2316951249745378
18 23 1.1650154412095155
18 24 1.1112223000796806
18 25 1.2021488508522857
18 26 1.2190093297435174
18 27 1.1246017873128509
18 28 1.3852024049190088
18 29 1.2562541118791168
18 30 1.136980342911178
18 31 1.2763681150947244
18 32 1.0588794605096368
18 33 1.0774075092568702
18 34 1.222601408614737
18 35 1.1724880901970105
18 36 1.3151054739924442
18 37 1.3663531351744027
18 38 0.8685541859125555
18 39 1.0923022022405289
18 40 1.122986313117131
18 41 1.071274802029883
18 42 1.118914317942682
18 43 1.3317553221521392
18 44 1.3888858532387096
18 45 1.2699219695242778
18 46 1.2658981921943013
18 47 1.3883136368724462
18 48 1.2549588559949238
18 49 0.9840731782069113
18 50 1.313744100309823
18 51 1.347197381311059
18 52 1.1163795346722492
18 53 1.0121329345929393
18 54 1.0123045291944746
18 55 1.2339284973721412
18 56 1.0294183585095087
18 57 1.1747748445096746
18 58 1.287503930492547
18 59 1.3184930664437688
18 60 1.3646557043366256
18 61 1.140811938871809
18 62 1.1577053315545183
18 63 1.3416798789965896
18 64 1.168344347837448
18 65 1.0491269786427742
18 66 1.2614907827901467
18 67 1.2424174214892254
18 68 1.1662631329713793
18 69 1.210650053418127
18 70 1.1674031193316055
18 71 1.1572318030795037
18 72 1.3433929278023404
18 73 1.0912358787224004
18 74 1.1542910042489951
19 20 1.2985125350294402
19 21 1.1044447713598342
19 22 1.314974040258758
19 23 1.2397024431856367
19 24 1.1809151565528078
19 25 1.3614970645690254
19 26 1.171257537891621
19 27 1.25040249264267
19 28 1.3855713875995561
19 29 1.3489626754911634
19 30 1.2452596200663544
19 31 1.3085539428488737
19 32 0.8811680121113895
19 33 1.1826840680687938
19 34 1.2001211165688752
19 35 1.1885574570678368
19 36 1.2663520343406085
19 37 1.265621460150995
19 38 1.2205560398429018
19 39 1.254400459159876
19 40 0.8832677422471975
19 41 1.1028078667155146
19 42 1.1131937637288527
19 43 1.2600025551201932
19 44 1.2406715182234889
19 45 1.2025236110345994
19 46 1.4131047948291733
19 47 1.2454952456142885
19 48 1.3710822982173325
19 49 1.1312571881888254
19 50 1.264617069795616
19 51 1.191691200870155
19 52 1.1973564829899972
19 53 1.2385822328565532
19 54 1.2063210058625096
19 55 1.283869312020929
19 56 1.2520877887747783
19 57 1.2835231786871393
19 58 1.2044850588424119
19 59 1.2200268794596516
19 60 1.4427086153546607
19 61 1.245812868954493
19 62 1.282963493298937
19 63 1.2447317600304568
19 64 1.2723659376202756
19 65 1.1921111814324459
19 66 1.2286390287069722
19 67 1.1391117721989819
19 68 1.2479412499432871
19 69 1.3446694412190088
19 70 1.297316552020114
19 71 1.296461129838199
19 72 1.2978299590678435
19 73 1.2934239439647786
19 74 1.2516976333896286
20 21 1.251763596313496
20 22 1.3710536040439896
20 23 1.3770156844233035
20 24 1.4016039011155284
20 25 1.440075996198699
20 26 1.3596345201497746
20 27 1.2412153995687585
20 28 1.4878897790569123
20 29 1.271155712140413
20 30 1.3806117580672055
20 31 1.347459221364996
20 32 1.2251076959583538
20 33 1.3459885232602105
20 34 1.360434962224431
20 35 1.2485204323076815
20 36 1.4128043639848031
20 37 1.4607259364396934
20 38 1.3547046698837546
20 39 1.5130940160091064
20 40 1.2779215104820174
20 41 1.3095058450208303
20 42 1.323662055769293
20 43 1.3789675960803323
20 44 1.426187479734896
20 45 1.430499577107843
20 46 1.2238661707191496
20 47 1.3736506192087683
20 48 1.40648772010097
20 49 1.40092822650657
20 50 1.2978319289572828
20 51 1.436482813214562
20 52 1.3138314467482988
20 53 1.4468376496681359
20 54 1.4010594932960014
20 55 1.4126262839836448
20 56 1.3234738561446364
20 57 1.3640767539145267
20 58 1.467476311530467
20 59 1.2274432666723905
20 60 1.4018873304114683
20 61 1.2731456078201493
20 62 1.3187905182362294
20 63 1.2848061945917104
20 64 1.3396239149235218
20 65 1.2301720577450244
20 66 1.3879735310870744
20 67 1.4339418963307164
20 68 1.4012917403270502
20 69 1.4773787682796107
20 70 1.479306279899836
20 71 1.4152234537434543
20 72 1.3710712061417656
20 73 1.4509363538565898
20 74 1.3361054772176788
21 22 1.3102687868442415
21 23 1.1745358297826374
21 24 1.2591520260308373
21 25 1.2123505309210862
21 26 1.1710295775578974
21 27 1.1332130990543956
21 28 1.2989679636419824
21 29 1.170803952577765
21 30 1.0760586465508155
21 31 1.3385317668309846
21 32 0.8898712306859844
21 33 1.0620050956837725
21 34 1.0247584621226693
21 35 1.0820681623195525
21 36 1.3233580041936692
21 37 1.4513594372941219
21 38 1.089161324234808
21 39 1.202818112077006
21 40 1.0255289851543905
21 41 0.7703357172482689
21 42 0.7756284130491286
21 43 1.349064762493015
21 44 1.4410772316276346
21 45 1.4096584891442514
21 46 1.2607250128107519
21 47 1.4749440126754567
21 48 1.3511006746705907
21 49 1.187557601689991
21 50 1.2764730687157289
21 51 1.417321615812029
21 52 0.8450710138397827
21 53 1.1976515499807565
21 54 1.0805937331107036
21 55 1.199829827934501
21 56 1.1017303187605794
21 57 1.1650123612291934
21 58 1.356346230830356
21 59 1.2701123280664113
21 60 1.3255293097125693
21 61 0.9068613160066927
21 62 1.164520895238557
21 63 1.202984281897534
21 64 1.155156958967528
21 65 0.9907539143674454
21 66 1.3148861791183288
21 67 1.3520700761589393
21 68 1.092448224738812
21 69 1.2346261881511322
21 70 1.2496708858028671
21 71 1.2677265581160981
21 72 1.4167976839796457
21 73 1.2393291712706755
21 74 1.1508136605595651
22 23 1.3403898039083713
22 24 1.1249801981164724
22 25 1.3242182011893
22 26 1.3138464660135145
22 27 1.227119370667846
22 28 1.4129370224774727
22 29 1.3366721649353317
22 30 1.4116092483610783
22 31 1.3542658661041098
22 32 1.317267503444704
22 33 1.1927567455552681
22 34 1.34487758618508
22 35 1.3419199953332497
22 36 1.3009769808238802
22 37 1.395390844234665
22 38 1.3539370745940622
22 39 1.3262137187425924
22 40 1.4110408224778241
22 41 1.2518677093626023
22 42 1.2562638443401528
22 43 1.408763092191889
22 44 1.523553977256001
22 45 1.3860590558826602
22 46 1.4018653885996455
22 47 1.4469199832960546
22 48 1.0251826620047637
22 49 1.2490928901248817
22 50 1.283627201475946
22 51 1.4273211407291944
22 52 1.2448456396573024
22 53 1.404069463022317
22 54 1.348572757083405
22 55 1.3608137107798484
22 56 1.1846237779476678
22 57 1.335884202795179
22 58 1.4940107158517069
22 59 1.310365097117906
22 60 1.30678428065616
22 61 1.2322016886829672
22 62 1.0825344034861206
22 63 1.4467957811403809
22 64 1.0677848843571
22 65 1.2715473331748222
22 66 1.3498921903957684
22 67 1.4253091524319865
22 68 1.2879401981021952
22 69 1.387820986554951
22 70 1.151338946609467
22 71 1.1972787209793483
22 72 1.379527215569463
22 73 1.2559437094120796
22 74 1.231178557335229
23 24 1.0671801265368581
23 25 1.2284687344695582
23 26 1.279432796621711
23 27 1.3734273216274817
23 28 1.517995803760139
23 29 1.3172767207817082
23 30 1.1798486870160998
23 31 1.1293978438991268
23 32 1.1862563661090406
23 33 1.2388382148526371
23 34 1.323769505848908
23 35 1.1627757158899537
23 36 1.335819577850858
23 37 1.4127278315511418
23 38 1.2760957016628367
23 39 1.2127458848245998
23 40 1.3557547685346
23 41 1.2587300430394401
23 42 1.2424667422901028
23 43 1.3930598272606962
23 44 1.3588729948102574
23 45 1.356937999721866
23 46 1.341045153933636
23 47 1.4486218748615822
23 48 1.281512673152881
23 49 1.2387157956095303
23 50 1.3650152758289134
23 51 1.385357177694718
23 52 1.3179938786973726
23 53 1.2456676347266178
23 54 1.1950672843100822
23 55 1.2785729642442063
23 56 1.249786092021892
23 57 1.405808469767507
23 58 1.3505565963341064
23 59 1.4265461411770637
23 60 1.3125743395644345
23 61 1.2456878308902073
23 62 1.4551913276024286
23 63 1.4365275124633223
23 64 1.2035201106312106
23 65 1.1796086623767128
23 66 1.3932472767020203
23 67 1.4094721392212108
23 68 1.234054652093777
23 69 1.172290604804524
23 70 1.2976469015600083
23 71 1.102306055735668
23 72 1.3881071463707457
23 73 1.1305109509697489
23 74 1.3336066393863573
24 25 1.2261676930727097
24 26 1.286406998815909
24 27 1.2877375187136892
24 28 1.5536477152498263
24 29 1.2684210608455617
24 30 1.2943984517832323
24 31 1.158970006927657
24 32 1.2062731054196354
24 33 1.1431886858662468
24 34 1.2695474993028166
24 35 1.31373533375101
24 36 1.3013574755507407
24 37 1.3951579412474489
24 38 1.2340736087836044
24 39 1.2744103264049254
24 40 1.3152088542422256
24 41 1.1685649801728926
24 42 1.203274929366901
24 43 1.4053965224546372
24 44 1.42780327394197
24 45 1.35328912056587
24 46 1.3646741057542444
24 47 1.3370655076991143
24 48 1.2438307927810832
24 49 1.1298481545122263
24 50 1.3573917606776245
24 51 1.410183471619065
24 52 1.3151914345907305
24 53 1.2310609908500132
24 54 1.2395124625864586
24 55 1.2473386860540066
24 56 1.0005730809409554
24 57 1.275406475730585
24 58 1.3731962335400636
24 59 1.3347571466149086
24 60 1.317782117836948
24 61 1.2240368309311753
24 62 1.259522668704335
24 63 1.4462400046443595
24 64 1.2517983036242841
24 65 1.168432111405405
24 66 1.3092524617810513
24 67 1.2979146071150798
24 68 1.2324854558375966
24 69 1.2779326598228438
24 70 1.1837003826645236
24 71 1.1094738506494173
24 72 1.341847433057031
24 73 1.1893175636383737
24 74 1.1671775592487976
25 26 1.194860715879249
25 27 1.2128484504738473
25 28 1.3023210234469864
25 29 1.2493891250542164
25 30 1.3547636823271032
25 31 1.3989822302133668
25 32 1.2661620672977218
25 33 1.1615306413952748
25 34 1.1298032265906424
25 35 1.2585447629716302
25 36 1.360367957182885
25 37 1.4959787889402882
25 38 1.2454063302862193
25 39 1.2776631017796416
25 40 1.359495793284606
25 41 1.157843107885292
25 42 1.2193103620638703
25 43 1.3482342740014595
25 44 1.4580175850514174
25 45 1.2870004906772394
25 46 1.2310700761688216
25 47 1.4861290129970568
25 48 1.236918413101695
25 49 1.208361142719062
25 50 1.3506179830071594
25 51 1.3709950275928438
25 52 1.2197519329942597
25 53 1.3006855385743405
25 54 1.1540630882532439
25 55 1.197609643364796
25 56 1.187510286746318
25 57 1.260300325201356
25 58 1.3438412238042632
25 59 1.44778008528365
25 60 1.3936147134276822
25 61 1.2093824037374865
25 62 1.1761851132677015
25 63 1.4128356705572658
25 64 1.1779521591654345
25 65 1.2540349397704833
25 66 1.330132752497018
25 67 1.2662704116503463
25 68 1.3415344350953406
25 69 0.8188456572773705
25 70 1.2947874498855563
25 71 1.21732950717786
25 72 1.3715037814443396
25 73 1.027453061684661
25 74 1.3389972614501953
26 27 1.1989068815218917
26 28 1.389427988851416
26 29 1.2725296697904482
26 30 1.3471193894379923
26 31 1.3508229145795982
26 32 1.1699248139122935
26 33 1.2334272861768572
26 34 1.2513805801161129
26 35 1.2995953714017718
26 36 1.3326075370362218
26 37 1.3330214883037192
26 38 1.2782217454318952
26 39 1.3444946119097223
26 40 1.2887281195537106
26 41 1.1772864336334787
26 42 1.1690418155811784
26 43 1.2730516996789112
26 44 1.315136775254347
26 45 1.2521526163552965
26 46 1.3036335109770685
26 47 1.3356296174167375
26 48 1.2924165007523059
26 49 1.2325446043529869
26 50 1.487279268615613
26 51 1.4048259035980073
26 52 1.253348608988381
26 53 1.3121759924258045
26 54 1.2865710508667154
26 55 1.2639517898369
26 56 1.1755233567287984
26 57 1.3313473022310012
26 58 1.3891976757520894
26 59 1.2677882412352155
26 60 1.3987884199069158
26 61 1.333760177784451
26 62 1.283848460235385
26 63 1.3564577991679587
26 64 1.3414563906027268
26 65 1.2615068094264488
26 66 1.3166703378800704
26 67 1.2869919952896813
26 68 1.2887962154492218
26 69 1.221346192809269
26 70 1.2771961331326456
26 71 1.286142478421598
26 72 1.3915987651113695
26 73 1.1983532286163276
26 74 1.3284470414806537
27 28 1.350998546700762
27 29 1.2586023642270983
27 30 1.1991251659272204
27 31 1.3651464841316248
27 32 1.0741156606743125
27 33 1.1895172729325463
27 34 1.1835134962288334
27 35 1.029297045671919
27 36 1.3612942225484146
27 37 1.4335262087350824
27 38 1.0821180457290753
27 39 1.2263305360818169
27 40 1.2636214621305517
27 41 1.0989524647784494
27 42 1.1040972180065916
27 43 1.2048234567806
27 44 1.4153603935905001
27 45 1.3396477621310727
27 46 1.062586017338593
27 47 1.466482276935172
27 48 1.359847497378449
27 49 1.0910732728995576
27 50 1.3051339042197296
27 51 1.376520181054807
27 52 1.135741876298234
27 53 1.3635414979284928
27 54 1.135418377294632
27 55 1.1634759792001652
27 56 1.056677954372393
27 57 1.0740303645045972
27 58 1.3451644113970478
27 59 1.2180641664842808
27 60 1.3375231776340366
27 61 1.1706598248171671
27 62 1.1533506115995844
27 63 1.2700715877095783
27 64 1.3119719099952365
27 65 1.090090468610022
27 66 1.258555075102186
27 67 1.1885897465256505
27 68 1.212318411767315
27 69 1.2936855846575657
27 70 1.250448391243618
27 71 1.2441226233468108
27 72 1.3758890617173638
27 73 1.2746552551528507
27 74 1.2055984254695442
28 29 1.396038365025749
28 30 1.3709604105915825
28 31 1.5406756992075754
28 32 1.3839625106061393
28 33 1.409901321159578
28 34 1.269265294731325
28 35 1.383373354429913
28 36 1.43915254540577
28 37 1.2124176721024233
28 38 1.315984337342194
28 39 1.3484434937735659
28 40 1.3193312648238065
28 41 1.444980836037544
28 42 1.4408261557970778
28 43 1.0258395995204352
28 44 1.2120976561348313
28 45 1.1196688308006701
28 46 1.4673651359341517
28 47 1.2724914805734462
28 48 1.4818150164273132
28 49 1.2141206621374145
28 50 1.438304831605895
28 51 1.1963750179535466
28 52 1.330495218454442
28 53 1.3139730359262993
28 54 1.3402312135140593
28 55 1.3015145979822895
28 56 1.3445679924632405
28 57 1.3432316554954822
28 58 1.0881589178364217
28 59 1.433374068083754
28 60 1.4557295392994412
28 61 1.3439515151159231
28 62 1.2945010485994544
28 63 1.2051319067157145
28 64 1.3570996838474267
28 65 1.3825961521146175
28 66 1.1513681603631192
28 67 1.2342487965448252
28 68 1.3356769120206946
28 69 1.2663455784726505
28 70 1.4354802171474477
28 71 1.3270351553090112
28 72 1.3970009444658298
28 73 1.2883289343720683
28 74 1.3885085476953793
29 30 1.2564082446415363
29 31 1.3339582621161696
29 32 1.2940781630846152
29 33 1.1614102810743545
29 34 1.297022930047368
29 35 1.274337390543221
29 36 1.463411512049201
29 37 1.4139961215025252
29 38 1.2695997325014636
29 39 1.4336200090136437
29 40 1.3350845774258384
29 41 1.1937349008647122
29 42 1.2138266476749864
29 43 1.3427887597436636
29 44 1.432418454449897
29 45 1.3902657962823983
29 46 1.273527998026414
29 47 1.4519818610356119
29 48 1.3049353512992379
29 49 1.3319101404064189
29 50 1.3713591342564044
29 51 1.4370339942101678
29 52 1.235251411665193
29 53 1.3617757711070626
29 54 1.1741499023103132
29 55 1.373811595693811
29 56 1.2162216921621365
29 57 1.3472685664576698
29 58 1.415899578414726
29 59 1.3070071274719002
29 60 1.3253274807698754
29 61 1.2632691469294468
29 62 1.2521077694562168
29 63 1.3783068378496643
29 64 1.2548293789893021
29 65 1.240605340278903
29 66 1.3235242404121512
29 67 1.359930160156316
29 68 1.186346758471459
29 69 1.2397832521531802
29 70 1.3121970019223905
29 71 1.3594404015333483
29 72 1.337115877152077
29 73 1.2968609300508254
29 74 1.2619181964480202
30 31 1.2523757182360877
30 32 1.0996047836383833
30 33 1.202129806844115
30 34 1.2069937571169047
30 35 1.0912559159075512
30 36 1.4030997603293767
30 37 1.3784708130388938
30 38 1.1260790079163305
30 39 1.14643784166655
30 40 1.2069999617836449
30 41 1.0980263903681118
30 42 1.1095184622906404
30 43 1.282128688971408
30 44 1.3411978717205102
30 45 1.33461135546359
30 46 1.2252783908590974
30 47 1.4756623875799089
30 48 1.3725996587196492
30 49 1.1435485203406597
30 50 1.2604315707835867
30 51 1.3488718254757863
30 52 1.1229598758107198
30 53 1.2043077730474416
30 54 1.0675992009667108
30 55 1.1719275014807355
30 56 1.1830055798583954
30 57 1.213824928209534
30 58 1.265422780483221
30 59 1.3134400615751756
30 60 1.2661696626818675
30 61 1.124926659743064
30 62 1.372371568650367
30 63 1.2270510078854158
30 64 1.3084846561388495
30 65 1.1645382827650361
30 66 1.3178774108754217
30 67 1.2923506734996635
30 68 1.1533981287319055
30 69 1.3263095317551226
30 70 1.223975051700755
30 71 1.1963647607534356
30 72 1.346708204085788
30 73 1.3214790676549013
30 74 1.2278105526024745
31 32 1.34884557309472
31 33 1.2608854698448673
31 34 1.4152187963820346
31 35 1.2853954781925092
31 36 1.383339620567826
31 37 1.4613366199238582
31 38 1.3286026761599425
31 39 1.309187434905984
31 40 1.387405981293513
31 41 1.3577843992630465
31 42 1.3860407127758714
31 43 1.4340216985242522
31 44 1.4596140701848286
31 45 1.4185994665207122
31 46 1.4207305637330367
31 47 1.390948317851684
31 48 1.3451079548656493
31 49 1.3117467724684768
31 50 1.409647794394223
31 51 1.4488064221452832
31 52 1.4418513550699703
31 53 1.2724274693889706
31 54 1.3400550697826588
31 55 1.4360284940256298
31 56 1.3040844357476165
31 57 1.3426074800555938
31 58 1.4319223166675712
31 59 1.3957266927122722
31 60 1.118967644919854
31 61 1.3896192526518338
31 62 1.4256443528946108
31 63 1.363693503330874
31 64 1.2479757314870905
31 65 1.3377837391598273
31 66 1.4454258413081384
31 67 1.5066147839047614
31 68 1.3102231888628728
31 69 1.373897173384511
31 70 1.3366914735495103
31 71 1.1855469998129007
31 72 1.3742232070487692
31 73 1.4220404172402505
31 74 1.2431433187387433
32 33 1.1753425856461113
32 34 1.0671339150187105
32 35 1.14978844504126
32 36 1.408006189863561
32 37 1.3107928362430528
32 38 1.1499749470679004
32 39 1.2370644430042392
32 40 0.9485834275419284
32 41 0.857214210836277
32 42 0.8456366732788738
32 43 1.2800679608526937
32 44 1.3203700377274934
32 45 1.3113514963906436
32 46 1.2450288255824327
32 47 1.3881566705465327
32 48 1.3763577027692062
32 49 1.1261109936171323
32 50 1.2547825524883973
32 51 1.347712910724958
32 52 0.9388194622730185
32 53 1.291387948807209
32 54 1.0834984312476614
32 55 1.2595803056386512
32 56 1.1356982239394666
32 57 1.1814335991562963
32 58 1.326471158867629
32 59 1.176328931285768
32 60 1.405874121131103
32 61 1.0206021080958447
32 62 1.276148456734309
32 63 1.2382622083073034
32 64 1.2907460061432194
32 65 0.9700210575341764
32 66 1.2447973312772331
32 67 1.1977041231605023
32 68 1.1824138356807496
32 69 1.3143078908632346
32 70 1.2790066321229419
32 71 1.292769960181507
32 72 1.4055619532747072
32 73 1.333446087056612
32 74 1.1945154562967748
33 34 1.2201766601656379
33 35 1.1821782352701913
33 36 1.3334622146900827
33 37 1.466825766371936
33 38 1.2122443865974064
33 39 1.1797282066771837
33 40 1.2518559770201196
33 41 1.0407272812557047
33 42 1.137705070911369
33 43 1.3951514184997031
33 44 1.4497769979697004
33 45 1.351049248659125
33 46 1.3287867899403827
33 47 1.4807602414023737
33 48 1.1923558205747944
33 49 1.176142599146195
33 50 1.2367673887957935
33 51 1.3789257355932707
33 52 1.071913713098816
33 53 1.129209101741631
33 54 1.1408865996061706
33 55 1.2341873343357515
33 56 1.1313844166476186
33 57 1.1730906742368028
33 58 1.4071076776913165
33 59 1.3510108119836055
33 60 1.3310048438850555
33 61 1.2055684911517484
33 62 0.8258477195408835
33 63 1.3982038128946672
33 64 1.0957177368738347
33 65 1.1581540987222765
33 66 1.3974890543316483
33 67 1.3794165385431194
33 68 1.1739980766885338
33 69 1.1496333693329437
33 70 1.0912698947899915
33 71 1.163894615667711
33 72 1.344130321981474
33 73 1.1769826510476717
33 74 0.757583674480287
34 35 1.2066937681387646
34 36 1.349268704129939
34 37 1.3507622102254204
34 38 1.1075583976091614
34 39 1.2714385968206456
34 40 1.0902130002413204
34 41 1.031731358663048
34 42 1.0397839425713606
34 43 1.3254934131943805
34 44 1.3986263128449528
34 45 1.321656135031915
34 46 1.1877660268876695
34 47 1.4318002208089289
34 48 1.3674813587418793
34 49 1.1323016920068127
34 50 1.2737793083431643
34 51 1.3608316841370807
34 52 1.1534601574045817
34 53 1.2907096910721567
34 54 1.0739479959178488
34 55 1.2119465938231626
34 56 1.1311556542870753
34 57 1.1190255149469557
34 58 1.2621576496510918
34 59 1.3144815145883049
34 60 1.298475728025318
34 61 1.1207101363867655
34 62 1.2156185489124949
34 63 1.177805217459491
34 64 1.2287479586214975
34 65 1.0546722237078288
34 66 1.2430514410675035
34 67 1.1097974852557928
34 68 1.1206345442792125
34 69 1.20440960567927
34 70 1.3623489357760008
34 71 1.31340797778022
34 72 1.3952498430187306
34 73 1.2798076181192655
34 74 1.322915855599212
35 36 1.3724790975158767
35 37 1.4326538798393036
35 38 1.1912295644785098
35 39 1.306602156708463
35 40 1.2998062285165293
35 41 1.182317975176312
35 42 1.1921523015878792
35 43 1.276080364516893
35 44 1.418750975072128
35 45 1.3694619521052602
35 46 1.2228694072921398
35 47 1.495536161980092
35 48 1.3737824847046467
35 49 1.1396654533225912
35 50 1.4056625385213584
35 51 1.3804638041654331
35 52 1.2727486451061722
35 53 1.3092608914917345
35 54 1.1708263854487466
35 55 1.2686881085021247
35 56 1.2860215308369265
35 57 1.2506035967378673
35 58 1.3196111921641884
35 59 1.3968030829531017
35 60 1.3505525944048657
35 61 1.216456087541281
35 62 1.2616135849419308
35 63 1.3237427510805795
35 64 1.19567536804656
35 65 1.2383899635700026
35 66 1.33981904408262
35 67 1.2671630050448233
35 68 1.0778693666085466
35 69 1.2432235103758498
35 70 1.2762988458390043
35 71 1.219957259196248
35 72 1.399745512792445
35 73 1.2387354499423253
35 74 1.2536302653236948
36 37 1.4418711883603494
36 38 1.2853912851416323
36 39 1.3223173669785488
36 40 1.3645426530765203
36 41 1.361860331501042
36 42 1.3737518547198706
36 43 1.4707329722804396
36 44 1.5239682220853108
36 45 1.4159636735497272
36 46 1.423043006038612
36 47 1.3589629847841753
36 48 1.3688200085708764
36 49 1.3491795021052413
36 50 1.2778095882914944
36 51 1.3395461079926432
36 52 1.3827699066685681
36 53 1.3275864803122754
36 54 1.4198900661359923
36 55 1.381742247920842
36 56 1.316197089944342
36 57 1.3712324877592477
36 58 1.3763183978617914
36 59 1.28065342424985
36 60 1.2928510360923984
36 61 1.4413771542628284
36 62 1.3208902730412102
36 63 1.3463811303929716
36 64 1.330436405580729
36 65 1.3935044476159115
36 66 1.3034292751616823
36 67 1.3915639268749
36 68 1.421865497133097
36 69 1.3179961505307092
36 70 1.3163630374900368
36 71 1.3235244162481117
36 72 1.4177909201600347
36 73 1.2155392890829153
36 74 1.3552991212743066
37 38 1.3458706978390227
37 39 1.3636970434289473
37 40 1.200070652998576
37 41 1.526715986233175
37 42 1.5016625549402656
37 43 1.2495213990220657
37 44 1.2308801102184852
37 45 1.1798988683154679
37 46 1.4554448785137464
37 47 1.3090607156926874
37 48 1.4311032976102755
37 49 1.2468665770428193
37 50 1.3818030979001183
37 51 0.8496304708239867
37 52 1.4943557507420933
37 53 1.3727892729933238
37 54 1.346847375733355
37 55 1.381656746649449
37 56 1.379477105848266
37 57 1.4538732908673793
37 58 1.2777511859969035
37 59 1.2733072246023764
37 60 1.4681086500316443
37 61 1.4345621189947793
37 62 1.403194281543841
37 63 1.230868038714383
37 64 1.3640333521653483
37 65 1.3638278993567896
37 66 1.1885178171791275
37 67 1.2316957313916141
37 68 1.3772837313413928
37 69 1.4711199908436237
37 70 1.4368573062267862
37 71 1.4245770516629375
37 72 1.3954461422432076
37 73 1.5170865795633721
37 74 1.4191217540236132
38 39 1.195191443927124
38 40 1.0621744251468446
38 41 1.1240285356082276
38 42 1.1343562161712943
38 43 1.2994439175664976
38 44 1.406457343237285
38 45 1.2746253855439658
38 46 1.214871783592498
38 47 1.4246708991843915
38 48 1.3383328422203957
38 49 1.0710378389806128
38 50 1.348382801271916
38 51 1.295956182018498
38 52 1.1586558424738866
38 53 1.1656666527851467
38 54 1.0189129084890145
38 55 1.1092888519430464
38 56 1.0390199139299507
38 57 1.1591793903996221
38 58 1.2558795524162616
38 59 1.3566085432970432
38 60 1.3438311454369112
38 61 1.205561674234539
38 62 1.2074541436829478
38 63 1.199056239897342
38 64 1.2606149293698399
38 65 1.0160361137751306
38 66 1.2183999195504893
38 67 1.1998497075584684
38 68 1.2280710675338664
38 69 1.2156270519897132
38 70 1.185103707071792
38 71 1.2337003745141082
38 72 1.271523381768259
38 73 1.2566217426248258
38 74 1.2491429129601226
39 40 1.2508788239230986
39 41 1.2127822958704562
39 42 1.19825231361377
39 43 1.2905017563030152
39 44 1.3766158377062065
39 45 1.2578282841435255
39 46 1.3636024601021304
39 47 1.4565701896464738
39 48 1.3440071266000162
39 49 1.226884065258789
39 50 1.2972814722564288
39 51 1.2774168811764044
39 52 1.179505511811979
39 53 1.2709037640297722
39 54 1.1365593167223755
39 55 1.178384028887517
39 56 1.1727258213396459
39 57 1.1373067622268118
39 58 1.3376829309483342
39 59 1.3567520082819864
39 60 1.3933781091698876
39 61 1.2715045483408827
39 62 1.308188566439012
39 63 1.3485466551641407
39 64 1.213502115919288
39 65 1.2637223833282865
39 66 1.229496359803042
39 67 1.3852167769198638
39 68 1.273103584511852
39 69 1.3007151453968115
39 70 1.1739195117591508
39 71 1.2336715286524818
39 72 1.3619457232858865
39 73 1.2722655313986206
39 74 1.2463326944843944
40 41 1.1122150615693227
40 42 1.0880022707298365
40 43 1.3140047175161533
40 44 1.3154849956226597
40 45 1.2684569901503384
40 46 1.3523195675133888
40 47 1.37945454137079
40 48 1.4148375731961138
40 49 1.1826682085034512
40 50 1.2501739351334258
40 51 1.2283506546320058
40 52 1.1538222978579444
40 53 1.234605575005755
40 54 1.1414790605687053
40 55 1.279737819346093
40 56 1.201635173457279
40 57 1.2507270658232803
40 58 1.2535421587300526
40 59 1.1881659456556857
40 60 1.5103008247411844
40 61 1.1398796498701873
40 62 1.2278788087088437
40 63 1.1206482556124577
40 64 1.2605613373221387
40 65 1.0927021079499613
40 66 1.2372147954398591
40 67 1.1548661690599251
40 68 1.3341955046822425
40 69 1.4348388318931566
40 70 1.3678696680197275
40 71 1.3454211000527385
40 72 1.2731633383146457
40 73 1.3805778660391796
40 74 1.219822721905319
41 42 0.5200570075819188
41 43 1.423984856796061
41 44 1.5146107356784881
41 45 1.4392756059181369
41 46 1.1771964201791425
41 47 1.50332871617258
41 48 1.330312207519668
41 49 1.2120036717110318
41 50 1.2755177595521485
41 51 1.5082314361424212
41 52 0.7545776894452522
41 53 1.1918699982753047
41 54 1.0076330737750585
41 55 1.2118641832760018
41 56 1.0903529009893531
41 57 1.1843121930296945
41 58 1.410361411498711
41 59 1.3009433413931675
41 60 1.325488488291609
41 61 0.8733373632243099
41 62 1.1428202692755363
41 63 1.347348225343221
41 64 1.290389444939328
41 65 0.9968491814181623
41 66 1.3321592794768315
41 67 1.2776498262947253
41 68 1.1177293683005662
41 69 1.2454478797159756
41 70 1.185164412296847
41 71 1.241465559900232
41 72 1.3388135758252666
41 73 1.2163154861879324
41 74 1.1123051701916273
42 43 1.4313327790863737
42 44 1.5046677810289708
42 45 1.4129717293531425
42 46 1.2389902734622744
42 47 1.545898623277752
42 48 1.3814107931075237
42 49 1.210008919601165
42 50 1.307468285141728
42 51 1.502769309732766
42 52 0.785616466211443
42 53 1.2697715112712582
42 54 1.0406679735369209
42 55 1.1763983226138395
42 56 1.1312467804837227
42 57 1.2466880992284137
42 58 1.4103781864004072
42 59 1.291148341194897
42 60 1.3606447087638602
42 61 0.9620207019137496
42 62 1.169763101710392
42 63 1.2814783527475524
42 64 1.3046263127022002
42 65 0.9592192054706
42 66 1.3177178734595822
42 67 1.3315632462615274
42 68 1.1506021734396608
42 69 1.3189737324216912
42 70 1.2011896867643195
42 71 1.2750708785402156
42 72 1.3525947622281742
42 73 1.2283562636427294
42 74 1.164449683245135
43 44 0.8783368633187569
43 45 1.0919735317234993
43 46 1.3161081900018377
43 47 1.1920791733285312
43 48 1.3818007911357977
43 49 1.2679106672262097
43 50 1.3812670493426287
43 51 1.185265450449599
43 52 1.2896597633438944
43 53 1.4493563625963097
43 54 1.2701977908618067
43 55 1.154850807125268
43 56 1.2141593696991573
43 57 1.2758075435658855
43 58 0.9093230627626823
43 59 1.325410687993554
43 60 1.3957869409398265
43 61 1.4015538598121753
43 62 1.3885659069783334
43 63 1.20276942255599
43 64 1.4180073151470385
43 65 1.2385976274962154
43 66 1.2401845671178906
43 67 1.2588364840152353
43 68 1.3399206926495255
43 69 1.343018379251111
43 70 1.3078640962616292
43 71 1.258394332170901
43 72 1.38486091017239
43 73 1.2847612916212714
43 74 1.3644443374409947
44 45 1.1512760844349736
44 46 1.3844612279493689
44 47 1.085225279052191
44 48 1.4719769164692342
44 49 1.3623266301508332
44 50 1.3882464076931573
44 51 1.2447441534060526
44 52 1.3883533190946382
44 53 1.384017467770222
44 54 1.3901864725307207
44 55 1.334316429762305
44 56 1.3182750053534904
44 57 1.4056693427288376
44 58 0.943153014918264
44 59 1.3775522894110872
44 60 1.4904801904595188
44 61 1.4845947636911694
44 62 1.476119734559721
44 63 1.2774512863028187
44 64 1.5248424289983378
44 65 1.394051203062878
44 66 1.3074216276346378
44 67 1.3295097035777868
44 68 1.4196287893645072
44 69 1.4116718056032758
44 70 1.4758397037141757
44 71 1.3814649323207513
44 72 1.4003404784986786
44 73 1.3976549945576375
44 74 1.3986273831928664
45 46 1.4611589286696145
45 47 1.3317765284231262
45 48 1.4174953377176793
45 49 1.2489262737357776
45 50 1.50588060557082
45 51 1.1739885080257346
45 52 1.3772470227791287
45 53 1.3698980461402586
45 54 1.2809806896907128
45 55 1.248132473040406
45 56 1.2392409199666987
45 57 1.3155809498057878
45 58 1.01963129072185
45 59 1.3882623859861951
45 60 1.4525630017424962
45 61 1.4385661813947015
45 62 1.359242273461993
45 63 1.2865959580230133
45 64 1.326508207264184
45 65 1.3434971193950875
45 66 0.9198802145371949
45 67 1.1625435582304235
45 68 1.381681584710227
45 69 1.2660048070510936
45 70 1.2559845095546764
45 71 1.2838890326819197
45 72 1.288344622582491
45 73 1.2661086298687891
45 74 1.3739276599781922
46 47 1.4219672961561376
46 48 1.3818120138590186
46 49 1.229358940729514
46 50 1.327616622535633
46 51 1.4635520294129338
46 52 1.2571888520503058
46 53 1.375119914997386
46 54 1.168773431142466
46 55 1.2533820394863164
46 56 1.136554276980751
46 57 1.1524911143641856
46 58 1.3309586402590332
46 59 1.2465109090922468
46 60 1.336508822147813
46 61 1.2255910339575329
46 62 1.353659144874552
46 63 1.2894341033980676
46 64 1.3933924756779585
46 65 1.172399600073524
46 66 1.3883365389723652
46 67 1.3304505801338298
46 68 1.2405475732069051
46 69 1.2694185773103341
46 70 1.398121198534093
46 71 1.2845348809831092
46 72 1.4112165437285171
46 73 1.3254291277578916
46 74 1.3547834600016702
47 48 1.5044506380833853
47 49 1.3301430238528968
47 50 1.4091560979365547
47 51 1.279754438446851
47 52 1.4480406787143072
47 53 1.2838513886186504
47 54 1.4357327251235619
47 55 1.377134328000517
47 56 1.341775827860174
47 57 1.3758012005309204
47 58 1.2081465378398677
47 59 1.368267747348904
47 60 1.4885226024014082
47 61 1.445024249952329
47 62 1.4750983017440027
47 63 1.1503794570373262
47 64 1.5399454474335557
47 65 1.4044656222258074
47 66 1.4381583861600733
47 67 1.3568454097515468
47 68 1.4418967143735764
47 69 1.4950525075535874
47 70 1.4511978596449058
47 71 1.443187645275472
47 72 1.5380507788983102
47 73 1.4190001812638549
47 74 1.3914827213785408
48 49 1.3276699369989244
48 50 1.399429403945528
48 51 1.4173905733727625
48 52 1.3010800152107989
48 53 1.3240364136874896
48 54 1.2807660701631258
48 55 1.3610777821730848
48 56 1.2112359764502572
48 57 1.3321574142855697
48 58 1.4493048165236635
48 59 1.4363650688118241
48 60 1.238150153555818
48 61 1.2909823373855855
48 62 1.1223865524409298
48 63 1.4665425891060617
48 64 0.9514820825864068
48 65 1.3040198948610644
48 66 1.4331177699541455
48 67 1.3593832351748212
48 68 1.380423425243043
48 69 1.2502572161153571
48 70 1.2343059560183094
48 71 1.209130249535824
48 72 1.409004435346552
48 73 1.2056595966441264
48 74 1.277982609814345
49 50 1.3379588809132106
49 51 1.2500407214053377
49 52 1.2249285800074126
49 53 1.0445414688205095
49 54 1.0458142002947073
49 55 1.1663097260525892
49 56 1.1303635016032776
49 57 1.132968078835936
49 58 1.237687561068026
49 59 1.2548074743075643
49 60 1.392943343491621
49 61 1.2164970369997146
49 62 1.214489099646913
49 63 1.1823492372228046
49 64 1.262077112782735
49 65 1.0967631971148102
49 66 1.250492104605673
49 67 1.1123639137656052
49 68 1.1245601277568154
49 69 1.1717404267235496
49 70 1.2939960494093525
49 71 1.148050703473686
49 72 1.3753544824456603
49 73 1.2176232397145819
49 74 1.249227902371858
50 51 1.3125445611831856
50 52 1.2518909721502118
50 53 1.3834532451013746
50 54 1.3444905916390222
50 55 1.3920357910571384
50 56 1.3164963199849506
50 57 1.2579050006154455
50 58 1.3707781995688304
50 59 1.3223862347574862
50 60 1.3522477347903747
50 61 1.2040586356047622
50 62 1.300378996949772
50 63 1.3444155865515568
50 64 1.3268206439853532
50 65 1.247524557152886
50 66 1.3589450830958731
50 67 1.3825070824845518
50 68 1.3871666583792446
50 69 1.3906424280156098
50 70 1.4131513998521403
50 71 1.3615890167687097
50 72 1.2845296495051102
50 73 1.4399992634517758
50 74 1.2818156642569276
51 52 1.4683481925216357
51 53 1.3447949996226807
51 54 1.3566149824898577
51 55 1.3613120283344615
51 56 1.4500113420473209
51 57 1.434554020477825
51 58 1.1178979911125768
51 59 1.383435402865139
51 60 1.3618731801915664
51 61 1.457538612316718
51 62 1.2684368726923283
51 63 1.2062142485415013
51 64 1.3775431832478169
51 65 1.4234536845215893
51 66 1.2254998967079902
51 67 1.3434694918137557
51 68 1.4750270952331466
51 69 1.4060137299226785
51 70 1.4096651131184614
51 71 1.392910207941734
51 72 1.486663264793232
51 73 1.4142733165942543
51 74 1.3613615299670492
52 53 1.2375589726963234
52 54 1.0999056066983333
52 55 1.2077891367855287
52 56 1.1195555772513397
52 57 1.158608560349445
52 58 1.337551727275139
52 59 1.326516331623232
52 60 1.3833047741741091
52 61 0.923613131089898
52 62 1.1340529495607805
52 63 1.237627663394216
52 64 1.2949157042290675
52 65 0.9351504636488067
52 66 1.3222641071523153
52 67 1.333395363165118
52 68 1.1874746695928606
52 69 1.2390942797233198
52 70 1.2368017230090804
52 71 1.3451482463378706
52 72 1.4531132017593993
52 73 1.2709972819162045
52 74 1.0557076758331065
53 54 1.172588283791407
53 55 1.3291355617007803
53 56 1.2712269048043163
53 57 1.3258799135999209
53 58 1.309641774054732
53 59 1.3511604461981312
53 60 1.3503444641935602
53 61 1.2256225005090102
53 62 1.222296882805331
53 63 1.301916205280791
53 64 1.2750286862476967
53 65 1.2561804799592027
53 66 1.3771508921209081
53 67 1.3191674578986263
53 68 1.2584928600078384
53 69 1.2685030183467676
53 70 1.346247037074481
53 71 1.256661549379575
53 72 1.4083194528991043
53 73 1.2237347671974073
53 74 1.142958478500572
54 55 1.1506632181168472
54 56 1.061362864744836
54 57 1.173078792398548
54 58 1.2791294238027047
54 59 1.3628305204284643
54 60 1.2867131306845128
54 61 1.0657350040204798
54 62 1.2024637456745508
54 63 1.2646833293909243
54 64 1.2853710773609792
54 65 0.9308097233257804
54 66 1.248703648730989
54 67 1.1773510840615655
54 68 1.1041362908517987
54 69 1.1376539544929283
54 70 1.1276707153571575
54 71 1.1968825790492683
54 72 1.3489330055542477
54 73 1.174960645620859
54 74 1.2802397333463307
55 56 1.0600058451303722
55 57 1.1660016727543039
55 58 1.249942088353204
55 59 1.3673851490670832
55 60 1.4530675682456633
55 61 1.3208217526410366
55 62 1.3047728195862984
55 63 1.293829567571483
55 64 1.3442496137313193
55 65 1.0226139861885999
55 66 1.2022540875641803
55 67 1.3198453254691773
55 68 1.299595869245106
55 69 1.2917209149373494
55 70 1.3010067500646185
55 71 1.259946054092208
55 72 1.284049571144683
55 73 1.2626452657009517
55 74 1.33260062705317
56 57 1.0926759913085935
56 58 1.2439078961885213
56 59 1.3134052238383518
56 60 1.3199802361750017
56 61 1.0625747754130852
56 62 1.1855034891043437
56 63 1.2827542432234946
56 64 1.2559252153366256
56 65 0.9803697112198658
56 66 1.2138840700543472
56 67 1.2393604821320436
56 68 1.135934466824233
56 69 1.2773373930185128
56 70 1.1329239825037378
56 71 1.107046583724265
56 72 1.313739131467524
56 73 1.2230584297933103
56 74 1.2030959824299807
57 58 1.3052275825951112
57 59 1.3454840497431695
57 60 1.3598378738345147
57 61 1.214034809153235
57 62 1.2510181376400553
57 63 1.2432584627682057
57 64 1.2575101103213004
57 65 1.0903839765015368
57 66 1.2808888167719343
57 67 1.180880272424863
57 68 1.2478161760588051
57 69 1.2757648138736508
57 70 1.234716252721619
57 71 1.2968910116399501
57 72 1.338780236043488
57 73 1.3476248998707343
57 74 1.2077029533579378
58 59 1.4229393022590475
58 60 1.4080572601618706
58 61 1.4146941363426861
58 62 1.4012415362054018
58 63 1.178687152707943
58 64 1.4117524040947544
58 65 1.3139695201225559
58 66 1.1580227368482863
58 67 1.249093946037346
58 68 1.3201430861846835
58 69 1.325727064062139
58 70 1.3831748410531046
58 71 1.2537004959568743
58 72 1.3997570199780125
58 73 1.2948556609745996
58 74 1.38779822304591
59 60 1.4265807406453026
59 61 1.333985966713679
59 62 1.3385101015910665
59 63 1.2894422431916719
59 64 1.3261838465734193
59 65 1.26566007930367
59 66 1.3172422139710218
59 67 1.3012770976384391
59 68 1.3456182709325395
59 69 1.4518961915165178
59 70 1.4087188129449546
59 71 1.3324865720907086
59 72 1.342296906109996
59 73 1.4625163990467895
59 74 1.3294633664677917
60 61 1.319842953701356
60 62 1.3058216337910522
60 63 1.4565445214573873
60 64 1.2862532967200944
60 65 1.3530565492429203
60 66 1.4006955726727102
60 67 1.4230121765256822
60 68 1.4395605454441205
60 69 1.393493251334241
60 70 1.3178526675899442
60 71 1.2425159749025894
60 72 1.4512400089350297
60 73 1.3709774230735106
60 74 1.3404038050674512
61 62 1.2265950002568247
61 63 1.2723291126755707
61 64 1.1951934209928077
61 65 1.0245071202899376
61 66 1.3492371023918885
61 67 1.28995669309021
61 68 1.1518677134955275
61 69 1.2956888422202941
61 70 1.3078587006485054
61 71 1.1906559616423105
61 72 1.3990910259333558
61 73 1.321325722578505
61 74 1.240527602292522
62 63 1.3754537920543422
62 64 1.0975845869666545
62 65 1.1802391748619676
62 66 1.391133662062099
62 67 1.297646872774425
62 68 1.2895994517590768
62 69 1.2757676478943738
62 70 1.1948679290215856
62 71 1.2248353597253214
62 72 1.359781797374071
62 73 1.2412571686604335
62 74 0.8373774854809406
63 64 1.4397033039736988
63 65 1.2123979085671954
63 66 1.2452942807648022
63 67 1.3488870362278427
63 68 1.3504518498154625
63 69 1.4867833352886213
63 70 1.4835728015854879
63 71 1.4395491107651421
63 72 1.392456909779954
63 73 1.418369522364859
63 74 1.3019909226389703
64 65 1.2573966592777643
64 66 1.3081264713484724
64 67 1.3599274813631486
64 68 1.2112148391453283
64 69 1.1479780651899956
64 70 1.2237441790804644
64 71 1.1325802161778808
64 72 1.2694559329693498
64 73 1.187371833584403
64 74 1.2030979646066724
65 66 1.2295728493789257
65 67 1.2381353875583492
65 68 1.1568966485998833
65 69 1.2687810941092006
65 70 1.286442084793762
65 71 1.2964157727119887
65 72 1.2899225299575434
65 73 1.313864716074376
65 74 1.215795101107638
66 67 1.2721977616930809
66 68 1.2750083371982797
66 69 1.3551325259907738
66 70 1.3533545697783393
66 71 1.3959620892826088
66 72 1.2927202119393182
66 73 1.3090424318267757
66 74 1.3708559880705915
67 68 1.2955432304213792
67 69 1.258100868348213
67 70 1.347188216030013
67 71 1.3179625511264066
67 72 1.2992477728329497
67 73 1.303933982823527
67 74 1.3886370823492595
68 69 1.2299474374683794
68 70 1.256067284349265
68 71 1.2818909839971298
68 72 1.3505926408702353
68 73 1.2293707345578708
68 74 1.195523058545549
69 70 1.236650707621521
69 71 1.1386013521213045
69 72 1.329222846645159
69 73 1.0510758060505547
69 74 1.3711829160238043
70 71 1.1182640307812286
70 72 1.3767543600649423
70 73 1.1383065570964337
70 74 1.177924141748354
71 72 1.3074508882212033
71 73 1.1656471991768982
71 74 1.2609655170312257
72 73 1.3632048876980665
72 74 1.389875937002454
73 74 1.2815886654316742
