90 0
0 1 1.110004435023087
0 2 1.2915733332082344
0 3 1.389582594992999
0 4 1.3090356723724854
0 5 1.251127421652548
0 6 1.238374355668766
0 7 1.2693172533413752
0 8 1.3359932007241566
0 9 1.4568547330365471
0 10 1.1817537476677447
0 11 1.2927069941160634
0 12 1.3938624163265874
0 13 1.4938609799971592
0 14 1.375114505337896
0 15 1.3258906838760893
0 16 0.9399942669121423
0 17 1.364689372546582
0 18 1.4069301144554143
0 19 1.4006191476834262
0 20 1.1428320735726127
0 21 1.055109534689773
0 22 1.4636504605163136
0 23 1.206619447489428
0 24 1.3784122404938164
0 25 1.398089294990512
0 26 1.2001108636267293
0 27 1.337399097755034
0 28 1.2081259401363034
0 29 1.516097686854757
0 30 1.1927387247902852
0 31 1.132699164844787
0 32 1.3987025915017026
0 33 1.3410532682093577
0 34 1.1544803753070478
0 35 1.3506486079633493
0 36 1.3676133817330343
0 37 1.1326336065028386
0 38 1.1500708845700567
0 39 1.2099069798166855
0 40 1.2656637184360586
0 41 1.2907223020868062
0 42 1.2992690208838722
0 43 1.3468678386465445
0 44 1.328685745264974
0 45 1.3492587640960383
0 46 1.1237530601378993
0 47 1.3473621098325947
0 48 1.2716186302741006
0 49 1.4722045976783547
0 50 1.3427438648405987
0 51 1.216564247085932
0 52 1.0796086247209817
0 53 1.1767522105106316
0 54 1.224974780204605
0 55 1.3160149341432064
0 56 1.3533963316145616
0 57 1.231685935170109
0 58 1.2033454321713593
0 59 1.2648146166331
0 60 1.3724070895584826
0 61 1.4134139528875869
0 62 1.1692209643703806
0 63 1.3791879265141593
0 64 1.28511307127281
0 65 1.265120318719144
0 66 1.2058757631433017
0 67 1.365118940607465
0 68 1.3824621558138972
0 69 1.2210579791127012
0 70 1.5170473956593709
0 71 1.4916899240283148
0 72 1.3611863975983307
0 73 1.267717591760883
0 74 1.284947247861596
0 75 1.2721803530881777
0 76 1.3698982027754583
0 77 1.1333909256210513
0 78 1.0996921697827484
0 79 1.458617858363098
0 80 1.242589249814318
0 81 1.279853048108036
0 82 1.2289698285749442
0 83 1.2559181495861413
0 84 1.2977045374948768
0 85 1.2789407756841285
0 86 1.3607470923686575
0 87 1.3295874097467095
0 88 1.1945041130105307
0 89 1.3059758046561927
1 2 1.366088530960138
1 3 1.3538901234405503
1 4 1.2789431645745304
1 5 1.2000180903554318
1 6 1.1803620279081908
1 7 1.2308234898134618
1 8 1.2366271801038162
1 9 1.3879236029456683
1 10 1.1278566252392466
1 11 1.2630352523891517
1 12 1.4331014462730376
1 13 1.3262264784786004
1 14 1.396271481382673
1 15 1.3341318713424999
1 16 1.0973740975132253
1 17 1.3694691444574965
1 18 1.391700280584951
1 19 1.3641511324205113
1 20 1.2120124077121053
1 21 1.0015153991256114
1 22 1.5888631904260548
1 23 1.126480492811655
1 24 1.4157290600065862
1 25 1.4423685792892436
1 26 1.393581719977217
1 27 1.3310529062420273
1 28 1.1044707055053646
1 29 1.4287764305896247
1 30 1.2873020677091798
1 31 1.3135898974320945
1 32 1.4896186036948083
1 33 1.19846629874326
1 34 1.1639756508207737
1 35 1.3608693800898042
1 36 1.4461422735380243
1 37 1.0373454117784011
1 38 1.2434111270981414
1 39 1.314822084894374
1 40 1.1246687601874084
1 41 1.261357815924282
1 42 1.1485478543325105
1 43 1.4484263399720398
1 44 1.4496515748124796
1 45 1.2135975530022909
1 46 1.223512457024764
1 47 1.224165106707468
1 48 1.2035727974864834
1 49 1.3943862502932907
1 50 1.3655322688186207
1 51 1.3137677604035478
1 52 0.8653576275270889
1 53 1.0940813554394908
1 54 1.3314031885404038
1 55 1.3586615763721854
1 56 1.4391669666499032
1 57 1.358054123670178
1 58 1.2548259970036968
1 59 1.2508279746825293
1 60 1.2711145572406324
1 61 1.3414562120273763
1 62 1.0619647883081906
1 63 1.3270988728164659
1 64 1.2666180975810946
1 65 1.2770773110242615
1 66 1.2162239825200325
1 67 1.231681117027538
1 68 1.413080247638337
1 69 1.315805548152357
1 70 1.3014187373431232
1 71 1.3577012588646078
1 72 1.310666503369824
1 73 1.2941665943254106
1 74 1.203305803104044
1 75 1.2938584039977314
1 76 1.3666234876507446
1 77 0.8491134585403703
1 78 1.2274370898139804
1 79 1.4528512807669964
1 80 1.3642841598226583
1 81 1.3591517968111302
1 82 1.2944198750134213
1 83 1.28218294792584
1 84 1.4006636227839977
1 85 1.430895344984956
1 86 1.3046258749016577
1 87 1.3989171431393197
1 88 1.1836845032606746
1 89 1.3051264520079116
2 3 1.3013574755507407
2 4 1.2173324405255448
2 5 1.3129489347116603
2 6 1.3031450462174203
2 7 1.5481112899407174
2 8 1.4608870699366134
2 9 1.348495380295641
2 10 1.2569423616880473
2 11 1.482171361350331
2 12 1.1837003826645236
2 13 1.3774013621618104
2 14 1.2738427994292958
2 15 1.341847433057031
2 16 1.3174195706684397
2 17 1.0895456153309513
2 18 1.358267159090949
2 19 1.282441246919585
2 20 1.2308345499889728
2 21 1.290385399475072
2 22 1.4037392323378945
2 23 1.2062731054196354
2 24 1.3396664167333725
2 25 1.3015924912272543
2 26 1.3671199924917616
2 27 1.29188552687461
2 28 1.2235543740647652
2 29 1.4149689705805821
2 30 1.3254791840317195
2 31 1.2187162094465518
2 32 1.324983916644298
2 33 1.32432298976817
2 34 1.168432111405405
2 35 1.3627614997054294
2 36 1.3680392486069377
2 37 1.346069999997273
2 38 1.213217916532617
2 39 1.4077063334690367
2 40 1.2240499715491386
2 41 1.2842282279243455
2 42 1.2555099499364362
2 43 1.2407056313745444
2 44 1.345994458900571
2 45 1.3921001104728232
2 46 1.3393667792398332
2 47 1.2585908052870056
2 48 1.2161461995979783
2 49 1.4295834195464567
2 50 1.2680913335542048
2 51 1.3306250232875356
2 52 1.3062207380410527
2 53 1.2877375187136892
2 54 1.2251769570555635
2 55 1.3143909554533921
2 56 1.317782117836948
2 57 1.264385803058191
2 58 1.2627057788492768
2 59 1.1948824594153595
2 60 1.4049849610149414
2 61 1.1769899739633176
2 62 1.214408098810053
2 63 1.3622132225416115
2 64 1.2395124625864586
2 65 1.1163938520411643
2 66 1.1845277704429698
2 67 1.1775960509107453
2 68 1.2744103264049254
2 69 1.2626442399904867
2 70 1.2719779356413101
2 71 1.325088479548369
2 72 1.2960715757470889
2 73 1.1431886858662468
2 74 1.2087681140123687
2 75 1.2149403185611332
2 76 1.2373729276519965
2 77 1.3864868746432906
2 78 1.0005730809409554
2 79 1.3318268039929884
2 80 1.2276224242534974
2 81 1.3231977999085818
2 82 1.2665681439992886
2 83 1.0749762983895403
2 84 1.3284352062572597
2 85 1.2557138790185738
2 86 1.2753624309944247
2 87 1.255499548893122
2 88 1.182856808158021
2 89 1.2467416536979667
3 4 1.190532600594684
3 5 1.2825917784837797
3 6 1.3111284756274928
3 7 1.4273812601206053
3 8 1.3791371790531899
3 9 1.3417834379763005
3 10 1.3288163797755987
3 11 1.3356794689326281
3 12 1.3163630374900368
3 13 1.370069960217157
3 14 1.389912413700946
3 15 1.4177909201600347
3 16 1.513035822951796
3 17 1.2214988412450143
3 18 1.3187810854206907
3 19 1.2415901107461158
3 20 1.3420267216234554
3 21 1.3618994417678207
3 22 1.2903543232575039
3 23 1.408006189863561
3 24 1.4087058599797597
3 25 1.2821682955765579
3 26 1.4344255780705848
3 27 1.2785595148105184
3 28 1.293472017491303
3 29 1.3910556534521474
3 30 1.3698716512635332
3 31 1.2788515574333943
3 32 1.3718200140924686
3 33 1.408873610999566
3 34 1.3935044476159115
3 35 1.4162379940426557
3 36 1.3229641325162056
3 37 1.3504858694254407
3 38 1.4059234173877229
3 39 1.3291949657805644
3 40 1.3013064131071939
3 41 1.3798503063891805
3 42 1.4181866043469875
3 43 1.3288036017418892
3 44 1.3838255259822985
3 45 1.3686247344989289
3 46 1.3566241497224611
3 47 1.3368596019045969
3 48 1.2928025187870296
3 49 1.3926272728372868
3 50 1.2563727440390169
3 51 1.423759436716237
3 52 1.274582239182639
3 53 1.3612942225484146
3 54 1.4269046076862577
3 55 1.2557986401993653
3 56 1.2928510360923984
3 57 1.4797991824012195
3 58 1.3565962703520411
3 59 1.3125725922807323
3 60 1.336878155428405
3 61 1.379220067331858
3 62 1.393334914981926
3 63 1.4606463149577886
3 64 1.4198900661359923
3 65 1.359644993102992
3 66 1.3652592251003244
3 67 1.2266358038907499
3 68 1.3223173669785488
3 69 1.3836574666450712
3 70 1.4313156620701255
3 71 1.342556920352505
3 72 1.32240588037651
3 73 1.3334622146900827
3 74 1.1417014196734112
3 75 1.3287138784305412
3 76 1.3755600565278507
3 77 1.356333006496688
3 78 1.316197089944342
3 79 1.305892775098689
3 80 1.275915534168186
3 81 1.3904597750039323
3 82 1.3732613589237503
3 83 1.1682736127260405
3 84 1.4597216703434241
3 85 1.3522935329385382
3 86 1.3944670383824747
3 87 1.3497424062558547
3 88 1.3985561579564123
3 89 1.4218350723709614
4 5 1.2824645441710927
4 6 1.1808393787087283
4 7 1.355958884564311
4 8 1.2448619532355123
4 9 1.2728843065025335
4 10 1.1334532194383282
4 11 1.3504655807419716
4 12 1.0676942384509132
4 13 1.503077601252104
4 14 1.1605223003186125
4 15 1.3937758288979436
4 16 1.2824840814479341
4 17 1.1257372029150094
4 18 1.247163189266962
4 19 1.0638835761664935
4 20 1.13123122884843
4 21 1.251882646306425
4 22 1.3149715637326385
4 23 1.1688278125417282
4 24 1.2455564392169265
4 25 1.2597565128498294
4 26 1.2868776575138066
4 27 1.3595706157834753
4 28 1.098068568866567
4 29 1.4113078128055152
4 30 1.172287069791939
4 31 1.3206035119694723
4 32 1.2591294958267125
4 33 1.284701816642406
4 34 1.2251817379316559
4 35 1.2510665777967453
4 36 1.3654018975832547
4 37 1.2714875708320659
4 38 1.2155279223004085
4 39 1.4023035633350638
4 40 1.160432926772345
4 41 1.2713188791133978
4 42 1.2733288396397833
4 43 1.18037830979205
4 44 1.2564224926193241
4 45 1.3723840182643177
4 46 1.138122729518058
4 47 1.2934995589724123
4 48 1.1614945741798932
4 49 1.3421812918562037
4 50 1.1745070541620015
4 51 1.3204157233985825
4 52 1.3086988298651083
4 53 1.1610857007940583
4 54 1.2999270762639377
4 55 1.2145759881705083
4 56 1.2310463720038503
4 57 1.2447924900756673
4 58 1.253075287046854
4 59 1.1838689015474404
4 60 1.3385059273779032
4 61 1.2617406150258987
4 62 1.2249819708990985
4 63 1.2516374633033727
4 64 1.1784017973589112
4 65 1.1136530491681196
4 66 1.145047623064231
4 67 1.19180621301736
4 68 1.21577971713949
4 69 1.3835581876574565
4 70 1.320809798621992
4 71 1.346595199991594
4 72 1.235456228484272
4 73 1.1069507013873245
4 74 1.1834618288242291
4 75 1.19738016052341
4 76 1.195257940669161
4 77 1.3102417869914202
4 78 1.2212454843991774
4 79 1.1810339327953414
4 80 1.2343770002538303
4 81 1.3194825984299723
4 82 1.166092829673336
4 83 1.224866254319097
4 84 1.274703546677745
4 85 1.3317800180625983
4 86 1.198138230861262
4 87 0.9595926210152999
4 88 1.1551024834964052
4 89 1.2576350801462421
5 6 1.2810086304537351
5 7 1.3803521743596223
5 8 1.295816885917462
5 9 1.4564290588526527
5 10 1.236485173580996
5 11 1.4756120266456723
5 12 1.3274452219051078
5 13 1.2781323201533348
5 14 1.4149095402938463
5 15 1.321554107414269
5 16 1.2046228029585777
5 17 1.3557810001981063
5 18 1.3839783673776307
5 19 1.3850424822439162
5 20 1.285654302954874
5 21 1.10975089679042
5 22 1.5082850870754512
5 23 1.2890849334986265
5 24 1.364954622097583
5 25 1.4381048477796627
5 26 1.4214084657349209
5 27 1.3552682576091557
5 28 1.2423811448996989
5 29 1.3459399484427725
5 30 1.3891830685375952
5 31 1.43008967854191
5 32 1.4388983786560674
5 33 1.453465925246322
5 34 1.2232969957208633
5 35 1.3354936623502967
5 36 1.4953637068955334
5 37 1.2892988456707066
5 38 1.3563824930342594
5 39 1.3943820969541671
5 40 1.0725591451103298
5 41 1.4054006543036146
5 42 1.2806842593014143
5 43 1.311453858221711
5 44 1.4916991585461536
5 45 1.2782546823960967
5 46 1.3041721173249463
5 47 1.3356316204880492
5 48 1.1374786503483254
5 49 1.2804493391117941
5 50 1.2919071337274832
5 51 1.3503692432865415
5 52 1.2306875882145827
5 53 1.216591178516628
5 54 1.3638236474331058
5 55 1.4129798040947419
5 56 1.4722548783258718
5 57 1.3006775682727454
5 58 1.293523669123132
5 59 1.233788833342599
5 60 1.4320341369171028
5 61 1.3611359685388011
5 62 1.23725982785089
5 63 1.3073027080765913
5 64 1.242071019898302
5 65 1.2730490011357651
5 66 1.2847716532701468
5 67 1.3203979740662257
5 68 1.317714866821837
5 69 1.3881388854955101
5 70 1.3637819251830703
5 71 1.2951288901568867
5 72 1.3388673156577857
5 73 1.2966251876610388
5 74 1.2927531287838416
5 75 1.335812306025888
5 76 1.3921964534594158
5 77 1.3147999469734046
5 78 1.224324530178887
5 79 1.3794763782547461
5 80 1.2944248399053961
5 81 1.3593411140353515
5 82 1.2695790904621156
5 83 1.3385243606788724
5 84 1.4600409008048563
5 85 1.4072615474986836
5 86 1.3831615454727002
5 87 1.4249884783677507
5 88 1.2631926646613576
5 89 1.3033201454939753
6 7 1.3405355678600805
6 8 1.1796418264640418
6 9 1.362080708720578
6 10 1.1666098253206691
6 11 1.4369768215589325
6 12 1.262067381037147
6 13 1.3270871018702808
6 14 1.259431105713504
6 15 1.4307545222934812
6 16 1.151530219278969
6 17 1.2338404734401252
6 18 1.3880578631466092
6 19 1.139083901981568
6 20 1.1213277431888387
6 21 1.1335447792860072
6 22 1.4021866952684916
6 23 1.131389651109762
6 24 1.326124648492652
6 25 1.2902250731098523
6 26 1.4375723919740555
6 27 1.253378066454473
6 28 1.0871575022556612
6 29 1.4211470199921152
6 30 1.1695016005354706
6 31 1.4154017134145647
6 32 1.3480737037997685
6 33 1.177718697318016
6 34 1.037042785722649
6 35 1.3437387440726478
6 36 1.395835513618388
6 37 1.1351500809816855
6 38 1.0913612455694368
6 39 1.4187049507846967
6 40 1.0804740717143082
6 41 1.352048309710858
6 42 1.2971016577156154
6 43 1.3079814004871817
6 44 1.2954506540550725
6 45 1.2727560141748615
6 46 1.1130268010761253
6 47 1.111291323516442
6 48 1.1390426817922612
6 49 1.3275692566443942
6 50 1.3162402125297525
6 51 1.2791899717815816
6 52 1.1958985783261722
6 53 1.1767295132099764
6 54 1.2981335201933213
6 55 1.256848946835658
6 56 1.381741512510611
6 57 1.2432254483751801
6 58 1.0729946912726651
6 59 1.1497968000506111
6 60 1.2884562578705783
6 61 1.3466912726253046
6 62 1.098175401642095
6 63 1.2664327207974604
6 64 0.9864759047852886
6 65 1.299865586850726
6 66 1.1066285234794548
6 67 1.1896233895411796
6 68 1.2774414537183052
6 69 1.3776419886918845
6 70 1.3563414103092677
6 71 1.3560299776893758
6 72 1.1909332467425426
6 73 1.2516720635248928
6 74 1.1581552282640883
6 75 1.294343925389182
6 76 1.2897574905829567
6 77 1.2503006567274855
6 78 1.1422084745598136
6 79 1.380634712737272
6 80 1.2404388262251824
6 81 1.2579790590173805
6 82 1.272695768838116
6 83 1.2959419949125308
6 84 1.415611127047384
6 85 1.2804432248765987
6 86 1.31092384447135
6 87 1.2335826736850246
6 88 1.103527095356682
6 89 1.3103410724555993
7 8 1.2892646315799854
7 9 1.3577728185384865
7 10 1.317970411093124
7 11 0.9405351241618021
7 12 1.462485745262822
7 13 1.2684012017051867
7 14 1.3624138453881378
7 15 1.4082872332803131
7 16 1.1889622703646294
7 17 1.4291736089021558
7 18 1.483954832050372
7 19 1.4235457826202593
7 20 1.327946036945499
7 21 1.2850644055938565
7 22 1.3979488005144438
7 23 1.245088639343821
7 24 1.3583785072420622
7 25 1.3366406947547698
7 26 1.3415188504256215
7 27 1.3538212413088995
7 28 1.334250182171476
7 29 1.2667399941387754
7 30 1.2662476286856934
7 31 1.4202120512268293
7 32 1.4619247140626834
7 33 1.3226088449154962
7 34 1.2896406719457496
7 35 1.2720309639744565
7 36 1.3429513767241885
7 37 1.24162793682694
7 38 1.3110191290112214
7 39 1.3797009197735417
7 40 1.3078287769362635
7 41 1.40657539397963
7 42 1.0786933133503078
7 43 1.6067991790927614
7 44 1.3234466469523904
7 45 1.339367913246193
7 46 1.209873509210305
7 47 1.337375677510207
7 48 1.3704162298536553
7 49 1.2796624569563633
7 50 1.4722208824862382
7 51 1.3119334470221884
7 52 1.1600395242280843
7 53 1.2658665231617998
7 54 1.3761132350487433
7 55 1.3417727234156875
7 56 1.3905020764175182
7 57 1.4151578058173455
7 58 1.2694712064744198
7 59 1.408178950016629
7 60 1.125526979279838
7 61 1.3796522266986937
7 62 1.3187829985035926
7 63 1.3146537603536952
7 64 1.33029602539674
7 65 1.3319311450018732
7 66 1.3698181624089187
7 67 1.3581548891886002
7 68 1.4094631010780208
7 69 1.266886780050927
7 70 1.388766117584255
7 71 1.2178002162061623
7 72 1.4711368440097252
7 73 1.3980410694752585
7 74 1.2986147320374677
7 75 1.4639438754566756
7 76 1.3825922454275055
7 77 1.3084888456016315
7 78 1.340480359189126
7 79 1.4082464468693572
7 80 1.4467786422714026
7 81 1.2072507379705801
7 82 1.4095216156754327
7 83 1.5027585600191122
7 84 1.269428932660749
7 85 1.356788668985188
7 86 1.3125091843910608
7 87 1.3687190683180352
7 88 1.3680309643555455
7 89 1.4668851070376618
8 9 1.4822841927524095
8 10 1.0848625191019117
8 11 1.3789006370884078
8 12 1.3157111769657108
8 13 1.254533523037432
8 14 1.2325383229937728
8 15 1.415978340156397
8 16 1.1783065320817725
8 17 1.2530416308623475
8 18 1.2847758744477549
8 19 1.2621691599751552
8 20 1.0932012100226058
8 21 1.1044188680896765
8 22 1.4385329136356506
8 23 1.0967583206208507
8 24 1.3241497203468833
8 25 1.3732155027579298
8 26 1.2817911766043162
8 27 1.3136895289848247
8 28 1.0696012549888456
8 29 1.385736825320448
8 30 1.2053919860266975
8 31 1.354824262099424
8 32 1.4637991879678318
8 33 1.2272815289168761
8 34 1.116482270525116
8 35 1.2730959315631079
8 36 1.3168940139169256
8 37 1.156133602137385
8 38 1.22968780359007
8 39 1.2296350804599525
8 40 1.0970704888824367
8 41 1.317994085672894
8 42 1.3368908114046745
8 43 1.328133008931041
8 44 1.2783199860703045
8 45 1.2225215074681386
8 46 1.1468709289935983
8 47 1.1398828495192503
8 48 1.1619239757288073
8 49 1.374866198084081
8 50 1.257114304980575
8 51 1.313601452231948
8 52 1.341756077619701
8 53 1.226262847575614
8 54 1.2867044765418845
8 55 1.3136244851447367
8 56 1.3264911177690275
8 57 1.1464098844380293
8 58 1.2453755212884294
8 59 1.2080844745031183
8 60 1.3507384899203587
8 61 1.3667774485122728
8 62 1.175411750982681
8 63 1.2698163014565604
8 64 1.1379530042767407
8 65 1.2283864109145168
8 66 1.1336857252723322
8 67 1.2950967957174777
8 68 1.3569962550192327
8 69 1.2815818365220488
8 70 1.3539405715649055
8 71 1.3064748178700534
8 72 1.2943859932699946
8 73 1.2066352518520387
8 74 1.2697034570279626
8 75 1.2878616646480878
8 76 1.2549043815403427
8 77 1.2632106588531873
8 78 1.2860397769340541
8 79 1.3122950059371563
8 80 1.216796086748667
8 81 1.2847865698696497
8 82 1.2890254005441122
8 83 1.2526452167661775
8 84 1.268553685959317
8 85 1.3626411677321129
8 86 1.2583842408177455
8 87 1.1710938840822314
8 88 1.1546489984756931
8 89 1.2779763632256917
9 10 1.4255270523612784
9 11 1.215986946344558
9 12 1.302451900275589
9 13 1.4468447624023708
9 14 1.3748530772719016
9 15 1.1019291878225552
9 16 1.4347598084231525
9 17 1.3092476841323306
9 18 1.40655805977083
9 19 1.329362257053429
9 20 1.3806571255752487
9 21 1.3543869251186327
9 22 1.3723733380918486
9 23 1.3885262807659142
9 24 1.1023619931002493
9 25 1.1056047463867404
9 26 1.314847047155527
9 27 1.3698593800612764
9 28 1.3415406038539346
9 29 1.3774623017895171
9 30 1.3580141989665457
9 31 1.2713269720134395
9 32 1.3167105337952028
9 33 1.3301305591084553
9 34 1.2864221232607362
9 35 1.3566329786962736
9 36 1.3537812275534267
9 37 1.4019823640558153
9 38 1.3485505693254523
9 39 1.3658161366952273
9 40 1.4566150893463867
9 41 1.3427561252044367
9 42 1.3712723677855774
9 43 1.407569603647719
9 44 1.3639731771053762
9 45 1.397888092085799
9 46 1.4040617172169825
9 47 1.4109945846201448
9 48 1.36503588410074
9 49 1.3875148329984626
9 50 1.3524383464785297
9 51 1.2422281221871183
9 52 1.429112459466561
9 53 1.3818721489168775
9 54 1.4159052575225537
9 55 1.2421515468595028
9 56 1.4089204173140673
9 57 1.3776656648391232
9 58 1.3512846663131308
9 59 1.3254563375401267
9 60 1.3131670823913326
9 61 1.346655828218899
9 62 1.4416414577089984
9 63 1.35803825958583
9 64 1.3558550804865626
9 65 1.3689525113270533
9 66 1.4008465248289945
9 67 1.2695047859663555
9 68 1.2526103382319727
9 69 1.3040076494396717
9 70 1.1497749536883182
9 71 1.2874393452018924
9 72 1.3689226169214743
9 73 1.3539482261845417
9 74 1.3127621638062046
9 75 1.3906898339403277
9 76 1.3697738447644399
9 77 1.4191459963446102
9 78 1.3346993985059576
9 79 1.3467957664343333
9 80 1.390636149807379
9 81 1.3270563049426927
9 82 1.373782292322617
9 83 1.4090759534047737
9 84 1.2555209115562354
9 85 1.46603595769065
9 86 1.1784934935505906
9 87 1.4304546550355948
9 88 1.3753171432156575
9 89 1.4449907838449227
10 11 1.3782614983560355
10 12 1.2470280024364064
10 13 1.406959118826053
10 14 1.2703147510969655
10 15 1.3661764290935268
10 16 1.1432984484584212
10 17 1.2096142436821802
10 18 1.372106322513342
10 19 1.2597327910021534
10 20 0.9868623544937022
10 21 1.0054235051115346
10 22 1.445978802730179
10 23 0.8289826133818178
10 24 1.322177074529197
10 25 1.2861366621728452
10 26 1.3007071767258176
10 27 1.335036765074057
10 28 0.8222349891795497
10 29 1.5461678706170128
10 30 1.2114296016485244
10 31 1.2034298825803356
10 32 1.4464890365918819
10 33 1.188465208358414
10 34 1.0016818549274518
10 35 1.2853280245122731
10 36 1.396641686463937
10 37 1.1267018092469039
10 38 1.0798846965681506
10 39 1.4144653589295049
10 40 1.0861990874633007
10 41 1.2644708494055061
10 42 1.3621796237698856
10 43 1.254120867381497
10 44 1.2930207678582326
10 45 1.1690841680951556
10 46 1.0596365130571883
10 47 1.197832716357466
10 48 1.1868537738769638
10 49 1.4889190408577975
10 50 1.2102101912649879
10 51 1.2652551240541534
10 52 1.1793161646143098
10 53 1.064251997715293
10 54 1.152920904716208
10 55 1.2954096732904998
10 56 1.3366014329623446
10 57 1.1587628037539082
10 58 1.2558654542949514
10 59 0.899209554849536
10 60 1.3674633698189305
10 61 1.2957053291359146
10 62 1.1304206091171614
10 63 1.1766974706660032
10 64 1.067794915827513
10 65 1.1253146209224367
10 66 0.7458472733776049
10 67 1.2109898090982663
10 68 1.2466802716912322
10 69 1.1620184512591516
10 70 1.3706085864041135
10 71 1.4581776076846074
10 72 1.3860038962475967
10 73 1.1565970141516366
10 74 1.1650303589549453
10 75 1.2595417651938563
10 76 1.2460525992134583
10 77 1.150605983860239
10 78 1.139840152730714
10 79 1.3034964641962345
10 80 1.2259985639525952
10 81 1.2907117688267613
10 82 1.1976797896609235
10 83 1.1425006983133277
10 84 1.3008552080492406
10 85 1.3584041815248202
10 86 1.190257846307159
10 87 1.099060786572178
10 88 0.8612645698743427
10 89 1.2983787069569408
11 12 1.4698597283493025
11 13 1.4494726860911786
11 14 1.4620687012521945
11 15 1.3747666110447812
11 16 1.3281812178922519
11 17 1.4878014123626804
11 18 1.5568439413797892
11 19 1.3421813146203911
11 20 1.4353412099621556
11 21 1.2885839610993293
11 22 1.451752403325528
11 23 1.3830349870026564
11 24 1.3723599269601983
11 25 1.3623080396155076
11 26 1.3343734819883217
11 27 1.4605865402001785
11 28 1.4178114009568605
11 29 1.2583298995511214
11 30 1.327731205611009
11 31 1.315453099672995
11 32 1.5166221997296423
11 33 1.3315476056577344
11 34 1.3459673289891745
11 35 1.2777528113412813
11 36 1.3892900607586063
11 37 1.3367617387535742
11 38 1.3869688224843615
11 39 1.3360392512891885
11 40 1.436263375963698
11 41 1.3760041178685254
11 42 1.1376927444851688
11 43 1.5948797867038265
11 44 1.4415185918909112
11 45 1.4340923301383086
11 46 1.2467380785078563
11 47 1.3801683162227303
11 48 1.4370546832850057
11 49 1.259214749173578
11 50 1.54904828135986
11 51 1.3313724706961052
11 52 1.2445502532856174
11 53 1.3887386307898355
11 54 1.3826761715995892
11 55 1.2528040568081509
11 56 1.3756843860324
11 57 1.5033394904845434
11 58 1.2612618202065597
11 59 1.4666900789145911
11 60 1.1455835579280542
11 61 1.3329128197335314
11 62 1.4691979812191158
11 63 1.393453650122467
11 64 1.4174035145556105
11 65 1.3435340224207166
11 66 1.4776831492484996
11 67 1.3754119544271883
11 68 1.4469441213307206
11 69 1.314720221241209
11 70 1.2786462837466561
11 71 1.2964669627531458
11 72 1.415386103648245
11 73 1.447047659840202
11 74 1.29675395573123
11 75 1.483987126283802
11 76 1.4202903298241838
11 77 1.3562582465129125
11 78 1.3650898219865055
11 79 1.4205648001985913
11 80 1.4989840391577487
11 81 1.2140762073336198
11 82 1.406203767064401
11 83 1.4299802190741893
11 84 1.2174636006086972
11 85 1.362811130067564
11 86 1.2951775010611823
11 87 1.3707532419450759
11 88 1.4906255088562
11 89 1.4452730843692505
12 13 1.4145668306899688
12 14 1.1514742027635654
12 15 1.3767543600649423
12 16 1.4077256376094998
12 17 1.1533222744115428
12 18 1.1834257952596487
12 19 1.102417914910519
12 20 1.192210682640755
12 21 1.335679931369746
12 22 1.3293248206338983
12 23 1.2790066321229419
12 24 1.3100062630093614
12 25 1.2050082540642373
12 26 1.3039962042955535
12 27 1.1754656230035179
12 28 1.2322655404015581
12 29 1.4978786189784505
12 30 1.3047289144811207
12 31 1.363906583401897
12 32 1.164619409410782
12 33 1.4041787539789021
12 34 1.286442084793762
12 35 1.196985267834411
12 36 1.2713639469065745
12 37 1.3867492556036511
12 38 1.2742129048600397
12 39 1.4195102371837043
12 40 1.2593931996016388
12 41 1.2459901079494
12 42 1.4067179362364781
12 43 1.1213953355702355
12 44 1.2722143695256132
12 45 1.3566598135400865
12 46 1.3294141908334531
12 47 1.3902277809302044
12 48 1.2439219812603053
12 49 1.473062859567548
12 50 1.239299841129015
12 51 1.395261551950537
12 52 1.4483627331539788
12 53 1.250448391243618
12 54 1.3904136041520179
12 55 1.2967730342794668
12 56 1.3178526675899442
12 57 1.2173481555231176
12 58 1.2994524636880307
12 59 1.2079697627932497
12 60 1.4702290052861287
12 61 1.3043017314676255
12 62 1.2957858375145683
12 63 1.3194804681163488
12 64 1.1276707153571575
12 65 1.146563119845517
12 66 1.1997566597302356
12 67 1.2002613456163889
12 68 1.1739195117591508
12 69 1.3583055663107253
12 70 1.3016487605889
12 71 1.4318906361111439
12 72 1.2814548503267111
12 73 1.0912698947899915
12 74 1.2522661242234145
12 75 1.3090294213040514
12 76 1.1846499825905452
12 77 1.431137657858382
12 78 1.1329239825037378
12 79 1.2906614917911994
12 80 1.228965621342954
12 81 1.4124094370887295
12 82 1.209432683850273
12 83 1.2083611835972106
12 84 1.2896935342670985
12 85 1.310457992244497
12 86 1.307399205226213
12 87 1.1721372786236852
12 88 1.2094745237259215
12 89 1.2177560206023972
13 14 1.2859585970004268
13 15 1.4549471657013269
13 16 1.4113934540738335
13 17 1.2797496334257206
13 18 1.3223687766219538
13 19 1.37153754937235
13 20 1.2534441969794317
13 21 1.3913978919086654
13 22 1.395811286903159
13 23 1.2360713667339094
13 24 1.468450171468094
13 25 1.4133417033318474
13 26 1.4573296256787966
13 27 1.0646495465213104
13 28 1.3179647407263064
13 29 1.1544086933976718
13 30 1.3809714202143397
13 31 1.5001603243330086
13 32 1.478464287921809
13 33 1.3856181940561045
13 34 1.328860005305662
13 35 1.3516820555062732
13 36 1.444416161023706
13 37 1.3325205743067565
13 38 1.4324001529297552
13 39 1.3802025829407196
13 40 1.2381608496403982
13 41 1.504230299975302
13 42 1.2656330728880554
13 43 1.3436989174376661
13 44 1.4354119282970454
13 45 1.3215108878003197
13 46 1.374057287479798
13 47 1.316155497140161
13 48 1.248148605783328
13 49 1.142745665321713
13 50 1.2742759626299676
13 51 1.4544965410162953
13 52 1.3032035317131097
13 53 1.3164723938073322
13 54 1.3590457880941103
13 55 1.3702305943052948
13 56 1.4041352257772313
13 57 1.3393064357972715
13 58 1.2639906035429636
13 59 1.4356452880187978
13 60 1.2743300177145334
13 61 1.3312296407368356
13 62 1.338942925557267
13 63 1.3392652128833857
13 64 1.319055958305143
13 65 1.3499558851604827
13 66 1.4308192807501108
13 67 1.3186157199422375
13 68 1.32978303087813
13 69 1.3832578375048468
13 70 1.2356737775853857
13 71 0.9807325061583538
13 72 1.3101896604281185
13 73 1.3157894790749576
13 74 1.1948585190990273
13 75 1.242429800441429
13 76 1.3021903745110888
13 77 1.3459901853218903
13 78 1.3203636052107872
13 79 1.5005370559775395
13 80 1.250973096575372
13 81 1.3635653030292696
13 82 1.3806388334900475
13 83 1.360604717629678
13 84 1.4003348392832908
13 85 1.3970020809685662
13 86 1.5297194234174798
13 87 1.5297673763212927
13 88 1.3650732986213279
13 89 1.363488570178633
14 15 1.406523319906343
14 16 1.3426271062421826
14 17 1.2354857426939916
14 18 1.3268987528410472
14 19 1.1679489763555724
14 20 1.2614612826971592
14 21 1.3182529043141338
14 22 1.303167265937085
14 23 1.2144367612882783
14 24 1.3073467376861716
14 25 1.2158141406172351
14 26 1.315282597127301
14 27 1.1202912169864963
14 28 1.167872292526638
14 29 1.350076958472506
14 30 1.2516155167655
14 31 1.3157789931585133
14 32 1.3286016523836206
14 33 1.2106812761300532
14 34 1.2608490097634892
14 35 1.261441126189344
14 36 1.259466960812318
14 37 1.3814890574702727
14 38 1.2668595054594352
14 39 1.444299059441181
14 40 1.2626019671940107
14 41 1.3270369610787573
14 42 1.36362166929906
14 43 1.3000226977855849
14 44 1.2926779352178446
14 45 1.4019221360117902
14 46 1.1419807190250106
14 47 1.4184852142590934
14 48 1.2513919181215332
14 49 1.3152450282441928
14 50 1.303681373260877
14 51 1.27443695627523
14 52 1.3504757658164028
14 53 1.2611678709895224
14 54 1.3567521511336456
14 55 1.3229497451618188
14 56 1.2872676844139224
14 57 1.3067409551473879
14 58 1.2937721583967485
14 59 1.1760567729849525
14 60 1.4295561548883366
14 61 1.3013271943013036
14 62 1.310993594282387
14 63 1.2527777532493576
14 64 1.2658054699657122
14 65 1.1965763614607838
14 66 1.215308344572539
14 67 1.3266606020024359
14 68 1.2504909199749168
14 69 1.401698407385382
14 70 1.3532223764697138
14 71 1.3225610499194516
14 72 1.2105951389663088
14 73 1.1971940907338465
14 74 1.250604344095005
14 75 1.2481343778333025
14 76 1.2176905620268899
14 77 1.404267316416732
14 78 1.267709171686147
14 79 1.3308984796734347
14 80 1.3192272029929717
14 81 1.2689893433799089
14 82 1.3449575799094105
14 83 1.2460563985478519
14 84 1.2885390438139392
14 85 1.2672236076753138
14 86 1.2945795368113593
14 87 1.2599396151084155
14 88 1.2196093971445356
14 89 1.3406988751006206
15 16 1.379667052835866
15 17 1.4432297860374863
15 18 1.377174228964256
15 19 1.3195979152254622
15 20 1.4107131713405106
15 21 1.300322469683446
15 22 1.3990306692976202
15 23 1.4055619532747072
15 24 1.234223046326919
15 25 1.2385525992462598
15 26 1.3729991324816508
15 27 1.349961313842686
15 28 1.3039417404252314
15 29 1.4710192026918647
15 30 1.382615747676613
15 31 1.2829997429230329
15 32 1.3399763702437568
15 33 1.4642988358651439
15 34 1.2899225299575434
15 35 1.3110705761809118
15 36 1.3799499833001765
15 37 1.394952321632767
15 38 1.4062194499949785
15 39 1.3290807885783384
15 40 1.3414656647237413
15 41 1.347686016977806
15 42 1.414141089230487
15 43 1.3409364085293942
15 44 1.3781077457824173
15 45 1.3492502744619133
15 46 1.3267202694037732
15 47 1.4214560794243207
15 48 1.3279077132741057
15 49 1.443774577493326
15 50 1.3670774693168335
15 51 1.3475160201242942
15 52 1.3453046941815516
15 53 1.3758890617173638
15 54 1.442285128016071
15 55 1.3599272400188929
15 56 1.4512400089350297
15 57 1.348026452337532
15 58 1.3967720733207756
15 59 1.3966341618460045
15 60 1.4220319722959796
15 61 1.3939684178735217
15 62 1.4114629263400997
15 63 1.3150382465529813
15 64 1.3489330055542477
15 65 1.3375025859304825
15 66 1.3407622487928403
15 67 1.4094572216268297
15 68 1.3619457232858865
15 69 1.3984645328100993
15 70 1.3300845035156754
15 71 1.360924859218732
15 72 1.4153058366182674
15 73 1.344130321981474
15 74 1.4075536947476177
15 75 1.2389874953399012
15 76 1.4015998941038683
15 77 1.3977701932652529
15 78 1.313739131467524
15 79 1.346267305094854
15 80 1.3329613092890191
15 81 1.374555103944297
15 82 1.3117323439409452
15 83 1.3811886801243236
15 84 1.2748774542829704
15 85 1.4456685955330335
15 86 1.3107801440460372
15 87 1.5091492329205853
15 88 1.3264468594543506
15 89 1.3892534335365598
16 17 1.3458766339683945
16 18 1.4126797688595072
16 19 1.305240756210482
16 20 1.1173435822667483
16 21 0.9562271320374988
16 22 1.4390167628679793
16 23 1.1465703965819813
16 24 1.2765114152768213
16 25 1.3968078771822625
16 26 1.3513504762233681
16 27 1.3513504632908286
16 28 1.2341339162351987
16 29 1.4905845522844758
16 30 1.1390522457361576
16 31 1.3034469755807545
16 32 1.4539824959258618
16 33 1.2752056812318868
16 34 1.0127199015451318
16 35 1.2242012722127436
16 36 1.4237684404712034
16 37 1.0711300984699426
16 38 1.0354734251303552
16 39 1.1401569760822179
16 40 1.1756587372645935
16 41 1.2523822167795193
16 42 1.2357549812135733
16 43 1.3710058791520743
16 44 1.2816844900926805
16 45 1.257746250938227
16 46 1.1811006132342288
16 47 1.2589153488602145
16 48 1.0510818790010747
16 49 1.4417367356010633
16 50 1.3369387304309794
16 51 1.2627230532793692
16 52 1.0458561675825075
16 53 1.106440421082066
16 54 1.2005217763234997
16 55 1.3053726698617856
16 56 1.3165391663473505
16 57 1.1973226434472386
16 58 1.159904639599161
16 59 1.1918123613952127
16 60 1.2913616662436649
16 61 1.374423039194737
16 62 1.0024643192305835
16 63 1.259599496675605
16 64 1.1528075990571658
16 65 1.3347609131078577
16 66 1.147763637561795
16 67 1.2652226326603955
16 68 1.4130257444240435
16 69 1.2138222155466258
16 70 1.4047179244368966
16 71 1.347621762552161
16 72 1.3332107575655117
16 73 1.367503901217867
16 74 1.3181814822916709
16 75 1.3148977137333953
16 76 1.3474732478495868
16 77 1.1201817222007449
16 78 1.121804338409298
16 79 1.4350341270701032
16 80 1.3315317948869232
16 81 1.2010332494467035
16 82 1.2206407385723486
16 83 1.30569794717863
16 84 1.2745582654657377
16 85 1.2555185735163052
16 86 1.220507601554924
16 87 1.2765847217915625
16 88 1.2242656639780274
16 89 1.3037842498531216
17 18 1.1588647540770827
17 19 1.265936268190777
17 20 1.0816600616896528
17 21 1.2733779253856727
17 22 1.3817631588524961
17 23 1.199590099744489
17 24 1.2870991868931663
17 25 1.1976946515683098
17 26 1.3707145291207057
17 27 1.1916052591210022
17 28 1.1731980105963407
17 29 1.3586740002571507
17 30 1.1919062504407825
17 31 1.2323877858676722
17 32 1.2848759515517432
17 33 1.1846180432582247
17 34 1.1798800821241138
17 35 1.3365260590366301
17 36 1.199124011186629
17 37 1.2630394840426238
17 38 1.2691018849250209
17 39 1.4570978107345145
17 40 1.2507889630134108
17 41 1.2809653878306944
17 42 1.2784665614216626
17 43 1.119325333095938
17 44 1.3332243050598842
17 45 1.390779539190394
17 46 1.2735521063237722
17 47 1.1759110577404903
17 48 1.2542338125667876
17 49 1.397738056219121
17 50 1.1209565971811013
17 51 1.3731863672768139
17 52 1.3760720796379382
17 53 1.186443016699783
17 54 1.262282588192319
17 55 1.31603059819754
17 56 1.2341732305153144
17 57 1.2082813982777072
17 58 1.2263981622273166
17 59 1.1855713246667254
17 60 1.3956894581165067
17 61 1.3253031046720283
17 62 1.2597828880023705
17 63 1.379718493610646
17 64 1.1500320666423633
17 65 1.1737891315288222
17 66 1.1730712178594853
17 67 1.1164781740812602
17 68 1.246780526954907
17 69 1.2390222717684736
17 70 1.2906884547923236
17 71 1.298355154758883
17 72 1.2802622536252937
17 73 1.140785409501419
17 74 1.17104317530538
17 75 1.1850494571062191
17 76 1.3087634056764652
17 77 1.3887385242472643
17 78 1.1717705346780474
17 79 1.4023367599243983
17 80 1.1254169248673846
17 81 1.3471072247364961
17 82 1.1929105724429263
17 83 1.1772701724941175
17 84 1.3387602633693763
17 85 1.2720413405657587
17 86 1.3497978232722918
17 87 1.2370738747058305
17 88 1.183573481467066
17 89 1.1709010906477815
18 19 1.268351351437297
18 20 1.2122656176245863
18 21 1.368484772437217
18 22 1.4041724635326212
18 23 1.4321046669347746
18 24 1.4007711604194393
18 25 1.2674364368222721
18 26 1.414895499627099
18 27 1.2791508404507883
18 28 1.3740793732158225
18 29 1.447506807338335
18 30 1.4561254904280652
18 31 1.381897090656537
18 32 1.196443137876488
18 33 1.3403697835734236
18 34 1.4059537601877785
18 35 1.245240035599083
18 36 1.3690819045008518
18 37 1.3245160633328248
18 38 1.4212681735117638
18 39 1.379135718375011
18 40 1.3299867208505551
18 41 1.3786248926245066
18 42 1.4052358598655013
18 43 1.111510789311161
18 44 1.3192555659961167
18 45 1.416599064832238
18 46 1.3706605188061576
18 47 1.4239953179035014
18 48 1.3491564913790295
18 49 1.455451250612491
18 50 1.1568373172570507
18 51 1.409428514107542
18 52 1.3975764033619662
18 53 1.3279174950044972
18 54 1.3767926445006644
18 55 1.3025527346226629
18 56 1.3144037818915562
18 57 1.3184808735136837
18 58 1.3233113836983268
18 59 1.384942583358544
18 60 1.5067314232956273
18 61 1.3733618512005583
18 62 1.382245225153659
18 63 1.3444444229017054
18 64 1.3107074966596635
18 65 1.345702051763034
18 66 1.3553785596369083
18 67 1.377149230363269
18 68 1.3807252007110498
18 69 1.35286410244505
18 70 1.3267679245815542
18 71 1.3856356215068575
18 72 1.4222001390152805
18 73 1.2123931977632691
18 74 1.3722657329116308
18 75 1.2759254976571837
18 76 1.3631745678110425
18 77 1.3661699289248357
18 78 1.419426107298529
18 79 1.3972937472998384
18 80 1.2189237746993968
18 81 1.4634303157303672
18 82 1.2781022194107017
18 83 1.3257853843093437
18 84 1.3936737902718381
18 85 1.2218596226003082
18 86 1.3925320280346756
18 87 1.4282810081613415
18 88 1.3970663131261538
18 89 1.2931931560984518
19 20 1.2953177049573863
19 21 1.2796695354274223
19 22 1.3074357445652274
19 23 1.3370879450825295
19 24 1.4107694600000888
19 25 1.3771140959410528
19 26 1.3636392646692812
19 27 1.262313678933074
19 28 1.2692303322228087
19 29 1.4070650517078438
19 30 1.239173783048778
19 31 1.3623156471298337
19 32 1.3066590732584678
19 33 1.3065522520418609
19 34 1.2447634290607845
19 35 1.118431346764366
19 36 1.3492973160431865
19 37 1.2957982557430796
19 38 1.2606370133847868
19 39 1.341233084258745
19 40 1.274886419789293
19 41 1.3435904966139505
19 42 1.3769639969627883
19 43 1.2267173968081038
19 44 1.2924980939433035
19 45 1.3012593286145653
19 46 1.2267929645881777
19 47 1.34323395041727
19 48 1.208431993238672
19 49 1.3486622455318624
19 50 1.29513763051116
19 51 1.3814679096907883
19 52 1.3195416575632697
19 53 1.3286533592300358
19 54 1.231860468346203
19 55 1.230421628416059
19 56 1.2665697633368767
19 57 1.3257578287276828
19 58 1.2465610681330004
19 59 1.323093656412982
19 60 1.3289582216453528
19 61 1.289113887342012
19 62 1.3550586356767642
19 63 1.2761933322882946
19 64 1.2922502858715985
19 65 1.3374214482287305
19 66 1.2517032669081356
19 67 1.2193666193201818
19 68 1.322079247233866
19 69 1.367333717549561
19 70 1.1577204119522582
19 71 1.325002043674901
19 72 1.3496745452807548
19 73 1.2541839976288558
19 74 1.236975375277229
19 75 1.2495357581196347
19 76 1.202237879738469
19 77 1.3482764316811162
19 78 1.2742681488735095
19 79 1.2970698008966526
19 80 1.2723476075643754
19 81 1.3447420394101464
19 82 1.29161315454379
19 83 1.2420195188925636
19 84 1.3084362731791825
19 85 1.3476671053473037
19 86 1.314127655119675
19 87 1.1960889750947716
19 88 1.2790047195374954
19 89 1.436965144100144
20 21 1.0288603056242738
20 22 1.3804788224252957
20 23 1.0386647783233542
20 24 1.3202341605604344
20 25 1.2066161640388395
20 26 1.3369343689972533
20 27 1.2131399743422453
20 28 0.9786515062248479
20 29 1.4666401885775195
20 30 1.237011181863784
20 31 1.2565499503323039
20 32 1.384788162378586
20 33 1.2291393383770444
20 34 0.9695550765309936
20 35 1.2558712644720182
20 36 1.2861376576649415
20 37 1.2065481024452613
20 38 1.1355198175943382
20 39 1.3359546945666583
20 40 1.104661031683179
20 41 1.2195878145724155
20 42 1.302325894214122
20 43 1.2078496155973155
20 44 1.3757543084408688
20 45 1.2384588696143268
20 46 1.1922225020665747
20 47 1.0931254545055287
20 48 1.0536945750380478
20 49 1.4118911483505712
20 50 1.137971601761476
20 51 1.3551711157949933
20 52 1.2428181719428673
20 53 1.0517979262800452
20 54 1.1747734240386563
20 55 1.2659312383759194
20 56 1.3629412182560892
20 57 1.0519685200137838
20 58 1.0907607262288896
20 59 1.0893440204849998
20 60 1.3714448801468546
20 61 1.3848591194657758
20 62 1.1323246872998471
20 63 1.2652291763294754
20 64 0.9955534054904345
20 65 1.1995009693212904
20 66 0.963038084658705
20 67 1.1212712530624027
20 68 1.1725001120199916
20 69 1.1909046366827418
20 70 1.349275828952071
20 71 1.2653583218159634
20 72 1.2478187496511937
20 73 1.1032771105737262
20 74 1.2088168928902536
20 75 1.1120941014287322
20 76 1.261041466849088
20 77 1.272427971478427
20 78 1.1381666128881958
20 79 1.3619799303215456
20 80 1.0311557900238002
20 81 1.3121750587534546
20 82 1.1200079498458297
20 83 1.1968159916340901
20 84 1.3603544542851778
20 85 1.2447359210735602
20 86 1.2904130004591
20 87 1.157569319720648
20 88 1.0313152947988258
20 89 1.1664645786491066
21 22 1.438710911485486
21 23 1.027956475673772
21 24 1.3242561396545307
21 25 1.3518325019232205
21 26 1.2868182261226515
21 27 1.3429585215966515
21 28 0.9976411466456536
21 29 1.4804611949426663
21 30 1.1552988384868585
21 31 1.2493984636738755
21 32 1.4545031386408542
21 33 1.2461626308204299
21 34 0.9058673390442803
21 35 1.2093838877229215
21 36 1.3694669615955302
21 37 1.04314719864045
21 38 1.1083027466032835
21 39 1.2690780305593687
21 40 0.9223673194674665
21 41 1.259863980087944
21 42 1.1830372602180044
21 43 1.2887730690460348
21 44 1.3490780084473406
21 45 1.1579239195037037
21 46 1.1688414451789029
21 47 1.1828199448326226
21 48 1.0329960228450927
21 49 1.4396358644071565
21 50 1.2654259730130835
21 51 1.2000842032498786
21 52 1.0664898591000915
21 53 0.9119418834854891
21 54 1.155934685773063
21 55 1.3048126444580144
21 56 1.329927113563576
21 57 1.1795592828974035
21 58 1.1235360793575535
21 59 1.0413044348929765
21 60 1.3853177608074028
21 61 1.239889226359657
21 62 1.0719645924047794
21 63 1.2340475999840415
21 64 1.0478976263434578
21 65 1.2136940733347417
21 66 1.0418323213606935
21 67 1.0929996238088218
21 68 1.2593019314437817
21 69 1.1761133250857287
21 70 1.4019853224443182
21 71 1.375807971496268
21 72 1.2198739184416096
21 73 1.1761480516061074
21 74 1.2062957417430804
21 75 1.3029163855097297
21 76 1.2926916634222256
21 77 1.112779584045183
21 78 1.0416542735238958
21 79 1.3849762147017028
21 80 1.315837503717541
21 81 1.2069708321692487
21 82 1.1497723447632526
21 83 1.143106700350654
21 84 1.284277284071587
21 85 1.2778610548166063
21 86 1.1966342260743907
21 87 1.2185679398159475
21 88 1.0617457692070928
21 89 1.2175036479397978
22 23 1.4337800489382597
22 24 1.3098842360222887
22 25 1.300004340750114
22 26 1.4055502126191493
22 27 1.300402645510185
22 28 1.4132023471852062
22 29 1.3236615586236138
22 30 1.3249225864313627
22 31 1.3780635257861509
22 32 1.2438988067272931
22 33 1.3057535097791286
22 34 1.416302371791762
22 35 1.3450131148619096
22 36 1.153016715639272
22 37 1.433312806687357
22 38 1.2582682126844862
22 39 1.235145664946835
22 40 1.4277945196180917
22 41 1.3557082891853849
22 42 1.557565580201655
22 43 1.3299604375850922
22 44 1.210974834986309
22 45 1.3688697293655143
22 46 1.4496593875946497
22 47 1.4397839768422995
22 48 1.3034767991698335
22 49 1.4067111674931316
22 50 1.353830857155815
22 51 1.4351632645768955
22 52 1.5020905014205925
22 53 1.48743434683207
22 54 1.3081799335098876
22 55 1.3364697568450175
22 56 1.1589301923401834
22 57 1.6209836568531106
22 58 1.380303842502061
22 59 1.3642448592962637
22 60 1.2873350518641131
22 61 1.4431175685011635
22 62 1.4497468553534685
22 63 1.4094339135517382
22 64 1.3878896115265404
22 65 1.5171033702163708
22 66 1.4520228826842674
22 67 1.335733658306383
22 68 1.335933456440519
22 69 1.414838559440027
22 70 1.4832768294103156
22 71 1.420604212784305
22 72 1.301245966205449
22 73 1.4416651882904172
22 74 1.3341997139187485
22 75 1.4293037875156418
22 76 1.2256219845866474
22 77 1.4548688539748056
22 78 1.405548780508956
22 79 1.408425497292411
22 80 1.4114548400553841
22 81 1.4494185329829983
22 82 1.369868315914149
22 83 1.3856791427459378
22 84 1.350010541243507
22 85 1.3396491150593854
22 86 1.3857333135319696
22 87 1.329259453555479
22 88 1.4272412841323472
22 89 1.3182654665540687
23 24 1.2948825176916134
23 25 1.271411525491334
23 26 1.3665308776571525
23 27 1.2323801078961047
23 28 0.7713072729715608
23 29 1.387244562752322
23 30 1.2009161815944445
23 31 1.2959226911726023
23 32 1.4877997558664307
23 33 1.1528119098129088
23 34 0.9700210575341764
23 35 1.3902325383316751
23 36 1.398860237939654
23 37 1.0589082579514921
23 38 1.1227482348611797
23 39 1.4313465500238323
23 40 0.9752516108299767
23 41 1.2778494415719794
23 42 1.2366179116848193
23 43 1.3328511068182747
23 44 1.2929279840998118
23 45 1.1470976377260986
23 46 1.0924538791024738
23 47 1.1288197314548705
23 48 1.0740973719188425
23 49 1.3322717249519254
23 50 1.3647044945140354
23 51 1.1950966326350752
23 52 1.1639043307709849
23 53 1.0741156606743125
23 54 1.21836761919783
23 55 1.312032145525647
23 56 1.405874121131103
23 57 1.1973635458217446
23 58 1.1958943058789167
23 59 0.9936031114994841
23 60 1.3028080955578027
23 61 1.2678901882154143
23 62 1.0291932190270932
23 63 1.1961664791219873
23 64 1.0834984312476614
23 65 1.1447681101957106
23 66 0.8272685537313286
23 67 1.2634647012887097
23 68 1.2370644430042392
23 69 1.2467172689116213
23 70 1.2534269510527931
23 71 1.2892492166595348
23 72 1.3126321019439209
23 73 1.1753425856461113
23 74 1.1693131523508147
23 75 1.278124629761532
23 76 1.2945011537337312
23 77 1.1419284441917519
23 78 1.1356982239394666
23 79 1.3156916247786936
23 80 1.323436503300775
23 81 1.2539777950285722
23 82 1.1967740778760794
23 83 1.2203856514283586
23 84 1.244670467995998
23 85 1.3694191339922386
23 86 1.2495262243773835
23 87 1.1770822543117456
23 88 0.8027069148550661
23 89 1.2069164786902802
24 25 0.9653153474107202
24 26 1.3998830114604572
24 27 1.3487455057410929
24 28 1.2989853962344908
24 29 1.4107538112461984
24 30 1.2143183084413058
24 31 1.3792351183223883
24 32 1.3301620254469635
24 33 1.274461630080338
24 34 1.214132623958106
24 35 1.3587989856188742
24 36 1.2492908343914282
24 37 1.3890968364813074
24 38 1.2553833530195964
24 39 1.3777410576680968
24 40 1.319135758947784
24 41 1.405933851642011
24 42 1.4221246370347662
24 43 1.4373764012963617
24 44 1.2946367540614936
24 45 1.3631513760116063
24 46 1.3516259081903512
24 47 1.3264171475169202
24 48 1.1987559835395627
24 49 1.4479438174138193
24 50 1.3443610668187775
24 51 1.3882276869042207
24 52 1.4615528014685875
24 53 1.2992071495090594
24 54 1.4163738194408027
24 55 1.4019454387830343
24 56 1.2863119203912918
24 57 1.407639274503651
24 58 1.3522362040987739
24 59 1.187268846560754
24 60 1.3849712230142461
24 61 1.3014883224836808
24 62 1.3563148584849376
24 63 1.3921919041310864
24 64 1.1565766504178123
24 65 1.3546216776118505
24 66 1.2845687774092218
24 67 1.2738683057226512
24 68 1.2772953877416833
24 69 1.4207692425770586
24 70 1.3244128208421826
24 71 1.3576656231425765
24 72 1.3959932901168335
24 73 1.3960171787835791
24 74 1.3226561911826327
24 75 1.3743887737528697
24 76 1.3066448496895338
24 77 1.4404326420164244
24 78 1.2657043030411321
24 79 1.3408311977432021
24 80 1.4777582601637396
24 81 1.300774426280397
24 82 1.3682446798429189
24 83 1.3280252354149893
24 84 1.2381548636225934
24 85 1.4608246142451387
24 86 1.2389704380205724
24 87 1.3791297810493504
24 88 1.2670546558454834
24 89 1.4062902139275992
25 26 1.3781317212084405
25 27 1.2552979364101389
25 28 1.208561907722797
25 29 1.3835264905822098
25 30 1.2419771043551333
25 31 1.259718278270573
25 32 1.290297900955274
25 33 1.1702019378362516
25 34 1.262829294223768
25 35 1.3017065446727383
25 36 1.2875505595014047
25 37 1.3690600460507603
25 38 1.2162934581067752
25 39 1.356072123445376
25 40 1.306920021366993
25 41 1.4306903011334642
25 42 1.3606561942376847
25 43 1.31137851137688
25 44 1.2675091586317733
25 45 1.4076786803972507
25 46 1.3032670769521648
25 47 1.3244255402797434
25 48 1.2637335858648557
25 49 1.3860253161390357
25 50 1.2635400103523058
25 51 1.3094240235439616
25 52 1.399445105251816
25 53 1.2983150348513397
25 54 1.4105940919776065
25 55 1.340233540323303
25 56 1.3564118957904527
25 57 1.4019909545079634
25 58 1.2579875235909763
25 59 1.1916689740622328
25 60 1.346225618116851
25 61 1.339442329270472
25 62 1.317086167472455
25 63 1.3248011533495008
25 64 1.1504001216231752
25 65 1.2873606634417574
25 66 1.199410652776706
25 67 1.1738687022137344
25 68 1.229622600214628
25 69 1.3633695401956696
25 70 1.2839922528849335
25 71 1.3226082357728834
25 72 1.4421539704630693
25 73 1.2845185826659478
25 74 1.295577313775998
25 75 1.367233942209245
25 76 1.3121847586041393
25 77 1.4289330182242828
25 78 1.2658340610156829
25 79 1.2493007319474727
25 80 1.297467465460035
25 81 1.3127377560976616
25 82 1.3247691855455594
25 83 1.3037349149066426
25 84 1.3291872297900058
25 85 1.330334739829872
25 86 1.2230071610953301
25 87 1.3780576262197906
25 88 1.2379760496867727
25 89 1.3794356043646099
26 27 1.3303296474709028
26 28 1.3478770246929066
26 29 1.391880606794395
26 30 1.2376830163914427
26 31 1.2748738337790975
26 32 1.3367350521153407
26 33 1.3297542274720604
26 34 1.2336198764124644
26 35 1.1867570920672126
26 36 1.4040515379232796
26 37 1.2773579684852603
26 38 1.3650748162703266
26 39 1.2725496574109356
26 40 1.3166387629835419
26 41 1.2039993964106486
26 42 1.3985363869858363
26 43 1.3894271127810114
26 44 1.2358047158248162
26 45 1.3330139150540503
26 46 1.325742259058409
26 47 1.42091183216095
26 48 1.5290803256570848
26 49 1.3978782637790832
26 50 1.2986762147576503
26 51 1.2636360296857403
26 52 1.369226888790136
26 53 1.3289095946311202
26 54 1.3256264003625033
26 55 1.2603632048523956
26 56 1.3332620910093966
26 57 1.310534249265371
26 58 1.3696357417651313
26 59 1.3212966249008402
26 60 1.3227983164702464
26 61 1.3558775354903168
26 62 1.4194060457064976
26 63 1.3115161900383552
26 64 1.313229614056209
26 65 1.1585414673179273
26 66 1.358822465481728
26 67 1.3198790793632615
26 68 1.264081606387524
26 69 1.2996239743717337
26 70 1.4238293011357575
26 71 1.388253720996963
26 72 1.3455621254466732
26 73 1.1666773096017808
26 74 1.3128444616441275
26 75 1.304076244774711
26 76 1.3694102738529788
26 77 1.344087460016839
26 78 1.1845177135605718
26 79 1.3179172595491984
26 80 1.3554552769327066
26 81 1.2164363634449495
26 82 1.3147396055810343
26 83 1.3051832744473004
26 84 1.1516569736524833
26 85 1.3908229797415526
26 86 1.1156128637968223
26 87 1.2893779425697212
26 88 1.3309762646189347
26 89 1.333702517089184
27 28 1.2381354236843989
27 29 1.2548215350444927
27 30 1.409802261789935
27 31 1.3576571007068527
27 32 1.191564935981931
27 33 1.3262548082133399
27 34 1.3186628218435195
27 35 1.2232488744282337
27 36 1.2238787725156015
27 37 1.3883863245284274
27 38 1.3575147649361974
27 39 1.329166231811613
27 40 1.290198501103552
27 41 1.3105476242370933
27 42 1.3880932064547082
27 43 1.2257180590064893
27 44 1.2515708142943973
27 45 1.5050955012978036
27 46 1.1953664232800325
27 47 1.4996404804917451
27 48 1.2802105289792032
27 49 1.2198182351604137
27 50 1.3382318576845356
27 51 1.4327794697182652
27 52 1.2971532899534046
27 53 1.3009859243656723
27 54 1.399701976332958
27 55 1.32010461200081
27 56 1.2128289439983913
27 57 1.3560147156073297
27 58 1.2621044965203667
27 59 1.285461740676437
27 60 1.2808056405747126
27 61 1.3081105645795919
27 62 1.3869230532468333
27 63 1.3215620534261792
27 64 1.2177308522283394
27 65 1.3086003014684868
27 66 1.3175347055453477
27 67 1.2755051689676935
27 68 1.3341074851903834
27 69 1.3838729081685273
27 70 1.3220093408502789
27 71 1.264865258634972
27 72 1.1648944042496763
27 73 1.2357898866797445
27 74 1.2290282977390763
27 75 1.2420913922245669
27 76 1.2180341102477017
27 77 1.3466099877797773
27 78 1.26263441596079
27 79 1.4293066296129973
27 80 1.182654254082921
27 81 1.4189246451901363
27 82 1.2929859931690915
27 83 1.2309397552688737
27 84 1.3476034924778628
27 85 1.2926701081436822
27 86 1.4634726710255157
27 87 1.4878051198169189
27 88 1.2791473824553103
27 89 1.336545638990091
28 29 1.4990481325977947
28 30 1.2177694899973812
28 31 1.3331998876099975
28 32 1.3748184592701413
28 33 1.0963309131127357
28 34 0.997004859649848
28 35 1.3350227383516478
28 36 1.35466420376557
28 37 1.0959803140641602
28 38 1.0989109913199562
28 39 1.39446203309492
28 40 0.9706018171512372
28 41 1.3278559355438753
28 42 1.335753795164018
28 43 1.2481664375719423
28 44 1.2968789012773623
28 45 1.1645008839317166
28 46 0.9700489576159625
28 47 1.143330049537188
28 48 1.0896557963045546
28 49 1.4329981920522596
28 50 1.2722694311580705
28 51 1.2312396754654158
28 52 1.2036981706471943
28 53 0.9868820372980609
28 54 1.2400411818516084
28 55 1.2908124671385934
28 56 1.3687310808908577
28 57 1.1872455064385552
28 58 1.2058316488448508
28 59 0.8888714680396975
28 60 1.407332294318075
28 61 1.2600128126796177
28 62 1.0907209232573407
28 63 1.2029714217307015
28 64 1.0810106894982128
28 65 1.1574004853531497
28 66 0.7365992107508578
28 67 1.1820870883955448
28 68 1.2072151349247633
28 69 1.2610286892216869
28 70 1.3193618261776536
28 71 1.309262186676369
28 72 1.3056765268641861
28 73 1.1528614561672172
28 74 1.123676393973128
28 75 1.2243210504186797
28 76 1.1858341900573677
28 77 1.1764230001217186
28 78 1.0963825488609773
28 79 1.359555206573726
28 80 1.2114152250668744
28 81 1.3382346749058511
28 82 1.199296959023856
28 83 1.1354701393560012
28 84 1.2771015357078472
28 85 1.3513580091911888
28 86 1.309609314212847
28 87 1.0979704534540433
28 88 0.691744985792609
28 89 1.2983744995901547
29 30 1.4389947258820681
29 31 1.4344724570876586
29 32 1.4864944156807145
29 33 1.367456977426615
29 34 1.5143363453750038
29 35 1.3966907606278949
29 36 1.4526882244541925
29 37 1.4153921221887873
29 38 1.5228641985594416
29 39 1.4698272110348491
29 40 1.3407151233002508
29 41 1.5714913844035683
29 42 1.3459456457467018
29 43 1.3839892597067904
29 44 1.4020487092104565
29 45 1.4768554567527983
29 46 1.4241392731387101
29 47 1.4184989100362293
29 48 1.4074734057613232
29 49 0.636933783159147
29 50 1.4985381088394412
29 51 1.5062234949504107
29 52 1.3753464642619495
29 53 1.4158249890277639
29 54 1.4718845206756097
29 55 1.405991988248369
29 56 1.42183779150923
29 57 1.5178055178934988
29 58 1.342490215026061
29 59 1.5630451182939245
29 60 1.1635896252033746
29 61 1.2609038613778702
29 62 1.4898378234596714
29 63 1.3853755787118764
29 64 1.445910300981729
29 65 1.5060885896905591
29 66 1.662088439357866
29 67 1.391170437001992
29 68 1.39119735112074
29 69 1.5170799204979182
29 70 1.1747467648518535
29 71 1.0646185506787949
29 72 1.3845878987736777
29 73 1.4811931276870174
29 74 1.3184787994524962
29 75 1.4244312609020164
29 76 1.4703066758873857
29 77 1.4014705174137905
29 78 1.4939234011634273
29 79 1.4591937455785178
29 80 1.4411294811383044
29 81 1.2554140636414943
29 82 1.4958426342045104
29 83 1.414071320500719
29 84 1.3730660062672173
29 85 1.4002852846958862
29 86 1.4505464337934084
29 87 1.5318557860808062
29 88 1.6124371288753574
29 89 1.4141772442941165
30 31 1.224210912055442
30 32 1.4067038287344034
30 33 1.2148294090044187
30 34 1.1545566354084964
30 35 1.2800308653317625
30 36 1.3156758900021586
30 37 1.1428270904116589
30 38 1.0840925676099664
30 39 1.2867173346795626
30 40 1.1630938765228436
30 41 1.3244273797418766
30 42 1.2487524646329096
30 43 1.229403065658354
30 44 1.2901408255248445
30 45 1.2826111369781745
30 46 1.216172416317008
30 47 1.2246015885049706
30 48 1.1794667708359732
30 49 1.4139109122092395
30 50 1.2292601634990912
30 51 1.2590181498846997
30 52 1.2382978358191234
30 53 1.1623406907265101
30 54 1.2858991253610474
30 55 1.263686873543317
30 56 1.290475576660995
30 57 1.2842112837682982
30 58 1.2283033066573688
30 59 1.1744861595961549
30 60 1.360384424377965
30 61 1.2858499279556654
30 62 1.1921344615773033
30 63 1.2626477633339699
30 64 1.2215010150775365
30 65 1.2159046885008362
30 66 1.2082484484022853
30 67 1.131696115607269
30 68 1.252067223826812
30 69 1.2264293055900954
30 70 1.3235376393695581
30 71 1.335132560975051
30 72 1.3227427655618167
30 73 1.2337994796279088
30 74 1.132470124543731
30 75 1.2298151222458584
30 76 1.3499247679858712
30 77 1.2801390582720151
30 78 1.2215495297503578
30 79 1.3634936777218338
30 80 1.307089041745156
30 81 1.1914436553348529
30 82 1.2263828728473791
30 83 1.294953661383729
30 84 1.2074229017323725
30 85 1.3269145284054562
30 86 1.1559401188356753
30 87 1.1280483562182024
30 88 1.159682881587118
30 89 1.277341824043359
31 32 1.4746295553378348
31 33 1.2976017165802134
31 34 1.294061512829584
31 35 1.3444332634733869
31 36 1.3061744314868817
31 37 1.2726012439677863
31 38 1.3555519422700608
31 39 1.338003840647087
31 40 1.3668890590893557
31 41 1.2564511350086318
31 42 1.3509757980725106
31 43 1.283341406097203
31 44 1.3573516819237346
31 45 1.3772121096515593
31 46 1.3152635471747018
31 47 1.3483069817872229
31 48 1.3426877393642453
31 49 1.4987629271115595
31 50 1.301613058294787
31 51 1.3045612824773978
31 52 1.287315072446615
31 53 1.3227564889620451
31 54 1.270529319061262
31 55 1.3197098016106559
31 56 1.4003852664378407
31 57 1.2926687117931948
31 58 1.3370853635283826
31 59 1.3047351597497006
31 60 1.3429997366099746
31 61 1.3637501733644326
31 62 1.2775640366387915
31 63 1.3382703489233225
31 64 1.4206368270861676
31 65 1.223103088213743
31 66 1.317412820594469
31 67 1.2624975524128068
31 68 1.2479730944230096
31 69 1.1678711855172392
31 70 1.4446160429606543
31 71 1.4829341922258734
31 72 1.3886802091549213
31 73 1.202628164056539
31 74 1.2524465733244043
31 75 1.3652443117082094
31 76 1.498944166541916
31 77 1.3326115372181402
31 78 1.3045981120016292
31 79 1.3215959894536764
31 80 1.2406126437848763
31 81 1.3234557434306187
31 82 1.3530609425501123
31 83 1.1728154050716701
31 84 1.3369389142121724
31 85 1.358493923837169
31 86 1.222428867982022
31 87 1.3249521419131753
31 88 1.3198075573944288
31 89 1.3063384055992853
32 33 1.4507517040905842
32 34 1.4507961804813343
32 35 1.2996819580088677
32 36 1.2113524434567449
32 37 1.4859593698768525
32 38 1.2806886715791581
32 39 1.3874695248506497
32 40 1.4560514909015045
32 41 1.3343454712445262
32 42 1.4266428705050238
32 43 1.2062968783240562
32 44 1.2229546870448806
32 45 1.488702094000239
32 46 1.3841062697405846
32 47 1.526552654040831
32 48 1.4981609559204523
32 49 1.4536385581851
32 50 1.256951271156373
32 51 1.4697760819016121
32 52 1.4721415571512126
32 53 1.4257765661553956
32 54 1.393630027007088
32 55 1.4690198632655873
32 56 1.1582002987368627
32 57 1.3197971472064656
32 58 1.4142062248530576
32 59 1.329404938589641
32 60 1.4781218315900297
32 61 1.4565112237991948
32 62 1.5069630341869393
32 63 1.4310481247369116
32 64 1.3581880797642336
32 65 1.3573810052544715
32 66 1.3534206849420167
32 67 1.4396613256761028
32 68 1.4542889240267134
32 69 1.5120093908225247
32 70 1.3420928776436982
32 71 1.429518699037936
32 72 1.1780098004689927
32 73 1.2353833053252838
32 74 1.415224163159383
32 75 1.297552297724635
32 76 1.1392487000950062
32 77 1.5295875439133213
32 78 1.3597345338972107
32 79 1.375883525416812
32 80 1.2903005703420667
32 81 1.5141824044928194
32 82 1.2831674183102144
32 83 1.2940357005494318
32 84 1.41266714738666
32 85 1.3147458341518863
32 86 1.4574349940199753
32 87 1.3853122292231912
32 88 1.3408102579398997
32 89 1.2401116963304069
33 34 1.1129758794926976
33 35 1.3625827938621446
33 36 1.3417198508665253
33 37 1.1681586036326985
33 38 1.146978275629158
33 39 1.3675771086000146
33 40 1.2606492345276428
33 41 1.3813026983445977
33 42 1.3059838661179655
33 43 1.369281193300125
33 44 1.3705042374789742
33 45 1.3151968580589832
33 46 1.2615151071991504
33 47 1.1728566119237016
33 48 1.248783328583536
33 49 1.3970640344737368
33 50 1.398430615975915
33 51 1.2070375337709263
33 52 1.3240685142021353
33 53 1.282136942707484
33 54 1.2624138594446035
33 55 1.3143764859457576
33 56 1.3756767035320923
33 57 1.4585789455416458
33 58 1.2971164471920256
33 59 1.1774854943278614
33 60 1.2599925049501173
33 61 1.2607704102885846
33 62 1.1606875245689203
33 63 1.2429632324184436
33 64 1.250327829302877
33 65 1.2368612884162042
33 66 1.1759018499273401
33 67 1.1171496147557964
33 68 1.3949962788417167
33 69 1.309847948646082
33 70 1.3305515653491027
33 71 1.3406202633959234
33 72 1.463889398254933
33 73 1.2233061313182003
33 74 1.1603453273279847
33 75 1.3354791625501543
33 76 1.3573642794825376
33 77 1.1949776969766606
33 78 1.3045975740024072
33 79 1.4216131175500337
33 80 1.4539071602467095
33 81 1.2148207554715775
33 82 1.2727139070494569
33 83 1.3077941010258463
33 84 1.3134767912097176
33 85 1.3457014498723705
33 86 1.2506026469794647
33 87 1.243675081531196
33 88 1.2019305817813497
33 89 1.369977768837561
34 35 1.3174956972419025
34 36 1.3541931047939977
34 37 1.0448122751185005
34 38 1.0304036801741279
34 39 1.3461335033933994
34 40 1.0829481930622762
34 41 1.2689857077966495
34 42 1.216112681390892
34 43 1.2981450769318355
34 44 1.3214058945417222
34 45 1.0709127834446874
34 46 1.1973833155647478
34 47 1.0528768786358151
34 48 1.0469664864919472
34 49 1.4900742337053379
34 50 1.296987612211822
34 51 1.1333885712119924
34 52 1.1628454679528204
34 53 1.090090468610022
34 54 1.2629738934916928
34 55 1.2669597442628309
34 56 1.3530565492429203
34 57 1.1926061200074143
34 58 1.077660256455106
34 59 1.0186031130240427
34 60 1.3350609123918875
34 61 1.352115729240104
34 62 1.0243082299995763
34 63 1.1619007670320194
34 64 0.9308097233257804
34 65 1.1350946901818681
34 66 0.932421794865779
34 67 1.0698558276025403
34 68 1.2637223833282865
34 69 1.1574579431299794
34 70 1.3246096684906916
34 71 1.315641437804
34 72 1.3394910061968013
34 73 1.1581540987222765
34 74 1.1773210897000954
34 75 1.2230763049118016
34 76 1.2792485069896067
34 77 1.24171119477611
34 78 0.9803697112198658
34 79 1.2765574842004093
34 80 1.3325281033986835
34 81 1.197121977829285
34 82 1.099954926864591
34 83 1.1688522249821498
34 84 1.3307038175858565
34 85 1.2868469447712816
34 86 1.1645058119555745
34 87 1.2098764110333127
34 88 0.9622967750273439
34 89 1.2955279968963038
35 36 1.3044624598072088
35 37 1.3451833670379951
35 38 1.3288419473959587
35 39 1.2817841476333378
35 40 1.2472704081808368
35 41 1.2533995847914712
35 42 1.311642515426223
35 43 1.33063691182017
35 44 1.2340822113750465
35 45 1.3909525857468268
35 46 1.3027761020810813
35 47 1.4272669681245256
35 48 1.3120552189762749
35 49 1.3945723982054155
35 50 1.2872204892429095
35 51 1.3247982950503274
35 52 1.270779641387895
35 53 1.2370999735830375
35 54 1.291170359575666
35 55 1.2198020065951478
35 56 1.2364933148786788
35 57 1.3543993690131158
35 58 1.2711263579369425
35 59 1.319422936184335
35 60 1.3188307714902894
35 61 1.3316048137073573
35 62 1.3850556892130623
35 63 1.3104746911420995
35 64 1.2806883696758584
35 65 1.2232265293098445
35 66 1.312128487459573
35 67 1.3094466240549516
35 68 1.2925835053118082
35 69 1.242834542012858
35 70 1.382302113681458
35 71 1.3351434230428751
35 72 1.2583384496840024
35 73 1.1856801915699327
35 74 1.325916062562419
35 75 1.3940717503409379
35 76 1.2433518802211478
35 77 1.3832526886750591
35 78 1.2217090224855371
35 79 1.3524042594080623
35 80 1.2806160214886655
35 81 1.3122103405386554
35 82 1.302063051365361
35 83 1.3021829412172996
35 84 1.21570580355129
35 85 1.2702962540241698
35 86 1.2436792866853716
35 87 1.313065271915833
35 88 1.3720653319441318
35 89 1.3307425405971092
36 37 1.454532478526702
36 38 1.3814128250803173
36 39 1.3286534764819786
36 40 1.4230070382194917
36 41 1.2240283714120892
36 42 1.3697838680986345
36 43 1.3672209216492672
36 44 1.26051088959343
36 45 1.5121532872747523
36 46 1.3495325905666185
36 47 1.4071776838761838
36 48 1.4081163462997728
36 49 1.5195862424083564
36 50 1.314286996783567
36 51 1.430443358941996
36 52 1.4971514872208236
36 53 1.4097599450392537
36 54 1.4027753587508383
36 55 1.3079278640151673
36 56 1.066560448451519
36 57 1.422176270723934
36 58 1.3042760580916575
36 59 1.3318807248774236
36 60 1.3777734766831962
36 61 1.4341643716538892
36 62 1.4292006219056532
36 63 1.3901790867720392
36 64 1.334884582894497
36 65 1.4147732879518895
36 66 1.354638353496855
36 67 1.309217166587029
36 68 1.3301388750280971
36 69 1.3131776005835643
36 70 1.44906164127609
36 71 1.4516381794228328
36 72 1.3511737024079364
36 73 1.3676961559020027
36 74 1.3525679140269449
36 75 1.3621103029150656
36 76 1.2022308810521145
36 77 1.4448120811860592
36 78 1.3183941353280386
36 79 1.3981076009657214
36 80 1.3462684677226582
36 81 1.4501757305010055
36 82 1.3373190334168334
36 83 1.3029299042597302
36 84 1.36061535394232
36 85 1.2564289823601549
36 86 1.417376125051324
36 87 1.3536221899308267
36 88 1.3870574120625372
36 89 1.2565332074060533
37 38 1.164172473805389
37 39 1.2970129194252111
37 40 1.0570943592464652
37 41 1.2405585858776977
37 42 1.283877037745826
37 43 1.371707901121691
37 44 1.341131798246703
37 45 0.8840048824020723
37 46 1.1893438398403462
37 47 1.1042946272306127
37 48 1.1583720175290955
37 49 1.4223014644690102
37 50 1.3849779475820176
37 51 1.1376709181620952
37 52 1.0629938121494522
37 53 1.12607016593151
37 54 1.174100689123985
37 55 1.2938198857527343
37 56 1.4290171226739838
37 57 1.3436702955950686
37 58 1.285402752695678
37 59 1.206407877753485
37 60 1.327826294786347
37 61 1.3187018943798303
37 62 1.0639711623855808
37 63 1.2336070533077836
37 64 1.224345737853733
37 65 1.2772250848256674
37 66 1.1845374903909371
37 67 1.2614422948057178
37 68 1.3540382977706034
37 69 1.306610708992134
37 70 1.4051541155160099
37 71 1.3607480419873832
37 72 1.4449049305315098
37 73 1.310112096488078
37 74 1.2123757544389775
37 75 1.3603382950080387
37 76 1.4292176863231083
37 77 1.0422815208698126
37 78 1.2062782594435484
37 79 1.3475522442560413
37 80 1.339922122529158
37 81 1.3053813053641925
37 82 1.1688270217223187
37 83 1.3225483450766773
37 84 1.2711441455526686
37 85 1.381412363364942
37 86 1.2001437946835958
37 87 1.336429503056155
37 88 1.1759775684023797
37 89 1.2880396527933928
38 39 1.205627631508325
38 40 1.2227290937565067
38 41 1.2525207557249063
38 42 1.2881907116701736
38 43 1.3184161521235715
38 44 1.261183761115055
38 45 1.3189852273976144
38 46 1.220032586050365
38 47 1.1891156820334896
38 48 1.1009749935636823
38 49 1.4926922906209492
38 50 1.332887049328495
38 51 1.1798173696973364
38 52 1.2816075920802048
38 53 1.2181536308689211
38 54 1.0966921508893008
38 55 1.2744390026857455
38 56 1.319936504350392
38 57 1.294424283063697
38 58 1.2138361597731138
38 59 1.0503242099265608
38 60 1.2759411876000581
38 61 1.326999307775182
38 62 1.1383763444694233
38 63 1.2270627528293678
38 64 1.0383422117083536
38 65 1.2841967042847728
38 66 0.9874632919295475
38 67 1.1669652080549433
38 68 1.218031425611814
38 69 1.2995486240668757
38 70 1.3743052937091262
38 71 1.3906807617834203
38 72 1.2885026732748763
38 73 1.2788081723854101
38 74 1.221993412891389
38 75 1.2375891212438979
38 76 1.1848389351229187
38 77 1.2686068302797413
38 78 1.1218071696861367
38 79 1.2908098922584872
38 80 1.2532271877201027
38 81 1.211904478868463
38 82 1.116655207191934
38 83 1.2520389558114966
38 84 1.2849579989162085
38 85 1.3783092441572489
38 86 1.1121689001380344
38 87 1.1964414649526416
38 88 1.0241542155965735
38 89 1.2527117862013502
39 40 1.3469657041820153
39 41 1.28066263526169
39 42 1.4344873625203642
39 43 1.3280313718195256
39 44 1.261755636606988
39 45 1.3740440590859488
39 46 1.4276095849076897
39 47 1.331765939412057
39 48 1.2170482284821267
39 49 1.4326465719323798
39 50 1.403131723618602
39 51 1.3745167769863473
39 52 1.3624706926158505
39 53 1.4169734766680486
39 54 1.3447289478554951
39 55 1.2203683718050833
39 56 1.3368088568621128
39 57 1.3755200596019088
39 58 1.381506540801683
39 59 1.4022189523679813
39 60 1.2534624918997643
39 61 1.4312158806580335
39 62 1.3556795415302727
39 63 1.4153662783621404
39 64 1.330301544650844
39 65 1.4725425238706322
39 66 1.4268134233119485
39 67 1.3128594409911925
39 68 1.4561407600333416
39 69 1.3615020842246488
39 70 1.439396127111695
39 71 1.330225550764222
39 72 1.3594001494883003
39 73 1.474837179542728
39 74 1.3366615174912102
39 75 1.3000514619587278
39 76 1.3586915380163986
39 77 1.2429851176055848
39 78 1.3404582054532324
39 79 1.3680343086121607
39 80 1.3089154274460597
39 81 1.4440443139757433
39 82 1.2700562192559757
39 83 1.3798401651794425
39 84 1.1985192858532594
39 85 1.3598362286418963
39 86 1.3057232126042397
39 87 1.364749835267918
39 88 1.4677938162838173
39 89 1.3508669922239553
40 41 1.2888706122361064
40 42 1.2303948469294774
40 43 1.2626231185182353
40 44 1.344360528365336
40 45 1.0979005443726246
40 46 1.244899733615995
40 47 1.1166204092203984
40 48 0.9924552107592833
40 49 1.3024454467247828
40 50 1.2367391835846622
40 51 1.2500629690361513
40 52 1.20680271037273
40 53 0.9506309726232324
40 54 1.243299010989714
40 55 1.272452069741534
40 56 1.3842654579252436
40 57 1.1838494825486834
40 58 1.1555653180574197
40 59 1.1111909965370461
40 60 1.357242447157729
40 61 1.2491437229786937
40 62 1.0122700613073228
40 63 1.2539390096884255
40 64 1.0102250113360143
40 65 1.2318878092401044
40 66 1.0944077893354005
40 67 1.2304376068966003
40 68 1.1965067976553785
40 69 1.313818581472519
40 70 1.3757297298789082
40 71 1.290704372369401
40 72 1.2215872067887446
40 73 1.1944941661820592
40 74 1.226251837160228
40 75 1.1856552759980903
40 76 1.3160067570912906
40 77 1.1320198423998022
40 78 1.0783310164736923
40 79 1.3536972056052796
40 80 1.295515659002655
40 81 1.246734386694285
40 82 1.2235251949219492
40 83 1.1638776220975746
40 84 1.294052786152489
40 85 1.3483269579901578
40 86 1.246519322827844
40 87 1.22868973042462
40 88 1.071250804582105
40 89 1.1858985979487384
41 42 1.3544770417530272
41 43 1.4380469770093605
41 44 1.3458106609647131
41 45 1.2775581822909876
41 46 1.3098899496185774
41 47 1.265571926428664
41 48 1.3298446533329
41 49 1.5534353789132274
41 50 1.3650585109544724
41 51 1.2064111817013976
41 52 1.2574975797218437
41 53 1.3375834421029151
41 54 1.2053516370318629
41 55 1.1753315375588498
41 56 1.368098709413591
41 57 1.3231711942693956
41 58 1.2880000137345304
41 59 1.2058034911381659
41 60 1.4088082225081349
41 61 1.4244313526480963
41 62 1.2492667594534355
41 63 1.324718821482518
41 64 1.317280556509216
41 65 1.2976125108552576
41 66 1.2134899184806502
41 67 1.327527642368861
41 68 1.2496933966365995
41 69 1.2552857686513053
41 70 1.3963301714526857
41 71 1.4752187165591266
41 72 1.1538342405728876
41 73 1.2838154906610975
41 74 1.2595035443336784
41 75 1.279860054498367
41 76 1.3600940372139678
41 77 1.3379441247681552
41 78 1.1653979971234747
41 79 1.2712449264819374
41 80 1.2248489298038459
41 81 1.3549387380502504
41 82 1.2884870340437713
41 83 1.3666516373786344
41 84 1.2257166183643768
41 85 1.3041394298848588
41 86 1.1508099057070476
41 87 1.2750127416148682
41 88 1.2565781050331999
41 89 1.104096921403138
42 43 1.5068107125132748
42 44 1.492407441195136
42 45 1.3950298430870316
42 46 1.3203908154112385
42 47 1.281846891756642
42 48 1.2756003764323396
42 49 1.298474160233096
42 50 1.3347420687351237
42 51 1.244862277557652
42 52 1.1029425465901752
42 53 1.245039293136636
42 54 1.322440003443657
42 55 1.3025578099170625
42 56 1.4464608642709988
42 57 1.3544931116416243
42 58 1.1018559346502266
42 59 1.4279461810242713
42 60 1.2875591368948374
42 61 1.255261572121972
42 62 1.1718209487667082
42 63 1.3444722269064662
42 64 1.349402099961046
42 65 1.2681354779074099
42 66 1.4073400024724434
42 67 1.2340334552952643
42 68 1.3267395749402913
42 69 1.3115763264651963
42 70 1.2597973358586108
42 71 1.1461441136273833
42 72 1.3557333605707154
42 73 1.3224080528276898
42 74 1.1854430279180406
42 75 1.3681019145623141
42 76 1.4112263388203448
42 77 1.2206716494430463
42 78 1.1917817687602619
42 79 1.296218733454078
42 80 1.3753686763461836
42 81 1.2629616774856436
42 82 1.3615364703233863
42 83 1.3336549811614051
42 84 1.3336256477814221
42 85 1.2817469894597242
42 86 1.271247964603012
42 87 1.3072837935619983
42 88 1.3590878166899625
42 89 1.2991178469585432
43 44 1.2550307211931169
43 45 1.3626795740147075
43 46 1.3432799757680363
43 47 1.359234596519278
43 48 1.265859826408351
43 49 1.3701750330562634
43 50 1.1740734790404626
43 51 1.419741124226628
43 52 1.4488313974796099
43 53 1.282168811291685
43 54 1.3951900826908437
43 55 1.3702979029852584
43 56 1.2766409296273282
43 57 1.1802601970798765
43 58 1.2682164879389115
43 59 1.2858215449940544
43 60 1.4888700318827073
43 61 1.4122394403128926
43 62 1.324970761449714
43 63 1.2890224494511424
43 64 1.2076749237828839
43 65 1.2347795649688176
43 66 1.254660112790115
43 67 1.2308784468611786
43 68 1.3376154838730756
43 69 1.3676777474954251
43 70 1.3814293481002495
43 71 1.4149394631874297
43 72 1.280528620148045
43 73 1.126504902177485
43 74 1.3333685032923925
43 75 1.1229249400646657
43 76 1.328095621343793
43 77 1.3902202537501982
43 78 1.2860626313539554
43 79 1.4593687514093288
43 80 1.1526812641681672
43 81 1.463576300382276
43 82 1.137723062650538
43 83 1.2141861894405959
43 84 1.36194605566719
43 85 1.295443888478429
43 86 1.3968261946767033
43 87 1.2871499244941949
43 88 1.2696515319945216
43 89 1.2210578115153443
44 45 1.3329615128717134
44 46 1.3285851693811825
44 47 1.37296622274823
44 48 1.3339576207570853
44 49 1.4471795447204288
44 50 1.3032071896671455
44 51 1.3635146653481311
44 52 1.4300230990553928
44 53 1.3903262642013308
44 54 1.371115427953451
44 55 1.3606183322798011
44 56 1.196825619707704
44 57 1.344052811588008
44 58 1.366668466441688
44 59 1.2798039312885772
44 60 1.2658824112871974
44 61 1.373173832048868
44 62 1.327935909059721
44 63 1.2845543523311165
44 64 1.219373096376946
44 65 1.338041645180192
44 66 1.2787481633898647
44 67 1.285478671948596
44 68 1.378629193919145
44 69 1.3719087451538343
44 70 1.4336356040054117
44 71 1.457918774911885
44 72 1.3015223876340294
44 73 1.2140255611777644
44 74 1.36670475470158
44 75 1.3322879564755417
44 76 1.2295031065634643
44 77 1.4659948691527918
44 78 1.2324706575204083
44 79 1.4346688779922712
44 80 1.2990581105746855
44 81 1.356176148151027
44 82 1.2956108665260777
44 83 1.2834985918685748
44 84 1.3162256587583478
44 85 1.3391059748177159
44 86 1.3099911377946598
44 87 1.2795216796763438
44 88 1.2872813081918308
44 89 1.3414755535348097
45 46 1.3923521162880255
45 47 1.0629528720926358
45 48 1.2159753806161802
45 49 1.4836677077151177
45 50 1.3539833365364684
45 51 1.2269831052942872
45 52 1.2557953304108984
45 53 1.2424158023605565
45 54 1.2449445828770302
45 55 1.391975388170055
45 56 1.411194323728166
45 57 1.2800388815948087
45 58 1.3476439744949031
45 59 1.2034142939807881
45 60 1.4769672965487384
45 61 1.3857781355492969
45 62 1.0997476691160457
45 63 1.25239937061508
45 64 1.2168702211098035
45 65 1.3323480541655925
45 66 1.185925551198868
45 67 1.3178816980125236
45 68 1.333319990300911
45 69 1.2950135924606956
45 70 1.3087068593554518
45 71 1.4084695284085693
45 72 1.3821365859360768
45 73 1.3486423145453579
45 74 1.2621380726654414
45 75 1.3782448199494446
45 76 1.4397362946311874
45 77 1.236219356436628
45 78 1.2547208446689084
45 79 1.3640804433838023
45 80 1.4113397036281852
45 81 1.3915908813981
45 82 1.2361987078642314
45 83 1.3338816000590972
45 84 1.3395969917538437
45 85 1.4636563331581491
45 86 1.2874374396301207
45 87 1.2883813636214203
45 88 1.1566898164716002
45 89 1.257085907451155
46 47 1.44639696375147
46 48 1.2355301653329263
46 49 1.3511328140944021
46 50 1.3265773721986662
46 51 1.313321226593864
46 52 1.1891516815946934
46 53 1.141873395320571
46 54 1.2329047814896292
46 55 1.2749587114707466
46 56 1.3554795730867806
46 57 1.2666645025463534
46 58 1.1946186726274504
46 59 1.1467011976695969
46 60 1.3789774243677781
46 61 1.3110730558903139
46 62 1.2684235255596872
46 63 1.2302299874891798
46 64 1.2064022347246637
46 65 1.1926803592556448
46 66 1.056607850984241
46 67 1.3086679154956016
46 68 1.3327894618088016
46 69 1.28577589385756
46 70 1.3181746821997478
46 71 1.3393329253012536
46 72 1.285395264837326
46 73 1.2560256900166733
46 74 1.1401879148063545
46 75 1.311775084588218
46 76 1.268773292858577
46 77 1.2518675245275654
46 78 1.1860958423641383
46 79 1.401713683928362
46 80 1.1661891313094794
46 81 1.1627225327252968
46 82 1.2883108652654953
46 83 1.340753966783709
46 84 1.31918766600521
46 85 1.2364457123951036
46 86 1.3700495074025398
46 87 1.2073519620052988
46 88 1.0373273712777873
46 89 1.364364414880593
47 48 1.11989325567041
47 49 1.4017681448331
47 50 1.4028961385007233
47 51 1.2333891680483366
47 52 1.292829678478335
47 53 1.251074896469738
47 54 1.2718284178774026
47 55 1.2782374714423435
47 56 1.4981075343082015
47 57 1.2287740690542324
47 58 1.1629499908225902
47 59 1.2049533646939774
47 60 1.379242079059505
47 61 1.3528785520834592
47 62 1.1371126933429492
47 63 1.3272699706065312
47 64 1.1284026865704533
47 65 1.2888531989239613
47 66 1.1909531247205745
47 67 1.1703692141752433
47 68 1.225550004096116
47 69 1.2563406231177472
47 70 1.3018673121174746
47 71 1.2858562723167724
47 72 1.388319922720808
47 73 1.2546835009894164
47 74 1.1840226180152014
47 75 1.1528827563945379
47 76 1.3643632025891133
47 77 1.3604726341362892
47 78 1.216209748916858
47 79 1.360752484935009
47 80 1.2587732998537806
47 81 1.2541418901092876
47 82 1.1422441118448585
47 83 1.3082088855037821
47 84 1.3401029004422478
47 85 1.4062795226577147
47 86 1.291694596380186
47 87 1.2480420890631092
47 88 1.1777359713836846
47 89 1.1954480553370312
48 49 1.386304886508464
48 50 1.2925516616867672
48 51 1.336203989259612
48 52 1.2908728882689626
48 53 1.0922311005575716
48 54 1.222346633383067
48 55 1.3026760470500922
48 56 1.4119873961625065
48 57 1.296065863420093
48 58 1.1574658393968311
48 59 1.183641461557164
48 60 1.322909104103942
48 61 1.2454356073002837
48 62 1.0449413477970733
48 63 1.299510732201335
48 64 1.0917336078961877
48 65 1.3504743406478594
48 66 1.1437686492165375
48 67 1.1055734693614554
48 68 1.1731627537869016
48 69 1.3574993125337371
48 70 1.261090835835412
48 71 1.2009058276910145
48 72 1.2598048649687033
48 73 1.3236868019387587
48 74 1.2153403447378055
48 75 1.188754351748064
48 76 1.3762232576987954
48 77 1.2445790349717842
48 78 1.1345043343625456
48 79 1.259470718776021
48 80 1.2745262197159724
48 81 1.3239977491609953
48 82 1.1750606429912127
48 83 1.2064110820308405
48 84 1.3631576303643294
48 85 1.4275733864545583
48 86 1.2943988746694692
48 87 1.2638318976371419
48 88 1.1574067316390124
48 89 1.2519356987299424
49 50 1.519850663984146
49 51 1.5142796720556493
49 52 1.3176879235396506
49 53 1.432655893461431
49 54 1.4345434052387898
49 55 1.3478986677914628
49 56 1.421856417320782
49 57 1.444849271461967
49 58 1.276457595746809
49 59 1.525235626348238
49 60 1.1929937046354928
49 61 1.2778588905396793
49 62 1.4872248966534372
49 63 1.3736226002290162
49 64 1.3531155461554076
49 65 1.4819637430091066
49 66 1.59836412880471
49 67 1.3973649726529591
49 68 1.3795100824343742
49 69 1.5357222460533857
49 70 1.1533278630781936
49 71 1.007900931550995
49 72 1.3174330293231464
49 73 1.4607315585193037
49 74 1.3056551434789416
49 75 1.3656295867532735
49 76 1.4548388913142791
49 77 1.392880214125525
49 78 1.5021017077916021
49 79 1.389046598618614
49 80 1.3692949495007252
49 81 1.309174422997469
49 82 1.4262719136349153
49 83 1.4690752731601535
49 84 1.328806768843843
49 85 1.4069592527191819
49 86 1.4395559628467058
49 87 1.4553206790129685
49 88 1.5325708055266725
49 89 1.4160149683640948
50 51 1.4481622958787084
50 52 1.4252923197405447
50 53 1.179362604756026
50 54 1.227340651786607
50 55 1.340065475089433
50 56 1.2110187149572265
50 57 1.067154180861587
50 58 1.33356459398913
50 59 1.2373113077058036
50 60 1.4177664592686454
50 61 1.3669488230568831
50 62 1.2890864611697763
50 63 1.335682622729896
50 64 1.2682065054538159
50 65 1.1952597390268571
50 66 1.2185489839457182
50 67 1.3062982987210716
50 68 1.2573362893681228
50 69 1.334175657248582
50 70 1.3723357838811874
50 71 1.3770815072410454
50 72 1.3036761367283323
50 73 1.1053889284472234
50 74 1.2945659466548016
50 75 1.2436115622985493
50 76 1.214131383491189
50 77 1.3768123463048105
50 78 1.2189901143611486
50 79 1.4174841783133032
50 80 0.9965102446709783
50 81 1.4127415355660768
50 82 1.3289734409814313
50 83 1.132964917484735
50 84 1.4605693199690821
50 85 1.3331274249170815
50 86 1.4082998440818375
50 87 1.2484864877084545
50 88 1.238599558172173
50 89 1.2389940061710205
51 52 1.2762317943504957
51 53 1.2565544048664414
51 54 1.303090916799293
51 55 1.2635725469442272
51 56 1.4248159801264295
51 57 1.2933558118684254
51 58 1.3124791658898458
51 59 1.2162831227641275
51 60 1.4227294521166824
51 61 1.3570796266955878
51 62 1.2257560477238312
51 63 1.1920375904182159
51 64 1.3236487072637533
51 65 1.2401645742909826
51 66 1.209455422972562
51 67 1.3343472810685704
51 68 1.18215897758337
51 69 1.2293487957632654
51 70 1.4213834096930993
51 71 1.5012381615234751
51 72 1.4557441764614403
51 73 1.276220689243589
51 74 1.2434074553705246
51 75 1.3867251323415728
51 76 1.358145514451782
51 77 1.3326843716418662
51 78 1.1711268824603696
51 79 1.2406789137274827
51 80 1.3968528620915226
51 81 1.223758590779356
51 82 1.3073909365493381
51 83 1.3960788757249556
51 84 1.1762100111006926
51 85 1.3330355370977784
51 86 1.0335102527878053
51 87 1.322025640760137
51 88 1.23030357190003
51 89 1.3854113105283312
52 53 1.143866162762347
52 54 1.3416781509174907
52 55 1.233207576456057
52 56 1.4465109396653297
52 57 1.417797171295088
52 58 1.0660127146766545
52 59 1.2721170010812872
52 60 1.2875579403759985
52 61 1.2544986331240764
52 62 1.196690129300608
52 63 1.301776520196267
52 64 1.35126939467881
52 65 1.3592448218556583
52 66 1.2964213651912115
52 67 1.2528668931212243
52 68 1.439741765700359
52 69 1.1872018125699957
52 70 1.3652911634942217
52 71 1.2882377161653005
52 72 1.3169162158453522
52 73 1.3677967766513137
52 74 1.1300372755981363
52 75 1.4080537218710594
52 76 1.4253265340629548
52 77 1.0106549222214132
52 78 1.1720638098176082
52 79 1.451140114417946
52 80 1.3440536057175934
52 81 1.2213440858487274
52 82 1.3085223049613222
52 83 1.2967529294980111
52 84 1.3513701279096657
52 85 1.1676368246165651
52 86 1.3498612047301062
52 87 1.373020752796997
52 88 1.289404503428956
52 89 1.4215233033733599
53 54 1.2056380752217324
53 55 1.321855894978276
53 56 1.3375231776340366
53 57 1.2105587192034022
53 58 1.2665629268668976
53 59 1.1633076989994116
53 60 1.4738907550693054
53 61 1.261036705397514
53 62 1.077746357167936
53 63 1.264564517845363
53 64 1.135418377294632
53 65 1.1776178813313
53 66 1.0871498725395086
53 67 1.1966682332767349
53 68 1.2263305360818169
53 69 1.2410908555923215
53 70 1.3934169483357628
53 71 1.3614513082322746
53 72 1.3117583984282468
53 73 1.1895172729325463
53 74 1.1791080839262544
53 75 1.2903163571351064
53 76 1.3195163803286165
53 77 1.1779308800607642
53 78 1.056677954372393
53 79 1.3836310717793125
53 80 1.2697990510804686
53 81 1.2661442864447208
53 82 1.2552901681202893
53 83 1.1833863967207277
53 84 1.315189601541341
53 85 1.2723775855551571
53 86 1.2847118547002998
53 87 1.285976341274116
53 88 1.087231676447773
53 89 1.3235889447544393
54 55 1.2221069606138593
54 56 1.271908594639521
54 57 1.2892947221601505
54 58 1.2324772690839254
54 59 1.2036664387375007
54 60 1.3569689902437532
54 61 1.2075209013710937
54 62 1.2783278372750078
54 63 1.2801011088882053
54 64 1.2905209241203364
54 65 1.3095543138778512
54 66 1.110351272360776
54 67 1.3287568919066723
54 68 1.274074867653001
54 69 1.2336007608165596
54 70 1.3851830451937726
54 71 1.3742044510615599
54 72 1.2895497495214023
54 73 1.266548719661694
54 74 1.3146758650419161
54 75 1.3272023151989383
54 76 1.284025089716651
54 77 1.3439642297171175
54 78 1.271149826633696
54 79 1.3241057501876465
54 80 1.2262139810094494
54 81 1.3071447679000936
54 82 1.2709846097341329
54 83 1.2869672057077288
54 84 1.3107699295451418
54 85 1.4210223919311336
54 86 1.2575992942595355
54 87 1.2609006278928394
54 88 1.1510180928772287
54 89 1.2793386046560045
55 56 1.3518714124039646
55 57 1.3473416654096713
55 58 1.0670946869629225
55 59 1.235834257645651
55 60 1.2367046892203202
55 61 1.3516254270169188
55 62 1.390245685861867
55 63 1.3566139257413103
55 64 1.264095059494465
55 65 1.3639475102914085
55 66 1.290476408964362
55 67 1.1747128363113408
55 68 1.2923236963522666
55 69 1.2146045175297806
55 70 1.3315317320780047
55 71 1.2514675173523764
55 72 1.2869342305010953
55 73 1.3758070085642127
55 74 1.1282131920542158
55 75 1.3344501535989077
55 76 1.3707216151865191
55 77 1.3429600047991315
55 78 1.2279342936259556
55 79 1.2867668365089626
55 80 1.224779189403748
55 81 1.2404676073440173
55 82 1.22278331782452
55 83 1.3630478790002427
55 84 1.2875721897422512
55 85 1.1515852963443372
55 86 1.2087895573615004
55 87 1.1761549785316805
55 88 1.3358752408121128
55 89 1.3802176276100713
56 57 1.3771990025314738
56 58 1.3342651814967614
56 59 1.316031397645295
56 60 1.3500477506274118
56 61 1.3593743700005159
56 62 1.447653871216634
56 63 1.4442085939294533
56 64 1.2867131306845128
56 65 1.4114059597782054
56 66 1.3368949702866755
56 67 1.2826659338768738
56 68 1.3933781091698876
56 69 1.284286091753988
56 70 1.4121139374156904
56 71 1.4677449920669283
56 72 1.2186234499972242
56 73 1.3310048438850555
56 74 1.319818922935987
56 75 1.2762699984530481
56 76 1.0881895147671106
56 77 1.468538475033056
56 78 1.3199802361750017
56 79 1.409884506057041
56 80 1.384570483428661
56 81 1.4165646639832632
56 82 1.3143208710786167
56 83 1.1924695209908662
56 84 1.3496282289352282
56 85 1.3976930527957858
56 86 1.3762295682338401
56 87 1.2915737501645697
56 88 1.350202589376277
56 89 1.321810549460296
57 58 1.3252045964517485
57 59 1.2447755611354938
57 60 1.453623977953271
57 61 1.3315564842105991
57 62 1.235472072923633
57 63 1.2841344623384234
57 64 1.0853238400784633
57 65 1.1734128306312734
57 66 1.1227729559786275
57 67 1.2888444827273522
57 68 1.2478058732493613
57 69 1.2867518001378382
57 70 1.3161600587239515
57 71 1.3926047768654524
57 72 1.295520083200292
57 73 1.1270398392165033
57 74 1.3294271193740468
57 75 1.121268026780462
57 76 1.2722346115326049
57 77 1.4141978076776378
57 78 1.1815064764372385
57 79 1.4021432076450282
57 80 1.041907213605941
57 81 1.3356827745181554
57 82 1.1777739381709007
57 83 1.2530531861385819
57 84 1.3713444822022318
57 85 1.3861090462582466
57 86 1.3445386986128396
57 87 1.152541118630041
57 88 1.126412995580867
57 89 1.2019454086618644
58 59 1.2434230694818555
58 60 1.1962259358637366
58 61 1.2586091653325087
58 62 1.2418870571613432
58 63 1.3117831387624812
58 64 1.1230229119056458
58 65 1.2732491624606395
58 66 1.260958720307684
58 67 1.1361279749539837
58 68 1.1938369977061405
58 69 1.1578563589619066
58 70 1.3075666102456454
58 71 1.1945867077191463
58 72 1.195763213130621
58 73 1.2594483591355479
58 74 1.127312761661749
58 75 1.294042587823479
58 76 1.3289081687852349
58 77 1.3042034775596014
58 78 1.1312289364082282
58 79 1.3760808086544742
58 80 1.2253110787291899
58 81 1.1516989951073975
58 82 1.2932244104839543
58 83 1.277483284628173
58 84 1.3380156025119136
58 85 1.0713194859940973
58 86 1.2968825463782916
58 87 1.239257099165584
58 88 1.2543673550757302
58 89 1.3429516679596532
59 60 1.4463973772337553
59 61 1.2643488289524518
59 62 1.1720648660957074
59 63 1.2281015122771328
59 64 1.041162278598324
59 65 1.1349179911274208
59 66 0.706748143018809
59 67 1.12682205507478
59 68 1.1681339659932721
59 69 1.3139932086654065
59 70 1.4192909269797447
59 71 1.4716314064651428
59 72 1.2063268035203496
59 73 1.1542190976535627
59 74 1.1526306043726517
59 75 1.2625083007404723
59 76 1.190797283200881
59 77 1.3309008801194453
59 78 1.1130967216094352
59 79 1.3260930426615707
59 80 1.2565383515024162
59 81 1.3091108764316433
59 82 1.2439459535321384
59 83 1.095570342531847
59 84 1.3166180497427364
59 85 1.3436657114971085
59 86 1.2026959381821947
59 87 1.1371490894286784
59 88 0.7914450484369464
59 89 1.204011066624571
60 61 1.401253814071272
60 62 1.3775554211703256
60 63 1.3663940209965266
60 64 1.2548158844501336
60 65 1.3269093317016039
60 66 1.4559135487742765
60 67 1.2388926310595936
60 68 1.2859014570060556
60 69 1.4781896273210373
60 70 1.3175618767280377
60 71 1.1673544654001127
60 72 1.362535282366468
60 73 1.3226669659247616
60 74 1.2840383681780305
60 75 1.3631295486022952
60 76 1.4216063092324496
60 77 1.2934445475555922
60 78 1.3057626940975047
60 79 1.408904758998656
60 80 1.3669942902549992
60 81 1.2909829976016858
60 82 1.3353157335331034
60 83 1.3760435184833524
60 84 1.3407948500509124
60 85 1.4269248956858676
60 86 1.2521474551753724
60 87 1.3576915954675526
60 88 1.4446614806233677
60 89 1.4757072354957044
61 62 1.3150602905350928
61 63 1.254657829479664
61 64 1.3395053445470626
61 65 1.3800600369775757
61 66 1.3226150983899703
61 67 1.2419483687694983
61 68 1.2383606413281545
61 69 1.2932962678237607
61 70 1.2484939071783916
61 71 1.2416023091431907
61 72 1.3652254124006162
61 73 1.3988129094150796
61 74 1.2516305359523678
61 75 1.4662259904295598
61 76 1.365343881380689
61 77 1.3164701205975164
61 78 1.2799091915010339
61 79 1.3711724678700334
61 80 1.4746051558545668
61 81 1.1511217678537775
61 82 1.4197006105816454
61 83 1.1527169449317105
61 84 1.2485507208763258
61 85 1.33286868310706
61 86 1.3606393976372413
61 87 1.320000115070383
61 88 1.321538745020741
61 89 1.4323671079604456
62 63 1.2874693311432952
62 64 1.1048980362860987
62 65 1.1858192350915384
62 66 1.0905307913588302
62 67 1.2076317883648726
62 68 1.3070642092096432
62 69 1.2485766324152783
62 70 1.3787367921888247
62 71 1.3950443540601598
62 72 1.361103073110214
62 73 1.2579482841159124
62 74 1.2353952074037733
62 75 1.2577567257842668
62 76 1.3716322467611366
62 77 1.081218461845709
62 78 1.0835144877725884
62 79 1.3969454168347277
62 80 1.3242630202309174
62 81 1.3200848154767444
62 82 1.306747559920113
62 83 1.1876733932972143
62 84 1.4071446352002646
62 85 1.3103546231719039
62 86 1.2713443740894204
62 87 1.248466375045023
62 88 1.089177782351491
62 89 1.239968125254253
63 64 1.227402968101968
63 65 1.238732680905155
63 66 1.2098398461692799
63 67 1.264658267505031
63 68 1.2553157366479046
63 69 1.3279095378148844
63 70 1.40438060650557
63 71 1.4119015145713023
63 72 1.3875714598679159
63 73 1.2162557488305834
63 74 1.2666536454319155
63 75 1.3525854530463213
63 76 1.3711815151511684
63 77 1.2872883973509806
63 78 1.3085982333570771
63 79 1.3283123992720611
63 80 1.3747956383417619
63 81 1.2461692930085029
63 82 1.2284181093336186
63 83 1.3510288678132918
63 84 1.3155007319574918
63 85 1.4043674999126106
63 86 1.191897265686472
63 87 1.2414556607545797
63 88 1.223205569790491
63 89 1.3192609177650771
64 65 1.1890808545055411
64 66 1.0361839767245538
64 67 0.9829516844804497
64 68 1.1365593167223755
64 69 1.3234850496322181
64 70 1.3761960095670025
64 71 1.3519051469829046
64 72 1.2012600380863627
64 73 1.1408865996061706
64 74 1.1752371260446546
64 75 1.1617056349370898
64 76 1.2071457948288615
64 77 1.364174479662153
64 78 1.061362864744836
64 79 1.400975058387235
64 80 1.2099351186477922
64 81 1.2654566821662558
64 82 1.1315195543990475
64 83 1.1901027656832837
64 84 1.3525298728505106
64 85 1.4022411492624338
64 86 1.2790293857421973
64 87 1.196896911223457
64 88 1.0541244718837959
64 89 1.2149894809568755
65 66 1.0704197142868161
65 67 1.245037825461414
65 68 1.238836475863289
65 69 1.2994112291576168
65 70 1.3905471731318804
65 71 1.3855845390792032
65 72 1.296891301050602
65 73 0.6980385965244378
65 74 1.230589807850755
65 75 1.1705339465382596
65 76 1.2557983056801736
65 77 1.4291119300901365
65 78 1.1351041662394665
65 79 1.3382777293871622
65 80 1.2213900956904604
65 81 1.3437165191971217
65 82 1.251102033774146
65 83 1.2640816682605094
65 84 1.2394426401466692
65 85 1.339105242287473
65 86 1.194761771415105
65 87 1.2571971982980996
65 88 1.0581534170957776
65 89 1.2519075371389397
66 67 1.2478097022709658
66 68 1.1992053609754254
66 69 1.2678977514433831
66 70 1.3995250179801484
66 71 1.4631095441491142
66 72 1.266430717301345
66 73 1.1101643236646614
66 74 1.2571600294561542
66 75 1.2207844607917056
66 76 1.185071921414368
66 77 1.2977523572506386
66 78 1.0962409461013176
66 79 1.2987153920711128
66 80 1.2076548589584322
66 81 1.362020916432205
66 82 1.2074028193991961
66 83 1.1370925457655452
66 84 1.3114513792470202
66 85 1.367945525378667
66 86 1.1939322157353565
66 87 1.0912991022717635
66 88 0.48426639785668923
66 89 1.2511629036686316
67 68 1.16433435607464
67 69 1.1953499163616519
67 70 1.3132416844653898
67 71 1.2729463100957563
67 72 1.3156959769064693
67 73 1.1755274648453446
67 74 0.9171857518894058
67 75 1.2193682206151084
67 76 1.3161933106832273
67 77 1.3289741157308377
67 78 1.1091573547287081
67 79 1.4029959875107876
67 80 1.2596470147855479
67 81 1.1525173519101686
67 82 1.226419661919715
67 83 1.2073475049780389
67 84 1.3528979065415208
67 85 1.3401277803600278
67 86 1.2500039863199195
67 87 1.1678771907224152
67 88 1.2051902650790438
67 89 1.302474979335499
68 69 1.342213681855742
68 70 1.3433706929298115
68 71 1.322855770731114
68 72 1.2456113074601836
68 73 1.1797282066771837
68 74 1.228712954410637
68 75 1.28258877650409
68 76 1.3685514851900324
68 77 1.4189040033173423
68 78 1.1727258213396459
68 79 1.2885549996174348
68 80 1.201297933045059
68 81 1.2772531007301997
68 82 1.3294161118868741
68 83 1.212142774684175
68 84 1.2723715722395297
68 85 1.4556644174653086
68 86 1.1291950105713382
68 87 1.2812273763522903
68 88 1.1879476118144816
68 89 1.2521132405770963
69 70 1.3852384690725577
69 71 1.4610973502869855
69 72 1.4476301051350138
69 73 1.2918154925778478
69 74 1.2757317499517231
69 75 1.4543246352792394
69 76 1.3626638298943865
69 77 1.3191255011762486
69 78 1.279771041647257
69 79 1.422294018583847
69 80 1.2528236903335455
69 81 1.0854457539958358
69 82 1.2993886723854577
69 83 1.32666108241654
69 84 1.3099345837892542
69 85 1.1919856092137637
69 86 1.2846894211171211
69 87 1.2462651443279995
69 88 1.280150622191879
69 89 1.2941982400221976
70 71 1.0353010389110868
70 72 1.3472849023759932
70 73 1.382058655836582
70 74 1.2423428531085097
70 75 1.3091483728276163
70 76 1.390509557546079
70 77 1.3727667905189864
70 78 1.349748779129167
70 79 1.3163496724778525
70 80 1.339556103092209
70 81 1.322274573900882
70 82 1.3254460336182565
70 83 1.3674284514471622
70 84 1.3906763428058375
70 85 1.3525744765865215
70 86 1.3283053351349805
70 87 1.3977131955544835
70 88 1.356601936033224
70 89 1.3086986105324343
71 72 1.3512318668710501
71 73 1.3917427940382285
71 74 1.1923203109757003
71 75 1.2805390574856583
71 76 1.366961605961158
71 77 1.4078281668184962
71 78 1.2732842843057501
71 79 1.319595732126052
71 80 1.3331289412608889
71 81 1.2732506509593913
71 82 1.3644164822662006
71 83 1.373690703024462
71 84 1.3570547455063717
71 85 1.3210530360994255
71 86 1.379669265313442
71 87 1.4095173629268254
71 88 1.43148940135021
71 89 1.462970829403994
72 73 1.201843094670129
72 74 1.3128909607657888
72 75 1.2433926432951514
72 76 1.243805315932574
72 77 1.4085752032486538
72 78 1.2594058513277333
72 79 1.4258889764161984
72 80 1.21217815343904
72 81 1.3892957759243445
72 82 1.3161026414839205
72 83 1.2105150734391419
72 84 1.3766054772736316
72 85 1.2705541545428234
72 86 1.3741439808663325
72 87 1.2861687198291485
72 88 1.2389833068254132
72 89 1.1387428782296096
73 74 1.2297882093207493
73 75 1.1546021144699905
73 76 1.1882990868748236
73 77 1.417968806101791
73 78 1.1313844166476186
73 79 1.3996999966359311
73 80 1.151156277192471
73 81 1.3697077753583535
73 82 1.1801643070746857
73 83 1.2209378517081952
73 84 1.3138872109262463
73 85 1.3706150460072362
73 86 1.287750612496676
73 87 1.2059689198944206
73 88 1.0575899528527315
73 89 1.2039171924077772
74 75 1.1708540195566155
74 76 1.317529985137855
74 77 1.240524025112122
74 78 1.0748792490454864
74 79 1.3440163007904309
74 80 1.253476495353988
74 81 1.1896327237977098
74 82 1.3175528856140841
74 83 1.246554075534659
74 84 1.3120257327637301
74 85 1.2884843241310926
74 86 1.2545256692971
74 87 1.2538720070971732
74 88 1.2074769687814244
74 89 1.3335992826914735
75 76 1.27580308112628
75 77 1.394367541702389
75 78 1.2095985412911026
75 79 1.450110135541128
75 80 1.119909352847308
75 81 1.4377346867740173
75 82 1.152765407803223
75 83 1.2861279249071844
75 84 1.3514715574462275
75 85 1.4837558087483291
75 86 1.3558536953135472
75 87 1.3281185272092186
75 88 1.1971620127901916
75 89 1.1724876269214197
76 77 1.5018057361875317
76 78 1.1970732009406302
76 79 1.388563128317122
76 80 1.2993230993383542
76 81 1.421243448269335
76 82 1.2721386882017345
76 83 1.2479797142743625
76 84 1.4585601118137677
76 85 1.346186575285658
76 86 1.4138486010475761
76 87 1.296873851534342
76 88 1.1574019528061479
76 89 1.3925922469300385
77 78 1.3363875334900766
77 79 1.4447004285610814
77 80 1.4299775789577902
77 81 1.3163450622715105
77 82 1.3460257800323852
77 83 1.3373728902670379
77 84 1.3460631840489927
77 85 1.3611034871015324
77 86 1.2814516274141237
77 87 1.3775311018444532
77 88 1.320296064001708
77 89 1.3685561387846705
78 79 1.3312982753851201
78 80 1.2664719226962908
78 81 1.2525264496795436
78 82 1.151624464677173
78 83 1.0949373935490416
78 84 1.2718946111221632
78 85 1.2416769535532002
78 86 1.1713686528585405
78 87 1.2116331058945211
78 88 1.0988374149919728
78 89 1.2103478233719915
79 80 1.3766671022288104
79 81 1.4392699505937963
79 82 1.3020890591710337
79 83 1.3561385973834883
79 84 1.3030754017173671
79 85 1.4385866224361363
79 86 0.919032729211269
79 87 1.2793902258819778
79 88 1.3525136978469852
79 89 1.3996895267829375
80 81 1.3663372426631835
80 82 1.1818744554288636
80 83 1.268093540731678
80 84 1.3791215717902767
80 85 1.2865398512892976
80 86 1.3843131593264322
80 87 1.225997701214498
80 88 1.1998313041138386
80 89 1.1417737028976511
81 82 1.3573045974596232
81 83 1.332729921093781
81 84 1.2974598506382875
81 85 1.2406470980680082
81 86 1.2464867449452413
81 87 1.2500919829097326
81 88 1.3818982731284222
81 89 1.3716815523984278
82 83 1.347853297834487
82 84 1.274569663701538
82 85 1.4071978104079323
82 86 1.2180551053714603
82 87 1.2055112529361665
82 88 1.1986770964333309
82 89 1.0995977559537689
83 84 1.4606163436188904
83 85 1.2585695545247144
83 86 1.3338041048327502
83 87 1.233879739490364
83 88 1.1782795330472295
83 89 1.2921754043401001
84 85 1.3798864052974407
84 86 1.0809936460388427
84 87 1.2728759614476746
84 88 1.3285735879433276
84 89 1.3169482528511542
85 86 1.3810311732812282
85 87 1.3354165332511598
85 88 1.4333207109150548
85 89 1.3916390941122907
86 87 1.1808504860620055
86 88 1.27929066352788
86 89 1.2856231688548643
87 88 1.0996857723900793
87 89 1.2637715739541437
88 89 1.2494365495658952
