75 0
0 1 1.2716808050963582
0 2 1.2414692069682036
0 3 1.3986137258227502
0 4 1.2049543825608875
0 5 1.390500711102262
0 6 1.2787822857307103
0 7 1.2932959533501245
0 8 1.3513826464567766
0 9 1.3408754057935488
0 10 1.3694160976059835
0 11 1.2843751197512006
0 12 1.2225342175182543
0 13 1.2291400249975104
0 14 1.102770384053844
0 15 1.2586694467267487
0 16 1.218398853061505
0 17 1.1700268027483216
0 18 1.2916105523696424
0 19 1.3182856041532154
0 20 1.3667989187478184
0 21 1.3559953857554914
0 22 1.1814087570275127
0 23 1.3664961206368667
0 24 1.3128440714118381
0 25 1.3769165669295382
0 26 1.3256802558977585
0 27 1.2383368563972246
0 28 1.2983304516716365
0 29 1.3116625059188933
0 30 1.1263990326829583
0 31 1.1335526107697975
0 32 1.3086746638754532
0 33 1.297372047657611
0 34 1.3698736833683176
0 35 1.451824519996829
0 36 1.3417449256926048
0 37 1.277492423860622
0 38 1.3317355190855564
0 39 1.2105979424808637
0 40 1.3374302230550954
0 41 1.2280998790264435
0 42 1.3548926635513188
0 43 1.2747127402402345
0 44 1.2318253259128182
0 45 1.3825436013376198
0 46 1.3379064792954416
0 47 1.373486159725787
0 48 1.469735020566204
0 49 1.3497293294609045
0 50 1.2225636757008456
0 51 1.1637552206178547
0 52 1.378197136522793
0 53 1.1300859430409473
0 54 1.2627049105269121
0 55 1.2443418184504678
0 56 1.3780043052925752
0 57 1.352034813263361
0 58 1.394398064577595
0 59 1.1932578448357136
0 60 1.3592026351363358
0 61 1.3363117134682112
0 62 1.2006415732994904
0 63 1.2206672214071121
0 64 1.2415402520639014
0 65 1.254022260477847
0 66 1.31539721981417
0 67 1.159495966206838
0 68 1.3726380855407345
0 69 1.2079405268917884
0 70 1.273374104753668
0 71 1.3014884193377603
0 72 1.2604412693491904
0 73 1.324311303053575
0 74 1.3648207246844624
1 2 1.206848754483675
1 3 1.4371716591947628
1 4 1.0925617394605984
1 5 1.27459068737625
1 6 1.4212094021250425
1 7 1.1919291561689258
1 8 1.4795864961617204
1 9 1.1227370629117872
1 10 1.568211267557571
1 11 1.1729332368442025
1 12 1.3394264171771024
1 13 1.1166727664335117
1 14 1.1609692902676774
1 15 0.8875222947204742
1 16 1.105886604682911
1 17 1.0351223885773315
1 18 1.1945143176213169
1 19 1.490955087245563
1 20 1.3344654336966888
1 21 1.4089776311740498
1 22 1.1139679820529946
1 23 1.230633262300308
1 24 1.1601416484966673
1 25 1.3798222750271856
1 26 1.4297019642695743
1 27 1.1233667599150394
1 28 1.289104787479477
1 29 1.4912701064829543
1 30 1.1936929652352763
1 31 1.1658243015654728
1 32 1.2457823752884831
1 33 1.239485263789886
1 34 1.3759209202528462
1 35 1.493128868818111
1 36 1.4035292384487155
1 37 1.3327200229159555
1 38 1.5418554929401698
1 39 1.1634931026066457
1 40 1.5006307626178421
1 41 1.3607199709198083
1 42 1.338216707183341
1 43 1.284358923628692
1 44 1.2509429713296631
1 45 1.2427066945565886
1 46 1.3222322662465882
1 47 1.6170793047642038
1 48 1.3912277920334384
1 49 1.2594948424594437
1 50 1.120657403021487
1 51 1.27697428383305
1 52 1.5292646591381323
1 53 1.1449486273821314
1 54 1.4291609348752727
1 55 1.489629478152686
1 56 1.2767076383472291
1 57 1.1839680716741856
1 58 1.2722486636218668
1 59 1.2611034915725754
1 60 1.2453578660016262
1 61 1.6085240450126521
1 62 1.3345154649403586
1 63 1.229929881431465
1 64 1.3266824900304675
1 65 1.203935918373686
1 66 1.2734699268004357
1 67 1.2162714096164304
1 68 1.4874258710887587
1 69 1.2106907176958288
1 70 1.1595486046215713
1 71 1.1309762302027841
1 72 1.3751954020759727
1 73 1.3072550663042641
1 74 1.2950919155384144
2 3 1.5366309363304829
2 4 1.2578086620307605
2 5 1.2104389848208938
2 6 1.4039186571314952
2 7 1.2105324638259154
2 8 1.3967403751516472
2 9 1.2456229127682095
2 10 1.4634279278729045
2 11 1.1469122028306937
2 12 1.2814363007709553
2 13 0.860771169390805
2 14 1.162497211643278
2 15 1.1094709207751683
2 16 1.1257731869711733
2 17 1.0543696304876464
2 18 1.2776892250049243
2 19 1.4132152448493869
2 20 1.1673447006344941
2 21 1.3100494028291496
2 22 1.0464357623626053
2 23 1.241122777562092
2 24 1.0728246004595678
2 25 1.2505137792617451
2 26 1.3178823152304426
2 27 1.0399493729080742
2 28 1.130915586010725
2 29 1.4320457655076377
2 30 1.3498539687665478
2 31 1.3162105699922468
2 32 1.2737370168279973
2 33 0.9644937631494082
2 34 1.3075016662859298
2 35 1.4074632738517365
2 36 1.4177468241925433
2 37 1.2453924451344334
2 38 1.5125292154594807
2 39 1.1250928280340673
2 40 1.4539415876916475
2 41 1.205033496526398
2 42 1.2760429619806664
2 43 1.2432405875059567
2 44 1.2365013924462402
2 45 1.1533207014505926
2 46 1.2827725115774868
2 47 1.5423222485484138
2 48 1.4420481428368288
2 49 1.2993506144226223
2 50 1.1480669823164034
2 51 1.4069558009831078
2 52 1.3720395370880532
2 53 1.0653937448000863
2 54 1.4095790087660096
2 55 1.363787917177994
2 56 1.160933746382632
2 57 1.0842869616437898
2 58 1.3971201592604845
2 59 1.2783557973752206
2 60 1.2580713532427474
2 61 1.4631220684057868
2 62 1.3038610447844952
2 63 1.0435999116438757
2 64 1.327141129794459
2 65 1.2413018061801477
2 66 1.281689992866923
2 67 1.1496148659506442
2 68 1.4368734848551745
2 69 1.0879355980206231
2 70 1.2040818203513015
2 71 1.031371074018631
2 72 1.2287743161359688
2 73 1.3590005077783256
2 74 1.4234310342845904
3 4 1.3558954364879539
3 5 1.388499401600077
3 6 0.943153014918264
3 7 1.4499555883986608
3 8 1.293310547321713
3 9 1.3986273831928664
3 10 1.2481817799841455
3 11 1.4545023523730636
3 12 1.4887514661507877
3 13 1.3182280576219905
3 14 1.428340612741988
3 15 1.5305843474620164
3 16 1.3378136852096143
3 17 1.3408212899588068
3 18 1.3721164133709123
3 19 1.2286460530016938
3 20 1.3775522894110872
3 21 1.3636534945032688
3 22 1.4224189779753786
3 23 1.4427417126476645
3 24 1.3182750053534904
3 25 1.268908111941921
3 26 1.5127314951519908
3 27 1.3850835834366644
3 28 1.306620388146844
3 29 1.165934014966304
3 30 1.2827306952205522
3 31 1.4032183875235256
3 32 1.3694659548900734
3 33 1.3933613298909413
3 34 1.4596140701848286
3 35 1.2999236381967532
3 36 1.5147768233151027
3 37 1.3648467826174875
3 38 1.2433690724860595
3 39 1.37357416274976
3 40 1.481455089768416
3 41 1.3295097035777868
3 42 1.2835206307331333
3 43 1.5029181561908933
3 44 1.467542806965571
3 45 1.3474445645339275
3 46 1.4758397037141757
3 47 1.3447707890842175
3 48 1.4904801904595188
3 49 1.4053444818947414
3 50 1.4567750828846793
3 51 1.4264895422515513
3 52 1.3085564167784072
3 53 1.4729925912086557
3 54 1.4321696712122112
3 55 1.1615288280161915
3 56 1.4248812260112904
3 57 1.3674654600212688
3 58 1.3764520131148186
3 59 1.2406715182234889
3 60 1.523553977256001
3 61 1.2848430160049655
3 62 1.295422367617351
3 63 1.419023334155765
3 64 1.425226468720323
3 65 1.3586566273723621
3 66 1.456503952324408
3 67 1.3623266301508332
3 68 1.251005848257229
3 69 1.384262345541534
3 70 1.4497769979697004
3 71 1.4153603935905001
3 72 1.587071083565499
3 73 1.364672266791032
3 74 1.4366920051701775
4 5 1.3574203073237416
4 6 1.3251636042519512
4 7 1.2898623555034698
4 8 1.3848135746007455
4 9 1.156284815757571
4 10 1.4440928912422024
4 11 1.1020916804378182
4 12 1.246392427775008
4 13 1.1964188265481994
4 14 1.150618512360527
4 15 1.1322130298332354
4 16 1.2367368715422558
4 17 1.0672957086831152
4 18 1.181324986704902
4 19 1.3934480791015167
4 20 1.3838152776433437
4 21 1.5201177333411564
4 22 1.067291030378417
4 23 1.165125426153335
4 24 1.1201085825933277
4 25 1.3667268317378634
4 26 1.4827802759493094
4 27 1.0855175532713006
4 28 1.2549265342123668
4 29 1.378369637877507
4 30 1.280785490179482
4 31 1.3156674379252324
4 32 1.2064544450911374
4 33 1.3667330316460726
4 34 1.3693743443155004
4 35 1.4753562525505013
4 36 1.3352809530449996
4 37 1.3368068123782826
4 38 1.425811774713806
4 39 1.1555922274019041
4 40 1.3853562438624447
4 41 1.3158572300612257
4 42 1.415235086014101
4 43 1.2209228620752495
4 44 1.3589642333065348
4 45 1.3783480471286131
4 46 1.2641083235913708
4 47 1.5086505436411748
4 48 1.4402485617215788
4 49 1.3125372235038226
4 50 1.180185560673966
4 51 1.2858226263436074
4 52 1.4056239172862321
4 53 1.2879839528415329
4 54 1.4152305473872682
4 55 1.33891078831324
4 56 1.2693342477227756
4 57 1.2633833357453996
4 58 1.2247301254172387
4 59 1.2873778352980159
4 60 1.275223005473865
4 61 1.4512602568405129
4 62 1.3588759480046053
4 63 1.2661447193609363
4 64 1.3079924068758206
4 65 1.144668969833245
4 66 1.375450686005843
4 67 1.1593017734994118
4 68 1.4052336538311876
4 69 1.2409347160135547
4 70 1.1111403808779503
4 71 1.2401852172416425
4 72 1.4229813970255583
4 73 1.269985136405973
4 74 1.3422870140404055
5 6 1.5049256818482981
5 7 1.314458513436034
5 8 1.3147417679531666
5 9 1.3089456406686224
5 10 1.366434418725797
5 11 1.2814406071192268
5 12 1.408420510604991
5 13 1.0550102825101355
5 14 1.3430315434667397
5 15 1.2926000335284626
5 16 1.1728947501665794
5 17 1.2728696615939938
5 18 1.3449657359939442
5 19 1.2828279636549396
5 20 0.9118487011816936
5 21 1.3364142613231422
5 22 1.2990294405507017
5 23 1.3886559873176534
5 24 1.3389494363433447
5 25 1.2501946554242103
5 26 1.4236740419684686
5 27 1.254628817761081
5 28 0.8755522145299987
5 29 1.2964287162234243
5 30 1.4564123530714634
5 31 1.3917068103666497
5 32 1.3626322779900633
5 33 1.0627567465022287
5 34 1.4231720366506164
5 35 1.2945967776440082
5 36 1.2952781423352662
5 37 1.292641549474822
5 38 1.317256653671763
5 39 1.299126984826468
5 40 1.4259525643776298
5 41 1.2820419856565461
5 42 1.0411751876544209
5 43 1.449428254818316
5 44 1.3005608783822156
5 45 0.8216579003696645
5 46 1.5047439586436262
5 47 1.4022842227127656
5 48 1.3927754919436475
5 49 1.481532934645045
5 50 1.207775548343377
5 51 1.3893163707421918
5 52 1.263745052846361
5 53 1.3466385796351525
5 54 1.3926811586858965
5 55 1.238554191970528
5 56 1.2195410274329095
5 57 0.9216040588231226
5 58 1.419519835609183
5 59 1.2784927396210022
5 60 1.3066296358153993
5 61 1.3570295190982424
5 62 1.3783855905554419
5 63 1.3449408188471916
5 64 1.3229053176608918
5 65 1.383330234618353
5 66 1.3405027150334783
5 67 1.2979366370505445
5 68 1.337427567758599
5 69 1.222745348201471
5 70 1.3503884669508848
5 71 1.2392057382352097
5 72 1.3768767147192231
5 73 1.4597273594736975
5 74 1.4251618719589767
6 7 1.385868236716055
6 8 1.2077341118795015
6 9 1.38779822304591
6 10 1.189715236939358
6 11 1.395237962525423
6 12 1.2771351484005913
6 13 1.3020471892862377
6 14 1.2840159215330391
6 15 1.4515381184445655
6 16 1.2799849574076345
6 17 1.2586183003921527
6 18 1.263190635296736
6 19 1.236996576787323
6 20 1.4229393022590475
6 21 1.353836484571858
6 22 1.395741892634151
6 23 1.4109802693559355
6 24 1.2439078961885213
6 25 1.1723929837015419
6 26 1.3790335274515524
6 27 1.3617577691443803
6 28 1.4008890222031594
6 29 1.110518040715003
6 30 1.1560967216667806
6 31 1.3162205471068134
6 32 1.3186639239525353
6 33 1.321330777990892
6 34 1.4319223166675712
6 35 1.2647193935169165
6 36 1.5095807295551291
6 37 1.3271566818036846
6 38 1.1679917039763137
6 39 1.417419791384191
6 40 1.4330695007873486
6 41 1.249093946037346
6 42 1.3321584584109618
6 43 1.3751023339349722
6 44 1.3451982250147594
6 45 1.4483827799337246
6 46 1.3831748410531046
6 47 1.2670826042867267
6 48 1.4080572601618706
6 49 1.3684811737273024
6 50 1.349603272228307
6 51 1.3434801182402767
6 52 1.3262278813331905
6 53 1.35138814213234
6 54 1.4240976890124895
6 55 1.1739157671049547
6 56 1.4895352360619036
6 57 1.4077758727378447
6 58 1.3129570052419868
6 59 1.2044850588424119
6 60 1.4940107158517069
6 61 1.2364008523426748
6 62 1.3151822404863356
6 63 1.2757845749206587
6 64 1.4129590386135182
6 65 1.3018225517814186
6 66 1.3046981300259457
6 67 1.237687561068026
6 68 1.220427479424501
6 69 1.3296075768842095
6 70 1.4071076776913165
6 71 1.3451644113970478
6 72 1.4784683293476846
6 73 1.3648419847023452
6 74 1.3659335010928146
7 8 1.3496097220839036
7 9 1.1755544111508567
7 10 1.4142488847795442
7 11 1.2391196049345579
7 12 1.3764637879590127
7 13 1.2068669150872668
7 14 1.349618992979627
7 15 1.2911465162911944
7 16 1.2773910588774302
7 17 1.1867464745605725
7 18 1.327145974493162
7 19 1.3776454971908285
7 20 1.3011686097846182
7 21 1.4507532436971569
7 22 1.1911416642882455
7 23 1.3248098448349355
7 24 1.2540272297876762
7 25 1.3679013045740234
7 26 1.1362803977073554
7 27 1.1813724040914606
7 28 1.4077251880370552
7 29 1.3827894582486393
7 30 1.2618989188110437
7 31 1.3755834538656317
7 32 1.2740793906098233
7 33 1.2954552969979793
7 34 1.249937529140124
7 35 1.3541769756712034
7 36 1.4230313188557893
7 37 1.4438145371394193
7 38 1.4094098443241194
7 39 1.1650783587059959
7 40 1.4129853021328576
7 41 1.355855450079749
7 42 1.2083406364385885
7 43 1.2194189893869825
7 44 1.2782516095900847
7 45 1.2797850707384364
7 46 1.3648921137409722
7 47 1.470590900428783
7 48 1.270318474354426
7 49 1.3180496250280163
7 50 1.238248131358947
7 51 1.2910878836710402
7 52 1.4472275850260121
7 53 1.2216739937185548
7 54 1.4379825621950988
7 55 1.3365508914840813
7 56 1.3550641027195998
7 57 1.285499043802919
7 58 1.3868230951015321
7 59 1.2829627498831222
7 60 1.2363597995964473
7 61 1.3979291466831885
7 62 1.3372954801721386
7 63 1.2722877437681372
7 64 1.17037351636577
7 65 1.3318597408383452
7 66 1.2491844306329392
7 67 1.1383487639864838
7 68 1.4378280933355263
7 69 1.1802662707080072
7 70 1.2264525063107414
7 71 1.1862027890603533
7 72 1.3312348064963202
7 73 1.3513672091196791
7 74 1.2422326005349673
8 9 1.4215264624890007
8 10 1.1260983129914652
8 11 1.4113974457960397
8 12 1.3359579549158638
8 13 1.3371939347759598
8 14 1.406747223237134
8 15 1.4559504223338078
8 16 1.287539900857018
8 17 1.3730393400455043
8 18 1.3791358725740526
8 19 1.2732251998630266
8 20 1.306771747967586
8 21 1.3438548354932787
8 22 1.573815092775736
8 23 1.392666436762996
8 24 1.3449160380989569
8 25 1.2626231615934869
8 26 1.3284801100109913
8 27 1.4494547040449004
8 28 1.3463324103788104
8 29 1.0717053445607443
8 30 1.270501761208459
8 31 1.3439252645812276
8 32 1.3704154976945755
8 33 1.2536938458812605
8 34 1.390053456655834
8 35 1.1679457760473633
8 36 1.4381084185963162
8 37 1.3760317046704935
8 38 1.1174611215701455
8 39 1.383297227800678
8 40 1.466617255309328
8 41 1.280553437333589
8 42 1.2878224416813322
8 43 1.4110553731010262
8 44 1.3605893645287848
8 45 1.3241215828189479
8 46 1.4904000636619221
8 47 1.2065910515343277
8 48 1.352621240659652
8 49 1.3905391626226098
8 50 1.3353979133241634
8 51 1.346983544138892
8 52 1.2201335731776817
8 53 1.4968000405825255
8 54 1.2973668416948656
8 55 1.0671839616753023
8 56 1.486000354320817
8 57 1.3066692943689044
8 58 1.3622913101847336
8 59 1.2487352742285351
8 60 1.452289661351325
8 61 1.1017016408420726
8 62 1.4098022853638736
8 63 1.3643165671116448
8 64 1.3527109611794144
8 65 1.4091962138713474
8 66 1.3582664715790522
8 67 1.3345093745847632
8 68 1.2438369524725978
8 69 1.4062251170478324
8 70 1.4520883619895038
8 71 1.3259746552874303
8 72 1.394166712278808
8 73 1.5584247079247162
8 74 1.4562718214752308
9 10 1.4989172727315787
9 11 1.1566687953809984
9 12 1.2724323804404076
9 13 1.2715835090991348
9 14 1.298795322747934
9 15 1.156922178044277
9 16 1.1983835620772663
9 17 1.173404137822691
9 18 1.3783981765008462
9 19 1.4681962845391088
9 20 1.3294633664677917
9 21 1.6173224071244359
9 22 1.1679640190816105
9 23 1.2237744124120347
9 24 1.2030959824299807
9 25 1.384144414888658
9 26 1.3660608924479027
9 27 1.3027458578924827
9 28 1.2949566150149288
9 29 1.3968756459844345
9 30 1.2100022113703313
9 31 1.3587608276281486
9 32 1.2607396113679714
9 33 1.362064662940497
9 34 1.2431433187387433
9 35 1.4243545183108488
9 36 1.3765026410226586
9 37 1.4276255643869509
9 38 1.42581173335799
9 39 1.1978632233225923
9 40 1.274063678038588
9 41 1.3886370823492595
9 42 1.3340137972198072
9 43 1.1864217244676276
9 44 1.33369700861916
9 45 1.3406189421028367
9 46 1.177924141748354
9 47 1.4998275746965297
9 48 1.3404038050674512
9 49 1.3447649868426217
9 50 1.120490715921028
9 51 1.2341923462293352
9 52 1.4316280053620793
9 53 1.2532528737650623
9 54 1.347039112936561
9 55 1.4296552013454686
9 56 1.3289180209890052
9 57 1.3203642404590714
9 58 1.2563103203179082
9 59 1.2516976333896286
9 60 1.231178557335229
9 61 1.4820857315061806
9 62 1.3053909116910851
9 63 1.329800409498084
9 64 1.2715231357750179
9 65 1.3259543106610665
9 66 1.2454027985934562
9 67 1.249227902371858
9 68 1.3240188245558009
9 69 1.2312502544762096
9 70 0.757583674480287
9 71 1.2055984254695442
9 72 1.3773720702124554
9 73 1.271514324464644
9 74 1.1893457557754212
10 11 1.4569760950737791
10 12 1.3683007866067847
10 13 1.408860971434622
10 14 1.4137253427624539
10 15 1.6011258936637842
10 16 1.4384871372382901
10 17 1.3878149917907978
10 18 1.341176556973239
10 19 0.9634714958498104
10 20 1.3458845698491864
10 21 1.4392335075374483
10 22 1.5455757144756173
10 23 1.402782435402469
10 24 1.5007518215190008
10 25 1.4010911947580513
10 26 1.3645478541330276
10 27 1.4879353156367678
10 28 1.3583433131110902
10 29 0.6809513426731344
10 30 1.230036857155654
10 31 1.4101406103647036
10 32 1.4291112683685696
10 33 1.3892158560433214
10 34 1.4693552458637822
10 35 1.0132787291574097
10 36 1.5201495046326883
10 37 1.4584406777607826
10 38 0.6053275804715137
10 39 1.3945958017392408
10 40 1.4077293879120871
10 41 1.1791762108929453
10 42 1.347033869118754
10 43 1.4514800771852423
10 44 1.4470590819345495
10 45 1.4012681529302693
10 46 1.4992384947939985
10 47 0.79403565748693
10 48 1.4421203160403036
10 49 1.4027905156657348
10 50 1.4759230540828616
10 51 1.4597432957325749
10 52 0.8648164545595346
10 53 1.5216987540558187
10 54 1.4690166681560406
10 55 0.7438947497356037
10 56 1.3933331071823771
10 57 1.4078908429292403
10 58 1.4295240768748119
10 59 1.217565709020387
10 60 1.4722796647651195
10 61 0.5683660353851377
10 62 1.3582267696620278
10 63 1.3610805948705014
10 64 1.356423162094183
10 65 1.4998884585795915
10 66 1.272009882181556
10 67 1.2717869861000655
10 68 1.199979766045851
10 69 1.3942391420612517
10 70 1.5042860094053343
10 71 1.3924246523372168
10 72 1.5088019805820594
10 73 1.4282316013218082
10 74 1.4683136659852856
11 12 1.1712848139161318
11 13 1.1495535725765251
11 14 1.1108126204815238
11 15 1.175485569736238
11 16 1.2542133729789309
11 17 1.0662986914748738
11 18 1.2833099417771872
11 19 1.4694375956962704
11 20 1.2792240230498022
11 21 1.3979748922784194
11 22 1.100444904664962
11 23 1.1931430397692326
11 24 1.136505857033096
11 25 1.3177465321602262
11 26 1.371198749198707
11 27 1.0218160517671449
11 28 1.173177387934421
11 29 1.340427467740989
11 30 1.2684141059315033
11 31 1.2759874450623743
11 32 1.3374810711898801
11 33 1.2986930946460293
11 34 1.3229954008479825
11 35 1.3983741148357245
11 36 1.2553300803741505
11 37 1.3054503283086054
11 38 1.4048458914392525
11 39 1.156686952096234
11 40 1.367197444852877
11 41 1.2808078051584366
11 42 1.296632277971726
11 43 1.2390912976051798
11 44 1.2242902928057553
11 45 1.220311225915217
11 46 1.220984468362913
11 47 1.4380753225107135
11 48 1.3751933782420547
11 49 1.3312507182651545
11 50 1.2182054062399792
11 51 1.280457634442904
11 52 1.4456051681550843
11 53 1.106199704062363
11 54 1.3003146089955735
11 55 1.4109621019303744
11 56 1.2308353577219895
11 57 1.230533035196674
11 58 1.2407997287450288
11 59 1.2227330759143806
11 60 1.3097256121623528
11 61 1.4536492209125464
11 62 1.3084754273962669
11 63 1.1603881609220446
11 64 1.289879335957342
11 65 1.2022049734955575
11 66 1.2611569671181382
11 67 1.1790014418363386
11 68 1.3017282839306439
11 69 1.3104228303395713
11 70 1.0986877421729802
11 71 1.202714126318375
11 72 1.234194234768177
11 73 1.2888385178398574
11 74 1.2235101731296865
12 13 1.3150521009387044
12 14 1.2606914597885284
12 15 1.276727525161098
12 16 1.2753164099850827
12 17 1.1541160190887034
12 18 1.3324810674981897
12 19 1.3739579497453513
12 20 1.319860712390468
12 21 1.417629185029272
12 22 1.3241722307596342
12 23 1.3125905018888895
12 24 1.2397283331143887
12 25 1.380710373564831
12 26 1.3376108815151577
12 27 1.418945522578261
12 28 1.352515295716086
12 29 1.3323459379387392
12 30 1.2167639179471526
12 31 1.2933158320831901
12 32 1.3996426861449323
12 33 1.4041062194460223
12 34 1.3460058111152744
12 35 1.364747994441266
12 36 1.3099598044162961
12 37 1.2435441609650884
12 38 1.380485744587146
12 39 1.2563943069105086
12 40 1.1716861253400523
12 41 1.2969470471430051
12 42 1.4029488991137837
12 43 1.3183877866491203
12 44 1.2709654702252955
12 45 1.4309377819404383
12 46 1.1714707776902988
12 47 1.3382012984869456
12 48 1.5053878637280727
12 49 1.3487067095377607
12 50 1.2948388049875243
12 51 1.1596658617743059
12 52 1.3851432456450847
12 53 1.205961280266616
12 54 1.190331196363119
12 55 1.3365556321996332
12 56 1.3716699895537026
12 57 1.3629927644739095
12 58 1.2919325080341542
12 59 1.2625785567951904
12 60 1.2976240447428238
12 61 1.3319006435742444
12 62 1.3300015815326378
12 63 1.2635417437946885
12 64 1.3156246827185432
12 65 1.2691273962809773
12 66 1.293946845254747
12 67 1.1851837040031907
12 68 1.2873764582155702
12 69 1.3990798896467074
12 70 1.2198356251491824
12 71 1.2558624607263622
12 72 1.2054507358915703
12 73 1.40945397397179
12 74 1.3172363077425515
13 14 1.1569183161943914
13 15 1.0738098723451155
13 16 0.9095298952567543
13 17 0.99170015215534
13 18 1.2745250553429979
13 19 1.3623178879746083
13 20 1.0356490721834608
13 21 1.2894373950998772
13 22 0.9574906367034132
13 23 1.3508030631607992
13 24 1.0598881096564006
13 25 1.2257863615268099
13 26 1.3440741133444614
13 27 0.9750470632494683
13 28 0.9646817740838238
13 29 1.3660483444882818
13 30 1.2500873057505766
13 31 1.2552474317722004
13 32 1.2650074674510672
13 33 0.8896634341166713
13 34 1.4490702437362404
13 35 1.4079714852379055
13 36 1.4281781430722884
13 37 1.2185633312180757
13 38 1.4059005964807916
13 39 1.1278810534481136
13 40 1.378023722690991
13 41 1.2548641117075414
13 42 1.1136068413862015
13 43 1.3348653458552253
13 44 1.2073205832184417
13 45 0.8905409153832247
13 46 1.341063029676754
13 47 1.4770693232153806
13 48 1.4821746451442526
13 49 1.3865493604544366
13 50 1.1598656834601566
13 51 1.3554646747727572
13 52 1.362217938428675
13 53 1.0282400103368667
13 54 1.3299005917246751
13 55 1.2519187189914378
13 56 1.22788051189026
13 57 0.9497677929553036
13 58 1.4457351587694531
13 59 1.2067160233549794
13 60 1.2514470740652932
13 61 1.4518894750793685
13 62 1.2883562641701662
13 63 1.1011555588942186
13 64 1.327309300149514
13 65 1.2000874776047648
13 66 1.3030832446757927
13 67 1.1340098149170355
13 68 1.3871299294959074
13 69 1.1102970621825285
13 70 1.1986240399505053
13 71 1.0157629530112005
13 72 1.278825373039873
13 73 1.3807352549873433
13 74 1.4424869445742197
14 15 1.1601301647072277
14 16 1.2327035391693228
14 17 0.8599839255847737
14 18 1.2294470955726584
14 19 1.4324026978583972
14 20 1.3490160434803762
14 21 1.2065213700597714
14 22 1.1058709320566131
14 23 1.2895155983326243
14 24 1.182455978601165
14 25 1.3516235379434374
14 26 1.404371332684473
14 27 1.1102977279741215
14 28 1.2129247096275395
14 29 1.3347382079388983
14 30 1.1509039811868575
14 31 1.2358550929883365
14 32 1.1833059295773631
14 33 1.2215837473999462
14 34 1.2721111803048433
14 35 1.4507240679559854
14 36 1.395915853544409
14 37 1.1502557474511765
14 38 1.4117300839358207
14 39 1.1447731825423906
14 40 1.3150956356996157
14 41 1.3350031966385563
14 42 1.364576861277836
14 43 1.2507195075228708
14 44 1.2542365576316543
14 45 1.3335912978606084
14 46 1.239291272525091
14 47 1.483305000238589
14 48 1.3720369149721232
14 49 1.2211419077416337
14 50 1.2947969557166428
14 51 1.193279708294852
14 52 1.3632981978222747
14 53 1.1434059708339075
14 54 1.3745725593267828
14 55 1.3296355779371378
14 56 1.3077370550958216
14 57 1.2583116694472893
14 58 1.2486360033249007
14 59 1.1792750093795388
14 60 1.3585277824138873
14 61 1.4046567958572516
14 62 1.3000300585641107
14 63 1.1906778179866107
14 64 1.293920362238006
14 65 1.1647437798034557
14 66 1.284177200028346
14 67 1.2937911761985714
14 68 1.3697636613978696
14 69 1.2031957436420355
14 70 1.1521810719722858
14 71 1.3426601441799098
14 72 1.294254306781491
14 73 1.093670334354042
14 74 1.2258044776256294
15 16 1.1668265942872376
15 17 0.9990603426880436
15 18 1.3481864359118334
15 19 1.5309303463429937
15 20 1.2814225597862567
15 21 1.4480779768848715
15 22 1.022808151904066
15 23 1.3543711818306068
15 24 1.1765408920230467
15 25 1.4665269455537475
15 26 1.401006143948428
15 27 1.0717971214036197
15 28 1.18354581905946
15 29 1.5676852309485898
15 30 1.329832471086875
15 31 1.2385114559194577
15 32 1.2318683815289915
15 33 1.144974192387884
15 34 1.358435371768589
15 35 1.6381235746183245
15 36 1.4412286444663684
15 37 1.282743245004185
15 38 1.599780620873604
15 39 1.2362276665488912
15 40 1.3476598652987617
15 41 1.3508390888801942
15 42 1.3462164374850905
15 43 1.2725630226523528
15 44 1.2184498301374425
15 45 1.1780939868458566
15 46 1.245126399458826
15 47 1.6975351326545804
15 48 1.374505153360212
15 49 1.1968165229300662
15 50 1.16142078420137
15 51 1.347821046533012
15 52 1.5621324523853761
15 53 1.1113959438919523
15 54 1.3847039003717583
15 55 1.5528071995237285
15 56 1.3507836929745938
15 57 1.1248144080746119
15 58 1.2423245011446795
15 59 1.1339674175712884
15 60 1.2712758513931277
15 61 1.663951780582919
15 62 1.3183676370437263
15 63 1.1987363814380583
15 64 1.3266199159654726
15 65 1.2778999224555077
15 66 1.278745055778905
15 67 1.2693521926882287
15 68 1.5611146037494286
15 69 1.1970699088164793
15 70 1.1178266683441904
15 71 1.1665318513906626
15 72 1.3490415418273334
15 73 1.3609927759597826
15 74 1.2461788605134638
16 17 1.107997924579423
16 18 1.3486213105662002
16 19 1.3941036274094147
16 20 1.2459112996497494
16 21 1.3112214758263827
16 22 1.1062861612880093
16 23 1.3338638944907906
16 24 1.1107105228312573
16 25 1.199771885184804
16 26 1.3629581714733223
16 27 1.065536534003556
16 28 1.1416305516923901
16 29 1.4079771800008414
16 30 1.203388740434663
16 31 1.175806928556562
16 32 1.34479686688568
16 33 1.1240085185699586
16 34 1.385471601134507
16 35 1.4448321039174907
16 36 1.3400176304730411
16 37 1.2522407280716104
16 38 1.4196660403062664
16 39 1.197587102455547
16 40 1.3668859245981986
16 41 1.2993563905567471
16 42 1.2655588459164997
16 43 1.2678434852209166
16 44 1.2561152319064655
16 45 1.1475288095208032
16 46 1.298711886014263
16 47 1.460732487119394
16 48 1.3897073933850672
16 49 1.3297118203218108
16 50 1.183599905242294
16 51 1.2662344027878685
16 52 1.3691829785831526
16 53 1.1602359221124714
16 54 1.2752006195983705
16 55 1.326244273134619
16 56 1.2801311797658066
16 57 1.1360937171063625
16 58 1.373560758297652
16 59 1.2191659830659047
16 60 1.2485343151652786
16 61 1.4417052928359317
16 62 1.2864301501492175
16 63 1.1967799932269574
16 64 1.27222133387093
16 65 1.1957006373587715
16 66 1.3052461595997968
16 67 1.1209474980545462
16 68 1.3370552693292266
16 69 1.157389733690886
16 70 1.1426287039565581
16 71 1.1061390080563356
16 72 1.2806486726856268
16 73 1.4369743586197623
16 74 1.4041671374665712
17 18 1.2763261091255678
17 19 1.383535926727047
17 20 1.2659583140165718
17 21 1.2762943204396113
17 22 1.0274411193007211
17 23 1.2665400975764607
17 24 1.0022244673031855
17 25 1.3627579122798297
17 26 1.3752305514798595
17 27 1.0094015533797767
17 28 1.1674504995381256
17 29 1.324508460432532
17 30 1.100704945401466
17 31 1.1438606759771306
17 32 1.2724549042326954
17 33 1.1774025344493302
17 34 1.2534849632566643
17 35 1.4223146971817944
17 36 1.346613791087115
17 37 1.1592580343895427
17 38 1.4187758077273072
17 39 0.999493864847912
17 40 1.2571880736502539
17 41 1.198634942456659
17 42 1.3139087606451003
17 43 1.224670971152428
17 44 1.2235805154765693
17 45 1.2890781389469632
17 46 1.1882877561952854
17 47 1.5112864429924486
17 48 1.3249813728653042
17 49 1.186300019331398
17 50 1.1600990379170246
17 51 1.2142691348806771
17 52 1.3491694993411791
17 53 1.030881621808317
17 54 1.292099454506418
17 55 1.331574880327482
17 56 1.2421530522006232
17 57 1.1751733361012944
17 58 1.1366816513448124
17 59 1.0228305795831036
17 60 1.3072413080530119
17 61 1.4286138982071819
17 62 1.2805219515703774
17 63 1.1029312094132215
17 64 1.174314141870204
17 65 1.1901604551561242
17 66 1.1380223256299498
17 67 1.1334745863093976
17 68 1.3785266175925026
17 69 1.1798960461385009
17 70 1.0532784409750382
17 71 1.1386771339773114
17 72 1.2275068653080952
17 73 1.283254115180914
17 74 1.1348491654947719
18 19 1.2319721961670178
18 20 1.358572249444154
18 21 1.3560183891845718
18 22 1.353713181341204
18 23 1.2820743577617115
18 24 1.2685080397546573
18 25 1.3382058050974142
18 26 1.4991202576490046
18 27 1.3161847110108371
18 28 1.4013823608668179
18 29 1.2651526256653036
18 30 1.158515845992418
18 31 1.2875595695224598
18 32 1.2998828799510722
18 33 1.3546683729782711
18 34 1.4575646168799352
18 35 1.434816750486271
18 36 1.333423833158934
18 37 1.207669216065345
18 38 1.2894559090955184
18 39 1.255075893894925
18 40 1.3864770058233675
18 41 1.3587902218878545
18 42 1.3763450265066097
18 43 1.3651083598211442
18 44 1.4096543718596581
18 45 1.3670817525874164
18 46 1.3730972613265313
18 47 1.2863645158064905
18 48 1.431675486232824
18 49 1.3907278357212662
18 50 1.282116396109675
18 51 1.3692514497867918
18 52 1.3485051834654493
18 53 1.3273579557447563
18 54 1.4922019513828353
18 55 1.2665150508565544
18 56 1.3915019619101876
18 57 1.3593938298379684
18 58 1.42432376431836
18 59 1.3260479739199242
18 60 1.283540197770707
18 61 1.3183115621561474
18 62 1.3948506265387948
18 63 1.3016507428663986
18 64 1.4010474340151273
18 65 1.227615424938141
18 66 1.4641041533859913
18 67 1.2041231275547546
18 68 1.3825675751551274
18 69 1.287113263524002
18 70 1.306903630499314
18 71 1.3395622707845403
18 72 1.317744350962623
18 73 1.2862918167974875
18 74 1.4190312686283377
19 20 1.2606378627882364
19 21 1.3685674577958837
19 22 1.4419045314600987
19 23 1.4123955283011926
19 24 1.4299394704628694
19 25 1.3497268380163356
19 26 1.3720639269031762
19 27 1.4202128856049976
19 28 1.2842184099563496
19 29 0.9948287653213539
19 30 1.30472157340273
19 31 1.3773497166441955
19 32 1.4481815537870868
19 33 1.335168538676426
19 34 1.487642083245162
19 35 1.1707370145058638
19 36 1.418556732735367
19 37 1.3981093017145154
19 38 0.9222844315442543
19 39 1.304433972066797
19 40 1.3949415146741984
19 41 1.3063361322502731
19 42 1.26876511593002
19 43 1.5511061956760654
19 44 1.5247747698492222
19 45 1.3709101525334468
19 46 1.4446760251932254
19 47 0.9653209925435375
19 48 1.4453032099838596
19 49 1.3950758282230011
19 50 1.4744926348139953
19 51 1.4793858602412016
19 52 1.0798088701107975
19 53 1.4900056960697539
19 54 1.5198432398986113
19 55 0.9412211737834066
19 56 1.3766808868228402
19 57 1.3510564075515352
19 58 1.4290808528951566
19 59 1.2475930642205515
19 60 1.426002361061716
19 61 0.9599071191431082
19 62 1.3057869942434657
19 63 1.32871259032
19 64 1.2581741307113188
19 65 1.402879119437473
19 66 1.4465692209539198
19 67 1.2666327540605309
19 68 1.2634976469511707
19 69 1.260998856038719
19 70 1.4641890510891595
19 71 1.4459154712767766
19 72 1.462631517685973
19 73 1.3551601826532786
19 74 1.5071361021240033
20 21 1.3925438660734188
20 22 1.2554113688999395
20 23 1.3783611937387148
20 24 1.3134052238383518
20 25 1.2515538074130883
20 26 1.3517422192240873
20 27 1.2882493559339008
20 28 0.8816338307752966
20 29 1.3190379631215825
20 30 1.4513669394122481
20 31 1.342886760273293
20 32 1.3316403279616158
20 33 1.0587153710342512
20 34 1.3957266927122722
20 35 1.3248089581663367
20 36 1.4361775968166457
20 37 1.3721385350385653
20 38 1.3115803076199117
20 39 1.2554522367401826
20 40 1.3843525467121223
20 41 1.3012770976384391
20 42 0.9844204879899568
20 43 1.450094066253494
20 44 1.210329710511851
20 45 0.9348949901038673
20 46 1.4087188129449546
20 47 1.4041504367600852
20 48 1.4265807406453026
20 49 1.3932665436556824
20 50 1.2759028320774384
20 51 1.4600689578235142
20 52 1.2779094827075288
20 53 1.3546069137363106
20 54 1.4424894955144394
20 55 1.2155006163530673
20 56 1.237736703720007
20 57 0.9309905126674597
20 58 1.3547221732413022
20 59 1.2200268794596516
20 60 1.310365097117906
20 61 1.2724176936735863
20 62 1.3558031283321832
20 63 1.3272927077643821
20 64 1.2648919855652407
20 65 1.4266506033263895
20 66 1.2533540402465235
20 67 1.2548074743075643
20 68 1.4218381973523784
20 69 1.2712672197001014
20 70 1.3510108119836055
20 71 1.2180641664842808
20 72 1.3992243458834484
20 73 1.4467745214307717
20 74 1.407694435411623
21 22 1.3876465715155317
21 23 1.2725496574109356
21 24 1.3404582054532324
21 25 1.2677411260305054
21 26 1.3585422957797195
21 27 1.3259148062835648
21 28 1.330486533442298
21 29 1.367256967238465
21 30 1.3643766851896615
21 31 1.27745416467422
21 32 1.393921491018694
21 33 1.2852701204333865
21 34 1.3551631269176854
21 35 1.3098770632286512
21 36 1.3812449471963333
21 37 1.1923523730273182
21 38 1.4326465719323798
21 39 1.333373227061285
21 40 1.3626813779748834
21 41 1.4030019309972142
21 42 1.3723275436246742
21 43 1.469516667925716
21 44 1.2919925092540578
21 45 1.3755150093630448
21 46 1.4195102371837043
21 47 1.4235366403842598
21 48 1.3368088568621128
21 49 1.261755636606988
21 50 1.5511173961795295
21 51 1.2959621243560515
21 52 1.4204257138628233
21 53 1.353764356527029
21 54 1.3436945272572236
21 55 1.372471048163171
21 56 1.3913703920541503
21 57 1.3808774131644967
21 58 1.3666788139415855
21 59 1.353531340692549
21 60 1.3629616713533672
21 61 1.4698272110348491
21 62 1.394543501750838
21 63 1.335210600144568
21 64 1.3435260012291064
21 65 1.300023109834028
21 66 1.4441538792682758
21 67 1.3873145266353448
21 68 1.3122299336003138
21 69 1.3675771086000146
21 70 1.474837179542728
21 71 1.4169734766680486
21 72 1.2804713215736425
21 73 1.394668007392489
21 74 1.3631320610112772
22 23 1.1914512010309164
22 24 1.1516237835590042
22 25 1.3170003917299076
22 26 1.4011028008329376
22 27 1.0042366171922976
22 28 1.1446122398951601
22 29 1.5050112709345482
22 30 1.2550032991367561
22 31 1.2755390675687321
22 32 1.2009527817436578
22 33 1.1420610767699222
22 34 1.2978993037522135
22 35 1.5782750704809843
22 36 1.3682672540623664
22 37 1.2998189980630381
22 38 1.4942818770176263
22 39 1.1811381662431226
22 40 1.3705427275072655
22 41 1.332917669923157
22 42 1.2788998159692593
22 43 1.2744224646839262
22 44 1.2548515351708782
22 45 1.1751291618084
22 46 1.1694054879603517
22 47 1.535574558182883
22 48 1.3281655050296723
22 49 1.2465354452157487
22 50 1.2616228184277836
22 51 1.333721829016459
22 52 1.4587218123992038
22 53 1.0610820025965813
22 54 1.3653659742904798
22 55 1.3985859969908943
22 56 1.2188787050029937
22 57 1.2169862714837845
22 58 1.2643003634574894
22 59 1.2394945924754528
22 60 1.2735260003559283
22 61 1.5452394161575391
22 62 1.2229487311673308
22 63 1.1525953660202937
22 64 1.220638354743409
22 65 1.196662481002639
22 66 1.2975411045270464
22 67 1.1432844800663005
22 68 1.4044317712441539
22 69 1.1093423811013028
22 70 1.0548378296250536
22 71 1.2059971773139484
22 72 1.3066443152509006
22 73 1.149202458691759
22 74 1.2580371807675723
23 24 1.1845177135605718
23 25 1.3214258563866805
23 26 1.4472810285752493
23 27 1.2314030567119894
23 28 1.391902812718098
23 29 1.3832266251562852
23 30 1.3868701802431436
23 31 1.3314595068693365
23 32 1.2002204121449238
23 33 1.3699472307662848
23 34 1.2442891033373527
23 35 1.4354594069294373
23 36 1.4098207900285484
23 37 1.4407209923004427
23 38 1.3978782637790832
23 39 1.2228007614351624
23 40 1.4308001325796724
23 41 1.4557291355468913
23 42 1.4073086049722128
23 43 1.3232671130650957
23 44 1.3447810290093722
23 45 1.3939850101383748
23 46 1.3039962042955535
23 47 1.4157825883235855
23 48 1.3332620910093966
23 49 1.2358047158248162
23 50 1.3180639087009354
23 51 1.281255823614232
23 52 1.4106468674650778
23 53 1.3552249784657937
23 54 1.412720031798121
23 55 1.3581260293397972
23 56 1.2178591823897766
23 57 1.374060303429419
23 58 1.34844084521372
23 59 1.3827317261740493
23 60 1.3414413465254367
23 61 1.391880606794395
23 62 1.3676606428740141
23 63 1.3052103066684433
23 64 1.2667736069019293
23 65 1.2797781491585822
23 66 1.3409926848316038
23 67 1.3291024385317198
23 68 1.4706016240922932
23 69 1.3297542274720604
23 70 1.1666773096017808
23 71 1.3289095946311202
23 72 1.4384903770073658
23 73 1.2149548601316338
23 74 1.24532266950185
24 25 1.254490945508059
24 26 1.3499000900853921
24 27 1.0260826888205739
24 28 1.2303318468005893
24 29 1.4254985556243098
24 30 1.1724943074383551
24 31 1.1244915700993388
24 32 1.246864740848294
24 33 1.1569890014474258
24 34 1.3040844357476165
24 35 1.4412410068793158
24 36 1.3496914223028262
24 37 1.2805849100976963
24 38 1.5021017077916021
24 39 1.14504736101125
24 40 1.2472238057921274
24 41 1.2393604821320436
24 42 1.2523951314670851
24 43 1.1666881641883737
24 44 1.2231644149595027
24 45 1.2443357948211697
24 46 1.1329239825037378
24 47 1.4884482668898922
24 48 1.3199802361750017
24 49 1.2324706575204083
24 50 1.218031275190059
24 51 1.2386215288147617
24 52 1.4161042517918758
24 53 1.1172066342758162
24 54 1.3333960687122748
24 55 1.4267852726279353
24 56 1.2070312592404564
24 57 1.2354335902344613
24 58 1.3104739673619776
24 59 1.2520877887747783
24 60 1.1846237779476678
24 61 1.4939234011634273
24 62 1.3225837531042826
24 63 1.0598164935762215
24 64 1.2779236220978827
24 65 1.059147428735422
24 66 1.1976552925726407
24 67 1.1303635016032776
24 68 1.3413578850270829
24 69 1.3045975740024072
24 70 1.1313844166476186
24 71 1.056677954372393
24 72 1.2547532327299245
24 73 1.3508968581015321
24 74 1.3415342905349588
25 26 1.336104237028451
25 27 1.2536509657294137
25 28 1.2394221580012708
25 29 1.342009326262389
25 30 1.3186041094790102
25 31 1.3979432776746434
25 32 1.2998343200240912
25 33 1.2429198522184326
25 34 1.4091020363685955
25 35 1.3054187208214876
25 36 1.3624209627659185
25 37 1.3772581472339336
25 38 1.3661622422181003
25 39 1.3692644152740694
25 40 1.4710721417598345
25 41 1.3846014387319774
25 42 1.2271695309787232
25 43 1.384185756880196
25 44 1.2745476893066179
25 45 1.2422542632763107
25 46 1.4543838795912307
25 47 1.3464785796210192
25 48 1.3766339675515276
25 49 1.3809933813123143
25 50 1.345494614207821
25 51 1.2744840074693249
25 52 1.397358038899368
25 53 1.4143112305310368
25 54 1.3905904651729768
25 55 1.3073933360255292
25 56 1.3058897591767549
25 57 1.2947605799481505
25 58 1.3425256971064379
25 59 1.4154322656311922
25 60 1.380464184227078
25 61 1.3141507008720772
25 62 1.335478943704892
25 63 1.3206934672599862
25 64 1.3846295915716988
25 65 1.2907448127247942
25 66 1.3772176821729782
25 67 1.3139010463580783
25 68 1.3065702323625479
25 69 1.256588881224795
25 70 1.406020497258021
25 71 1.282009149663138
25 72 1.3615421537241013
25 73 1.4160125213875252
25 74 1.4211401325614894
26 27 1.3780427346057378
26 28 1.4268200163098115
26 29 1.2873210990666528
26 30 1.2734616083869936
26 31 1.3591175809860359
26 32 1.4218201800842367
26 33 1.3839753006611493
26 34 1.3489467179045156
26 35 1.3176036611982187
26 36 1.3671764714924242
26 37 1.3996543066619473
26 38 1.3497427715044346
26 39 1.4029128619326097
26 40 1.1609785273161852
26 41 1.3237641439136203
26 42 1.3944066182936268
26 43 1.3211864685606398
26 44 1.2672152629877824
26 45 1.4126431690325354
26 46 1.334357014781304
26 47 1.2979461592648303
26 48 1.2408321084676357
26 49 1.2539109676937394
26 50 1.3669377010494292
26 51 1.356038282337256
26 52 1.3922954247201649
26 53 1.3023405140408706
26 54 1.4063931591799665
26 55 1.3578125117768916
26 56 1.3982780220108524
26 57 1.3767516879671235
26 58 1.3959130994907274
26 59 1.3920584067143715
26 60 1.2409916537406214
26 61 1.3307350402633948
26 62 1.362635019369803
26 63 1.308930984255654
26 64 1.036834945944309
26 65 1.3878351571221488
26 66 1.2318844285953894
26 67 1.3098965707672698
26 68 1.3306696526952777
26 69 1.3030048197989152
26 70 1.3543729983055093
26 71 1.275270504567757
26 72 1.2893652380207687
26 73 1.4066492127529542
26 74 1.2820156607310742
27 28 1.171390222796037
27 29 1.441949461339485
27 30 1.3758189901606568
27 31 1.175601780403966
27 32 1.1828508319859743
27 33 1.1195004448406618
27 34 1.2967485930470923
27 35 1.4952481657311476
27 36 1.3476529495472016
27 37 1.3099818646290977
27 38 1.5052217339120195
27 39 1.1471803910399605
27 40 1.4150991722145077
27 41 1.296901487399375
27 42 1.3065716945451409
27 43 1.2463747890388845
27 44 1.2397840061462877
27 45 1.1795977698706106
27 46 1.322092130346791
27 47 1.564470493120354
27 48 1.3836625112209042
27 49 1.3075009177049484
27 50 1.167797321537252
27 51 1.3325197526644306
27 52 1.417612201730357
27 53 1.073723682751823
27 54 1.3723808592117246
27 55 1.422628397841156
27 56 1.2614941787475642
27 57 1.1892781714656029
27 58 1.2975089007544587
27 59 1.244712062466206
27 60 1.3093462453182194
27 61 1.4888641420196302
27 62 1.2425022427503691
27 63 1.0663713475237526
27 64 1.295625280961788
27 65 1.0369954947260338
27 66 1.2299805729235678
27 67 1.1214517145592957
27 68 1.4522787302773266
27 69 1.1008438368754045
27 70 1.171035416334556
27 71 1.1355956057219865
27 72 1.3461646002004324
27 73 1.3037646014210655
27 74 1.2544794240767971
28 29 1.3319202416032638
28 30 1.4121373479118087
28 31 1.4023015243375327
28 32 1.3024387621695515
28 33 0.9847070177761611
28 34 1.463181353963113
28 35 1.3230967953973878
28 36 1.3961269628296549
28 37 1.3219697250949847
28 38 1.37384918081331
28 39 1.2757795478622171
28 40 1.4547472966073507
28 41 1.2774243230831948
28 42 1.0372734270678237
28 43 1.442456716767793
28 44 1.2242605150209485
28 45 0.8912971893474287
28 46 1.466362799036727
28 47 1.445833152236283
28 48 1.453081560343576
28 49 1.4110669746628284
28 50 1.2283173245946748
28 51 1.471399853432942
28 52 1.206839421256856
28 53 1.2726955077658137
28 54 1.3761311933592264
28 55 1.22352741828405
28 56 1.2279356081125536
28 57 0.8531163546902049
28 58 1.3312162471971927
28 59 1.2454411212299101
28 60 1.3515091222787234
28 61 1.3340381172871387
28 62 1.3695967513555034
28 63 1.2694963369551264
28 64 1.3079312695599719
28 65 1.3003975396471847
28 66 1.2995762862320923
28 67 1.2886745424054864
28 68 1.3657407994644042
28 69 1.1235621648038228
28 70 1.3201893428991132
28 71 1.2166359845164003
28 72 1.4429254666271711
28 73 1.392580274933409
28 74 1.4404678521564422
29 30 1.1545508784998257
29 31 1.3424498052818263
29 32 1.3566818201437365
29 33 1.3690141454238487
29 34 1.4185598693548003
29 35 1.0706481919760675
29 36 1.4475680881103585
29 37 1.411809747467651
29 38 0.6953288896775988
29 39 1.3656934393492959
29 40 1.3634289217884388
29 41 1.1433425502885197
29 42 1.2617977668311284
29 43 1.411774171930693
29 44 1.4214777904063511
29 45 1.3123871377191354
29 46 1.409201251461245
29 47 0.9205338586636608
29 48 1.3846422641366074
29 49 1.411511922323389
29 50 1.4125730389181532
29 51 1.3941817304835211
29 52 0.971016222752675
29 53 1.491023779392232
29 54 1.446182364812823
29 55 0.7166611932600936
29 56 1.3730742103102753
29 57 1.34831980131698
29 58 1.3423682101763263
29 59 1.2140260966105452
29 60 1.4585829876089569
29 61 0.7231124342252588
29 62 1.351019725462449
29 63 1.34645657280494
29 64 1.293942008333496
29 65 1.4223432605126722
29 66 1.2813065089124507
29 67 1.244632416527084
29 68 1.0408430093526904
29 69 1.357480090489823
29 70 1.421880843613963
29 71 1.3272942070689766
29 72 1.464146794443136
29 73 1.3993521738988657
29 74 1.415664378135315
30 31 1.1231900574385458
30 32 1.3129248631628243
30 33 1.4516667178047533
30 34 1.3230078261712221
30 35 1.329858446646495
30 36 1.3055701466016887
30 37 1.1580398932833615
30 38 1.1745804640196875
30 39 1.1931488637579075
30 40 1.2259448541093236
30 41 1.204682352707577
30 42 1.364374974104356
30 43 1.2180489118533908
30 44 1.2460866448800454
30 45 1.4540103588212256
30 46 1.2100918777685816
30 47 1.2569521820532534
30 48 1.3637540796791985
30 49 1.2679839935320818
30 50 1.2697207277439477
30 51 1.1290343555181157
30 52 1.2619722861287093
30 53 1.1992491115602013
30 54 1.2612218118387832
30 55 1.2196634399499369
30 56 1.3582895399354613
30 57 1.4184514882979926
30 58 1.2926831086349666
30 59 1.0569388026449609
30 60 1.331077123890754
30 61 1.2380689625522148
30 62 1.2757741922233905
30 63 1.319224493667489
30 64 1.2066605132947288
30 65 1.2634351410929607
30 66 1.2051981906499654
30 67 1.0583636976458501
30 68 1.1666978056624293
30 69 1.2839339291887957
30 70 1.1598803945953093
30 71 1.2921859651270389
30 72 1.1951389819260927
30 73 1.2889237182227318
30 74 1.310251287630897
31 32 1.3734909111346167
31 33 1.3706569363406274
31 34 1.2631875307338771
31 35 1.3511742683267958
31 36 1.357278164377738
31 37 1.198906476444334
31 38 1.368475601058824
31 39 1.2003595530185678
31 40 1.2530166538246685
31 41 1.2219990310554183
31 42 1.4078841749977602
31 43 1.346668082297257
31 44 1.211792159306102
31 45 1.413391312237351
31 46 1.3159584792336292
31 47 1.401269057088128
31 48 1.3336440635767033
31 49 1.2684395609632266
31 50 1.2119246197017952
31 51 1.2598562027956912
31 52 1.3657362158148565
31 53 1.124142298549876
31 54 1.3299686441684808
31 55 1.3619072403927774
31 56 1.3601757751697596
31 57 1.3543545121885434
31 58 1.376272392713154
31 59 1.1731149065606559
31 60 1.3896837076308761
31 61 1.363500211523044
31 62 1.2527304713019076
31 63 1.3323328582488647
31 64 1.302734418911934
31 65 1.3311306452446072
31 66 1.3133394696531144
31 67 1.0345249518144897
31 68 1.3381803547119255
31 69 1.358698192585775
31 70 1.232548115208367
31 71 1.3213871352522517
31 72 1.3144193424266348
31 73 1.280675881303937
31 74 1.330198315774005
32 33 1.251965219825153
32 34 1.2973675900763773
32 35 1.4449282552482703
32 36 1.5094674838886857
32 37 1.3851179932118405
32 38 1.4396199320531864
32 39 1.337335126103701
32 40 1.503400706797188
32 41 1.4133483287992699
32 42 1.3092050882451864
32 43 1.341307502524114
32 44 1.3360893135494099
32 45 1.2298543821731565
32 46 1.2932037145802102
32 47 1.5175957813396823
32 48 1.4288566699760132
32 49 1.3309402328808253
32 50 1.330859049166853
32 51 1.2745741864228124
32 52 1.3871033065771667
32 53 1.3322184024978627
32 54 1.4861304427919566
32 55 1.363759694893861
32 56 1.4071565068264582
32 57 1.2993587402281175
32 58 1.3731337322605877
32 59 1.3789600628765641
32 60 1.3780384616867076
32 61 1.4001196861812744
32 62 1.4048305339217628
32 63 1.3450693870883468
32 64 1.3546595047372887
32 65 1.2669793755300305
32 66 1.3048347929182682
32 67 1.3393455989822944
32 68 1.3817007735726423
32 69 1.264235697166546
32 70 1.2561089544362938
32 71 1.41154617651985
32 72 1.4714963678973263
32 73 1.3545580701590958
32 74 1.3626330043934949
33 34 1.4039192603290778
33 35 1.4112598576186248
33 36 1.3974214809002132
33 37 1.3343907881151809
33 38 1.4216126034172083
33 39 1.332004024638115
33 40 1.4339008800853514
33 41 1.311309841307023
33 42 1.070954101796344
33 43 1.392818972642992
33 44 1.2246996008183575
33 45 0.8822430270835714
33 46 1.4343868019217438
33 47 1.5246328702532268
33 48 1.4169443552300485
33 49 1.295257261372633
33 50 1.2522174432791038
33 51 1.4057920128264754
33 52 1.4179446264863564
33 53 1.2320090892841415
33 54 1.420532040341987
33 55 1.2946212747154173
33 56 1.3165714903649144
33 57 0.9296356642022107
33 58 1.4282358320449677
33 59 1.3010640811815635
33 60 1.2762587800629273
33 61 1.4453773461769128
33 62 1.4152922949516378
33 63 1.1273959401040239
33 64 1.3633762435570023
33 65 1.2813470712015258
33 66 1.290687923144807
33 67 1.2491709247808833
33 68 1.4169622263165402
33 69 1.2171945602024659
33 70 1.3621465883804473
33 71 1.134497693977609
33 72 1.3513098226760516
33 73 1.370172290409776
33 74 1.4046972435568321
34 35 1.383147598646421
34 36 1.3594018967946635
34 37 1.3988466150041607
34 38 1.460842842684534
34 39 1.3187980524337235
34 40 1.290178445375432
34 41 1.5066147839047614
34 42 1.372590956689066
34 43 1.2994701677326832
34 44 1.3317339519881115
34 45 1.4461599092935988
34 46 1.3366914735495103
34 47 1.4193060662926975
34 48 1.118967644919854
34 49 1.181179899405962
34 50 1.3484004269319279
34 51 1.2830575139999063
34 52 1.4571446244359385
34 53 1.3604370633899605
34 54 1.3721530404319318
34 55 1.4963202520205727
34 56 1.3210504408300634
34 57 1.5090149406698272
34 58 1.1274218993941494
34 59 1.3085539428488737
34 60 1.3542658661041098
34 61 1.4160395921510534
34 62 1.24652130780957
34 63 1.432362499406554
34 64 1.210148374298159
34 65 1.432169951672547
34 66 1.376303698267298
34 67 1.3117467724684768
34 68 1.4084464752248185
34 69 1.3329707930960377
34 70 1.2608854698448673
34 71 1.3651464841316248
34 72 1.264756262717788
34 73 1.2995736624158314
34 74 1.0047858191924612
35 36 1.4196706570850237
35 37 1.3982511069546524
35 38 1.086308381417777
35 39 1.3177184797583614
35 40 1.5203029128702654
35 41 1.2084012271892015
35 42 1.3537492664326853
35 43 1.5094374411786218
35 44 1.414565398508009
35 45 1.4484480879169042
35 46 1.539317884087945
35 47 1.1360127861303606
35 48 1.440490690512814
35 49 1.4627286280916294
35 50 1.4470068722002096
35 51 1.3437570617538124
35 52 1.1602041435630037
35 53 1.549593666032726
35 54 1.411986092791631
35 55 1.1689797664723878
35 56 1.4422155999117108
35 57 1.3914657080511332
35 58 1.4340439189489054
35 59 1.351531042609168
35 60 1.527261597622431
35 61 1.008735079149023
35 62 1.4193235725356297
35 63 1.387219667369264
35 64 1.4266933792174703
35 65 1.4166906913915744
35 66 1.3842024572166718
35 67 1.2794980770155546
35 68 1.0695619234647737
35 69 1.3563343230239142
35 70 1.493355016701436
35 71 1.4352281852026572
35 72 1.4751283649184836
35 73 1.4114443337555629
35 74 1.455661517294598
36 37 1.3467524618807631
36 38 1.4617805636066579
36 39 1.329076572213277
36 40 1.2678230422182932
36 41 1.3877751314910733
36 42 1.4406400888213333
36 43 1.2549402526996258
36 44 1.3503249144417204
36 45 1.3662117520157882
36 46 1.2260057799329078
36 47 1.4726919070284903
36 48 1.2110975816038847
36 49 1.335199287795601
36 50 1.4124589243817895
36 51 1.1635772728009344
36 52 1.5122225786429069
36 53 1.3196861249637148
36 54 1.1022605981304865
36 55 1.5052833850722176
36 56 1.2688544341016126
36 57 1.412902247609133
36 58 1.2987875596782117
36 59 1.4287431634002676
36 60 1.2482099644931146
36 61 1.4662385811969645
36 62 1.4312339104902951
36 63 1.4029650567361365
36 64 1.3129135468581632
36 65 1.3307106991029725
36 66 1.4223254197346231
36 67 1.31165650889073
36 68 1.1906677295413497
36 69 1.3802362880646297
36 70 1.3438169175693668
36 71 1.3908505880858353
36 72 1.2373273502256132
36 73 1.3579911394893736
36 74 1.4309176479182912
37 38 1.4044364936906255
37 39 1.2515597705159505
37 40 1.2701987351985926
37 41 1.306928883828441
37 42 1.451973037665349
37 43 1.318563324227709
37 44 1.256673293717821
37 45 1.3849286591880667
37 46 1.3131956851874063
37 47 1.4260430894368814
37 48 1.4107073689851772
37 49 1.3034483422958536
37 50 1.3464312985998788
37 51 1.1485684294970266
37 52 1.4109595742103596
37 53 1.2154486488608447
37 54 1.2858029364093768
37 55 1.3625369826414386
37 56 1.4178074515779815
37 57 1.3152060429944823
37 58 1.3871860668626532
37 59 1.2656372527464077
37 60 1.256340989833371
37 61 1.441509137788706
37 62 1.267494536139677
37 63 1.4163939543000064
37 64 1.3486265405564712
37 65 1.3359838026479336
37 66 1.4250065347569505
37 67 1.1988141754401698
37 68 1.3082495712491933
37 69 1.270886233456475
37 70 1.2762074954591527
37 71 1.359288423282032
37 72 1.1458649015205797
37 73 1.3529014305627156
37 74 1.3898552786149636
38 39 1.3855978335827226
38 40 1.3668417932048273
38 41 1.2657630125132688
38 42 1.3280080003782566
38 43 1.4385622799144282
38 44 1.4516800591164891
38 45 1.381755190470968
38 46 1.473062859567548
38 47 0.7169454374701392
38 48 1.421856417320782
38 49 1.4471795447204288
38 50 1.460390475901324
38 51 1.3889065070349267
38 52 0.881823631604112
38 53 1.4869815432553815
38 54 1.4483697202197174
38 55 0.7216708265370371
38 56 1.4406630416571113
38 57 1.4152195071905662
38 58 1.4028292555049182
38 59 1.1777444710958134
38 60 1.4607105303184973
38 61 0.636933783159147
38 62 1.344788195723567
38 63 1.4043772717419147
38 64 1.2966153860315552
38 65 1.4929317350818245
38 66 1.326847843178875
38 67 1.190725783506801
38 68 1.121232231955146
38 69 1.3970640344737368
38 70 1.4607315585193037
38 71 1.432655893461431
38 72 1.4518594583853517
38 73 1.4301593986497008
38 74 1.4311178131007136
39 40 1.4071850135415243
39 41 1.295572921543747
39 42 1.2906848217849909
39 43 1.2460551153023538
39 44 1.364165935809086
39 45 1.3618113291345009
39 46 1.311470295916137
39 47 1.4641415349261597
39 48 1.4278828457976187
39 49 1.3007616097289572
39 50 1.2581938198499782
39 51 1.2842507330906674
39 52 1.3472861179884459
39 53 1.2049454518069531
39 54 1.317098178397478
39 55 1.288863082045753
39 56 1.2581939854368938
39 57 1.293003973878797
39 58 1.4153632161818923
39 59 1.1139389939190947
39 60 1.3355528178302667
39 61 1.3887790227343504
39 62 1.363696640182922
39 63 1.22518373450853
39 64 1.2538869407628197
39 65 1.1753478349090827
39 66 1.327409862557242
39 67 1.0506895513872818
39 68 1.4424044778461629
39 69 1.123641454476154
39 70 1.137419359604862
39 71 1.1942948433467513
39 72 1.2659211917518063
39 73 1.2671044015771868
39 74 1.3793183232382256
40 41 1.398292631167885
40 42 1.4678747276086983
40 43 1.233001155953894
40 44 1.3207381084613703
40 45 1.4431038055111496
40 46 1.09769536489831
40 47 1.3100530827430554
40 48 1.2972547657475397
40 49 1.3026103992043612
40 50 1.350943530801203
40 51 1.2408230681261547
40 52 1.4127930646731974
40 53 1.2789909158053496
40 54 1.2661623681728642
40 55 1.4004598380062914
40 56 1.3837527726206362
40 57 1.459059646809242
40 58 1.3371687746064498
40 59 1.2656491708633628
40 60 1.1859599519721837
40 61 1.398622428620118
40 62 1.297093046878425
40 63 1.3852293064620487
40 64 1.159218694882197
40 65 1.4311324938746388
40 66 1.2935649101088305
40 67 1.3448133559145397
40 68 1.364921293770656
40 69 1.5293617491370741
40 70 1.2145250203744633
40 71 1.3746501434983314
40 72 1.0506698239307166
40 73 1.2825390206989093
40 74 1.1885852973715834
41 42 1.3468915519306248
41 43 1.364886151796444
41 44 1.395247835192257
41 45 1.3404206167655408
41 46 1.347188216030013
41 47 1.3031585670094523
41 48 1.4230121765256822
41 49 1.4252999459397206
41 50 1.3229186016236472
41 51 1.3415129849690717
41 52 1.2416751062267473
41 53 1.3503551851396596
41 54 1.3960843879231128
41 55 1.2156894594615764
41 56 1.4024084271481374
41 57 1.298541889113087
41 58 1.3736010437675026
41 59 1.1391117721989819
41 60 1.4253091524319865
41 61 1.2505117925482698
41 62 1.2371531605612758
41 63 1.1540008258014913
41 64 1.3691160870192312
41 65 1.3619192919885017
41 66 1.2952935146380884
41 67 1.1123639137656052
41 68 1.3262920070834507
41 69 1.308227468853545
41 70 1.3794165385431194
41 71 1.1885897465256505
41 72 1.3809799333039783
41 73 1.429901682117191
41 74 1.4164901882278498
42 43 1.4621261059233919
42 44 1.310315142073593
42 45 0.8397949454043964
42 46 1.465072977032422
42 47 1.4310043623058037
42 48 1.4459295028982988
42 49 1.3226140981904047
42 50 1.3078020318342745
42 51 1.384824426796322
42 52 1.303985051454143
42 53 1.3619339737952743
42 54 1.4716323127492346
42 55 1.2346782773909328
42 56 1.2300067241096178
42 57 1.0374939528376699
42 58 1.4473354581617666
42 59 1.2087511980792984
42 60 1.255593440238097
42 61 1.33999506160648
42 62 1.3603935375869594
42 63 1.3774213205808739
42 64 1.3072873470364264
42 65 1.394921037437869
42 66 1.3654223248887827
42 67 1.324358437637484
42 68 1.288086051643311
42 69 1.2915113144230983
42 70 1.3448688920016842
42 71 1.2496783947319052
42 72 1.3738490111064792
42 73 1.3794587284699005
42 74 1.385912425771705
43 44 1.1935808104491967
43 45 1.42538434545759
43 46 1.0886384012648982
43 47 1.4736759103343962
43 48 1.2242470716836602
43 49 1.3424682495447104
43 50 1.2719067406226732
43 51 1.075681552891452
43 52 1.4035666719092168
43 53 1.1509033925970926
43 54 1.1711975288566485
43 55 1.422900682700399
43 56 1.3046410845057104
43 57 1.4307489909081754
43 58 1.2913389670595108
43 59 1.28400213764516
43 60 1.1922526455138869
43 61 1.425650920262384
43 62 1.319313389429475
43 63 1.2657024544354554
43 64 1.341333453358379
43 65 1.220217523287226
43 66 1.181912029533041
43 67 1.2220437689872015
43 68 1.3272370551522183
43 69 1.3462744782274227
43 70 1.1298662610783845
43 71 1.060727033187035
43 72 1.192395164894211
43 73 1.3236916654277286
43 74 1.324126953526902
44 45 1.2785022883971189
44 46 1.2620647318244564
44 47 1.485536830340626
44 48 1.3211611291791547
44 49 1.286172581690506
44 50 1.2977943267392449
44 51 1.198338278860423
44 52 1.3558335565785837
44 53 1.087600682259139
44 54 1.1760915077734337
44 55 1.4230095481194724
44 56 1.2796267004903745
44 57 1.244410483446451
44 58 1.247544722559732
44 59 1.361303043209548
44 60 1.244983182228631
44 61 1.397679168914002
44 62 1.3860114062012623
44 63 1.2079062673285526
44 64 1.2360337004568123
44 65 1.2994923210373066
44 66 0.992608452451268
44 67 1.2323462047283211
44 68 1.3016800437002778
44 69 1.3009126617929965
44 70 1.2737470465772338
44 71 1.1851883026035583
44 72 1.30934150398582
44 73 1.35863046271336
44 74 1.2436647159602556
45 46 1.4677955830916796
45 47 1.4989789539614065
45 48 1.421966442521667
45 49 1.4398789573831172
45 50 1.2126762808777283
45 51 1.4126171853575409
45 52 1.416718419464976
45 53 1.2556363799357795
45 54 1.4022760790525812
45 55 1.2706839608481384
45 56 1.2099144673049025
45 57 0.767505267714273
45 58 1.478900458814415
45 59 1.2895294039006662
45 60 1.2854513461482493
45 61 1.4412715561910865
45 62 1.361066322805694
45 63 1.3070276907394893
45 64 1.3767848169181571
45 65 1.3305754924235607
45 66 1.3385185189250222
45 67 1.3488688830916395
45 68 1.2871564704460443
45 69 1.2902565856059942
45 70 1.370949122835519
45 71 1.1521554415986246
45 72 1.3617589160996606
45 73 1.4475884564049704
45 74 1.4789258423657508
46 47 1.4712488134567885
46 48 1.3178526675899442
46 49 1.2722143695256132
46 50 1.5230490817135631
46 51 1.223940992987307
46 52 1.43885473450604
46 53 1.3058104196563978
46 54 1.2845770053362644
46 55 1.4797591725704555
46 56 1.226146296003939
46 57 1.4510737234354405
46 58 1.1949092809985573
46 59 1.297316552020114
46 60 1.151338946609467
46 61 1.4978786189784505
46 62 1.3197769110754225
46 63 1.2186757166046212
46 64 1.2062308173677312
46 65 1.3100703673143728
46 66 1.2048612261967895
46 67 1.2939960494093525
46 68 1.3286420577092701
46 69 1.4041787539789021
46 70 1.0912698947899915
46 71 1.250448391243618
46 72 1.2025635830336876
46 73 1.2835439163435176
46 74 1.3035023814398115
47 48 1.4187274728810721
47 49 1.4707937894152898
47 50 1.5255908825263957
47 51 1.4238936672075446
47 52 1.0037631321086466
47 53 1.472823426896218
47 54 1.4246729384190133
47 55 0.9296016832534455
47 56 1.447574617264764
47 57 1.574843740617245
47 58 1.45436319439584
47 59 1.4005541846175504
47 60 1.4514303829999617
47 61 0.7568093258082639
47 62 1.353931471208551
47 63 1.3844869925550716
47 64 1.327989565394207
47 65 1.4966424367718152
47 66 1.3809398316663488
47 67 1.3410365419903079
47 68 1.1656483949432594
47 69 1.4601263307773447
47 70 1.4975041309248025
47 71 1.4663212506902388
47 72 1.4137760976823337
47 73 1.4458867354946532
47 74 1.4573002614132797
48 49 1.196825619707704
48 50 1.4321303235059146
48 51 1.2565971952587462
48 52 1.4125539237846103
48 53 1.3650418748598196
48 54 1.3156312899111884
48 55 1.4474943773276723
48 56 1.4541861648743313
48 57 1.4399625077819584
48 58 1.145847316342634
48 59 1.4427086153546607
48 60 1.30678428065616
48 61 1.42183779150923
48 62 1.327223774727421
48 63 1.3603666055887444
48 64 1.221897275884677
48 65 1.4195488457283152
48 66 1.324921595010134
48 67 1.392943343491621
48 68 1.339001182475635
48 69 1.3756767035320923
48 70 1.3310048438850555
48 71 1.3375231776340366
48 72 1.3783319532738991
48 73 1.304422930023375
48 74 1.1200906638655306
49 50 1.4633456811020755
49 51 1.2945691959193526
49 52 1.4261607220197285
49 53 1.2811293467274714
49 54 1.41399273170218
49 55 1.413978872841219
49 56 1.3284575588420762
49 57 1.3983832048381057
49 58 1.1328858372453303
49 59 1.3045739874938527
49 60 1.2517582438320418
49 61 1.4020487092104565
49 62 1.3877944771670123
49 63 1.3660651889057593
49 64 1.1875632897106483
49 65 1.3779719610664138
49 66 1.406685214407818
49 67 1.3086179127216966
49 68 1.3737633995785814
49 69 1.3705042374789742
49 70 1.2140255611777644
49 71 1.3903262642013308
49 72 1.3671938529063596
49 73 1.2323959842602827
49 74 1.1660421541543884
50 51 1.3364806065183055
50 52 1.4302977064123932
50 53 1.1803081450559318
50 54 1.3470896470841245
50 55 1.4074011645246713
50 56 1.3507348226456006
50 57 1.1955481669330812
50 58 1.3886359199990765
50 59 1.2997004159342087
50 60 1.3550952002274679
50 61 1.4805947305269578
50 62 1.3049099401644393
50 63 1.366541403465965
50 64 1.4023867063249147
50 65 1.2151264875819576
50 66 1.3258764434769696
50 67 1.1581299772888325
50 68 1.4277992226596847
50 69 1.2773167568539716
50 70 1.2011309067046532
50 71 1.133446151865497
50 72 1.2725429881264299
50 73 1.3004543390868721
50 74 1.2736635437108033
51 52 1.4811429550946464
51 53 1.1323292786564583
51 54 1.104091290797933
51 55 1.4161853127878403
51 56 1.3980820754238523
51 57 1.4293677553181823
51 58 1.3142799943089865
51 59 1.3355984629543274
51 60 1.2754561805629105
51 61 1.430322836380546
51 62 1.2039030647056475
51 63 1.2951459345927803
51 64 1.2959126192244255
51 65 1.2699368702753289
51 66 1.3073557524838821
51 67 1.2120480193125382
51 68 1.139797905123576
51 69 1.3549723113985717
51 70 1.1648542756129574
51 71 1.3055679632899324
51 72 1.2076123760193564
51 73 1.3498134962187494
51 74 1.2643683321496508
52 53 1.4791267514489106
52 54 1.4477496701312127
52 55 0.9329118393719043
52 56 1.3703005427701538
52 57 1.32795822656858
52 58 1.4283646183884438
52 59 1.3035222504559973
52 60 1.4244732602744439
52 61 0.7571140526458052
52 62 1.4048122387213529
52 63 1.3429618172677174
52 64 1.3093256637944735
52 65 1.3874066142807648
52 66 1.2657213193779324
52 67 1.2646803621998841
52 68 1.2445647382994234
52 69 1.3652448389671463
52 70 1.4321690324572294
52 71 1.3666026369637023
52 72 1.465009376756477
52 73 1.40792497405376
52 74 1.46278310442254
53 54 1.1353800755846097
53 55 1.4242925959775607
53 56 1.3438384100866256
53 57 1.2800299645050315
53 58 1.3581872922594962
53 59 1.2995606844314735
53 60 1.341593315130588
53 61 1.5229758962997995
53 62 1.278023031375298
53 63 1.0993631737462568
53 64 1.277614459298044
53 65 1.2444183918514309
53 66 1.2552197015940387
53 67 1.1559624291013322
53 68 1.3485365137167669
53 69 1.23060468099273
53 70 1.1492628688395372
53 71 1.1999810272908178
53 72 1.162956630173721
53 73 1.3140034312199018
53 74 1.3128276058772386
54 55 1.4265849105729413
54 56 1.3448773415756112
54 57 1.4589537113471922
54 58 1.3050491049745812
54 59 1.3856067187797005
54 60 1.3369012963580404
54 61 1.4302908880487049
54 62 1.3146127333281017
54 63 1.3055196411591254
54 64 1.322894841199222
54 65 1.269470020597429
54 66 1.288282628980743
54 67 1.2675319137839145
54 68 1.2566073045248047
54 69 1.4444419604278755
54 70 1.2631410665123914
54 71 1.3008824340052991
54 72 1.1612053928288837
54 73 1.411285167406848
54 74 1.404879249366874
55 56 1.3920119579687593
55 57 1.3245594568185315
55 58 1.3979605035121478
55 59 1.1871138872591276
55 60 1.4232877969230753
55 61 0.7508076365514373
55 62 1.3134858477810836
55 63 1.3519379516868562
55 64 1.2987852427510242
55 65 1.4183149290699737
55 66 1.323634492226437
55 67 1.2179582254111492
55 68 1.200053361740759
55 69 1.3268941976703803
55 70 1.407871734829964
55 71 1.3470123702672365
55 72 1.4744424411053765
55 73 1.4522766896692798
55 74 1.4986399320610155
56 57 1.2551981944067236
56 58 1.3724269591353957
56 59 1.2875990137011977
56 60 1.2015144232105963
56 61 1.4192794496544285
56 62 1.334715600509751
56 63 1.2924123601478188
56 64 1.2210880555442023
56 65 1.3470112339738685
56 66 1.3002926298400042
56 67 1.36343571883988
56 68 1.3193644991734412
56 69 1.3043031416289956
56 70 1.3014798892970687
56 71 1.2811629476777233
56 72 1.2555297792836135
56 73 1.317757314176753
56 74 1.456477344969982
57 58 1.4641442074560471
57 59 1.255586864125142
57 60 1.2990293779837603
57 61 1.4389971617400361
57 62 1.391831288808833
57 63 1.2221497544832967
57 64 1.3893884629766073
57 65 1.3305675882022656
57 66 1.3026725266522259
57 67 1.257988652667455
57 68 1.3490391833297637
57 69 1.215540451959366
57 70 1.3352660577304345
57 71 1.1746628683070612
57 72 1.4384798595801576
57 73 1.3899533356732265
57 74 1.4712818697630214
58 59 1.3109563911508542
58 60 1.3714477276793218
58 61 1.3647215629504508
58 62 1.3062463641940676
58 63 1.2954144901215339
58 64 1.0819767594404563
58 65 1.3771953082213013
58 66 1.2477349084284508
58 67 1.2840016494839046
58 68 1.3170646492916047
58 69 1.3085695562107436
58 70 1.2998256487756057
58 71 1.321712215236352
58 72 1.3324346603141022
58 73 1.2950575483810935
58 74 1.0646067255290192
59 60 1.314974040258758
59 61 1.2618151611793071
59 62 1.2543637981380327
59 63 1.3098601675404689
59 64 1.2373955068487825
59 65 1.3315097087952568
59 66 1.2672974110458404
59 67 1.1312571881888254
59 68 1.4078583716264481
59 69 1.2560319145154049
59 70 1.1826840680687938
59 71 1.25040249264267
59 72 1.2545070765571373
59 73 1.3822624740702976
59 74 1.2216157150936742
60 61 1.4607257867713228
60 62 1.335369426745526
60 63 1.319563434781637
60 64 1.1603156621851227
60 65 1.3465288637429722
60 66 1.297678825523697
60 67 1.2490928901248817
60 68 1.3929614471944898
60 69 1.329252431923945
60 70 1.1927567455552681
60 71 1.227119370667846
60 72 1.1526624627616964
60 73 1.3245473867330124
60 74 1.302628579856853
61 62 1.377561121715354
61 63 1.420211094955729
61 64 1.2742475086377372
61 65 1.4826915147883033
61 66 1.2906586855851083
61 67 1.2449657854780858
61 68 1.1753923116045135
61 69 1.367456977426615
61 70 1.4811931276870174
61 71 1.4158249890277639
61 72 1.4652639557745186
61 73 1.417454529222034
61 74 1.4394311298536187
62 63 1.2382107410336387
62 64 1.2160121835765498
62 65 1.4115929362915418
62 66 1.4084153012128573
62 67 1.2297950270959215
62 68 1.3160204476346857
62 69 1.327983972634444
62 70 1.2561087267254556
62 71 1.3035848057565127
62 72 1.2730716785716758
62 73 1.3601325302659124
62 74 1.2624258816659997
63 64 1.2596145105497012
63 65 1.1816693753578358
63 66 1.1562387296293746
63 67 1.1375552793060115
63 68 1.3017666665041447
63 69 1.2449078833144918
63 70 1.298793438901911
63 71 1.1286016346042216
63 72 1.2466109531347211
63 73 1.2803507191453443
63 74 1.3428994388552193
64 65 1.4187198960956178
64 66 1.2329014330233863
64 67 1.242746041600211
64 68 1.367731410251143
64 69 1.1805389696299242
64 70 1.2326540094218328
64 71 1.3788768903308553
64 72 1.2078273837013698
64 73 1.263955521284225
64 74 1.1328806943685374
65 66 1.2994247791522238
65 67 1.182038557498355
65 68 1.3214906774112836
65 69 1.2420535829712034
65 70 1.2147673715516405
65 71 1.1454594849711537
65 72 1.310852098841604
65 73 1.266173121689251
65 74 1.3701156417546805
66 67 1.3169612002637265
66 68 1.3489441837760716
66 69 1.3446877105275077
66 70 1.2801089763988147
66 71 1.2717433960393603
66 72 1.3466518277430815
66 73 1.3812080360919492
66 74 1.2340112219247465
67 68 1.2729785297202827
67 69 1.1265836573759014
67 70 1.176142599146195
67 71 1.0910732728995576
67 72 1.1900292377495247
67 73 1.2919565137642977
67 74 1.331709867233509
68 69 1.4302927672208052
68 70 1.3498909812836728
68 71 1.4183685407121278
68 72 1.3199767952354968
68 73 1.359635806176123
68 74 1.4609602223032687
69 70 1.2233061313182003
69 71 1.282136942707484
69 72 1.4220438506105386
69 73 1.2003481215476686
69 74 1.3740436701818899
70 71 1.1895172729325463
70 72 1.288243683905988
70 73 1.255585034349291
70 74 1.1540725568965458
71 72 1.2957430180658978
71 73 1.471998523572047
71 74 1.3651719528162174
72 73 1.409560535701488
72 74 1.259236858294634
73 74 1.2156840778508806
