50 0
0 1 1.3928660375913484
0 2 1.2851968491419024
0 3 1.394398064577595
0 4 1.4019785101523812
0 5 1.2414152966762952
0 6 1.4403390394926963
0 7 1.3121219226661118
0 8 1.2539744403302067
0 9 1.3971201592604845
0 10 1.3969932867940538
0 11 1.2899593215768246
0 12 1.247544722559732
0 13 1.4432140786078531
0 14 1.3050491049745812
0 15 1.2606666644891014
0 16 1.4066052713041557
0 17 1.240176835324565
0 18 1.463359497006999
0 19 1.4101919804327696
0 20 1.3428594650044092
0 21 1.4409954299952934
0 22 1.3560335322198571
0 23 1.3271238872967308
0 24 1.3880117709346922
0 25 1.3583087972792682
0 26 1.4330057284362168
0 27 1.3668043408642336
0 28 1.4097073563436167
0 29 1.245026821991039
0 30 1.1990636890446185
0 31 1.338433092971983
0 32 1.2919325080341542
0 33 1.0646067255290192
0 34 1.1849300697296095
0 35 1.2075977297664577
0 36 1.4028292555049182
0 37 1.4113667104181145
0 38 1.423094109471769
0 39 1.3774764074143675
0 40 1.3696407822833265
0 41 1.4046230394762496
0 42 1.299196975205071
0 43 1.2684590559705913
0 44 1.3736010437675026
0 45 1.3142799943089865
0 46 1.2648482867848765
0 47 1.1416283319714682
0 48 1.3762484767858636
0 49 1.286767643089423
1 2 1.3754719357833187
1 3 1.3132896425717628
1 4 1.4154765784718468
1 5 1.2846435073833733
1 6 1.352297147386086
1 7 1.3246769857443534
1 8 1.3461448811792247
1 9 1.2770303674135084
1 10 1.3780288735194914
1 11 1.3877710815063564
1 12 1.3694848818485048
1 13 1.3769033662146246
1 14 1.43015601522408
1 15 1.3616468556502133
1 16 1.4332884486188564
1 17 1.2797845629376394
1 18 1.4086822623941522
1 19 1.3071145358742222
1 20 1.3702040314610875
1 21 1.3321404199823503
1 22 1.386662443868437
1 23 1.2804221636234938
1 24 1.305559769162898
1 25 1.4107911574013703
1 26 1.2657080373783336
1 27 1.2246305282373091
1 28 1.39883209600463
1 29 1.3728570978010182
1 30 1.315586185097051
1 31 1.3192714290884746
1 32 1.4121164213945887
1 33 1.3478009606429113
1 34 1.2299379159755894
1 35 1.2821649870191485
1 36 1.4504213287544496
1 37 1.1908780793914429
1 38 1.2284591303954007
1 39 1.3975655075941453
1 40 1.4191523331221194
1 41 1.370155534196652
1 42 1.3017923068764259
1 43 1.111436156671863
1 44 1.4168984447722148
1 45 1.3751559155888484
1 46 1.5245082245617718
1 47 1.282969904285365
1 48 1.3100719957073592
1 49 1.2463171634304362
2 3 1.375221333039519
2 4 1.37846829470314
2 5 1.321538745020741
2 6 1.2622165881091891
2 7 1.4110197813978032
2 8 1.3848591194657758
2 9 1.2562276181215455
2 10 1.379220067331858
2 11 1.2540031737253623
2 12 1.2933635247459425
2 13 1.3613275947103063
2 14 1.4453584698978261
2 15 1.304147115580783
2 16 1.3635039293533955
2 17 1.3048744634810256
2 18 1.2511398472831463
2 19 1.3174652617585718
2 20 1.4323192121065635
2 21 1.3299851208368498
2 22 1.2851655587190969
2 23 1.1607030902628503
2 24 1.339442329270472
2 25 1.4122394403128926
2 26 1.3368737640078137
2 27 1.3615469527273645
2 28 0.9372396775260714
2 29 1.2721481692766952
2 30 1.3081105645795919
2 31 1.391613548203282
2 32 1.2485830639280056
2 33 1.3592082969798025
2 34 1.2564262977508394
2 35 1.2654410312036044
2 36 1.2778588905396793
2 37 1.214046435903059
2 38 1.502009718729749
2 39 1.3637501733644326
2 40 1.3711724678700334
2 41 1.307744434976363
2 42 1.5060859932814052
2 43 1.3257880468395116
2 44 1.3642334744762292
2 45 1.4135810314609214
2 46 1.3514362994280225
2 47 1.365343881380689
2 48 1.3282477348196053
2 49 1.4129635733191106
3 4 1.3511467083975752
3 5 1.2125519689806632
3 6 1.1852952276393325
3 7 1.25651021931599
3 8 1.0794278832428748
3 9 1.2414692069682036
3 10 1.2962926059166093
3 11 1.1461337265608451
3 12 1.2318253259128182
3 13 1.4021178653186952
3 14 1.2627049105269121
3 15 1.377821493726041
3 16 1.1605471617969656
3 17 1.2323375593368995
3 18 1.3115735335708867
3 19 1.3104600081350668
3 20 1.454439377024365
3 21 1.3008335170057048
3 22 1.4490478558257036
3 23 1.3089529685530308
3 24 1.1625702758961411
3 25 1.2150887892868787
3 26 1.3140001760876647
3 27 1.277214560191768
3 28 1.373304115293009
3 29 1.2614815302282407
3 30 1.328984747634034
3 31 1.2103452359488445
3 32 1.2225342175182543
3 33 1.3648207246844624
3 34 1.1416208796653884
3 35 1.2547170870687425
3 36 1.3317355190855564
3 37 1.326325554256332
3 38 1.3635903207006566
3 39 1.3068259652455916
3 40 1.3358828355627321
3 41 1.3485234880952899
3 42 1.1789047565561543
3 43 1.173804197811405
3 44 1.2280998790264435
3 45 1.1637552206178547
3 46 1.3049564843996604
3 47 1.3937465944296556
3 48 1.1018622928862982
3 49 1.2543543952236411
4 5 1.4389611444798251
4 6 1.3938749457683317
4 7 1.3287763701972053
4 8 1.4087622891665172
4 9 1.4424890822343608
4 10 1.3370801632795126
4 11 1.2652310901172081
4 12 1.3447204076089436
4 13 1.123618656807762
4 14 1.318922234001555
4 15 1.386703423923678
4 16 1.397147892931783
4 17 1.4362322018580571
4 18 1.1628310095282892
4 19 1.383569777544572
4 20 1.358538162559206
4 21 1.3233471571547017
4 22 1.2183081034031416
4 23 1.2616708303536914
4 24 1.3591170168614723
4 25 1.428981861550903
4 26 1.2740064241950744
4 27 1.3131946778990395
4 28 1.40932036528994
4 29 1.4327070397268062
4 30 1.3358031563390096
4 31 1.299948990699779
4 32 1.366061320668963
4 33 1.445992474961782
4 34 1.3717750944590512
4 35 1.520602411900267
4 36 1.1579602827377617
4 37 1.2467810913854815
4 38 1.3163878458524874
4 39 1.4483480249806224
4 40 1.382354715037751
4 41 1.2210131517258394
4 42 1.4520854865207653
4 43 1.3693144480708177
4 44 1.2906427541610446
4 45 1.308682814013313
4 46 1.3905927493576336
4 47 1.3765646851418052
4 48 1.351416749258891
4 49 1.4660692582353754
5 6 1.1121073259174081
5 7 1.0801596679378658
5 8 1.0313152947988258
5 9 1.1290974153112217
5 10 1.3985561579564123
5 11 1.2916148899153597
5 12 1.2030998754144953
5 13 1.562881129639226
5 14 1.3034768963940428
5 15 1.3581253129963908
5 16 1.20423129155758
5 17 0.6694397675808229
5 18 1.5885762512855612
5 19 1.3037082386739247
5 20 1.375452497382158
5 21 1.2440536247416127
5 22 1.4115960031125678
5 23 1.3289087760774967
5 24 1.2379760496867727
5 25 1.2696515319945216
5 26 1.2656991909587032
5 27 1.1893982590484664
5 28 1.2379227947861005
5 29 1.0900787779283119
5 30 1.2791473824553103
5 31 1.0817238426610556
5 32 1.245482682577908
5 33 1.1785343564375428
5 34 0.6617943980130511
5 35 0.6861533432961203
5 36 1.5325708055266725
5 37 1.3057073248559536
5 38 1.5369412246126208
5 39 1.3198075573944288
5 40 1.3525136978469852
5 41 1.5348467443909373
5 42 1.3603652517906781
5 43 0.9254119410501208
5 44 1.2877754283465401
5 45 1.255829147019034
5 46 1.3067665368982493
5 47 1.1574019528061479
5 48 1.2120240751104492
5 49 1.0217960815285716
6 7 1.145315244969055
6 8 1.138703721678321
6 9 1.200443114006708
6 10 1.2745912774816615
6 11 1.2417060819472219
6 12 1.219446797534721
6 13 1.414305603660508
6 14 1.2537839963859885
6 15 1.379391093436693
6 16 1.134696674975145
6 17 1.2717430066357645
6 18 1.3292364797366298
6 19 1.3179621253035396
6 20 1.2720193132344333
6 21 1.3327619743743813
6 22 1.4136663467356752
6 23 1.3513376981464333
6 24 1.246516099584277
6 25 1.2803153184342946
6 26 1.4294762840224848
6 27 1.2902557266233357
6 28 1.2606780198320047
6 29 1.1154887918906973
6 30 1.253685333949827
6 31 1.2734982504451582
6 32 1.278339254672112
6 33 1.3106748610094328
6 34 1.0581265812718612
6 35 1.1340135768934838
6 36 1.3254574931260206
6 37 1.3065263732458208
6 38 1.439267734399932
6 39 1.4001476261301207
6 40 1.4578627187030633
6 41 1.3844146024317372
6 42 1.1711983679244433
6 43 1.3054355660637031
6 44 1.2526513674701645
6 45 1.2050780998569655
6 46 1.2049002120406613
6 47 1.2539015798446957
6 48 1.2113126984525278
6 49 1.241114441654198
7 8 1.1575732947625104
7 9 1.1168540259983117
7 10 1.3253368896648654
7 11 1.2166094944908605
7 12 1.2988747580978963
7 13 1.4093402510648139
7 14 1.2541617613328355
7 15 1.321410994978923
7 16 1.241353261292912
7 17 1.107038073902219
7 18 1.5327115251825003
7 19 1.2811771937297556
7 20 1.3994556748351485
7 21 1.2742995444720573
7 22 1.37299536506736
7 23 1.220111130063013
7 24 1.3193038019789418
7 25 1.3190164498453472
7 26 1.337415025791548
7 27 1.252809234220457
7 28 1.3453332926080563
7 29 1.0951935621655562
7 30 1.3963715915898745
7 31 1.1811022319600595
7 32 1.3237352105917795
7 33 1.2224679100753828
7 34 0.9997301507101156
7 35 1.0609455253935258
7 36 1.486365465568093
7 37 1.2691973478269702
7 38 1.4176935172449026
7 39 1.3183438280583908
7 40 1.3186684125711587
7 41 1.4704699928804066
7 42 1.3032247741005918
7 43 1.1737257725542847
7 44 1.2143340427657576
7 45 1.2264296962428196
7 46 1.3779892590985565
7 47 1.2646641298894803
7 48 1.2135671902113243
7 49 1.0379892777713697
8 9 1.1361244214325195
8 10 1.3420267216234554
8 11 1.0921009644785087
8 12 1.2347024178985093
8 13 1.3821493670191138
8 14 1.1939025591566488
8 15 1.3628575513394403
8 16 1.0368942921529207
8 17 1.0342598378271346
8 18 1.415275339843933
8 19 1.3352916996692774
8 20 1.354180348232066
8 21 1.317756030820661
8 22 1.358313390578089
8 23 1.243417511530245
8 24 1.2066161640388395
8 25 1.2078496155973155
8 26 1.2956515482015323
8 27 1.1462425830074918
8 28 1.3304978919730384
8 29 1.179589629758098
8 30 1.2131399743422453
8 31 1.0003113579253866
8 32 1.178411386215877
8 33 1.318402155036821
8 34 0.9992856623062774
8 35 1.091057453969483
8 36 1.4118911483505712
8 37 1.2921155292326518
8 38 1.3787728810540492
8 39 1.2565499503323039
8 40 1.3619799303215456
8 41 1.4252132332372907
8 42 1.0183487475864559
8 43 1.068891522445149
8 44 1.1959868824126068
8 45 1.0967408244260628
8 46 1.177938533385899
8 47 1.261041466849088
8 48 1.1756186838867388
8 49 1.0675387199383106
9 10 1.3628818025578797
9 11 1.2673895823080885
9 12 1.2365013924462402
9 13 1.4424743076147302
9 14 1.4095790087660096
9 15 1.3028009594853056
9 16 1.198210628080209
9 17 1.123231174851302
9 18 1.5129365392643062
9 19 1.3383567227620126
9 20 1.4179718533636052
9 21 1.0598168906600374
9 22 1.4053693158590022
9 23 1.23040963968379
9 24 1.2272016063976825
9 25 1.3652060015792087
9 26 1.1067058361541606
9 27 1.2660054076077947
9 28 1.2019406864943238
9 29 1.222255040634091
9 30 1.3759929778574262
9 31 1.2433975762467029
9 32 1.2814363007709553
9 33 1.4234310342845904
9 34 1.0517307764774566
9 35 1.0319083314993533
9 36 1.5125292154594807
9 37 1.3011544190400917
9 38 1.4685455367030622
9 39 1.232484180734531
9 40 1.2440075949670364
9 41 1.383460009694091
9 42 1.3678948626887681
9 43 1.091315220177128
9 44 1.205033496526398
9 45 1.4069558009831078
9 46 1.2821294292096366
9 47 1.3667119429138737
9 48 1.1244148774016556
9 49 0.9631107699411269
10 11 1.276000151743691
10 12 1.1656114764824566
10 13 1.3679091982704221
10 14 1.2236946510556617
10 15 1.470610927182642
10 16 1.360367957182885
10 17 1.3634591683377515
10 18 1.4162195754329727
10 19 1.2778095882914944
10 20 1.3511787314998902
10 21 1.346296702999203
10 22 1.3160128646381755
10 23 1.2852858364091757
10 24 1.2821682955765579
10 25 1.3288036017418892
10 26 1.387463868128232
10 27 1.381742247920842
10 28 1.3921730484323365
10 29 1.3272342032672897
10 30 1.2785595148105184
10 31 1.3481251205731692
10 32 1.3447666936200733
10 33 1.438223360988926
10 34 1.3341657258383026
10 35 1.3127967083678824
10 36 1.3926272728372868
10 37 1.2772803168626736
10 38 1.3262585938473357
10 39 1.2788515574333943
10 40 1.305892775098689
10 41 1.4418711883603494
10 42 1.3756699623434572
10 43 1.3581226394658887
10 44 1.3915639268749
10 45 1.2744565721522831
10 46 1.1758192745710099
10 47 1.3755600565278507
10 48 1.2557229719755176
10 49 1.3964756194066748
11 12 1.2942137799354652
11 13 1.268458179406778
11 14 1.3677828385839836
11 15 1.2918502276796233
11 16 1.2556830728445847
11 17 1.3021479333610806
11 18 1.2404486678968754
11 19 1.3341639447717628
11 20 1.3600993823586591
11 21 1.4018313898341075
11 22 1.3355553705678607
11 23 1.1407267238284506
11 24 1.309633529811865
11 25 1.3109550801666556
11 26 1.3552558641357515
11 27 1.350341245117821
11 28 1.254664488084191
11 29 1.3255763331889856
11 30 1.2934712657821938
11 31 1.2153865773014254
11 32 1.2968952041591628
11 33 1.3158615223019285
11 34 1.1754347675699297
11 35 1.288113691659202
11 36 1.209407897676353
11 37 1.2780908812494207
11 38 1.3467351432188859
11 39 1.3141695047310236
11 40 1.3626107513326073
11 41 1.2259939366697268
11 42 1.2298350994278493
11 43 1.287642652696089
11 44 1.270509858538491
11 45 1.2412927093554569
11 46 1.3638850948463104
11 47 1.4075177113160207
11 48 1.2627591476321827
11 49 1.2949592959593468
12 13 1.3575555952350038
12 14 1.1760915077734337
12 15 1.405465173604752
12 16 1.2295275960045446
12 17 1.2173550771469648
12 18 1.4383271387407848
12 19 1.3443182923645995
12 20 1.3420247570679307
12 21 1.209325329295908
12 22 1.2865290479366613
12 23 1.2344213145088883
12 24 1.3504064129435736
12 25 1.2520885912785964
12 26 1.2823457028969123
12 27 1.3100801981724803
12 28 1.377532102857108
12 29 1.3044638603422254
12 30 1.2961023270821481
12 31 1.2911163894357645
12 32 1.2709654702252955
12 33 1.2436647159602556
12 34 1.2325987276748613
12 35 1.1405758183177375
12 36 1.4516800591164891
12 37 1.2824501656870464
12 38 1.450236077070566
12 39 1.2992032985407436
12 40 1.3265460619833036
12 41 1.4152614832148964
12 42 1.345736726888161
12 43 1.209308521758288
12 44 1.395247835192257
12 45 1.198338278860423
12 46 1.2418551096579997
12 47 1.2489520470326925
12 48 1.229144548932169
12 49 1.226744476843156
13 14 1.3477818397551742
13 15 1.3921970607315661
13 16 1.3642695693091624
13 17 1.6070314979725044
13 18 0.9808624148204683
13 19 1.4159684209230423
13 20 1.2863044109214237
13 21 1.4333777866857722
13 22 1.1577802410792837
13 23 1.302373768457548
13 24 1.3868259480173684
13 25 1.4646015893691788
13 26 1.3362814797986788
13 27 1.3873526634894355
13 28 1.3660193831164804
13 29 1.396724636453514
13 30 1.3754737530138093
13 31 1.3871510136983711
13 32 1.3645251314711588
13 33 1.4635475446450867
13 34 1.409587492016161
13 35 1.5912277869719886
13 36 1.0436342530368665
13 37 1.313286043238947
13 38 1.1787668038330996
13 39 1.4435069972516388
13 40 1.3992385055254968
13 41 1.0563765769391995
13 42 1.358989574778443
13 43 1.424561316025695
13 44 1.2222997630816101
13 45 1.3075850271664198
13 46 1.3906094026550562
13 47 1.4217138885813365
13 48 1.3502795567241759
13 49 1.495400260399271
14 15 1.440783755712096
14 16 1.0862153146748172
14 17 1.3869343809015138
14 18 1.4225887030674513
14 19 1.4063124394165736
14 20 1.2750014653745114
14 21 1.4280517205813945
14 22 1.397583143918815
14 23 1.3681910653487743
14 24 1.408450116299998
14 25 1.1992786070529513
14 26 1.445427437861809
14 27 1.2553822808301516
14 28 1.4611028955861858
14 29 1.2721209811551923
14 30 1.2867641303596227
14 31 1.2093074140501787
14 32 1.190331196363119
14 33 1.404879249366874
14 34 1.2962826309632716
14 35 1.3468820454166464
14 36 1.4483697202197174
14 37 1.3949738575381223
14 38 1.4188972766651475
14 39 1.2406668975094413
14 40 1.4447404908746373
14 41 1.5312449963215855
14 42 1.118236983236145
14 43 1.3386088196477057
14 44 1.3960843879231128
14 45 1.104091290797933
14 46 1.244663778017842
14 47 1.39312487992247
14 48 1.215555522149076
14 49 1.3161725626660759
15 16 1.3844141005922486
15 17 1.3309863074114157
15 18 1.383480729422192
15 19 1.2377680000541398
15 20 1.3995978768305188
15 21 1.3579627558205751
15 22 1.3337683470871957
15 23 1.3257584858823703
15 24 1.310465456949117
15 25 1.3877181152524565
15 26 1.2910074305788688
15 27 1.2664243572622094
15 28 1.2581688895245033
15 29 1.3278324893973907
15 30 1.4354688358563408
15 31 1.4039874915943777
15 32 1.4138730239740303
15 33 1.3396661231898883
15 34 1.3131530630947184
15 35 1.3406294119246902
15 36 1.3465009222945261
15 37 1.3530157448464457
15 38 1.4269525685737265
15 39 1.2521035487037342
15 40 1.281986227010726
15 41 1.3715076828145887
15 42 1.3036454418691983
15 43 1.3217351162399813
15 44 1.4191105519790106
15 45 1.2940962185877236
15 46 1.4484598071971153
15 47 1.4579988361242817
15 48 1.4169198297382497
15 49 1.343451645065827
16 17 1.3316450503414679
16 18 1.4019470715022184
16 19 1.3506179830071594
16 20 1.327636442239044
16 21 1.3592795453810145
16 22 1.3814544467322798
16 23 1.3611955219887097
16 24 1.293512178329868
16 25 1.1327939566402379
16 26 1.3866243009876793
16 27 1.197609643364796
16 28 1.2891711866532527
16 29 1.2415053993134457
16 30 1.3577651563299344
16 31 1.088434153832864
16 32 1.070361759998323
16 33 1.3502019661681226
16 34 1.2377738298936123
16 35 1.246512472519958
16 36 1.410313360970359
16 37 1.3878971464039247
16 38 1.4578878937184723
16 39 1.309330866021585
16 40 1.4394007172525736
16 41 1.4959787889402882
16 42 0.977702051934617
16 43 1.2473285024539043
16 44 1.2662704116503463
16 45 1.0587705079749985
16 46 1.1694886004067502
16 47 1.2543912035233042
16 48 1.1125117746442437
16 49 1.3034035451077597
17 18 1.5964573986498145
17 19 1.3044159414492975
17 20 1.502551576355657
17 21 1.1127621393381255
17 22 1.3419767064915067
17 23 1.2474215582903718
17 24 1.2385270918840228
17 25 1.3172438061905312
17 26 1.2158819860252892
17 27 1.2712722957057168
17 28 1.2687108194629668
17 29 1.13849587813246
17 30 1.299552970160195
17 31 1.193184752223088
17 32 1.33139031557792
17 33 1.2389443036815293
17 34 0.8046329580046369
17 35 0.7970440289717122
17 36 1.5083625064936672
17 37 1.2770249397560869
17 38 1.4901331800833035
17 39 1.3423405900871364
17 40 1.3576730090059526
17 41 1.5232538225199301
17 42 1.407465609790505
17 43 0.9720196617226453
17 44 1.3475137821927594
17 45 1.3291865839351764
17 46 1.2772273469849658
17 47 1.200203057821043
17 48 1.2920536787528298
17 49 0.968162919251765
18 19 1.371311778723008
18 20 1.233715771348266
18 21 1.4356530934031446
18 22 1.2776497110353469
18 23 1.3748439925048197
18 24 1.3678996229102314
18 25 1.3676443734859247
18 26 1.411066918817026
18 27 1.3809829494594708
18 28 1.3662623512803895
18 29 1.3933203600178656
18 30 1.2309028487144242
18 31 1.4173405526669258
18 32 1.329949580470309
18 33 1.4974963551550105
18 34 1.4615334639488633
18 35 1.6586399412072876
18 36 0.5252025643068977
18 37 1.2487919602891513
18 38 1.1733290946628339
18 39 1.4721984892533186
18 40 1.4248337770361843
18 41 0.7353856408898458
18 42 1.358671175447606
18 43 1.536885446825523
18 44 1.2565208058259996
18 45 1.3787144172926
18 46 1.3867358752856844
18 47 1.4672687960642357
18 48 1.3431985281999324
18 49 1.5560829229837445
19 20 1.3761042044918483
19 21 1.3140090012115262
19 22 1.3463053287946893
19 23 1.3626306722539099
19 24 1.273470292769402
19 25 1.4145760754337093
19 26 1.3449715760134298
19 27 1.3920357910571384
19 28 1.3194281905712255
19 29 1.3439181622376406
19 30 1.4519981324554767
19 31 1.3763022348249534
19 32 1.3531659283698265
19 33 1.4346909943018662
19 34 1.2715211005150562
19 35 1.226741679725866
19 36 1.369433331744641
19 37 1.374899408950664
19 38 1.3588594070022126
19 39 1.1939827055258991
19 40 1.3581848319646106
19 41 1.3818030979001183
19 42 1.38904270964544
19 43 1.2545883585102955
19 44 1.3825070824845518
19 45 1.2856693870615026
19 46 1.459044563282353
19 47 1.4431816399911572
19 48 1.352332475814094
19 49 1.288910312115657
20 21 1.4825811010891685
20 22 1.4363048546867068
20 23 1.4335972272001005
20 24 1.3848780482406602
20 25 1.34278119049114
20 26 1.450143025004601
20 27 1.3399127627066667
20 28 1.4529631434625674
20 29 1.326038751160199
20 30 1.2771398042708335
20 31 1.284536477641218
20 32 1.3011827898276023
20 33 1.4305776191172566
20 34 1.3613521380579576
20 35 1.407636012591334
20 36 1.306178668831958
20 37 1.298806443500154
20 38 1.3157453840143516
20 39 1.4036523668365337
20 40 1.357735721659369
20 41 1.3454972668231007
20 42 1.2761438260142415
20 43 1.3674365582230712
20 44 1.3072824572923818
20 45 1.276836934109837
20 46 1.306884625259471
20 47 1.3386465542017674
20 48 1.2960900701987483
20 49 1.4661345448097034
21 22 1.3058994729711766
21 23 1.272247727375532
21 24 1.3405264846334697
21 25 1.341201576136558
21 26 0.9157563865063882
21 27 1.2533255472360672
21 28 1.4021405738714403
21 29 1.335018470160365
21 30 1.281057093991362
21 31 1.38627313690545
21 32 1.390749764804922
21 33 1.3511728044838318
21 34 1.3137042989014343
21 35 1.152863179780968
21 36 1.3986572532782051
21 37 1.327092822702428
21 38 1.4391637019806858
21 39 1.2653977374008865
21 40 1.3984688233736822
21 41 1.3222179812744612
21 42 1.5350315563645607
21 43 1.1720496899361919
21 44 1.3097757604673246
21 45 1.3697584664106268
21 46 1.3188829759335372
21 47 1.2900741563582199
21 48 1.1950271936716712
21 49 1.088530388551393
22 23 1.2205494048654462
22 24 1.3906773884899783
22 25 1.495892993617024
22 26 1.3296513077077692
22 27 1.3646892014469654
22 28 1.2258740929463885
22 29 1.4055944057722074
22 30 1.3183997125892413
22 31 1.3446056540686162
22 32 1.3259382607055685
22 33 1.3916732329889459
22 34 1.3426338962289472
22 35 1.3294957278291932
22 36 1.245966933699217
22 37 1.2766381525665718
22 38 1.1969251816283724
22 39 1.3062175854988827
22 40 1.4580799211323205
22 41 1.2787221709922953
22 42 1.43402888126017
22 43 1.3720367945657568
22 44 1.406046488255503
22 45 1.3507763529454702
22 46 1.2353358319860084
22 47 1.3568991027800381
22 48 1.3537138383553933
22 49 1.3347881434228148
23 24 1.3268413929274507
23 25 1.3794933791499988
23 26 1.3458145641902381
23 27 1.2850819977542902
23 28 1.3285783733820313
23 29 1.2308764227559632
23 30 1.2973536712096403
23 31 1.293579266923274
23 32 1.3431589342731587
23 33 1.3897098254864653
23 34 1.21348022641611
23 35 1.2834640660222725
23 36 1.341950026042848
23 37 1.1394599537492642
23 38 1.247135772182174
23 39 1.3161054120886173
23 40 1.418000015234218
23 41 1.2928320064831331
23 42 1.4026843196205612
23 43 1.239579232938372
23 44 1.3372801178788307
23 45 1.2770005750149072
23 46 1.3704141267964836
23 47 1.3573221311991979
23 48 1.2844676835108013
23 49 1.256174068593631
24 25 1.31137851137688
24 26 1.3880107004234574
24 27 1.3354837018014918
24 28 1.2781737086663045
24 29 1.270256610707481
24 30 1.2552979364101389
24 31 1.2986732723688272
24 32 1.2636692615649259
24 33 1.3775434849480086
24 34 1.207163604534913
24 35 1.1740657645061916
24 36 1.3860253161390357
24 37 1.2787263418755392
24 38 1.4507455115295174
24 39 1.259718278270573
24 40 1.2493007319474727
24 41 1.3561107693104728
24 42 1.3322154385700653
24 43 1.2053674576689057
24 44 1.3420974521671847
24 45 1.2470110585687841
24 46 1.1899232053992466
24 47 1.3121847586041393
24 48 1.2648115510908804
24 49 1.3400538544445053
25 26 1.4025357060387873
25 27 1.3310441402894566
25 28 1.4325723623788642
25 29 1.3356961800271654
25 30 1.2257180590064893
25 31 1.2165941669333384
25 32 1.2543764777289501
25 33 1.2468268535681921
25 34 1.3119467002127854
25 35 1.3595370281064696
25 36 1.3701750330562634
25 37 1.4499713158732164
25 38 1.4289748199084047
25 39 1.283341406097203
25 40 1.4593687514093288
25 41 1.4452026599689176
25 42 1.1804162290261069
25 43 1.359625394183065
25 44 1.2999372750972882
25 45 1.1836881747721186
25 46 1.208101794983933
25 47 1.328095621343793
25 48 1.22603179560964
25 49 1.323026944686489
26 27 1.295453171673367
26 28 1.3260900801715394
26 29 1.5153614062813971
26 30 1.355200351548151
26 31 1.327035730005078
26 32 1.4404681871841467
26 33 1.4863422694336277
26 34 1.2485041772694632
26 35 1.2415829631718844
26 36 1.418188438671766
26 37 1.2888105962068328
26 38 1.4476605586804145
26 39 1.2976769216051613
26 40 1.4896412665218621
26 41 1.2768253220216148
26 42 1.4310425985801913
26 43 1.142487905972062
26 44 1.2953244258075833
26 45 1.4208524637375817
26 46 1.4224403025664285
26 47 1.3669798726875275
26 48 1.2032008616763896
26 49 1.1874430618499021
27 28 1.3969885306887364
27 29 1.3244231604397851
27 30 1.2400080189450826
27 31 1.2434338790315755
27 32 1.276442431161932
27 33 1.3873435990491656
27 34 1.2223049337081864
27 35 1.2281791149242973
27 36 1.4552624130890006
27 37 1.263225916966411
27 38 1.4177291684308202
27 39 1.3421516303929395
27 40 1.3893691505219254
27 41 1.381656746649449
27 42 1.2516877259878518
27 43 1.1163642669067724
27 44 1.3198453254691773
27 45 1.2568363208276918
27 46 1.4154558187847068
27 47 1.3708040007476066
27 48 1.2249700246299604
27 49 1.0925592940656272
28 29 1.3651151472715108
28 30 1.3600548296668167
28 31 1.3137556937763322
28 32 1.2316787392683304
28 33 1.3387671765721338
28 34 1.2134105610729262
28 35 1.1791560337230846
28 36 1.3831801928444385
28 37 1.2892293540713713
28 38 1.5059726405542153
28 39 1.3810919628874936
28 40 1.3634585682975322
28 41 1.3680215074842765
28 42 1.413313880429447
28 43 1.2743829998370944
28 44 1.2987829082774722
28 45 1.3777075616596586
28 46 1.3692732469674107
28 47 1.3846086222904928
28 48 1.3501948030900701
28 49 1.3309652920100257
29 30 1.3627168339677558
29 31 1.2952885958130096
29 32 1.2715716231217598
29 33 1.3112426375643564
29 34 1.0410606231887203
29 35 1.1482161672546496
29 36 1.3710530749631205
29 37 1.3305611177630747
29 38 1.3664506488954096
29 39 1.3645807690846714
29 40 1.309347752793797
29 41 1.4053948104382379
29 42 1.3379874258294862
29 43 1.3049274029231293
29 44 1.2713724471670689
29 45 1.3497146692571602
29 46 1.2395594880183651
29 47 1.2988338495005944
29 48 1.322512779690946
29 49 1.2353469677243782
30 31 1.305298574719695
30 32 1.2914995842346328
30 33 1.1363031344631336
30 34 1.306878762841306
30 35 1.2936535759775822
30 36 1.2198182351604137
30 37 1.2325507429728577
30 38 1.3621627170359325
30 39 1.3576571007068527
30 40 1.4293066296129973
30 41 1.217323906292413
30 42 1.3963286634922503
30 43 1.3124403690225834
30 44 1.351138668761292
30 45 1.2085009495009584
30 46 1.1583049377335142
30 47 1.2180341102477017
30 48 1.263404726797132
30 49 1.2769648196235717
31 32 1.1688653128353088
31 33 1.2986504087498092
31 34 1.0440342514376917
31 35 1.1890156637558524
31 36 1.3863915885624032
31 37 1.3697008048407902
31 38 1.3524685491697828
31 39 1.333839214598332
31 40 1.2762707375537152
31 41 1.4151675183996595
31 42 1.1083471799638995
31 43 1.1799786855047893
31 44 1.205042943326603
31 45 1.1176093152194602
31 46 1.3277215114048466
31 47 1.284826849363069
31 48 1.2588848149965888
31 49 1.245527268219891
32 33 1.3172363077425515
32 34 1.2095251973716887
32 35 1.2853260795839323
32 36 1.380485744587146
32 37 1.316111308584347
32 38 1.5240477416734841
32 39 1.2523482467603861
32 40 1.37478684710776
32 41 1.4321167260604317
32 42 1.2029266351988503
32 43 1.2272772897930686
32 44 1.2969470471430051
32 45 1.1596658617743059
32 46 1.3110453922813654
32 47 1.3598689236566048
32 48 1.2765965254201468
32 49 1.3515923664914928
33 34 1.2462142069632622
33 35 1.2008818571636177
33 36 1.4311178131007136
33 37 1.3924100416980305
33 38 1.4679305222245245
33 39 1.4284909996337236
33 40 1.389870785995966
33 41 1.4692895459931135
33 42 1.3503929244827904
33 43 1.2820380956793844
33 44 1.4164901882278498
33 45 1.2643683321496508
33 46 1.3534535700930637
33 47 1.1307719578222697
33 48 1.299013161260508
33 49 1.2595370953274267
34 35 0.8339638960440826
34 36 1.403287730917837
34 37 1.2754205075222922
34 38 1.4184899580036505
34 39 1.3050385940273423
34 40 1.2728583365207862
34 41 1.3874909345127022
34 42 1.2496337842719574
34 43 0.9446686629720694
34 44 1.1445594473664529
34 45 1.277227980051789
34 46 1.2835317223775533
34 47 1.2062418221320144
34 48 1.185304661596133
34 49 1.0020288587568773
35 36 1.6337514640426813
35 37 1.3494790413100954
35 38 1.5307906732127623
35 39 1.2699484308600586
35 40 1.3249592472925498
35 41 1.5609151890408883
35 42 1.3926606621166049
35 43 0.8893494304649017
35 44 1.358521792399244
35 45 1.259520991067596
35 46 1.2691738096252807
35 47 1.1582420737349701
35 48 1.1742494885726111
35 49 0.9607181781874005
36 37 1.275164350665394
36 38 1.137856662893661
36 39 1.4987629271115595
36 40 1.389046598618614
36 41 0.8199968279981694
36 42 1.4003850195469325
36 43 1.567858016758352
36 44 1.2657630125132688
36 45 1.3889065070349267
36 46 1.4151610480529724
36 47 1.4548388913142791
36 48 1.3824848502592126
36 49 1.5274983884541407
37 38 1.297523063844957
37 39 1.438103678016243
37 40 1.3917261407364443
37 41 1.246085593443391
37 42 1.3294429032708048
37 43 1.2918532222490071
37 44 1.2558340064635112
37 45 1.3352750262229314
37 46 1.3963737321808398
37 47 1.3991825062848315
37 48 1.184754902970369
37 49 1.3584009848660095
38 39 1.4316299856452972
38 40 1.398614208499078
38 41 1.168403456472098
38 42 1.3593842525404458
38 43 1.4418058566532335
38 44 1.3073350062175564
38 45 1.4408933887379982
38 46 1.3564890636186833
38 47 1.5228495646085964
38 48 1.324333611629404
38 49 1.4321380195695115
39 40 1.3215959894536764
39 41 1.4368204129802475
39 42 1.420648955453617
39 43 1.2486320988987711
39 44 1.4596052352711464
39 45 1.331493023334355
39 46 1.347139211344192
39 47 1.498944166541916
39 48 1.344082299592794
39 49 1.2349621227768857
40 41 1.3268105183499883
40 42 1.4658258981628423
40 43 1.311110968542158
40 44 1.4218084188929347
40 45 1.4491012167727093
40 46 1.3733496511561527
40 47 1.388563128317122
40 48 1.3948787373784426
40 49 1.3454751362126944
41 42 1.3781796157141155
41 43 1.4843721160313312
41 44 1.2316957313916141
41 45 1.4662797383372475
41 46 1.4470748799426902
41 47 1.4298208295414183
41 48 1.329534957379887
41 49 1.4186349407542655
42 43 1.272441994661891
42 44 1.214216069681003
42 45 1.113222973619821
42 46 1.2666214997632608
42 47 1.3228324045032225
42 48 1.187013800297226
42 49 1.3498593384669118
43 44 1.391728562130868
43 45 1.185047141707514
43 46 1.325939313882084
43 47 1.1041355944751399
43 48 1.130754804954854
43 49 1.0218589398198794
44 45 1.3415129849690717
44 46 1.3525310086153888
44 47 1.3921915637184388
44 48 1.2034763572998315
44 49 1.3279503912126607
45 46 1.2669948379375107
45 47 1.1918052297469337
45 48 1.158564433017268
45 49 1.346744488949361
46 47 1.1426900791939756
46 48 1.2176896197800102
46 49 1.320650524113535
47 48 1.1654309543292412
47 49 1.293499018896616
48 49 1.3102331388346389
