75 0
0 1 1.3281801666077655
0 2 1.2893253138786651
0 3 1.3003231384665477
0 4 1.3567389605781481
0 5 1.235916511290575
0 6 1.093307022103345
0 7 1.2590911071997
0 8 1.2583085875271354
0 9 1.1783489433683245
0 10 1.296099299545099
0 11 1.2823454978837803
0 12 1.0786953684874112
0 13 1.1679196391014128
0 14 1.304347815468509
0 15 1.3091552461751101
0 16 1.4207435750088926
0 17 1.3906656251754623
0 18 1.3195149170946636
0 19 1.3354793019475217
0 20 1.0242924072803081
0 21 1.3258671615658761
0 22 1.1971800521773037
0 23 1.2815157659341907
0 24 1.204011667616965
0 25 1.2942946288070176
0 26 1.2462629350026688
0 27 1.2277466114101718
0 28 1.2488945221053263
0 29 1.199667583901152
0 30 1.249653542439717
0 31 1.2495143253171017
0 32 1.318927307935591
0 33 0.8745498531212995
0 34 1.2313558500959878
0 35 1.1841183318315949
0 36 1.1495098870675087
0 37 1.2093695352757532
0 38 1.1635197945809426
0 39 1.2282445890347455
0 40 1.3193429862403063
0 41 1.3103375119299694
0 42 1.0208609452630817
0 43 1.205064054576494
0 44 1.1614311822490346
0 45 1.2356848354159056
0 46 1.293522765879006
0 47 1.3679361367431244
0 48 1.1806011567780135
0 49 1.0767252755769348
0 50 1.1417371760925654
0 51 1.147976191577839
0 52 1.2938383897762353
0 53 1.0606839544979823
0 54 1.18843715152619
0 55 1.2194034377455412
0 56 1.2835087934505334
0 57 1.2678527751704198
0 58 1.2405266553474632
0 59 1.2068181563974805
0 60 1.177510181006434
0 61 1.2614204152140818
0 62 1.2910432836014913
0 63 1.2749910474040427
0 64 1.0970267418904303
0 65 1.3520137791112317
0 66 1.254028160918456
0 67 1.126003856772648
0 68 1.3172440642602445
0 69 1.323873238178206
0 70 1.3167413287915557
0 71 1.2382205315084893
0 72 1.3311698964824565
0 73 0.7428327091274545
0 74 1.1595241300018868
1 2 1.331797401910404
1 3 1.41991483304029
1 4 1.3515827779955634
1 5 1.3361772058208043
1 6 1.418905013710516
1 7 1.3299307427615987
1 8 1.1656911913786911
1 9 1.362492327105305
1 10 1.4210773350128025
1 11 0.9497212623762528
1 12 1.3154615099953004
1 13 1.4817019764775505
1 14 1.3663715847796845
1 15 1.3843066959921195
1 16 1.1572852497354709
1 17 1.319059239106153
1 18 1.332033623762468
1 19 1.4111196640337398
1 20 1.1918124891508046
1 21 1.3276401259885733
1 22 1.3262342236442153
1 23 1.3902269645861751
1 24 1.3248992170344804
1 25 1.3120883153963223
1 26 1.3341110329510788
1 27 1.2676012314914433
1 28 1.24218916918819
1 29 1.1765310635648365
1 30 1.3147153537202025
1 31 1.2872611308169526
1 32 1.3416687062141597
1 33 1.2406158079221627
1 34 1.3198950886873788
1 35 1.3735407593091344
1 36 1.390314656669085
1 37 1.2361015525650878
1 38 1.3623246514510272
1 39 1.2616407058311365
1 40 1.2605849921642194
1 41 1.2422615050115429
1 42 1.2698105453018753
1 43 1.2652218586100799
1 44 1.321344217206583
1 45 1.3080128483042417
1 46 1.461570441391622
1 47 1.3818249969740828
1 48 1.3703415355213302
1 49 1.368086015403416
1 50 1.3876877109163466
1 51 1.2757279429058945
1 52 1.1893077717831328
1 53 1.4092719097866284
1 54 1.2483251162495523
1 55 1.2270001845398548
1 56 1.4770705725133901
1 57 1.3794674222492072
1 58 1.380074526059951
1 59 1.360247427254636
1 60 1.2741942304427867
1 61 1.4486144537127243
1 62 1.4638046815061743
1 63 1.3570585283300571
1 64 1.297192333302177
1 65 1.3226005935234415
1 66 1.2797455821956014
1 67 1.3653154397413125
1 68 1.339414181541064
1 69 1.4164745179909348
1 70 1.3564637911346058
1 71 1.2711313464547602
1 72 1.3434181677389376
1 73 1.314584468328046
1 74 1.3756200233634828
2 3 1.3779549986821436
2 4 1.3578270116088964
2 5 1.316415039214992
2 6 1.329921427680717
2 7 1.3077726767767939
2 8 1.2906694934310168
2 9 1.4525460287716856
2 10 1.3318272108491302
2 11 1.4212801450614192
2 12 1.2711573357062316
2 13 1.3495880694856628
2 14 1.2642971615166412
2 15 1.3368136431022712
2 16 1.3963616911382095
2 17 1.3029624456052014
2 18 1.3361452332888273
2 19 1.2612639929778202
2 20 1.3131955416627794
2 21 1.4278392162130908
2 22 1.3077207928400525
2 23 1.382007774767488
2 24 1.2377534421299694
2 25 1.3500350913337587
2 26 1.4355512715493755
2 27 1.2582419564948975
2 28 1.1944621287328507
2 29 1.420641549483714
2 30 1.4073437700424634
2 31 1.1612058111669536
2 32 1.2632376565894001
2 33 1.3253474700409966
2 34 1.280769258713372
2 35 1.2372428225578864
2 36 1.254071512764317
2 37 1.3012623799331848
2 38 1.4525458502363457
2 39 1.3116998785598666
2 40 1.3203562425014082
2 41 1.4414250508281263
2 42 1.376105745900927
2 43 1.2312889953205117
2 44 1.363586668799622
2 45 1.3141783128423898
2 46 1.2000261289492413
2 47 1.172873557532678
2 48 1.3362085299087747
2 49 1.2682366024148994
2 50 1.395417806417824
2 51 1.3326751124444158
2 52 1.3410448164614086
2 53 1.3203892638564054
2 54 1.2923144113519696
2 55 1.3916577837258917
2 56 1.211576401368801
2 57 1.214155349362671
2 58 1.3889061365116515
2 59 1.3288190928422252
2 60 1.2564948350587373
2 61 1.0864956382967574
2 62 1.1446582001660037
2 63 1.2936611325659195
2 64 1.4904226631747535
2 65 1.2825852790370325
2 66 1.292920525281772
2 67 1.1879185316486085
2 68 1.3454110617781565
2 69 1.3887500953539518
2 70 1.3798222184218871
2 71 1.2195503988365037
2 72 1.375319215716746
2 73 1.362449595063391
2 74 1.2519908494966323
3 4 1.4001196861812744
3 5 1.359024527892534
3 6 1.3263026829049847
3 7 1.3497704922225673
3 8 1.3874894920353378
3 9 1.3144447624049374
3 10 1.2421743545634307
3 11 1.418626132978065
3 12 1.224403737032704
3 13 1.2301377347718563
3 14 1.305877993457809
3 15 1.3507019546749128
3 16 1.420435925043769
3 17 1.321341095161751
3 18 1.4782954177315177
3 19 1.4783728230918818
3 20 1.3129248631628243
3 21 1.3944464536777468
3 22 1.1945327188456585
3 23 1.3360893135494099
3 24 1.2668407857691828
3 25 1.318980152705358
3 26 1.4373656306914906
3 27 1.3530665159744852
3 28 1.3726703161415896
3 29 1.3191449989321813
3 30 1.2357898897086597
3 31 1.3615584983774027
3 32 1.409223524539036
3 33 1.3272673093179868
3 34 1.3218621591416897
3 35 1.3731572562960184
3 36 1.2646203372579645
3 37 1.415978912547496
3 38 1.3369192300391473
3 39 1.3546595047372887
3 40 1.4495717627743878
3 41 1.4469644485800317
3 42 1.2657321359940341
3 43 1.4447078617336226
3 44 1.3374810711898801
3 45 1.363759694893861
3 46 1.2867547837143787
3 47 1.3640327338138614
3 48 1.3450693870883468
3 49 1.2827305497347703
3 50 1.3371504023730199
3 51 1.2664813259213195
3 52 1.3130256185003206
3 53 1.2359788926355573
3 54 1.3916207303067987
3 55 1.4558078676705788
3 56 1.3369885261283112
3 57 1.4435425302083071
3 58 1.366094571334429
3 59 1.3473536130807224
3 60 1.4142641221418253
3 61 1.2849219484274115
3 62 1.3282137079401712
3 63 1.345757340078565
3 64 1.3807531456288542
3 65 1.4286087016404632
3 66 1.4151532685779538
3 67 1.4014120059591038
3 68 1.2973675900763773
3 69 1.2823450106182788
3 70 1.2441811184652585
3 71 1.4678939135629416
3 72 1.547228295449758
3 73 1.3382983449082737
3 74 1.3088785713188176
4 5 1.484406838170856
4 6 1.3506900581357848
4 7 1.405991988248369
4 8 1.132561442014041
4 9 1.3875782655653295
4 10 1.2795949500213013
4 11 1.4516171450695952
4 12 1.5228641985594416
4 13 1.5452600565223766
4 14 1.2554140636414943
4 15 1.5062234949504107
4 16 1.4730555979871152
4 17 1.2332779247603376
4 18 1.3503898508936611
4 19 1.3299632337595282
4 20 1.2380689625522148
4 21 1.3236615586236138
4 22 1.4602036894352644
4 23 1.397679168914002
4 24 1.4806037815582398
4 25 1.35658777636782
4 26 1.416945277703386
4 27 1.267423054300319
4 28 1.2608679601116746
4 29 1.3913575915117034
4 30 1.5060885896905591
4 31 1.3175896774809748
4 32 1.1551053285811943
4 33 1.3185424603700133
4 34 1.266238043713645
4 35 1.3480970491063256
4 36 1.28575227403803
4 37 1.2525849277134604
4 38 1.5318557860808062
4 39 1.2742475086377372
4 40 1.3815862771972363
4 41 1.3839892597067904
4 42 1.4553366116739292
4 43 1.3322324121247047
4 44 1.4536492209125464
4 45 0.7508076365514373
4 46 1.4079785640713167
4 47 1.3966907606278949
4 48 1.420211094955729
4 49 1.4224867684731175
4 50 1.5387238561420635
4 51 1.3300287805707494
4 52 1.1243990348319155
4 53 1.4520787980160714
4 54 1.364809218614835
4 55 1.4131672188836877
4 56 1.4907382858688285
4 57 1.1747467648518535
4 58 1.4304106241013983
4 59 1.403905411063668
4 60 1.43330635624824
4 61 1.4669606016924046
4 62 1.453604463519451
4 63 1.2574662939272585
4 64 1.3779114979727056
4 65 0.5820457075611658
4 66 1.2887677392091401
4 67 0.8779347171544313
4 68 1.4160395921510534
4 69 1.436251454431226
4 70 1.4329305842223155
4 71 1.1544086933976718
4 72 1.5372597693791183
4 73 1.3219959191866633
4 74 1.3616076546754194
5 6 1.2002564764457506
5 7 1.1943888296010816
5 8 1.2509057572324087
5 9 1.246169960347185
5 10 1.4858833848134987
5 11 1.2744230608133371
5 12 1.0824124583096018
5 13 1.2417456086249987
5 14 1.3829196940781034
5 15 1.2272871538617367
5 16 1.2660441614343192
5 17 1.3867491541326034
5 18 1.4203479864366235
5 19 1.4206905068994646
5 20 1.2279262426048736
5 21 1.3225424848595426
5 22 1.21025026371373
5 23 1.2583757090617227
5 24 1.240949797891562
5 25 1.2602869298978172
5 26 1.2777422639202167
5 27 1.3190271195346497
5 28 1.313941088352416
5 29 1.2560239269446103
5 30 1.1929171845653026
5 31 1.5828424412172002
5 32 1.473074436372825
5 33 1.1590689358276494
5 34 1.3561402473716306
5 35 1.313939088506222
5 36 1.3558370501690638
5 37 1.210826161354449
5 38 1.1849218878834493
5 39 1.3346962401998779
5 40 1.2946902225101897
5 41 1.2215325927968628
5 42 1.1724889814267487
5 43 1.4879121961637392
5 44 1.3474076481529047
5 45 1.3691531885776098
5 46 1.073233034965784
5 47 1.2985082193956714
5 48 1.306867697481835
5 49 1.2084832105785928
5 50 1.2556266366632176
5 51 1.1547809330840824
5 52 1.3378143409850995
5 53 1.1179522349898714
5 54 1.2333644943050417
5 55 1.172217229463978
5 56 1.3210197261861971
5 57 1.3169232174050876
5 58 1.2835882180553888
5 59 1.2771656864384642
5 60 1.2394205418715816
5 61 1.313165071139673
5 62 1.3313092228860979
5 63 1.3532556091994201
5 64 1.094491174356979
5 65 1.4920875026277767
5 66 1.4582851890853976
5 67 1.3844174712015356
5 68 1.3654878572364382
5 69 1.250280888220201
5 70 1.3762921560728827
5 71 1.248510866046294
5 72 1.2048289632802989
5 73 1.2121753922204814
5 74 1.2580450417547737
6 7 1.2732811827374861
6 8 1.306811636235788
6 9 1.182098723568023
6 10 1.3099657205079782
6 11 1.30226672618253
6 12 1.1485744323569835
6 13 1.1338675077007265
6 14 1.3158896042848276
6 15 1.2494728607323515
6 16 1.3868688755188394
6 17 1.310310401772737
6 18 1.3657601861486304
6 19 1.262895694797924
6 20 1.2741897738233456
6 21 1.3183561045208658
6 22 1.2191012645503803
6 23 1.110558242246713
6 24 1.2522181701281527
6 25 1.3369084439355616
6 26 1.3062799069338276
6 27 1.3254934131943805
6 28 1.3136892549427828
6 29 1.231871515586487
6 30 1.2495517125637092
6 31 1.297206198741375
6 32 1.2894052890204175
6 33 0.9971275630607368
6 34 1.1630719771835691
6 35 1.285392971108243
6 36 1.2153179307256772
6 37 1.3086098977402025
6 38 1.2111018591631992
6 39 1.2783879454603144
6 40 1.226477206261138
6 41 1.167650970634158
6 42 1.0887279567549875
6 43 1.2789044447249798
6 44 1.1144776862488168
6 45 1.3582317264305002
6 46 1.2710091637121257
6 47 1.3235616632752545
6 48 0.8166244380836494
6 49 1.142111648757419
6 50 1.2470224596494381
6 51 1.2027942599524095
6 52 1.285429310458406
6 53 1.1429323168143841
6 54 1.2523753920010998
6 55 1.1298032265906424
6 56 1.3304936946327177
6 57 1.362796203181063
6 58 1.1353634629900218
6 59 1.274963307036477
6 60 1.0686575060121108
6 61 1.3617002173540194
6 62 1.395494823367396
6 63 1.4185367536314093
6 64 1.1969919200722197
6 65 1.339083535869144
6 66 1.201789378661862
6 67 1.3157403831753758
6 68 1.4152187963820346
6 69 1.151280089183233
6 70 1.311748740129824
6 71 1.3087907309852929
6 72 1.2799055557888581
6 73 1.2068807142788809
6 74 1.1203519687794912
7 8 1.2762078715559548
7 9 1.3527625319935364
7 10 1.2370376236906915
7 11 1.4233553366399185
7 12 1.2744390026857455
7 13 1.3434048552238913
7 14 1.2404676073440173
7 15 1.2635725469442272
7 16 1.328867463582287
7 17 1.2805462742965332
7 18 1.394642154809927
7 19 1.3217641327583243
7 20 1.1375724454935625
7 21 1.3364697568450175
7 22 1.2504688292862203
7 23 1.2631230111681873
7 24 1.3171385892577003
7 25 1.221832486218602
7 26 1.2949607852040022
7 27 1.3562766310707586
7 28 1.3219666346512917
7 29 1.296276453596709
7 30 1.3639475102914085
7 31 1.3313688297781963
7 32 1.3677483500450338
7 33 1.240711558179416
7 34 1.204376516954253
7 35 1.2910477687679829
7 36 1.284521885175082
7 37 1.2684356625773467
7 38 1.1761549785316805
7 39 1.248002881249602
7 40 1.2444233188485974
7 41 1.3702979029852584
7 42 1.2775815844083627
7 43 1.3192352048038223
7 44 1.3388541141916133
7 45 1.319450423732391
7 46 1.293775628847513
7 47 1.2198020065951478
7 48 1.3130705778180607
7 49 1.2925638991816948
7 50 1.2849014686024782
7 51 1.226906139983929
7 52 1.2996087936518892
7 53 1.320354390151814
7 54 1.349660812097556
7 55 1.279370646422577
7 56 1.4085197069154503
7 57 1.3315317320780047
7 58 1.2864423408405565
7 59 1.3053302467383538
7 60 1.2933631952408475
7 61 1.4011292431120663
7 62 1.3844649900903674
7 63 1.3041524481515951
7 64 1.217499803268781
7 65 1.3549553826842435
7 66 1.3252725693388525
7 67 1.3458528944951333
7 68 1.2643084750376794
7 69 1.3019397437732696
7 70 1.2273325729117408
7 71 1.3702305943052948
7 72 1.1230389466201203
7 73 1.2185379374990997
7 74 1.2108161623302203
8 9 1.2735444915961636
8 10 1.2147483145036182
8 11 1.3249650768191934
8 12 1.3291950137129043
8 13 1.4660692582353754
8 14 1.2965361410420775
8 15 1.2375292987994555
8 16 1.3036912152141513
8 17 1.4105300695238985
8 18 1.3632651024517255
8 19 1.338880317819479
8 20 1.214402280014341
8 21 1.4316619815075469
8 22 1.318526782901053
8 23 1.3447204076089436
8 24 1.3310457850192574
8 25 1.3491718032417743
8 26 1.3265806202903887
8 27 1.2527061373362869
8 28 1.2588417535035374
8 29 1.2448688223587232
8 30 1.2884947444253605
8 31 1.3167903525913354
8 32 1.2796386598943108
8 33 1.2631130670980732
8 34 1.0890900371005539
8 35 1.3589203874764157
8 36 1.0217754393117395
8 37 1.337250631339133
8 38 1.4826517111275732
8 39 1.3880193690714275
8 40 1.2921656973712417
8 41 1.428981861550903
8 42 1.3061449671280796
8 43 1.4159389537707843
8 44 1.3602069859433936
8 45 1.1817386550382172
8 46 1.2740064241950744
8 47 1.3794274255696164
8 48 1.4570745883753629
8 49 1.43600730535737
8 50 1.3484042345624803
8 51 1.351416749258891
8 52 0.873301217448774
8 53 1.3607806822492037
8 54 1.2377816069531837
8 55 1.397147892931783
8 56 1.369676750208767
8 57 1.2717476313424216
8 58 1.4233616673128158
8 59 1.4073073916104641
8 60 1.2222412956185882
8 61 1.3605393257448097
8 62 1.3393642147210794
8 63 1.3046858092326876
8 64 1.386853367299906
8 65 1.1574129069197405
8 66 1.42004797043141
8 67 1.28539298779059
8 68 1.3754263158692093
8 69 1.4142330225530273
8 70 1.3680814127267766
8 71 1.1277931133890977
8 72 1.4272433278598737
8 73 1.2620110730086085
8 74 1.359296779392003
9 10 1.4247662864123294
9 11 1.2283852212272046
9 12 1.296365967964489
9 13 1.2435343195885302
9 14 1.2660269937989233
9 15 1.197213798384487
9 16 1.2921846566687518
9 17 1.3759250204141367
9 18 1.3842729858583396
9 19 1.4135362167767456
9 20 1.1121540315360645
9 21 1.4737463753998394
9 22 1.3089996847525607
9 23 1.2445837839569212
9 24 1.26546338153793
9 25 1.2240512487049908
9 26 1.307718784024503
9 27 1.4264050477084549
9 28 1.4186604537206822
9 29 1.2124532420861858
9 30 1.1949007090234418
9 31 1.1821295398388927
9 32 1.3901640914013358
9 33 1.1210797314101635
9 34 1.3142571677273023
9 35 1.3903187665524057
9 36 1.2453570793155437
9 37 1.2382905234247823
9 38 1.1637707347230686
9 39 1.3935434390859114
9 40 1.2447346170313576
9 41 1.349782360420927
9 42 1.1105637459773696
9 43 1.2413004898718558
9 44 1.2199513782293117
9 45 1.344284001440201
9 46 1.3064496846647213
9 47 1.3947628990720196
9 48 1.2432021707837169
9 49 1.1923873144919053
9 50 1.2746286618360592
9 51 1.261075762825589
9 52 1.260854266965932
9 53 1.1650844962996478
9 54 1.3602549914558475
9 55 1.2750049998561943
9 56 1.293033563275484
9 57 1.3757656083193528
9 58 1.3653968898283957
9 59 1.3004412220238377
9 60 1.152613138519814
9 61 1.3263981016325868
9 62 1.3188726236902222
9 63 1.4330584489873248
9 64 1.1447659078459818
9 65 1.3657626441904624
9 66 1.3212084037570642
9 67 1.3164733546655678
9 68 1.2796627524899011
9 69 1.3007146244971504
9 70 1.304333752918147
9 71 1.321943384800132
9 72 1.3473616384417844
9 73 1.2728396478675876
9 74 1.2904077204531685
10 11 1.5013606608922878
10 12 1.386902083193007
10 13 1.3443674479221894
10 14 1.2218713458588397
10 15 1.4283628029544817
10 16 1.4973121509979137
10 17 1.4060177615747913
10 18 1.3882112901049297
10 19 1.353407367705993
10 20 1.3457058937947444
10 21 1.4237303583291088
10 22 1.3145824872242788
10 23 1.3758046304211256
10 24 1.3143723311655056
10 25 1.3527374753865424
10 26 1.4146110671213656
10 27 1.2524641336253344
10 28 1.3557351574161634
10 29 1.3949199586643128
10 30 1.356920781439812
10 31 1.321788138535329
10 32 1.1826891769168744
10 33 1.4284472316072978
10 34 0.9902210148786205
10 35 1.3704479848820088
10 36 1.0370978699177948
10 37 1.4663081524268238
10 38 1.2874985220189368
10 39 1.2196604065438021
10 40 1.3224720900993183
10 41 1.5071144550914306
10 42 1.3554369969548885
10 43 1.3771460410423102
10 44 1.2553746414663722
10 45 1.2135989369942397
10 46 1.2782237625912314
10 47 1.2312695445245259
10 48 1.3753099451428246
10 49 1.3903252470266068
10 50 1.3952229242384728
10 51 1.4542113869981321
10 52 1.2493132576893107
10 53 1.432149146977316
10 54 1.4072784517858843
10 55 1.4527089125378017
10 56 1.3141028914394381
10 57 1.3347731844457786
10 58 1.3666024388546252
10 59 1.465725650489375
10 60 1.3569352368393006
10 61 1.3399568993026814
10 62 1.3430931266045747
10 63 1.3213799285768812
10 64 1.4143134111723723
10 65 1.2558526980137559
10 66 1.318238296876578
10 67 1.290079312868707
10 68 1.3306353157244233
10 69 1.3758970773167831
10 70 1.2867969348166988
10 71 1.384771677189358
10 72 1.333956953852484
10 73 1.3079976735484389
10 74 1.2685973058272015
11 12 1.3111292871599725
11 13 1.324325689548176
11 14 1.4094145865967567
11 15 1.3577235403446464
11 16 1.2162308740507073
11 17 1.3123397987196272
11 18 1.4279532685802263
11 19 1.370387005980098
11 20 1.2100015126250907
11 21 1.4508574091048771
11 22 1.3423348464417701
11 23 1.2705089262770277
11 24 1.2284267679114955
11 25 1.3980950546636997
11 26 1.3511299851512786
11 27 1.3001806979407904
11 28 1.320358874333899
11 29 1.234816105243222
11 30 1.172855515769731
11 31 1.2077337107155024
11 32 1.520370178308573
11 33 1.1348961381395564
11 34 1.3825003937215654
11 35 1.424632455738211
11 36 1.4335330741756662
11 37 1.3183729638882982
11 38 1.2938910704919293
11 39 1.3392247405611208
11 40 1.268690886264456
11 41 1.1322663643677324
11 42 1.1894153430803847
11 43 1.1646075025283897
11 44 1.1819395257730405
11 45 1.4172006483652007
11 46 1.4653968528159071
11 47 1.3785602893190405
11 48 1.281136294704338
11 49 1.1954822510888536
11 50 1.3514300934777503
11 51 1.1854194695697127
11 52 1.2901810265776692
11 53 1.2295641159653865
11 54 1.29229962034399
11 55 0.9065743785637366
11 56 1.4295875858630676
11 57 1.377408334505476
11 58 1.303743501163155
11 59 1.2881476827728664
11 60 1.2404251204622354
11 61 1.4328297161750954
11 62 1.4280802053498594
11 63 1.4644386359764474
11 64 1.1976226852276217
11 65 1.4574085819585905
11 66 1.1963766379103045
11 67 1.3930519182687644
11 68 1.390337465622866
11 69 1.336140123766582
11 70 1.4198647305698857
11 71 1.3134366873148988
11 72 1.309708004716867
11 73 1.3239584515222447
11 74 1.306522138227544
12 13 1.1075578740898158
12 14 1.211904478868463
12 15 1.1798173696973364
12 16 1.3704344394111019
12 17 1.3391755811255968
12 18 1.4020991224649058
12 19 1.4341377305539509
12 20 1.2184788198667975
12 21 1.2582682126844862
12 22 1.0568048783295685
12 23 1.2395433453698894
12 24 1.1281634505606173
12 25 1.2951611254428064
12 26 1.294700357902955
12 27 1.3142506385454944
12 28 1.2561516727951247
12 29 1.2519384110134066
12 30 1.2841967042847728
12 31 1.3816057965001456
12 32 1.4323968626406254
12 33 1.059216336972278
12 34 1.266263874969975
12 35 1.3161270876730418
12 36 1.2679393603702884
12 37 1.2132874126887963
12 38 1.1964414649526416
12 39 1.2486302754713738
12 40 1.3481039752264476
12 41 1.3184161521235715
12 42 1.1267705465891449
12 43 1.3386886123869393
12 44 1.2387370055343219
12 45 1.3869401912303592
12 46 1.1376824781488843
12 47 1.3288419473959587
12 48 1.1187482193975775
12 49 1.1812226296560664
12 50 1.2786589178963244
12 51 1.1723576845079537
12 52 1.3848487922727395
12 53 1.0566658687075365
12 54 1.2781545863679376
12 55 1.236670445550848
12 56 1.263263840947434
12 57 1.3743052937091262
12 58 1.1699177706243855
12 59 1.2519188630292992
12 60 1.266924560577862
12 61 1.2306208566362107
12 62 1.3445937293767904
12 63 1.3493987199410433
12 64 1.2324718162372883
12 65 1.4860225134865217
12 66 1.4053278946567782
12 67 1.3320156638399496
12 68 1.3053739401543438
12 69 1.2507993342543335
12 70 1.1144830093930156
12 71 1.4324001529297552
12 72 1.2305963120439842
12 73 1.1478627835648034
12 74 1.1983632297623636
13 14 1.3134203815388035
13 15 1.1672055768492857
13 16 1.4155888070744158
13 17 1.5215389356151707
13 18 1.427450379703331
13 19 1.454585617499782
13 20 1.379226149839988
13 21 1.391360803329826
13 22 1.1142218823459642
13 23 1.226744476843156
13 24 1.1307919004171387
13 25 1.3304907048158436
13 26 1.36377545612806
13 27 1.3536639381596696
13 28 1.4126327800793326
13 29 1.3317816193713312
13 30 1.177065221014546
13 31 1.4048379807296336
13 32 1.4158934867603068
13 33 1.0854238343818567
13 34 1.3934791449765056
13 35 1.3193687260073137
13 36 1.2552566717296012
13 37 1.3382994918138178
13 38 1.258877314276771
13 39 1.2787475410646465
13 40 1.3474014584786904
13 41 1.323026944686489
13 42 0.9393739581806868
13 43 1.3362897498732202
13 44 1.00231755730092
13 45 1.465057199596258
13 46 1.1874430618499021
13 47 1.3265380641953188
13 48 1.0494313361839482
13 49 0.9368848386447373
13 50 1.2168519410205012
13 51 1.3102331388346389
13 52 1.4890293810272055
13 53 0.9394426146603063
13 54 1.3157468377791521
13 55 1.3034035451077597
13 56 1.1388946479634283
13 57 1.410236253937369
13 58 1.2408402320529395
13 59 1.1916832437792573
13 60 1.1676613867075354
13 61 1.166252825677215
13 62 1.2065158857606917
13 63 1.5327670949812509
13 64 1.2563907040422266
13 65 1.5070906934080963
13 66 1.3821920249027302
13 67 1.3164318579741239
13 68 1.2841104888884534
13 69 1.2460228474852195
13 70 1.2820150336653342
13 71 1.4245075960152958
13 72 1.3713335891246818
13 73 1.2811489889946572
13 74 1.0822968704496863
14 15 1.223758590779356
14 16 1.436441766291996
14 17 1.300994626050019
14 18 1.4282233396398696
14 19 1.4301551309012233
14 20 1.2345981359633555
14 21 1.4494185329829983
14 22 1.2103610945013734
14 23 1.3535980442392546
14 24 1.3149997921042698
14 25 1.2809994599022945
14 26 1.252788649389526
14 27 1.3069031415709278
14 28 1.2692442407035325
14 29 1.349369774674179
14 30 1.3437165191971217
14 31 1.2150550459979197
14 32 1.288810264254161
14 33 1.2420004455693454
14 34 1.1971847826128743
14 35 1.4019069283966352
14 36 1.1777325923520292
14 37 1.2643476477887459
14 38 1.2500919829097326
14 39 1.2313768011480766
14 40 1.2632363464350225
14 41 1.463576300382276
14 42 1.3042686303442392
14 43 1.1209834747483396
14 44 1.3473245934789624
14 45 1.2240496036151869
14 46 1.3279065542808772
14 47 1.3122103405386554
14 48 1.3105336299640011
14 49 1.2112166255472323
14 50 1.2580969885220008
14 51 1.3437301613032429
14 52 1.278739170366943
14 53 1.2667725984688332
14 54 1.4169558138420753
14 55 1.3808266037357737
14 56 1.3885272215828048
14 57 1.322274573900882
14 58 1.358155473366365
14 59 1.3294275723109465
14 60 1.338688645528635
14 61 1.3924608589960779
14 62 1.3896940757009266
14 63 1.2904748203968615
14 64 1.2659815890367696
14 65 1.2739038707191601
14 66 1.4332114594719607
14 67 1.258055624704824
14 68 1.3047358326121599
14 69 1.4377320765464925
14 70 1.1981528296756723
14 71 1.3635653030292696
14 72 1.3560663950310343
14 73 1.3102778330174867
14 74 1.2400494630786656
15 16 1.3993417614342947
15 17 1.3702323711495312
15 18 1.4471857138884385
15 19 1.394861879524662
15 20 1.3518634752771876
15 21 1.4351632645768955
15 22 1.1604202453059431
15 23 1.3424412266033707
15 24 1.2323125157758454
15 25 1.3024451571736042
15 26 1.434370186082449
15 27 1.3971114200108004
15 28 1.4071448854349302
15 29 1.4227397024227038
15 30 1.2401645742909826
15 31 1.3856477845700548
15 32 1.4018825288262764
15 33 1.223676155378259
15 34 1.3833977793343417
15 35 1.4451602863520283
15 36 1.2185631991513501
15 37 1.3399539669197404
15 38 1.322025640760137
15 39 1.3263870568053229
15 40 1.262416113657837
15 41 1.419741124226628
15 42 1.164225463037256
15 43 1.3684056025652738
15 44 1.1806946667339868
15 45 1.4630152459208103
15 46 1.2160789565732169
15 47 1.3247982950503274
15 48 1.3391636909322486
15 49 1.2009322362084036
15 50 1.2787304376940534
15 51 1.362299506577848
15 52 1.3159108215058148
15 53 1.1362680383908907
15 54 1.2651467327443042
15 55 1.419942964018664
15 56 1.3022750652462496
15 57 1.4213834096930993
15 58 1.3807736755178428
15 59 1.3234967918663516
15 60 1.208032067608792
15 61 1.3279798011570454
15 62 1.2849958456292514
15 63 1.3260583939219355
15 64 1.3442020150180063
15 65 1.508969414720893
15 66 1.5423517456679339
15 67 1.415433092624086
15 68 1.3585539881190727
15 69 1.432440329237642
15 70 1.1413215230405713
15 71 1.4544965410162953
15 72 1.43311743042686
15 73 1.313556177369474
15 74 1.2511929598084905
16 17 1.3322615274613259
16 18 1.2348416866931544
16 19 1.453268242711776
16 20 1.2612293878849785
16 21 1.3745894074085696
16 22 1.254002620595267
16 23 1.390078955317297
16 24 1.3647695571225642
16 25 1.3562917793716134
16 26 1.3577577683189765
16 27 1.3657422436450537
16 28 1.2968399779095094
16 29 1.0490811230702544
16 30 1.3367990164662726
16 31 1.3850681956133424
16 32 1.4333415453254614
16 33 1.3101512279317344
16 34 1.3817392405659656
16 35 1.3377796779062843
16 36 1.459468979074954
16 37 1.2371605877649456
16 38 1.4270123510429196
16 39 1.3361058522041738
16 40 1.3493137558781032
16 41 1.206537519191096
16 42 1.2439502093760382
16 43 1.369304386205163
16 44 1.3438709111663687
16 45 1.4401525886687427
16 46 1.4745677337217855
16 47 1.2435422401010974
16 48 1.347230652674104
16 49 1.3129494269633666
16 50 1.3403635001907566
16 51 1.2919007111263223
16 52 1.3604261022696134
16 53 1.3748204403265996
16 54 1.4208458328511206
16 55 1.245652560824181
16 56 1.4249997008344384
16 57 1.3708871405833465
16 58 1.2563318527651413
16 59 1.2911248228474466
16 60 1.29110618875874
16 61 1.4856034549915933
16 62 1.4548173888008777
16 63 1.4539701822399356
16 64 1.325527568701757
16 65 1.4473993809896506
16 66 1.307297795121858
16 67 1.4223655176894197
16 68 1.3212486156004635
16 69 1.2324865313343405
16 70 1.3702375527432054
16 71 1.3279925208156849
16 72 1.2497064698823972
16 73 1.3848214083920816
16 74 1.4288931714080157
17 18 1.4457525614124451
17 19 1.314132162715567
17 20 1.1971697634018492
17 21 1.3860618779347167
17 22 1.300826986344575
17 23 1.3467385583863738
17 24 1.41007500435964
17 25 1.3084960216342336
17 26 1.395040735878758
17 27 1.2036140466882184
17 28 1.2168160561467496
17 29 1.3641119297962807
17 30 1.439365021034618
17 31 1.3711597495310026
17 32 1.3689543241625768
17 33 1.2845654347285718
17 34 1.2558041157907938
17 35 1.3977269811283095
17 36 1.4367584019070514
17 37 1.3524718008120167
17 38 1.360292301768226
17 39 1.3863531451231177
17 40 1.27078788609799
17 41 1.3797843525092464
17 42 1.3699139562863631
17 43 1.2926535553199767
17 44 1.4258881542197446
17 45 1.3260128312634272
17 46 1.4360300512140098
17 47 1.3684073244481887
17 48 1.3249910806485081
17 49 1.334196349808673
17 50 1.4266254562371934
17 51 1.2253364942815173
17 52 1.3493498909352397
17 53 1.3726738972376433
17 54 1.3419833809167707
17 55 1.33653531361344
17 56 1.445984231574724
17 57 1.2459347415300654
17 58 1.432141568371025
17 59 1.4343973808154085
17 60 1.4389494046549376
17 61 1.448047125906213
17 62 1.4259232522235215
17 63 1.2710489629899202
17 64 1.2948861660728765
17 65 1.2616150129988528
17 66 1.2613870978143675
17 67 1.2962168658816768
17 68 1.3374353957508478
17 69 1.3827470872308756
17 70 1.3828587771482697
17 71 1.33804661599236
17 72 1.361808474690258
17 73 1.3488069849277136
17 74 1.2570126787590954
18 19 1.2736230111121098
18 20 1.3105868210595297
18 21 1.1586752126922633
18 22 1.3769766467245945
18 23 1.319140997029149
18 24 1.4786151870058266
18 25 1.4821109735920908
18 26 1.3746693026930343
18 27 1.4216492081659344
18 28 1.352215968100383
18 29 1.3051437405552138
18 30 1.4222955661782641
18 31 1.3818183732257363
18 32 1.454737509529715
18 33 1.334639941547121
18 34 1.415449422253692
18 35 1.3005471108832622
18 36 1.3964657261081357
18 37 1.3311259965660247
18 38 1.3354599713948443
18 39 1.2397697915955623
18 40 1.4773569536909092
18 41 1.4306176607170134
18 42 1.3764049300394199
18 43 1.4298185884706482
18 44 1.3461514106323946
18 45 1.398176467982241
18 46 1.4227454728766236
18 47 1.2335828026032307
18 48 1.416077818753534
18 49 1.4102915213327945
18 50 1.3614777099657536
18 51 1.4062429971344568
18 52 1.4000861555656239
18 53 1.4803843966618755
18 54 1.4461848621421725
18 55 1.426809261495687
18 56 1.464214502125055
18 57 1.3242907659021153
18 58 1.337362191149245
18 59 1.3344359756066861
18 60 1.3807948786724442
18 61 1.4403565899468618
18 62 1.434656722052468
18 63 1.3203709539673172
18 64 1.400280377116559
18 65 1.3727692280718062
18 66 1.3752502621725868
18 67 1.3559693975930376
18 68 1.2108466008347951
18 69 1.1985527401197968
18 70 1.4474828069394179
18 71 1.4557187765985276
18 72 1.3879761689394892
18 73 1.3391584527545806
18 74 1.3657223800745433
19 20 1.3227272530895957
19 21 1.5290551265546237
19 22 1.4099395703283397
19 23 1.2536259608275429
19 24 1.4567593945275772
19 25 1.4296432810558752
19 26 1.4901639023339437
19 27 1.414299363771535
19 28 1.2951809914652241
19 29 1.3883079977459665
19 30 1.3749828645972741
19 31 1.4428883625448357
19 32 1.2903442707828618
19 33 1.370973390136827
19 34 1.3449109079570118
19 35 1.3898905468460376
19 36 1.292380054970787
19 37 1.2925760991040676
19 38 1.3547387264683954
19 39 1.3228185260996295
19 40 1.3532799875391568
19 41 1.2961441167094514
19 42 1.4370828444654107
19 43 1.31633055840557
19 44 1.3309672678289353
19 45 1.3751099819323864
19 46 1.3724920426446645
19 47 1.2662429353911926
19 48 1.4360410782364028
19 49 1.3892741152149783
19 50 1.4189307489061913
19 51 1.3577014027121137
19 52 1.3597198395586143
19 53 1.4683300779515283
19 54 1.2550504834286391
19 55 1.3328020911615943
19 56 1.304173746004911
19 57 1.3191832160346098
19 58 1.3169264065413722
19 59 1.4592285287900475
19 60 1.2833404950026572
19 61 1.3291538919022388
19 62 1.2559939364227721
19 63 1.2576607548050214
19 64 1.349565957519533
19 65 1.2970144092193359
19 66 1.3336066889219123
19 67 1.3015633408052507
19 68 1.4035757798940698
19 69 1.3086967926386892
19 70 1.3852817361777083
19 71 1.3318537461689515
19 72 1.381476224871792
19 73 1.358244010784247
19 74 1.3467855256186088
20 21 1.3418034213502683
20 22 1.2735606582730699
20 23 1.2460866448800454
20 24 1.212671909779404
20 25 1.2845365472273986
20 26 1.2401457127547582
20 27 1.2442599640810221
20 28 1.0632725899569362
20 29 1.0694479674951674
20 30 1.2427676789633042
20 31 1.231820554833116
20 32 1.335704724646508
20 33 1.011465063235421
20 34 1.2263952005838812
20 35 1.314619231467703
20 36 1.2370595333548624
20 37 1.1159188373939353
20 38 1.1777017874315192
20 39 1.2066605132947288
20 40 1.1035956395580886
20 41 1.2490499289682677
20 42 1.079446299286865
20 43 1.1681480324355562
20 44 1.2684141059315033
20 45 1.2196634399499369
20 46 1.3842063624886354
20 47 1.3587299012450056
20 48 1.319224493667489
20 49 1.247290998257155
20 50 1.2467599259413955
20 51 1.1098255773766788
20 52 1.253799715746708
20 53 1.188418748122241
20 54 1.2275350602488664
20 55 1.1882640179210475
20 56 1.4804023700583209
20 57 1.1613323433638363
20 58 1.407130521109523
20 59 1.2644647419589654
20 60 1.2060981413181513
20 61 1.4527922247635296
20 62 1.4198265405368375
20 63 1.217031837749218
20 64 1.1019946133913354
20 65 1.2374499873497524
20 66 1.201868044297464
20 67 1.176175625963094
20 68 1.3230078261712221
20 69 1.2756816445223629
20 70 1.3148073973105168
20 71 1.221690866712652
20 72 1.176327291529192
20 73 1.0197545024884658
20 74 1.2384100176800201
21 22 1.3676583334659718
21 23 1.3653486714018186
21 24 1.3827740438969027
21 25 1.358181711168359
21 26 1.1779100113830399
21 27 1.3794928975603395
21 28 1.3779668432721326
21 29 1.3295634192315533
21 30 1.5171033702163708
21 31 1.4555854895927125
21 32 1.4425287447969857
21 33 1.3856740850517322
21 34 1.3328044232798384
21 35 1.3470501290658732
21 36 1.387420403606456
21 37 1.3603811494482099
21 38 1.329259453555479
21 39 1.17936372819206
21 40 1.4298240655057666
21 41 1.3299604375850922
21 42 1.4107585686685566
21 43 1.4820733069649439
21 44 1.4532917076330154
21 45 1.4284557050709985
21 46 1.4466818639401628
21 47 1.3450131148619096
21 48 1.4241016815199727
21 49 1.4346593709489532
21 50 1.45985478518898
21 51 1.3901594160285484
21 52 1.4379362317061104
21 53 1.359830088792364
21 54 1.4340671275260617
21 55 1.4343917772670605
21 56 1.5289425160526797
21 57 1.4832768294103156
21 58 1.3350885956375764
21 59 1.3525237897159044
21 60 1.4350107529278509
21 61 1.4947570999852449
21 62 1.483301952520733
21 63 1.3861812348611693
21 64 1.2889770060047594
21 65 1.397157085639706
21 66 1.3114689053101563
21 67 1.4159112274715722
21 68 1.1371605620864769
21 69 1.2715128633340649
21 70 1.4099773583006188
21 71 1.395811286903159
21 72 1.3645052894264613
21 73 1.3047907013473958
21 74 1.3230737534872463
22 23 1.2684525043488442
22 24 1.2695866632853747
22 25 1.3205312330686434
22 26 1.3717152108767172
22 27 1.3332251525084517
22 28 1.2247590616486066
22 29 1.318349686634921
22 30 1.161835534409319
22 31 1.3182945977933465
22 32 1.3514045419480634
22 33 1.1475218224274677
22 34 1.351433244273634
22 35 1.346594674473197
22 36 1.260164789086303
22 37 1.2363673487867255
22 38 1.3112713768381066
22 39 1.201103599052402
22 40 1.328556288791088
22 41 1.343903628468093
22 42 1.1744650192024273
22 43 1.2985005011530661
22 44 1.2639472553571802
22 45 1.3796066599436143
22 46 1.3256380280096112
22 47 1.2492566308905073
22 48 1.2509942918512185
22 49 1.2227401319242666
22 50 1.124442348354483
22 51 1.2829931176310045
22 52 1.388297021799262
22 53 1.2648921211958868
22 54 1.3526514406992454
22 55 1.3845975418942393
22 56 1.272355375404392
22 57 1.2057812138865704
22 58 1.2756057249414876
22 59 1.210593553678042
22 60 1.244218769986318
22 61 1.343976017088965
22 62 1.2699359459051245
22 63 1.477946068516429
22 64 1.3084792022648029
22 65 1.4424439554203694
22 66 1.3782188504948134
22 67 1.368331306347246
22 68 1.2158801173987912
22 69 1.242602181616256
22 70 1.2538583512878057
22 71 1.4659514515261882
22 72 1.3080914637298982
22 73 1.247592491330781
22 74 1.1617125414313085
23 24 1.2911705921256316
23 25 1.235764663199017
23 26 1.2892617682555276
23 27 1.3926225070973128
23 28 1.3843113438599357
23 29 1.2280274284385762
23 30 1.3338759033155934
23 31 1.2492322413505428
23 32 1.3815446053391156
23 33 1.170989906708857
23 34 1.2980397334022555
23 35 1.3185027006409746
23 36 1.3497996640225167
23 37 1.199070700119992
23 38 1.1622883971576239
23 39 1.2360337004568123
23 40 1.3626209968570937
23 41 1.2520885912785964
23 42 1.2512254141225894
23 43 1.1558942313776572
23 44 1.2242902928057553
23 45 1.4230095481194724
23 46 1.2823457028969123
23 47 1.2510586598088005
23 48 1.2079062673285526
23 49 1.24837073722658
23 50 1.2814788622993463
23 51 1.229144548932169
23 52 1.3033746898354668
23 53 1.1897122662842083
23 54 1.3550566879229928
23 55 1.2295275960045446
23 56 1.3503189177163468
23 57 1.394685220912824
23 58 1.2340264703724164
23 59 1.2965685182235287
23 60 1.2243960133402347
23 61 1.3016610858018305
23 62 1.3233235865326303
23 63 1.3543120808947984
23 64 1.1810320440341966
23 65 1.3878164297988058
23 66 1.3427732797891032
23 67 1.4028607325239777
23 68 1.3317339519881115
23 69 0.9650778010683175
23 70 1.4632542868546852
23 71 1.3481025101197333
23 72 1.2252392696600727
23 73 1.2548607880434381
23 74 1.116652450247449
24 25 1.1905122641090207
24 26 1.2790073711414378
24 27 1.2661499434989074
24 28 1.287816322605774
24 29 1.20764060021195
24 30 1.209389969433464
24 31 1.299325922871026
24 32 1.3145820558372783
24 33 1.1250363907831993
24 34 1.3018230196803107
24 35 1.2935312377817276
24 36 1.3026101282526616
24 37 1.348331807307443
24 38 1.3950069423768916
24 39 1.3938912361500986
24 40 1.2679969992460283
24 41 1.3423203594387376
24 42 1.2100386270683514
24 43 1.3435522625872816
24 44 1.1899447391518276
24 45 1.4271503066660285
24 46 1.269137110623324
24 47 1.2531323500393547
24 48 1.1902443429711476
24 49 1.2305910545373486
24 50 1.2849321160105132
24 51 1.2529062459099887
24 52 1.358699938648811
24 53 1.1338236508489923
24 54 1.3296480537337374
24 55 1.2135787724880533
24 56 1.3837820449302598
24 57 1.2330429970830667
24 58 1.2373350448328984
24 59 1.2420382534935839
24 60 1.1837741464641083
24 61 1.3552524105177097
24 62 1.3732306207994558
24 63 1.458818344352529
24 64 1.2409861137631923
24 65 1.4066227635299076
24 66 1.2707501025695203
24 67 1.3822201745690224
24 68 1.413426267436171
24 69 1.3176742903755403
24 70 1.3200133826247133
24 71 1.336310547435888
24 72 1.2625746964147033
24 73 1.2199209000576954
24 74 1.1483248140989557
25 26 1.3525894407993488
25 27 1.3580262765146074
25 28 1.411519038121474
25 29 1.2914617723007202
25 30 1.2827167125652663
25 31 1.420989580668874
25 32 1.2985255072304076
25 33 1.2243187082674933
25 34 1.2694225639309031
25 35 1.4459783781055
25 36 1.3677508137473815
25 37 1.3024107265803562
25 38 1.2789068504002001
25 39 1.375905037830601
25 40 1.339350799423507
25 41 1.4509819106692379
25 42 1.2918783871009982
25 43 1.281432012380334
25 44 1.3526542960699508
25 45 1.2676661073211972
25 46 1.2587708444359504
25 47 1.2301200689953862
25 48 1.2529237300638054
25 49 1.2569249078934022
25 50 1.431197791323654
25 51 1.254789680063872
25 52 1.347133391920032
25 53 1.3012881390082354
25 54 1.333147991003583
25 55 1.2937391772993716
25 56 1.3620928124330214
25 57 1.3624110137933374
25 58 1.3374022443513651
25 59 1.4013307931865937
25 60 1.2940853605242137
25 61 1.318616967498412
25 62 1.321008670591015
25 63 1.3622821367205122
25 64 1.2554360686862482
25 65 1.2684727677305476
25 66 1.3419876711799896
25 67 1.3235437919200428
25 68 1.3149928316426491
25 69 1.2826427934911857
25 70 1.2936358289642194
25 71 1.3079633050998587
25 72 1.2857252863919808
25 73 1.2376931795561354
25 74 1.2586224751703157
26 27 1.3899670468906893
26 28 1.272489703146497
26 29 1.1991855715112267
26 30 1.3020770860388133
26 31 1.3515448130062881
26 32 1.4508305346479753
26 33 1.2180147392973553
26 34 1.267826994301285
26 35 1.3529452107160298
26 36 1.3279467759043224
26 37 1.29521547778165
26 38 1.3353305709724232
26 39 1.3497678659861774
26 40 1.2283646030757431
26 41 1.2921631070144055
26 42 1.1807893207939721
26 43 1.3299200730911087
26 44 1.4311862866183087
26 45 1.431402423340321
26 46 1.3398889869858202
26 47 1.378577354210502
26 48 1.3537683251229073
26 49 1.250406459254836
26 50 1.282622103562583
26 51 1.2217180603333084
26 52 1.2983861551210234
26 53 1.3119729442131243
26 54 1.430326862468214
26 55 1.2729505499937732
26 56 1.4005474236357596
26 57 1.34937970059107
26 58 1.2789710965589023
26 59 1.2902710132332993
26 60 1.2307519470188426
26 61 1.3868623667709734
26 62 1.3534022039144262
26 63 1.397840256426623
26 64 1.159060630803386
26 65 1.4225825050258363
26 66 1.3701026573615416
26 67 1.388843884087874
26 68 1.3400733424022406
26 69 1.2575767492291767
26 70 1.4059674147200187
26 71 1.2955283329604146
26 72 1.2498477587970318
26 73 1.3037226860827709
26 74 1.2588908789284978
27 28 1.1626921415666984
27 29 1.2981740570674916
27 30 1.4002094105945784
27 31 1.2789886770305066
27 32 1.3219854620113254
27 33 1.2322791808921734
27 34 1.2594504132480846
27 35 1.29262860744661
27 36 1.3006188425677374
27 37 1.4052847277718177
27 38 1.442000117914268
27 39 1.3390446885886722
27 40 1.2868002315705616
27 41 1.3912205577135124
27 42 1.2971022318232939
27 43 1.3464283733932703
27 44 1.4049236999857586
27 45 1.204930069824965
27 46 1.3189365254965966
27 47 1.3247289013952108
27 48 1.3078271125090442
27 49 1.2767115740516584
27 50 1.3840201373264611
27 51 1.2640809282700993
27 52 1.341184718871915
27 53 1.272712650891578
27 54 1.1000616028703964
27 55 1.3482342740014595
27 56 1.3860562607162237
27 57 1.2975504321923383
27 58 1.3448246380470064
27 59 1.305839953038773
27 60 1.2966753319830355
27 61 1.312745140110137
27 62 1.4061531608581155
27 63 1.381739827780887
27 64 1.3216005078596484
27 65 1.239860085561502
27 66 1.2963785529718637
27 67 1.1646046979842861
27 68 1.4340216985242522
27 69 1.510303193052802
27 70 1.424290806027354
27 71 1.0623389910139003
27 72 1.4310025921600642
27 73 1.2716819077508759
27 74 1.2338503557070986
28 29 1.2584140959413979
28 30 1.3042833500593662
28 31 1.3654964618287677
28 32 1.2294392212021397
28 33 1.1895877799490124
28 34 1.314333836089349
28 35 1.29986558819289
28 36 1.3426296384067893
28 37 1.192242521748816
28 38 1.450314448801629
28 39 1.2758180148415983
28 40 1.2241729396013483
28 41 1.3519587397621267
28 42 1.2390125497036693
28 43 1.2128166623483958
28 44 1.318371776878664
28 45 1.276158308269568
28 46 1.3551060533190942
28 47 1.3171438923076533
28 48 1.3846062889017923
28 49 1.29656387998761
28 50 1.2672452658930162
28 51 1.2170696108242745
28 52 1.3661978335477463
28 53 1.2735009909016117
28 54 1.2796038812295754
28 55 1.3353660936181726
28 56 1.3432999659119542
28 57 1.0271496133167584
28 58 1.3681704516871755
28 59 1.2919334179439694
28 60 1.2500521669876947
28 61 1.314445997211606
28 62 1.3118031576499503
28 63 1.3675805128165281
28 64 1.258107200796586
28 65 1.1942920678621283
28 66 1.2598859595398813
28 67 1.1881943612993184
28 68 1.4679796242715386
28 69 1.3630071361875014
28 70 1.3225824681151774
28 71 1.1429888936684058
28 72 1.3168656125157456
28 73 1.2182962211738955
28 74 1.2407176526820562
29 30 1.1838703011393439
29 31 1.307401768284813
29 32 1.2692827088192509
29 33 1.14970616031151
29 34 1.268301725977641
29 35 1.3361236173957733
29 36 1.3504171255940114
29 37 1.2264186081514166
29 38 1.2937005592422726
29 39 1.2909457935980426
29 40 1.1758651993030473
29 41 1.213289583442951
29 42 1.1924066434950753
29 43 1.3037600541399874
29 44 1.2642520106490098
29 45 1.3464003430699634
29 46 1.388011720709671
29 47 1.2831983298561902
29 48 1.274972197183597
29 49 1.2994821908704353
29 50 1.3021452183497861
29 51 1.1887444188411442
29 52 1.2480335948678671
29 53 1.2571684982697355
29 54 1.2616896843698941
29 55 1.2224690043627198
29 56 1.3850026567971443
29 57 1.3411228085476272
29 58 1.284821630390027
29 59 1.2759799981309228
29 60 1.1550273040829575
29 61 1.4389654257593676
29 62 1.4524238751622642
29 63 1.3640763355897376
29 64 1.1839179453763014
29 65 1.3633930911188428
29 66 1.3114352569946557
29 67 1.3852667724814514
29 68 1.314252363215274
29 69 1.1823103175466514
29 70 1.3606692354642966
29 71 1.13389531772297
29 72 1.0230136699236771
29 73 1.2057985525322832
29 74 1.2592390606231803
30 31 1.2446889487406574
30 32 1.4064017637710424
30 33 1.1374064135903992
30 34 1.331581221935559
30 35 1.4268581102668219
30 36 1.29523662580768
30 37 1.2738761519604322
30 38 1.2571971982980996
30 39 1.3337961546772246
30 40 1.0949630240585524
30 41 1.2347795649688176
30 42 1.0619824657539711
30 43 1.2848382460113756
30 44 1.182719817101621
30 45 1.3989549078009402
30 46 1.3854161181380298
30 47 1.2232265293098445
30 48 1.2745035582274546
30 49 1.1538181173222721
30 50 1.1849437900812925
30 51 1.2143579378208236
30 52 1.37773019564208
30 53 1.2101328270405127
30 54 1.2811803655945795
30 55 1.2428471176747513
30 56 1.306438930603101
30 57 1.3905471731318804
30 58 1.3271798854449115
30 59 1.1791377955769249
30 60 1.0489971097815867
30 61 1.3637916661981904
30 62 1.3198164564785724
30 63 1.4136742300368206
30 64 1.3111462140829158
30 65 1.473124796495716
30 66 1.416040765884781
30 67 1.4017416196628836
30 68 1.3506890186240395
30 69 1.2490107501905905
30 70 1.2509479438990563
30 71 1.3499558851604827
30 72 1.2824497998101247
30 73 1.2459236507266318
30 74 1.2442198627354424
31 32 1.2877160869878632
31 33 1.2698493764645276
31 34 1.2592536055697832
31 35 1.3055676267044956
31 36 1.273883362944302
31 37 1.3037083087423063
31 38 1.3396781594187386
31 39 1.352321161021609
31 40 1.2233499020347214
31 41 1.3250245288842852
31 42 1.3627362462628791
31 43 0.875355898992834
31 44 1.3865350829771925
31 45 1.2866018232586578
31 46 1.4894234651718863
31 47 1.2664026520967238
31 48 1.2624735682927015
31 49 1.2838483321014529
31 50 1.3421624793489795
31 51 1.3437578994809267
31 52 1.3200631802406755
31 53 1.3370835792501958
31 54 1.3624448847769004
31 55 1.296304390550585
31 56 1.4018745326958135
31 57 1.3706800391796556
31 58 1.367850191313514
31 59 1.244932263302401
31 60 1.1792837302757213
31 61 1.3680279324149502
31 62 1.3817959628115624
31 63 1.3638285774285013
31 64 1.4485614884978342
31 65 1.2817597649396093
31 66 1.2779742636253695
31 67 1.290650727659095
31 68 1.328789192513516
31 69 1.3533391118745768
31 70 1.3588230370397727
31 71 1.335755650152026
31 72 1.351012315179419
31 73 1.286274458920631
31 74 1.2763151629336977
32 33 1.400531651583749
32 34 1.164475418103467
32 35 1.299153257781482
32 36 1.2550291231009132
32 37 1.298841311395239
32 38 1.4826029155745863
32 39 1.381921625374429
32 40 1.2756003128109052
32 41 1.4443596752728682
32 42 1.4353786484273166
32 43 1.2907050719338269
32 44 1.3858179471783298
32 45 1.1065877875753463
32 46 1.3847662547343351
32 47 1.2785458779494216
32 48 1.3059283988613577
32 49 1.3645202751497196
32 50 1.3679242028580885
32 51 1.4168538464915543
32 52 1.2991757243242348
32 53 1.354553879621269
32 54 1.3137659277089593
32 55 1.5014234324714986
32 56 1.361637300430256
32 57 1.2456710184428454
32 58 1.4434221655578445
32 59 1.3604739247124709
32 60 1.2532859169009203
32 61 1.3377940112409612
32 62 1.376202981373296
32 63 1.3671188475308373
32 64 1.41934447319742
32 65 1.0690608378661057
32 66 1.3669661443361258
32 67 1.2057620541595304
32 68 1.5110198576234233
32 69 1.4081856536824802
32 70 1.2673328246173146
32 71 1.2082446865338137
32 72 1.3632988497366312
32 73 1.2850625005461693
32 74 1.2106895792040322
33 34 1.3063006562606594
33 35 1.2369403791630544
33 36 1.2791295247509944
33 37 1.104592470396125
33 38 1.1622408983705654
33 39 1.2084935045757776
33 40 1.1864764699795936
33 41 1.2188996754905963
33 42 0.8128250367737272
33 43 1.1675596791677114
33 44 1.102584095431658
33 45 1.2124296008816764
33 46 1.2339838176942282
33 47 1.3570385475226656
33 48 1.0145492831292184
33 49 0.8854845361289106
33 50 1.1777910367368596
33 51 1.1413923207570045
33 52 1.321303209621065
33 53 0.9517965653444492
33 54 1.1849193349858198
33 55 1.0587607335693052
33 56 1.284658752405815
33 57 1.1779153024106233
33 58 1.1517114861749693
33 59 1.1799378564557086
33 60 0.9994203525361636
33 61 1.313741053824253
33 62 1.315551595062226
33 63 1.3404595455739519
33 64 0.9961040793474268
33 65 1.2712111020522343
33 66 1.1885607684997435
33 67 1.1341658775280274
33 68 1.387099464684721
33 69 1.2293444591981204
33 70 1.275353808992556
33 71 1.1792753081862806
33 72 1.2391002943229725
33 73 1.0433394510262983
33 74 1.0588969666377988
34 35 1.3027179201381123
34 36 0.9905348851789711
34 37 1.4713751828345396
34 38 1.2923514168356056
34 39 1.295731343963686
34 40 1.1772226975434414
34 41 1.4905015753265884
34 42 1.2639456369227549
34 43 1.306529575474545
34 44 1.2806671195574806
34 45 1.2099780728948286
34 46 1.2035723860221916
34 47 1.3184209620101413
34 48 1.2446974754600113
34 49 1.275083577311318
34 50 1.4101192429670248
34 51 1.2535001720877492
34 52 1.0882370389039728
34 53 1.307370890435933
34 54 1.2985104628152366
34 55 1.3380077720691652
34 56 1.2562279947902846
34 57 1.3450442235581637
34 58 1.3547583509534864
34 59 1.3956170445784752
34 60 1.1319791977041715
34 61 1.2615213990055663
34 62 1.2755386943128602
34 63 1.21663426659928
34 64 1.2610034725897372
34 65 1.1767054316474377
34 66 1.2736453685434241
34 67 1.2424489436314585
34 68 1.3268624198729488
34 69 1.3271967847295565
34 70 1.29520110139523
34 71 1.2345043315770137
34 72 1.2832514922474163
34 73 1.2458514158154348
34 74 1.1827944829761372
35 36 1.3097373201107607
35 37 1.27744227102654
35 38 1.370064222613007
35 39 1.3194075202541131
35 40 1.493168424804279
35 41 1.4220393006564713
35 42 1.3416483463633988
35 43 1.3793027668910014
35 44 1.3235818203310912
35 45 1.3219318945426253
35 46 1.2734738670793808
35 47 1.3005760444708914
35 48 1.2440747713851765
35 49 1.2791674756834306
35 50 1.2053491744461842
35 51 1.3315168259166634
35 52 1.4075366427835512
35 53 1.3213198993233917
35 54 1.2619023510670297
35 55 1.32946048195026
35 56 1.336767222880171
35 57 1.2805877497470697
35 58 1.2074259525894748
35 59 1.3586250208634962
35 60 1.320944916087521
35 61 1.308934714758004
35 62 1.3046979799698675
35 63 1.3600095005594552
35 64 1.3213617374870357
35 65 1.3231544361879455
35 66 1.384987454514786
35 67 1.1913992964566988
35 68 1.4009174530171788
35 69 1.3289432407485218
35 70 1.3777895217823959
35 71 1.2883425973585432
35 72 1.3322177722302162
35 73 1.3008300725050843
35 74 1.1583630253539736
36 37 1.4244196118388004
36 38 1.3599062509040512
36 39 1.2828374139931198
36 40 1.3547747900613902
36 41 1.5473574511359303
36 42 1.2249769411137406
36 43 1.3777323158172077
36 44 1.2029562347791738
36 45 1.265635574533728
36 46 1.202588780235901
36 47 1.2640082362562788
36 48 1.3329307264867214
36 49 1.274526991241425
36 50 1.330004033681705
36 51 1.3559267554235988
36 52 1.138701618419305
36 53 1.2384203982039317
36 54 1.3366483267453921
36 55 1.4190366210423457
36 56 1.1958691065402056
36 57 1.3681434103539654
36 58 1.3719718790555941
36 59 1.322313103674952
36 60 1.1736010427976962
36 61 1.248402973630486
36 62 1.1649165619476718
36 63 1.3153572075840718
36 64 1.3518129597014845
36 65 1.287809068532366
36 66 1.4151349374115323
36 67 1.2572015386463065
36 68 1.3774485935758245
36 69 1.3823565191963645
36 70 1.2414355352827462
36 71 1.2896387991838074
36 72 1.4321401039065402
36 73 1.2906994983215891
36 74 1.279328382526927
37 38 1.3199946304636772
37 39 1.05448870308974
37 40 1.2824116337165328
37 41 1.0756200845503212
37 42 1.235971985486137
37 43 1.1952537598252087
37 44 1.327016270712131
37 45 1.216433287341613
37 46 1.353907174225753
37 47 1.2817560148829918
37 48 1.274509499413016
37 49 1.2150164312764633
37 50 1.254599717185377
37 51 1.2673898682183962
37 52 1.371124885304668
37 53 1.2387114233340084
37 54 1.3662015342230756
37 55 1.2410454851831179
37 56 1.3369191315289553
37 57 1.2790511192912968
37 58 1.2907251885380375
37 59 1.281807056705904
37 60 1.2887520247144977
37 61 1.3283695622491982
37 62 1.3075931208250458
37 63 1.2411392667593482
37 64 1.227317302372635
37 65 1.2340572127041756
37 66 1.3689048173970884
37 67 1.1776609940143092
37 68 1.310824388893646
37 69 1.2028723736540354
37 70 1.3207439723515626
37 71 1.2741459886172057
37 72 1.3020338447383006
37 73 1.2280913145799426
37 74 1.3143890098874986
38 39 1.1741300860885082
38 40 1.2169683520222552
38 41 1.2871499244941949
38 42 1.1524217350234165
38 43 1.2471604092320414
38 44 1.2032596818326768
38 45 1.438001182468507
38 46 1.327486700524804
38 47 1.313065271915833
38 48 1.206625733830823
38 49 1.1681357986080605
38 50 1.2653628909901844
38 51 1.3353604416638232
38 52 1.4191433259192783
38 53 1.2331527145490737
38 54 1.3750798199931378
38 55 1.1928981648770334
38 56 1.3819449621319508
38 57 1.3977131955544835
38 58 1.2145488110208593
38 59 1.3023142443363755
38 60 1.2396588672656963
38 61 1.3804374271023
38 62 1.4081606899488908
38 63 1.3426180545851505
38 64 1.2031835684807484
38 65 1.4931299981993538
38 66 1.3620670583124446
38 67 1.412520021310389
38 68 1.2652145414568998
38 69 1.197858266360715
38 70 1.2555847520476004
38 71 1.5297673763212927
38 72 1.1826721113239667
38 73 1.2206261930439284
38 74 1.2317633966611001
39 40 1.3337026877313212
39 41 1.232642641680414
39 42 1.2145361568114015
39 43 1.2816138875303353
39 44 1.289879335957342
39 45 1.2987852427510242
39 46 1.3193782909312755
39 47 1.149030210045702
39 48 1.2596145105497012
39 49 1.2143373609862484
39 50 1.254033647375221
39 51 1.3297694893307848
39 52 1.3796835047491793
39 53 1.2835513115156283
39 54 1.3697886914624928
39 55 1.3235409078748486
39 56 1.3517366272806244
39 57 1.3757366009683858
39 58 1.1816048600223596
39 59 1.330087301149649
39 60 1.2582967060645562
39 61 1.3699690135398261
39 62 1.4087331438136044
39 63 1.2598825327358008
39 64 1.2649967012013439
39 65 1.296163656287746
39 66 1.256260878090977
39 67 1.1853890085646306
39 68 1.210148374298159
39 69 1.2175439818338039
39 70 1.3067114189656812
39 71 1.3263796428540016
39 72 1.292849732618712
39 73 1.2394490392706587
39 74 1.246165047200849
40 41 1.1863489659948507
40 42 1.1010860022108966
40 43 1.228241070746453
40 44 1.2776473328976816
40 45 1.2769924969414015
40 46 1.3045122230360657
40 47 1.2910161073373456
40 48 1.2824800990181113
40 49 1.2282372426726333
40 50 1.358577309544417
40 51 1.2571366352340017
40 52 1.307384113210936
40 53 1.2612346042177158
40 54 1.195230607004579
40 55 1.2639091659983783
40 56 1.3263963851560387
40 57 1.358672079367099
40 58 1.4360694641953617
40 59 1.3190659500023372
40 60 0.9734843483384608
40 61 1.3676823636740096
40 62 1.364015488652532
40 63 1.3794928956471126
40 64 1.2245841277328373
40 65 1.2977459205523154
40 66 1.3194576733838086
40 67 1.3077500334053513
40 68 1.4183527058230339
40 69 1.4002898578771987
40 70 1.343607791122875
40 71 1.3134825215677504
40 72 1.1667621157986199
40 73 1.2601347054433756
40 74 1.1819008668393844
41 42 1.2637967167410344
41 43 1.308506704588643
41 44 1.3032450515235436
41 45 1.4127800904866474
41 46 1.4025357060387873
41 47 1.33063691182017
41 48 1.204193279586152
41 49 1.250018757929071
41 50 1.3608674571677573
41 51 1.22603179560964
41 52 1.4889692457563317
41 53 1.2942412014613656
41 54 1.3842788838428535
41 55 1.1327939566402379
41 56 1.409851059652961
41 57 1.3814293481002495
41 58 1.2568138172098258
41 59 1.305937178364187
41 60 1.3170487167981473
41 61 1.465698474370903
41 62 1.4832034580504372
41 63 1.454946515233672
41 64 1.2776426547308042
41 65 1.401375970333491
41 66 1.291098187477398
41 67 1.369649538274689
41 68 1.3894928315767499
41 69 1.2579700469061466
41 70 1.4353016557279512
41 71 1.3436989174376661
41 72 1.3469193339966745
41 73 1.305068591997947
41 74 1.2658694396173982
42 43 1.2598407655367632
42 44 1.0587344319959415
42 45 1.313268909649948
42 46 1.2201542831165249
42 47 1.3152381524291068
42 48 1.110963163737082
42 49 0.8276057662540093
42 50 1.2338485049655996
42 51 1.1162278682739186
42 52 1.3331319943014306
42 53 0.869404931880267
42 54 1.1432621671380858
42 55 1.1501810326901194
42 56 1.2286832843563744
42 57 1.36839780309629
42 58 1.2649881254993989
42 59 1.1261548935026198
42 60 0.9338497922373051
42 61 1.2808223114822341
42 62 1.2315161237413015
42 63 1.4087752853910085
42 64 1.1074555007727742
42 65 1.4020642496429743
42 66 1.26842647728552
42 67 1.2085078618610665
42 68 1.2725097085693295
42 69 1.1811304184473514
42 70 1.1909834969721511
42 71 1.270220637386166
42 72 1.2651158005102467
42 73 1.0946039247832176
42 74 1.124205880441571
43 44 1.2849495369663981
43 45 1.2757358525806028
43 46 1.4821072785394807
43 47 1.3115406394708882
43 48 1.214133837149815
43 49 1.1781632575556498
43 50 1.288828715564411
43 51 1.2854654557106453
43 52 1.4101052620446988
43 53 1.2864914132460616
43 54 1.3694019260289123
43 55 1.151879287062028
43 56 1.3823132756548553
43 57 1.2872143268961251
43 58 1.3627463208855441
43 59 1.2775144429014493
43 60 1.2492110127636642
43 61 1.2966613415403792
43 62 1.3538653589057374
43 63 1.3049253014437765
43 64 1.2605308082789428
43 65 1.2905388657440842
43 66 1.1742575932013857
43 67 1.244466467030464
43 68 1.326259294963245
43 69 1.2689584704957855
43 70 1.3654912702643844
43 71 1.3626803176712823
43 72 1.2441236895561092
43 73 1.2469888734434953
43 74 1.2492318115724867
44 45 1.4109621019303744
44 46 1.2965312922190915
44 47 1.3118410274755115
44 48 1.1603881609220446
44 49 1.1363767820176995
44 50 1.2773729850119004
44 51 1.2822170580436958
44 52 1.376662133960222
44 53 1.1289471781060618
44 54 1.3445840185494784
44 55 1.2174811979313693
44 56 1.192748952721061
44 57 1.2988536479113064
44 58 1.2110986402802786
44 59 1.222059167412647
44 60 1.0878348345982907
44 61 1.2653943977617061
44 62 1.253619400011386
44 63 1.4507542589685496
44 64 1.1635603556676752
44 65 1.3835319890196223
44 66 1.304538437867595
44 67 1.3043025478733292
44 68 1.3229954008479825
44 69 1.2744527790807274
44 70 1.248188881499987
44 71 1.4345161508599205
44 72 1.2868999538488926
44 73 1.2891114850230878
44 74 1.1713433228878596
45 46 1.2466689281466827
45 47 1.3990544638655158
45 48 1.3519379516868562
45 49 1.3215771990078093
45 50 1.4751023994663586
45 51 1.276080945114992
45 52 1.1634862899057132
45 53 1.3613956722169196
45 54 1.2510924536977326
45 55 1.347227632183907
45 56 1.333613176765415
45 57 1.2405753891885885
45 58 1.3696866203987614
45 59 1.330891363061791
45 60 1.2943009782890884
45 61 1.2954214928699381
45 62 1.349305682238553
45 63 1.2820081324301698
45 64 1.346371204016843
45 65 0.6891797950995033
45 66 1.3057178911127751
45 67 0.7284344772165032
45 68 1.4963202520205727
45 69 1.4106079174082933
45 70 1.3615886321469401
45 71 1.155729066153157
45 72 1.4548438797010241
45 73 1.214762833268272
45 74 1.327250730365979
46 47 1.2957191752671855
46 48 1.1937224824287367
46 49 1.071864673797506
46 50 1.401119850732549
46 51 1.2032008616763896
46 52 1.267897222633609
46 53 1.121429784395269
46 54 1.2749377127713106
46 55 1.3866243009876793
46 56 0.9671901622257418
46 57 1.346671833281454
46 58 1.2374966217919325
46 59 1.519326985519577
46 60 1.174171221817546
46 61 0.9121174573434948
46 62 1.06213366206246
46 63 1.3419080188768244
46 64 1.334640028940766
46 65 1.3254123139417804
46 66 1.5312699003365302
46 67 1.2125161160180584
46 68 1.4679490611990234
46 69 1.3216603889969403
46 70 1.3493490606702667
46 71 1.32208364427436
46 72 1.3765427949852374
46 73 1.3362308684208737
46 74 1.170350911644893
47 48 1.3405406320305349
47 49 1.3012141012018559
47 50 1.3809329451853678
47 51 1.357525046018151
47 52 1.5111907629708792
47 53 1.3701902905808399
47 54 1.404584041029316
47 55 1.3299068913729717
47 56 1.3136800002765194
47 57 1.382302113681458
47 58 1.2005197090464503
47 59 1.3193410051007701
47 60 1.2408985074912384
47 61 1.2876616764415525
47 62 1.3173149693252322
47 63 1.3868384237378426
47 64 1.3931856510762906
47 65 1.362029637676332
47 66 1.3632567225786671
47 67 1.362203595555499
47 68 1.283706030129999
47 69 1.2389253887436833
47 70 1.27815909599543
47 71 1.3516820555062732
47 72 1.1932997159624548
47 73 1.3498577267819056
47 74 1.1970921124328162
48 49 1.0229737508250527
48 50 1.3096149199632856
48 51 1.1957075287760273
48 52 1.3763420919629552
48 53 1.1118171066746814
48 54 1.3451687584920176
48 55 1.1630835237560482
48 56 1.2826958075932602
48 57 1.3939336367771185
48 58 1.1594317588285967
48 59 1.3260372157490983
48 60 1.1192537025143952
48 61 1.3259998870446668
48 62 1.397765244633969
48 63 1.4009224272066645
48 64 1.2912820337270474
48 65 1.3398171818268416
48 66 1.2143438470447814
48 67 1.260887415957066
48 68 1.432362499406554
48 69 1.2353305138504356
48 70 1.263241644140321
48 71 1.415749968295362
48 72 1.3020120690348715
48 73 1.301350882514353
48 74 1.0321769143108968
49 50 1.2450543024260774
49 51 1.1273327684505037
49 52 1.3801306568275535
49 53 0.8562524969255133
49 54 1.2274835202332581
49 55 1.1629850102611963
49 56 1.1283090755420546
49 57 1.354848153802538
49 58 1.2007924732705928
49 59 1.2041044411227815
49 60 1.018551088412476
49 61 1.1468790620784333
49 62 1.1727815147426843
49 63 1.3720967480283388
49 64 1.1958241648251668
49 65 1.369862710023658
49 66 1.3266960595901207
49 67 1.139922027033318
49 68 1.3335040066796715
49 69 1.2162154122518922
49 70 1.2823807420085391
49 71 1.2992142275315608
49 72 1.3999003134328274
49 73 1.2134179781137493
49 74 1.0618120300375766
50 51 1.429461689472619
50 52 1.3591311609678702
50 53 1.236565712084277
50 54 1.2497887843758198
50 55 1.4014119072565443
50 56 1.443672556484061
50 57 1.3474248994919633
50 58 1.332087807705545
50 59 1.2964677628237842
50 60 1.2368476501392083
50 61 1.3909092400819025
50 62 1.4506051921045848
50 63 1.4260244492977658
50 64 1.2857000649767534
50 65 1.4855239481496914
50 66 1.402868544463128
50 67 1.419530561235397
50 68 1.3386524406148388
50 69 1.2617416949370903
50 70 1.3649546148464209
50 71 1.3916880091428612
50 72 1.3189205440893856
50 73 1.134395921290139
50 74 1.2752452018284965
51 52 1.2611835888076457
51 53 1.16137858802869
51 54 1.2907673567354039
51 55 1.1125117746442437
51 56 1.2923309564147085
51 57 1.2984016619196161
51 58 1.2759700008242982
51 59 1.2544896574635809
51 60 1.245582842163436
51 61 1.28784286875649
51 62 1.2447070466844095
51 63 1.310187083398903
51 64 1.1655987859944947
51 65 1.3859857371540325
51 66 1.2981071248261014
51 67 1.2331882728175751
51 68 1.3163921042151412
51 69 1.2509777721262678
51 70 1.3349894607695305
51 71 1.1844372748271135
51 72 1.3396077266121762
51 73 1.1343496128810597
51 74 1.1269602416724305
52 53 1.3101621336911118
52 54 1.3053371444139277
52 55 1.3667181687750827
52 56 1.4255241192907304
52 57 1.4311718764833885
52 58 1.4403862549273057
52 59 1.4246066037426732
52 60 1.2251255472273532
52 61 1.4120569675512058
52 62 1.3291361773281098
52 63 1.2134989199291886
52 64 1.3355445885699215
52 65 1.165936880375852
52 66 1.3955547613271244
52 67 1.2781200231925576
52 68 1.3621909398854974
52 69 1.3452447251903015
52 70 1.4578318852611876
52 71 1.265922540315361
52 72 1.4647368910943792
52 73 1.2799698371612507
52 74 1.3665240028000207
53 54 1.1907995830040579
53 55 1.2636663026410604
53 56 1.179604233556967
53 57 1.423143862566726
53 58 1.2917744106244835
53 59 1.19606351144083
53 60 1.0487286736681636
53 61 1.198013491101091
53 62 1.203136593731913
53 63 1.3144324566484997
53 64 1.0747698697053312
53 65 1.4340130180918762
53 66 1.3772122006299388
53 67 1.2569252625158107
53 68 1.3760536514717605
53 69 1.29404614246777
53 70 1.2723767222836175
53 71 1.2681985591738625
53 72 1.3522840424868847
53 73 1.0856890980419693
53 74 1.067120314932571
54 55 1.3541955910180372
54 56 1.3011004641598334
54 57 1.3838077889732234
54 58 1.4504130464168288
54 59 1.3531241410765869
54 60 1.0637058429991473
54 61 1.2679490649664746
54 62 1.394824282530459
54 63 1.3309005681757213
54 64 1.3294153593499474
54 65 1.27113799546769
54 66 1.3263060381848593
54 67 1.2084426201084597
54 68 1.4459286465849313
54 69 1.4262671368581745
54 70 1.2846246546951616
54 71 1.1852534827187111
54 72 1.3692393162792889
54 73 1.0769295189439918
54 74 1.2885107505477311
55 56 1.4145904158210525
55 57 1.3127206184929052
55 58 1.2228015385607056
55 59 1.219113928877858
55 60 1.2743687046836474
55 61 1.4131680934257471
55 62 1.3942755537711056
55 63 1.3701366233781291
55 64 1.1410414588466604
55 65 1.4198940266040132
55 66 1.1947890691046223
55 67 1.3295925172469265
55 68 1.3989822302133668
55 69 1.2648515422175308
55 70 1.369341066556686
55 71 1.2753481906944968
55 72 1.1349925672231795
55 73 1.2926574293123694
55 74 1.2918584049764212
56 57 1.3760767782445793
56 58 1.2903898450690763
56 59 1.335226445809646
56 60 1.1663700672888127
56 61 0.7682037648516671
56 62 0.7708003914571943
56 63 1.434492019565509
56 64 1.3633699243222224
56 65 1.419235765706327
56 66 1.4316281001575633
56 67 1.2508319495480003
56 68 1.4355476940543395
56 69 1.3741878100937417
56 70 1.3570325819769673
56 71 1.3605357305674186
56 72 1.399617134322273
56 73 1.3550315369851458
56 74 1.260185370393265
57 58 1.3293327696872645
57 59 1.3270345518206776
57 60 1.3901038314789873
57 61 1.3685231648866227
57 62 1.3695927069736922
57 63 1.3411607863653177
57 64 1.3441764858206924
57 65 1.1454585198990541
57 66 1.269503924720235
57 67 1.1647441963734302
57 68 1.426114704902873
57 69 1.3761431758210876
57 70 1.3491019321102786
57 71 1.2356737775853857
57 72 1.3308548441216275
57 73 1.351596000617608
57 74 1.264141461248103
58 59 1.3063040532682748
58 60 1.2776189165853378
58 61 1.3724291234957389
58 62 1.367919769867315
58 63 1.4574162211364152
58 64 1.1954046904086564
58 65 1.4049639630529591
58 66 1.4156151363851879
58 67 1.3412003616073438
58 68 1.333284591121936
58 69 1.1727985708498676
58 70 1.3286317354744959
58 71 1.4087396730503363
58 72 1.3039615124507191
58 73 1.363392375956824
58 74 1.270844700891535
59 60 1.2531721798393158
59 61 1.363465962171742
59 62 1.35812758529694
59 63 1.4084311526892754
59 64 1.2521254891853857
59 65 1.428720972836905
59 66 1.328118628013136
59 67 1.2839012565195593
59 68 1.3645048318902824
59 69 1.2797501418053134
59 70 1.3449056824715944
59 71 1.311180969725528
59 72 1.3528499047576903
59 73 1.2193118438996102
59 74 1.209019071833032
60 61 1.192954941445788
60 62 1.2113186762483894
60 63 1.4259251414831522
60 64 1.2397806913477294
60 65 1.2988961589934118
60 66 1.3032208537171532
60 67 1.2324512734580408
60 68 1.4048010298140703
60 69 1.2303981698638988
60 70 1.2061046147401455
60 71 1.260405393665814
60 72 1.2244243195184674
60 73 1.1599669931581431
60 74 1.1366224735967603
61 62 0.7927691679272003
61 63 1.3666466528827794
61 64 1.392886851248264
61 65 1.3541165130506168
61 66 1.4609232980809552
61 67 1.1921279268535394
61 68 1.4419279231978759
61 69 1.3305512693909793
61 70 1.3926568849930496
61 71 1.3051555941955635
61 72 1.4377263115903869
61 73 1.298368248342758
61 74 1.286302426811021
62 63 1.325132612945811
62 64 1.366977173852685
62 65 1.4033773804369347
62 66 1.481274036799552
62 67 1.2383614067843722
62 68 1.3633310286934837
62 69 1.3468224521284478
62 70 1.3981484341937342
62 71 1.3135200089679344
62 72 1.4643820424256655
62 73 1.3707193748825188
62 74 1.2643465932707352
63 64 1.3130248891973892
63 65 1.2887370891077674
63 66 1.4415529936345115
63 67 1.2950807700718885
63 68 1.3281402385622245
63 69 1.3474495210438895
63 70 1.3731852328798748
63 71 1.2767753799744443
63 72 1.5042501755686464
63 73 1.2895323606513218
63 74 1.3421557531936261
64 65 1.4062280361718016
64 66 1.2448969758836732
64 67 1.3392420777966405
64 68 1.2929102435771278
64 69 1.2812627825210015
64 70 1.3777629564731564
64 71 1.2220549240884993
64 72 1.1255662280003853
64 73 1.1790303302000424
64 74 1.1843239792701745
65 66 1.2486799701646674
65 67 0.7910599236119871
65 68 1.4523625277470409
65 69 1.37267762790318
65 70 1.4218921590584823
65 71 1.142966043545831
65 72 1.4624987462349173
65 73 1.299853652745319
65 74 1.2962262818805763
66 67 1.214188920140199
66 68 1.3878590274733922
66 69 1.3277125639872087
66 70 1.3870678220818484
66 71 1.2867612165566698
66 72 1.2619380793865913
66 73 1.2981687369982895
66 74 1.3168283890396921
67 68 1.49655441844927
67 69 1.426797587388511
67 70 1.3952160985323723
67 71 1.12309459780004
67 72 1.4850989875390934
67 73 1.2172797730073683
67 74 1.239476840502027
68 69 1.2627333827690725
68 70 1.2857991483853797
68 71 1.4628806159237064
68 72 1.3757343549973564
68 73 1.2823755211033774
68 74 1.2903711462315766
69 70 1.3733327971109817
69 71 1.4091283939757027
69 72 1.2716643822748643
69 73 1.2522292032230897
69 74 1.3137661156013594
70 71 1.4793195562128363
70 72 1.3613840789366676
70 73 1.3132516017362155
70 74 1.316566226396966
71 72 1.347727513541547
71 73 1.2279658042494066
71 74 1.231204262474517
72 73 1.2901616278633148
72 74 1.285211992954372
73 74 1.1992499343299334
