75 0
0 1 1.4199203959930744
0 2 1.340283926049078
0 3 1.3123871377191354
0 4 1.3931105285403147
0 5 1.4043628298668864
0 6 1.327507992413842
0 7 1.2521632351237229
0 8 1.285324793111087
0 9 1.417373326007349
0 10 1.3180129369588034
0 11 1.3825419513884996
0 12 1.42538434545759
0 13 1.3112794498484641
0 14 1.3355705053630145
0 15 1.3836602870903536
0 16 1.2556363799357795
0 17 1.3600800518441338
0 18 1.2880730119251764
0 19 1.1795977698706106
0 20 0.6168642017542973
0 21 1.4412715561910865
0 22 1.3607040460208748
0 23 1.4095182939676636
0 24 1.1977781846479094
0 25 1.4614645981869474
0 26 1.2587133350197401
0 27 1.3266846226639655
0 28 1.3259242506356306
0 29 1.5026854159815881
0 30 1.149581425273593
0 31 1.3653790981121448
0 32 1.421966442521667
0 33 1.2517780083857657
0 34 1.2028163382226122
0 35 1.3585307100968094
0 36 1.175754155902552
0 37 1.0329628053115731
0 38 1.3457087094754248
0 39 1.3155988569894683
0 40 1.227386732237943
0 41 1.0791089047880822
0 42 1.2280087437054894
0 43 1.377482513386922
0 44 1.4554000286099584
0 45 1.1536329836504449
0 46 1.4756101676413709
0 47 1.3576483746073953
0 48 1.4309377819404383
0 49 0.8703435377992558
0 50 0.6914344727551248
0 51 1.4594892464356684
0 52 0.767505267714273
0 53 1.3406189421028367
0 54 1.3091092120566679
0 55 1.2629592790735036
0 56 1.4152619532617912
0 57 1.4121944388065955
0 58 1.3461140367659354
0 59 1.4677955830916796
0 60 1.381967451021335
0 61 1.4175374760182076
0 62 1.1733052316936865
0 63 1.2262006380116102
0 64 1.104431627296499
0 65 1.3539649176286865
0 66 1.3474445645339275
0 67 1.3589966480093638
0 68 1.223430700603493
0 69 1.3849286591880667
0 70 1.483781982292283
0 71 1.3259817359357626
0 72 1.413391312237351
0 73 1.3783480471286131
0 74 1.434414366152545
1 2 1.386131093333458
1 3 1.336661462762968
1 4 1.3282423709471074
1 5 1.2042905859416504
1 6 1.2190104764636236
1 7 1.2857234391583416
1 8 1.371124791552674
1 9 1.3449925387521005
1 10 1.3040575006630641
1 11 1.33116295663751
1 12 1.2982972499074124
1 13 1.2073146926985594
1 14 1.300928832590998
1 15 1.3774919213808072
1 16 1.3552032238994733
1 17 1.3156798044995177
1 18 1.3700790596337487
1 19 1.3469269691992551
1 20 1.4514472744155429
1 21 1.4008419602426696
1 22 1.3951533808782015
1 23 1.447304938346496
1 24 1.3634207093382977
1 25 1.2943953683001745
1 26 1.2703218299159504
1 27 1.4219803124979002
1 28 1.232416628694777
1 29 1.3258985144625783
1 30 1.4160178725579546
1 31 1.3424869767091463
1 32 1.3705018566361715
1 33 1.367025024837147
1 34 1.4068431353491564
1 35 1.3120370765694882
1 36 1.3878942003571932
1 37 1.4019691183526553
1 38 1.361426591839192
1 39 1.3608803088048
1 40 1.32736842186701
1 41 1.3453820409804653
1 42 1.2292928194868928
1 43 1.3168510302757395
1 44 1.4722249211431542
1 45 1.353924169000124
1 46 1.4054734210029354
1 47 1.427438180754955
1 48 1.4207389914371908
1 49 1.3599536202133036
1 50 1.3942605517407904
1 51 1.4071190269753475
1 52 1.3897626130227094
1 53 1.3862140050157146
1 54 1.352162647265339
1 55 1.4028158851593864
1 56 1.5257815210369199
1 57 1.3715407544836027
1 58 1.2894041533893776
1 59 1.3052095456172654
1 60 1.2273087177835784
1 61 1.1965439154458521
1 62 1.315768577971181
1 63 1.3929311923792667
1 64 1.4381563572549316
1 65 1.1492274461700915
1 66 1.3388930429242953
1 67 1.2328435458110063
1 68 1.2984059421889156
1 69 1.238400117880378
1 70 1.4139033981085567
1 71 1.425017408308414
1 72 1.3226668866005158
1 73 1.2682600342647468
1 74 1.2337001088562678
2 3 1.4241840971889665
2 4 1.3162133714209738
2 5 1.3369907949039084
2 6 1.3340820028415483
2 7 1.4058769166002023
2 8 1.3529452107160298
2 9 1.256780397064055
2 10 1.2983861551210234
2 11 1.3820305819959848
2 12 1.311572281281808
2 13 1.4523158637296083
2 14 1.2881667724891566
2 15 1.372664389897629
2 16 1.2007035135435227
2 17 1.2516248245180177
2 18 1.408573492918688
2 19 1.3396308809402284
2 20 1.3868623667709734
2 21 1.416945277703386
2 22 1.3848297489453445
2 23 1.2191618679452683
2 24 1.2907981163878104
2 25 1.5126141283492125
2 26 1.263209369827989
2 27 1.4078536931804067
2 28 1.3149868279400376
2 29 1.3559989895569817
2 30 1.2008630484388267
2 31 1.447756209546484
2 32 1.2998500922979315
2 33 1.2117619158538977
2 34 1.3694800746024434
2 35 1.3860876344236377
2 36 1.2043783258724732
2 37 1.3397059037202652
2 38 1.390680115309941
2 39 1.2789710965589023
2 40 1.2368092036586125
2 41 1.2104998099294222
2 42 1.3649038939858382
2 43 1.350870131105143
2 44 1.298768947401809
2 45 1.1451229658954087
2 46 1.266377154354122
2 47 1.3358110213500023
2 48 1.2482431775051976
2 49 1.3448727095540232
2 50 1.353079175829939
2 51 1.3511299851512786
2 52 1.3391324635781294
2 53 1.3388698325085169
2 54 1.3958080422186105
2 55 1.3782214483242294
2 56 1.284471520987302
2 57 1.435566899963289
2 58 1.3037226860827709
2 59 1.3049936057080112
2 60 1.4141071951328876
2 61 1.4361262860705213
2 62 1.3040823756951239
2 63 1.2326529155767014
2 64 1.3525266228744715
2 65 1.2590630581408697
2 66 1.427510070951484
2 67 1.2833695725640422
2 68 1.2588908789284978
2 69 1.3085116171235616
2 70 1.3746693026930343
2 71 1.2945576315916336
2 72 1.1578890784912155
2 73 1.3626360734519425
2 74 1.439215597155064
3 4 1.459789558413862
3 5 1.2567000855476236
3 6 1.588228485310965
3 7 1.0989870996284312
3 8 1.297055979279856
3 9 1.3230866921088464
3 10 1.1161046237780685
3 11 1.387087222039688
3 12 1.411774171930693
3 13 1.270372719577261
3 14 1.2730240927586738
3 15 1.3881409577181054
3 16 1.491023779392232
3 17 1.2688424386614765
3 18 1.3433631016135295
3 19 1.441949461339485
3 20 1.3443400659355431
3 21 0.7231124342252588
3 22 1.0863569668732282
3 23 1.4071127070954197
3 24 1.2745990715501674
3 25 1.4138739061284853
3 26 1.315763439742627
3 27 1.0395254485859218
3 28 1.3440586498384604
3 29 1.3872640607732405
3 30 1.5664836868233984
3 31 0.7894317177500989
3 32 1.3846422641366074
3 33 1.4987978780610018
3 34 1.2982949451991255
3 35 1.4111821900976136
3 36 1.5719443562952158
3 37 1.3873729654581646
3 38 0.9159675736389192
3 39 1.406396494256672
3 40 1.4843196006011732
3 41 1.3304456350169818
3 42 1.4827330472591114
3 43 1.3628289320237468
3 44 1.5596134653037623
3 45 1.4977586410247665
3 46 1.3192680346960093
3 47 1.345988382811123
3 48 1.3323459379387392
3 49 1.4004865482364797
3 50 1.4129952259716088
3 51 1.4308072541039998
3 52 1.34831980131698
3 53 1.3968756459844345
3 54 1.2717176792629417
3 55 1.1990292712670079
3 56 1.2994675403364968
3 57 0.67985258097581
3 58 1.2273151994389233
3 59 1.409201251461245
3 60 1.2998775160781038
3 61 1.2455922756320048
3 62 1.441565620765177
3 63 1.5265561354968382
3 64 1.4587352144294692
3 65 1.3416328929094485
3 66 1.165934014966304
3 67 1.2284884045974291
3 68 1.3174091378492945
3 69 1.411809747467651
3 70 1.3818931022814338
3 71 1.4243378833599232
3 72 1.3424498052818263
3 73 1.378369637877507
3 74 1.5074319823729982
4 5 1.231535227859598
4 6 1.199124846321874
4 7 1.303067688254307
4 8 1.273927204699274
4 9 1.3884863913067587
4 10 1.3056860179692593
4 11 1.3644657739773625
4 12 1.2574881369828033
4 13 1.3881177633565198
4 14 1.1764643581320287
4 15 1.2691501214958698
4 16 1.2544387957040029
4 17 1.3678782413088022
4 18 1.2116497361792888
4 19 1.1260855077189296
4 20 1.490451262520531
4 21 1.4862114297296456
4 22 1.4083714016754343
4 23 1.3396163917059105
4 24 1.3023041791526724
4 25 1.3374139356119674
4 26 1.128341661845542
4 27 1.4252786604491332
4 28 1.195149552720419
4 29 1.1061974266349146
4 30 1.2821157437314843
4 31 1.4729505901587756
4 32 1.3598378738345147
4 33 1.1560376309190579
4 34 1.2638249782349469
4 35 1.2246421243492482
4 36 1.2296775645023463
4 37 1.0987107652299153
4 38 1.4532557345280257
4 39 1.2440251220622223
4 40 1.158608560349445
4 41 1.0981807610080245
4 42 1.1902430183479829
4 43 1.2510181376400553
4 44 1.3021690964124744
4 45 1.2627935078928196
4 46 1.2676163626988681
4 47 1.283690705371535
4 48 1.3200731213413945
4 49 1.3804286056302444
4 50 1.3913104905655422
4 51 1.276234119863403
4 52 1.3791988371833828
4 53 1.2077029533579378
4 54 1.3283200528656132
4 55 1.3286817430181428
4 56 1.2568163940196784
4 57 1.4674276052865076
4 58 1.3062362932249962
4 59 1.234716252721619
4 60 1.283268876265265
4 61 1.3262919421160126
4 62 1.1622215142796726
4 63 1.1410365930133977
4 64 1.1524911143641856
4 65 1.2027092412693596
4 66 1.4056693427288376
4 67 1.2768951976961995
4 68 1.2135350862831387
4 69 1.3428970350020832
4 70 1.3973775245280824
4 71 1.248327883378507
4 72 1.2664610379428387
4 73 1.1628184093948037
4 74 1.2359605933598419
5 6 1.3680309187205948
5 7 1.27319829001012
5 8 1.297794204065141
5 9 1.3267778077585448
5 10 1.259388132663447
5 11 1.317947642676638
5 12 1.2828547660997103
5 13 1.2123417752028158
5 14 1.3217037719830675
5 15 1.3013018266857759
5 16 1.4426009656489347
5 17 1.2095334472698354
5 18 1.3372245596922099
5 19 1.2602982069884285
5 20 1.3852054609694875
5 21 1.2873004910051904
5 22 1.357599154363633
5 23 1.3899496262284359
5 24 1.2033855526489388
5 25 1.370970466961152
5 26 1.2181117732042757
5 27 1.365076714727919
5 28 1.2650739890473386
5 29 1.363872279432157
5 30 1.2955492281754863
5 31 1.2768980223404596
5 32 1.4323922681860148
5 33 1.1808240172005615
5 34 1.4068806954813164
5 35 1.3020950015864696
5 36 1.275862283582046
5 37 1.350985500274972
5 38 1.3163366935090401
5 39 1.355624412569628
5 40 1.2415828681029968
5 41 1.2744541989164053
5 42 1.2288217235883043
5 43 1.4363398865383277
5 44 1.4312189778722884
5 45 1.2788347174121166
5 46 1.2772406291663836
5 47 1.3666936113820212
5 48 1.3409482532321846
5 49 1.3670134157686702
5 50 1.4065674904011272
5 51 1.3909322125708914
5 52 1.3694162458930943
5 53 1.2956665840435018
5 54 1.3979339031471907
5 55 1.383299604170657
5 56 1.251506023197574
5 57 1.276672519440433
5 58 1.0797743483347735
5 59 1.3171707344311951
5 60 1.3789237982186129
5 61 1.2841338587298188
5 62 1.2820846575666132
5 63 1.2312081016739482
5 64 1.3411988185415318
5 65 1.2746696223006024
5 66 1.2611909133383146
5 67 1.139091842383415
5 68 1.2432236213754588
5 69 1.326018679614919
5 70 1.354462847083065
5 71 1.3976458625828427
5 72 1.266911877537613
5 73 1.2858917960691083
5 74 1.3160136919907017
6 7 1.3898907994965748
6 8 1.3359152571860575
6 9 1.3768265483635145
6 10 1.379541499577182
6 11 1.3614430381889076
6 12 1.2985608962235662
6 13 1.378055926603477
6 14 1.2399368505073236
6 15 1.320097572592994
6 16 1.3056648019495956
6 17 1.4306903011334642
6 18 1.3635314933346103
6 19 1.3067067318095809
6 20 1.3718863661355154
6 21 1.5714913844035683
6 22 1.499313030391501
6 23 1.3539257817783492
6 24 1.352048309710858
6 25 1.2712449264819374
6 26 1.3430144728513442
6 27 1.516531673444297
6 28 1.2063470815802884
6 29 1.2071929444884557
6 30 1.2382118008602272
6 31 1.4981290620870478
6 32 1.368098709413591
6 33 1.1674587168745172
6 34 1.3512811446854738
6 35 1.2183817527456766
6 36 1.2109977888077386
6 37 1.259863980087944
6 38 1.4554114582009088
6 39 1.3655604516019055
6 40 1.2802514194415118
6 41 1.2858927182956632
6 42 1.1633394215329844
6 43 1.3787986830101626
6 44 1.288915848510841
6 45 1.2547329246128902
6 46 1.3005038007301886
6 47 1.373201285268019
6 48 1.306274814988896
6 49 1.3064414948059588
6 50 1.3015064830168666
6 51 1.3689100323760304
6 52 1.3041837824727571
6 53 1.2937488844478031
6 54 1.40864676032344
6 55 1.3401258461552548
6 56 1.2891984166660828
6 57 1.529756485958664
6 58 1.3401270563911223
6 59 1.2459901079494
6 60 1.2257166183643768
6 61 1.2468687760711568
6 62 1.2351338374784266
6 63 1.2557740466491976
6 64 1.281452386149381
6 65 1.2122882372580954
6 66 1.4915222199278884
6 67 1.3721076607298033
6 68 1.2212004389294038
6 69 1.3039315877697832
6 70 1.4012939138657425
6 71 1.279068021977447
6 72 1.4240561070226518
6 73 1.2249558524442317
6 74 1.1968751675279055
7 8 1.3063439272143216
7 9 1.3641133432876307
7 10 1.1370333357239577
7 11 1.4414213850969964
7 12 1.3566883377186616
7 13 1.2938259718774328
7 14 1.2585530143994625
7 15 1.4004436285440565
7 16 1.4797046628211272
7 17 1.3204586182240752
7 18 1.194822402040096
7 19 1.3276313529538881
7 20 1.3514636741124573
7 21 1.1688459187303621
7 22 1.1968914544933955
7 23 1.4916698538359114
7 24 1.3590285583861081
7 25 1.3827353766431125
7 26 1.205658881560604
7 27 1.1224612899009145
7 28 1.3057606336185121
7 29 1.3690291048695662
7 30 1.4674093728038733
7 31 1.1655589713119554
7 32 1.3828019117307888
7 33 1.4413508671184319
7 34 1.335303479534396
7 35 1.3221121353464096
7 36 1.4618672188586308
7 37 1.2895377874601515
7 38 1.3020635806447562
7 39 1.3941548404351953
7 40 1.3367918164123591
7 41 1.2813988322064238
7 42 1.375601216168625
7 43 1.3999320079372184
7 44 1.4367632540839574
7 45 1.370059226026395
7 46 1.36929860053657
7 47 1.3228832028302513
7 48 1.365955791561274
7 49 1.3237987408783007
7 50 1.3508438092790844
7 51 1.4844711580912304
7 52 1.2928797758077548
7 53 1.3608501870910306
7 54 1.348720627424612
7 55 0.7558135189811408
7 56 1.4060141613476662
7 57 1.1617947214126172
7 58 1.2644344012374755
7 59 1.3745940160559835
7 60 1.1967488271726459
7 61 1.3819599769002104
7 62 1.3179780253637674
7 63 1.4195414171391392
7 64 1.3657078861422773
7 65 1.2967817016337273
7 66 1.2646620218000288
7 67 1.2887951930201507
7 68 1.2660428657085572
7 69 1.336758331277014
7 70 1.4316291576271405
7 71 1.3626294856800316
7 72 1.3506486725301152
7 73 1.3136136908802767
7 74 1.2704950920218196
8 9 1.3185785144946758
8 10 1.4075366427835512
8 11 1.3116883178980068
8 12 1.3548213771681779
8 13 1.3747256043401617
8 14 1.231376297292444
8 15 1.4114611960330616
8 16 1.2762407931579913
8 17 1.4344973114277264
8 18 1.2623938541392254
8 19 1.3546244682254973
8 20 1.308934714758004
8 21 1.3480970491063256
8 22 1.3801331699141977
8 23 1.3954509638839374
8 24 1.212400097567207
8 25 1.4182744039498105
8 26 1.285616798178077
8 27 1.313325147972037
8 28 1.272934629340628
8 29 1.3935219884092416
8 30 1.3725309255490163
8 31 1.4572282725234558
8 32 1.280750809374892
8 33 1.3062823685440363
8 34 1.3555761854353057
8 35 1.3129942764768663
8 36 1.3287155571206177
8 37 1.2171058511391197
8 38 1.3289722718247619
8 39 1.2074259525894748
8 40 1.3448387804943434
8 41 1.3239267356455517
8 42 1.3442869372213884
8 43 1.2692448159560816
8 44 1.2660316895159036
8 45 1.3481099900353821
8 46 1.3939453037162584
8 47 1.2781840751130484
8 48 1.3651250991211603
8 49 1.3600139275569814
8 50 1.3360657839827705
8 51 1.424632455738211
8 52 1.3508776520774826
8 53 1.358808705832844
8 54 1.336802934762463
8 55 1.3490896556614964
8 56 1.2414343565985984
8 57 1.3484314085209301
8 58 1.3008300725050843
8 59 1.3962544940052852
8 60 1.4844942795518712
8 61 1.401347264482544
8 62 1.3595530057427727
8 63 1.3356200813795873
8 64 1.2324663030226515
8 65 1.357118958734078
8 66 1.3072454020530953
8 67 1.2599711230971566
8 68 1.1583630253539736
8 69 1.293125163544559
8 70 1.3005471108832622
8 71 1.2778748782308367
8 72 1.3570306907512504
8 73 1.4631228078282483
8 74 1.4044498621248933
9 10 1.322215271913451
9 11 1.3764572792403207
9 12 1.2962096502116212
9 13 1.403395334045341
9 14 1.262011114874015
9 15 1.2866642781868682
9 16 1.2416005047739498
9 17 1.3525197036050844
9 18 1.3434166358074644
9 19 1.2902852113198684
9 20 1.4403425977881064
9 21 1.3226734410899388
9 22 1.3570917649930379
9 23 1.1330255783338767
9 24 1.3015041735277064
9 25 1.3567781952107527
9 26 1.3148947109102482
9 27 1.3045364588399186
9 28 1.3347610446740392
9 29 1.3942011995726569
9 30 1.2947453824500892
9 31 1.3991962603202497
9 32 1.3796666094902306
9 33 1.3353428441340751
9 34 1.2835801934630982
9 35 1.2255646535502005
9 36 1.3161536316014495
9 37 1.3589966202536787
9 38 1.3168594324077494
9 39 1.342690914717075
9 40 1.362505347419861
9 41 1.322817624619453
9 42 1.2997601361381514
9 43 1.2464009171658947
9 44 1.4469150822629833
9 45 1.3690111128899476
9 46 1.1619388783324733
9 47 1.2674764604862871
9 48 1.2502103747372502
9 49 1.4052972488407707
9 50 1.4359651716756403
9 51 1.194637627016733
9 52 1.4339308652648213
9 53 1.306962166544843
9 54 1.393920363553509
9 55 1.4204833648206088
9 56 1.2917875260027147
9 57 1.2863982424943732
9 58 1.2626605864292573
9 59 1.4229187388631488
9 60 1.4184564072283739
9 61 1.2966939387760479
9 62 1.3280867002757613
9 63 1.3078190056347234
9 64 1.4352774217139674
9 65 1.2740484802097995
9 66 1.4464775363413362
9 67 1.0971952889243164
9 68 1.224986777964434
9 69 1.0845139442056524
9 70 1.367073705658689
9 71 1.2243181994913606
9 72 1.1634047832480048
9 73 1.280582698543758
9 74 1.3995691603980753
10 11 1.4892500059875193
10 12 1.37681289277834
10 13 1.3722334791681168
10 14 1.285320084348191
10 15 1.3541113913620313
10 16 1.4699562504864017
10 17 1.3878571907753432
10 18 1.3153646852539258
10 19 1.4178843584328016
10 20 1.4120569675512058
10 21 1.1243990348319155
10 22 1.3196244269785065
10 23 1.3291654034650748
10 24 1.3433833856740973
10 25 1.424549810602407
10 26 1.3288566242063833
10 27 1.1051434900318422
10 28 1.4003306171402854
10 29 1.3434913892815377
10 30 1.4933145038433029
10 31 1.1430975193140356
10 32 1.3872898800502187
10 33 1.388483026596035
10 34 1.2986803796349742
10 35 1.3815122587804596
10 36 1.4175419558949571
10 37 1.3920405442639767
10 38 1.2588327090829166
10 39 1.4403862549273057
10 40 1.4280854987991076
10 41 1.3533601819641836
10 42 1.370902226631593
10 43 1.4318723106050082
10 44 1.4060514002833107
10 45 1.4622783946157896
10 46 1.3220290723587038
10 47 1.3770824049380872
10 48 1.3285786078293285
10 49 1.3328810622264236
10 50 1.4541875505631987
10 51 1.2901810265776692
10 52 1.3426985020760176
10 53 1.400866052188157
10 54 1.3308268855940697
10 55 1.2211650208037461
10 56 1.455354480739149
10 57 1.1688785492380396
10 58 1.2799698371612507
10 59 1.4446508048844973
10 60 1.2966418468012522
10 61 1.2808280302051294
10 62 1.462761940112228
10 63 1.4793620181483471
10 64 1.3792220634694223
10 65 1.3738342040598799
10 66 1.304404521100092
10 67 1.2160224412714786
10 68 1.3665240028000207
10 69 1.3686160779033127
10 70 1.4000861555656239
10 71 1.4141272841494898
10 72 1.3018089975540978
10 73 1.3883964251167227
10 74 1.4017182354376556
11 12 1.3994208159194315
11 13 1.2637978016477065
11 14 1.3335695862022172
11 15 1.445771039063883
11 16 1.3578732251359205
11 17 1.319308455421901
11 18 1.466551315804304
11 19 1.425577417171652
11 20 1.4044744388465733
11 21 1.4185391684809407
11 22 1.3677511977112793
11 23 1.3994918117326147
11 24 1.3168909150067243
11 25 1.3114165623843723
11 26 1.310913495387407
11 27 1.4313017867656288
11 28 1.3706592368789439
11 29 1.3747864908877088
11 30 1.401045156161547
11 31 1.291298144276554
11 32 1.4793248427824208
11 33 1.3913141542946796
11 34 1.3938077181873216
11 35 1.4274484688911993
11 36 1.4458131188147703
11 37 1.369879518753883
11 38 1.3124254657313381
11 39 1.3567474140003555
11 40 1.4299788010647747
11 41 1.380189190660259
11 42 1.2977886895141804
11 43 1.2980787391275463
11 44 1.4615973423871556
11 45 1.3830742480883345
11 46 1.3319279654961529
11 47 1.3715090641866592
11 48 1.367325472545463
11 49 1.3216171795537464
11 50 1.3896149744746724
11 51 1.3830320985342552
11 52 1.40782184121075
11 53 1.3829127311653315
11 54 1.4817654359302994
11 55 1.3957529206515296
11 56 1.3004708313762994
11 57 1.3858599793803346
11 58 1.3878057761838511
11 59 1.3590899030607204
11 60 1.3679825716475773
11 61 1.3102346725295078
11 62 1.282203829052582
11 63 1.4162929251164436
11 64 1.2987063900078315
11 65 1.3011282547784844
11 66 1.4423714550957412
11 67 1.4517001466231974
11 68 1.335094458120877
11 69 1.384194820619236
11 70 1.5049989911183355
11 71 1.3508605587811293
11 72 1.439304042077765
11 73 1.2479248543523598
11 74 1.2551300917345942
12 13 1.3837813878921428
12 14 1.2410314952249202
12 15 0.8286000691529682
12 16 1.1509033925970926
12 17 1.275569224599593
12 18 1.19617631557627
12 19 1.2463747890388845
12 20 1.4492569788836605
12 21 1.425650920262384
12 22 1.4558191244834369
12 23 1.097042051804696
12 24 1.2403408956461295
12 25 1.367173988634601
12 26 1.169945634573354
12 27 1.4743245077414746
12 28 1.187504483826697
12 29 1.2806565449920884
12 30 1.243165729681779
12 31 1.4473218290327616
12 32 1.2242470716836602
12 33 1.150771317136203
12 34 1.3240510127181406
12 35 1.19169384140802
12 36 1.1961301034952996
12 37 1.2335710073798676
12 38 1.5469413725243066
12 39 1.1937894357528613
12 40 1.1701405472003057
12 41 1.2228332113285918
12 42 1.1160209124818525
12 43 1.1685164890106998
12 44 1.2372229483459398
12 45 1.2207665958033591
12 46 1.1915459077326673
12 47 1.3517847446502376
12 48 1.3183877866491203
12 49 1.421227478680424
12 50 1.4285601126699232
12 51 1.1425037002416532
12 52 1.4307489909081754
12 53 1.1864217244676276
12 54 1.3356455326264314
12 55 1.3817571998226341
12 56 1.2504801743209448
12 57 1.4288214112011293
12 58 1.2497161022140015
12 59 1.0886384012648982
12 60 1.3290989619460671
12 61 1.215499089931945
12 62 1.246447298825462
12 63 1.1863878324797394
12 64 1.309967655374907
12 65 1.157502784162206
12 66 1.5029181561908933
12 67 1.2891141755828344
12 68 1.3064157865349193
12 69 1.318563324227709
12 70 1.3861797062321282
12 71 1.20525373905562
12 72 1.346668082297257
12 73 1.2209228620752495
12 74 1.2424080012593306
13 14 1.3753564753302014
13 15 1.4200728451767604
13 16 1.4962961064726357
13 17 1.385643091373821
13 18 1.345409227167849
13 19 1.395118484119702
13 20 1.2811580054107166
13 21 1.328463717285199
13 22 1.3062433312118071
13 23 1.4204367274717435
13 24 1.3624290616945158
13 25 1.3794845539511869
13 26 1.3349038900412014
13 27 1.2450841411391709
13 28 1.2523147253214906
13 29 1.4235912811189588
13 30 1.5255659523590277
13 31 1.2314346720234244
13 32 1.4279740449083298
13 33 1.4970569636398863
13 34 1.4102239191510744
13 35 1.3380856321999675
13 36 1.495588229467983
13 37 1.4068189521414192
13 38 1.2806122695719382
13 39 1.4053398741839644
13 40 1.4365962317943026
13 41 1.3984015557197333
13 42 1.3498071755839052
13 43 1.4498835124454412
13 44 1.462892691791928
13 45 1.4713922890963207
13 46 1.3452607031135662
13 47 1.3656024316569277
13 48 1.4552558290816837
13 49 1.331486859653332
13 50 1.3103604193110845
13 51 1.397998518082542
13 52 1.3438842389374244
13 53 1.4033244809103167
13 54 1.442360839513166
13 55 1.3700600888842909
13 56 1.4963344899254327
13 57 1.285531429653977
13 58 1.3098392759457258
13 59 1.4145537699182071
13 60 1.4338267186497307
13 61 1.4060533485561786
13 62 1.3536317304415637
13 63 1.4515774058225355
13 64 1.4260898462283653
13 65 1.346719924447571
13 66 1.2328687007877197
13 67 1.3726309181069314
13 68 1.3126881592985296
13 69 1.3955532412368823
13 70 1.5113864044356367
13 71 1.3618186293522325
13 72 1.4517358620634149
13 73 1.3933169390512092
13 74 1.3768655573509945
14 15 1.3158426787580595
14 16 1.1260411954259935
14 17 1.3010539655804185
14 18 1.2418754791762268
14 19 1.2416731043294722
14 20 1.3632746307593748
14 21 1.4005159171911832
14 22 1.3765006465226437
14 23 1.2250946853939595
14 24 1.2515692460337213
14 25 1.38842860248463
14 26 1.103055001116741
14 27 1.3448552267051028
14 28 1.227059253089437
14 29 1.3499774699505662
14 30 1.218755956076454
14 31 1.3285163543634575
14 32 1.38792690759294
14 33 1.2074325476221874
14 34 1.2247607984876359
14 35 1.2885250893694582
14 36 1.1844904292263485
14 37 1.1586334708414892
14 38 1.3136760573679374
14 39 1.315912557928688
14 40 1.1579907707629606
14 41 1.1663264564600375
14 42 1.138802450680616
14 43 1.2988456184892172
14 44 1.3609229599072887
14 45 1.228669323378332
14 46 1.2360969833223572
14 47 1.2618803556516742
14 48 1.2835001880460604
14 49 1.3611965295472823
14 50 1.4137792405774987
14 51 1.3061061797504052
14 52 1.3515144611311856
14 53 1.1746152564028751
14 54 1.328945733308747
14 55 1.274124992034597
14 56 1.1930128832499138
14 57 1.3357023512286652
14 58 1.1176838446915967
14 59 1.2663106252293879
14 60 1.1766875016429952
14 61 1.2666052312970557
14 62 1.1384663555845833
14 63 1.1590051987221572
14 64 1.2990706029180794
14 65 1.2022890457971915
14 66 1.2516920692153746
14 67 1.0463900220826705
14 68 1.1645709606830015
14 69 1.2504337334937559
14 70 1.325545800459457
14 71 1.2581707394882542
14 72 1.2549314106831473
14 73 1.2119522614449025
14 74 1.3331429477340777
15 16 1.223127946244979
15 17 1.2291641578535835
15 18 1.1790910571281854
15 19 1.328386780040929
15 20 1.4197505591741988
15 21 1.3733951272369842
15 22 1.4389464310989528
15 23 1.0116770248741673
15 24 1.293395344667531
15 25 1.392325902946204
15 26 1.2973949824130244
15 27 1.4536663760668658
15 28 1.254854510579505
15 29 1.2496778950542258
15 30 1.3076765805095967
15 31 1.4097912870234524
15 32 1.322372295420606
15 33 1.281639189469217
15 34 1.3481017003376299
15 35 1.1650502861275225
15 36 1.2287128210011669
15 37 1.35553343859616
15 38 1.5020034817662336
15 39 1.3249355401150285
15 40 1.251534928423146
15 41 1.215582218945959
15 42 1.2173290527971172
15 43 1.1177146921606484
15 44 1.310381508616632
15 45 1.2886844388808838
15 46 1.140559068781272
15 47 1.2666344325965102
15 48 1.211465991003207
15 49 1.3453907977829027
15 50 1.3811377125302702
15 51 1.1521472387200467
15 52 1.3792615528766214
15 53 1.041600605522617
15 54 1.3564138130577352
15 55 1.427893561030869
15 56 1.2638667133037396
15 57 1.3821574837207269
15 58 1.2409243143536364
15 59 1.1822516492874309
15 60 1.4068324407782014
15 61 1.2590904896462645
15 62 1.2439678020431697
15 63 1.221174003498357
15 64 1.3620165401084927
15 65 1.276487655703614
15 66 1.5102231097928147
15 67 1.2839640977845388
15 68 1.3755556519315228
15 69 1.3765858213929627
15 70 1.4207066330781357
15 71 1.1430893694875897
15 72 1.3951523627747264
15 73 1.2623020012622268
15 74 1.3827613253723716
16 17 1.2915566875728073
16 18 1.2196895236467058
16 19 1.073723682751823
16 20 1.3024420966810528
16 21 1.5229758962997995
16 22 1.4611880850453314
16 23 1.1548172567084094
16 24 1.119105639244458
16 25 1.3284336327185244
16 26 1.1133059355736672
16 27 1.477343882932352
16 28 1.1853192510111772
16 29 1.425037151942108
16 30 1.0697854661697164
16 31 1.5220625943915485
16 32 1.3650418748598196
16 33 1.1615625079823781
16 34 1.2680736007003242
16 35 1.322545058909123
16 36 1.025819139385797
16 37 1.0214046439064286
16 38 1.4609273359639718
16 39 1.0877030823119171
16 40 1.1082920044270095
16 41 1.0584046913480016
16 42 1.116179841050176
16 43 1.1990215841108711
16 44 1.3378272298949334
16 45 1.0897555797584124
16 46 1.220326858508431
16 47 1.2301461659284778
16 48 1.205961280266616
16 49 1.3317871062333153
16 50 1.2961299601868013
16 51 1.0967594796303095
16 52 1.2800299645050315
16 53 1.2532528737650623
16 54 1.3750712573831134
16 55 1.4448966184901024
16 56 1.1935809517111937
16 57 1.514504437856751
16 58 1.2793305152750454
16 59 1.3058104196563978
16 60 1.4230069883663947
16 61 1.2247258572071549
16 62 1.0343857561961005
16 63 1.0351779244326558
16 64 1.141827125399711
16 65 1.1662670188141184
16 66 1.4729925912086557
16 67 1.2011243086898573
16 68 1.1750690041810872
16 69 1.2154486488608447
16 70 1.4057893800948587
16 71 1.1147914353327737
16 72 1.124142298549876
16 73 1.2879839528415329
16 74 1.3708514924307136
17 18 1.3923403253928326
17 19 1.3267464381278713
17 20 1.364500625367702
17 21 1.3835264905822098
17 22 1.4507455115295174
17 23 1.2168153381212277
17 24 1.2902250731098523
17 25 1.2493007319474727
17 26 1.2596334712749775
17 27 1.3868259480173684
17 28 1.0809282226282555
17 29 1.3125130961020988
17 30 1.2560213199201467
17 31 1.3270855819095941
17 32 1.3564118957904527
17 33 1.2362249696994252
17 34 1.4027624107763241
17 35 1.3930551902738062
17 36 1.1852919351803508
17 37 1.3518325019232205
17 38 1.4006904691793007
17 39 1.3414456097017617
17 40 1.3067200925977298
17 41 1.2594326040101462
17 42 1.2053674576689057
17 43 1.303944832883564
17 44 1.35536556686175
17 45 1.1525741110917658
17 46 1.2712755118611787
17 47 1.3617910752470426
17 48 1.2636692615649259
17 49 1.403611583140091
17 50 1.3496509347373553
17 51 1.3059829975544763
17 52 1.4176630933142942
17 53 1.3322376021216258
17 54 1.3787658123324402
17 55 1.3906773884899783
17 56 1.289854659586092
17 57 1.3678996229102314
17 58 1.2707858738071027
17 59 1.2050082540642373
17 60 1.3291872297900058
17 61 1.234623113404202
17 62 1.2865450537513188
17 63 1.2010325962252673
17 64 1.4621775926737162
17 65 1.259944429267718
17 66 1.4707973290440188
17 67 1.3219292276416603
17 68 1.3681632341806105
17 69 1.2884517077079665
17 70 1.4238743394238236
17 71 1.2872090249552692
17 72 1.2563422902497372
17 73 1.3000479394336977
17 74 1.386998514613443
18 19 1.215315811891322
18 20 1.3892259824330704
18 21 1.3997788112380647
18 22 1.3021712787805135
18 23 1.382890858887
18 24 1.2162095665716404
18 25 1.4200332747124658
18 26 1.2150853666627273
18 27 1.2631338345032486
18 28 1.2385548994724294
18 29 1.3352426600359482
18 30 1.2971928739947154
18 31 1.4331419551032356
18 32 1.272863981631932
18 33 1.2913553539426845
18 34 1.249071970827709
18 35 1.2366071496608186
18 36 1.2763575193833565
18 37 1.1056824583232037
18 38 1.3793524864806082
18 39 1.2908873272367007
18 40 1.2105929139936231
18 41 1.1749459603705676
18 42 1.25379616395145
18 43 1.296410087699045
18 44 1.2507155990472372
18 45 1.2716178962891322
18 46 1.3501928559040361
18 47 1.3101751719612422
18 48 1.3912235020775297
18 49 1.3315669095871034
18 50 1.3875620256351309
18 51 1.3118144145358972
18 52 1.2521895970452475
18 53 1.1864957052079468
18 54 1.250420524886225
18 55 1.1886672461818286
18 56 1.3663885253483832
18 57 1.4214476750488771
18 58 1.2553950017760789
18 59 1.3518425664390508
18 60 1.3467701441056057
18 61 1.4502760653934095
18 62 1.243959251841137
18 63 1.3291063889656896
18 64 1.2568563656376828
18 65 1.2686647244803155
18 66 1.4012325917099762
18 67 1.2920035237410334
18 68 1.241422475725042
18 69 1.3468110827231843
18 70 1.4000078807535945
18 71 1.2093693505373682
18 72 1.3399012224520936
18 73 1.3729365917945853
18 74 1.3945081196164675
19 20 1.2120011253223821
19 21 1.4888641420196302
19 22 1.4253061970415115
19 23 1.3469922651352007
19 24 1.0781599027010824
19 25 1.4291899290281163
19 26 1.0279284392175676
19 27 1.483631338124564
19 28 1.1962045593771904
19 29 1.3116474891365821
19 30 1.062643489411296
19 31 1.4978379808718998
19 32 1.3836625112209042
19 33 1.1143559764735966
19 34 1.239239491779502
19 35 1.1366311936576972
19 36 1.0361172535535972
19 37 0.9326242175523769
19 38 1.42740199724734
19 39 1.2031714352386385
19 40 1.0743285294191276
19 41 0.9738523795054888
19 42 1.02968617885568
19 43 1.3223646171479928
19 44 1.336402337788742
19 45 1.0210930100526807
19 46 1.3152574086302344
19 47 1.2545100724986398
19 48 1.418945522578261
19 49 1.224728845653246
19 50 1.2537846458183228
19 51 1.3007822438491539
19 52 1.1892781714656029
19 53 1.3027458578924827
19 54 1.2770911588479805
19 55 1.343911985261016
19 56 1.262463584815794
19 57 1.5305154392274598
19 58 1.1956676195759406
19 59 1.322092130346791
19 60 1.3438948568355764
19 61 1.2739792747434475
19 62 0.9480407069433234
19 63 1.0572155688667553
19 64 1.1575774664043421
19 65 1.19457102315067
19 66 1.3850835834366644
19 67 1.2134240944751935
19 68 1.111402714987028
19 69 1.3099818646290977
19 70 1.4314610144820186
19 71 1.2489767968505117
19 72 1.175601780403966
19 73 1.0855175532713006
19 74 1.234147818801829
20 21 1.4669606016924046
20 22 1.3671240147720352
20 23 1.3800127486646594
20 24 1.1754228333281114
20 25 1.4316305716867983
20 26 1.2771559602979305
20 27 1.3757468192993785
20 28 1.3640898481425443
20 29 1.5338292819340404
20 30 1.171851482028058
20 31 1.4039708127093153
20 32 1.4412393043956477
20 33 1.2601924344594027
20 34 1.2500144841623868
20 35 1.3660382911506652
20 36 1.1665366125641885
20 37 1.111664563218812
20 38 1.3378703694220846
20 39 1.3724291234957389
20 40 1.2085037303414674
20 41 1.1532589115965466
20 42 1.2304290020743474
20 43 1.3744459502998794
20 44 1.3981965837666384
20 45 1.1532357069768935
20 46 1.4042147393835644
20 47 1.3321028181960075
20 48 1.420351478008978
20 49 0.802377760884758
20 50 0.7522215805280302
20 51 1.4328297161750954
20 52 0.7669441439797272
20 53 1.3210633681740966
20 54 1.282968961902559
20 55 1.344112590445819
20 56 1.3587865035197455
20 57 1.4300971802316553
20 58 1.298368248342758
20 59 1.464190474095118
20 60 1.4499990379535088
20 61 1.4511061255522006
20 62 1.2242835590050387
20 63 1.1862638847335254
20 64 1.159924187642291
20 65 1.356822708468663
20 66 1.2912607162022396
20 67 1.3323806449382962
20 68 1.286302426811021
20 69 1.3816019096686578
20 70 1.4403565899468618
20 71 1.3477597966880512
20 72 1.40255957825488
20 73 1.3625338088520145
20 74 1.365689906554417
21 22 1.1873388389096313
21 23 1.4497013175844253
21 24 1.4211470199921152
21 25 1.4591937455785178
21 26 1.4379037446042338
21 27 0.9892405847304427
21 28 1.4704408722631728
21 29 1.405053180282433
21 30 1.6627234114773528
21 31 0.7318828231172301
21 32 1.42183779150923
21 33 1.5595197937207215
21 34 1.4031310848291212
21 35 1.4215866638190124
21 36 1.6681523942975431
21 37 1.4804611949426663
21 38 0.8917393015239469
21 39 1.4304106241013983
21 40 1.5890234186423313
21 41 1.4317061362417183
21 42 1.564276955114887
21 43 1.3919159830643593
21 44 1.5240277725428963
21 45 1.5744917251125754
21 46 1.3340045170735282
21 47 1.3556208719543672
21 48 1.3319006435742444
21 49 1.4072748046919439
21 50 1.5020205822216088
21 51 1.4516171450695952
21 52 1.4389971617400361
21 53 1.4820857315061806
21 54 1.3192844145580787
21 55 1.2563614926775115
21 56 1.345648785459227
21 57 0.5464936505685993
21 58 1.3219959191866633
21 59 1.4978786189784505
21 60 1.3730660062672173
21 61 1.3273493779830567
21 62 1.48443458044501
21 63 1.5934416177485318
21 64 1.5342335840644534
21 65 1.4272465185377146
21 66 1.2848430160049655
21 67 1.2950413836328254
21 68 1.3616076546754194
21 69 1.441509137788706
21 70 1.3503898508936611
21 71 1.4927376522221965
21 72 1.363500211523044
21 73 1.4512602568405129
21 74 1.4861538837359378
22 23 1.4474856463370571
22 24 1.293828766933588
22 25 1.398614208499078
22 26 1.3832180567345187
22 27 1.1787668038330996
22 28 1.4599568306428894
22 29 1.4257090306026516
22 30 1.563651985766355
22 31 1.2310177567106462
22 32 1.3943358358676126
22 33 1.5071566308716746
22 34 1.2980806053616212
22 35 1.4319282365438122
22 36 1.5419726912199025
22 37 1.374504466345496
22 38 1.240061473627449
22 39 1.3938070034339303
22 40 1.4333076834792549
22 41 1.3377887850137764
22 42 1.4418058566532335
22 43 1.496046154601736
22 44 1.546118165349273
22 45 1.5028609777030733
22 46 1.335923368100458
22 47 1.3516227789399684
22 48 1.5240477416734841
22 49 1.3545565478475325
22 50 1.4354904449846657
22 51 1.4833479262291478
22 52 1.4118994977133072
22 53 1.41287800307439
22 54 1.442582282067777
22 55 1.1969251816283724
22 56 1.3471394298726982
22 57 1.1733290946628339
22 58 1.3680780519066764
22 59 1.423682075287371
22 60 1.4308147360660892
22 61 1.4228492172362768
22 62 1.4181984467147233
22 63 1.54138706475387
22 64 1.394707815778434
22 65 1.4434445761701455
22 66 1.137853553374696
22 67 1.3208316054972928
22 68 1.3124909923702746
22 69 1.4504474865903
22 70 1.5202265531563008
22 71 1.3769143689972527
22 72 1.3513334793278253
22 73 1.4019778382867925
22 74 1.3400379097239652
23 24 1.3197887531245682
23 25 1.40929918362519
23 26 1.2757281583038216
23 27 1.4393619943315314
23 28 1.2462038771840163
23 29 1.2989970706119307
23 30 1.28950366519925
23 31 1.4140416656741392
23 32 1.3535286559761555
23 33 1.2821973399057671
23 34 1.3158850678229013
23 35 1.3489874865604423
23 36 1.2021793757574355
23 37 1.4113583920846735
23 38 1.4841438683369865
23 39 1.2911272294898692
23 40 1.2752348673082963
23 41 1.2678591826844858
23 42 1.2438214624348125
23 43 1.245751070838899
23 44 1.2313217391569435
23 45 1.32152043886589
23 46 1.0184134297831953
23 47 1.2054952603259566
23 48 1.1464863735958597
23 49 1.3920834307971148
23 50 1.342792335490051
23 51 0.9933185836584847
23 52 1.4028037886811044
23 53 1.2974041736345707
23 54 1.4464390851994138
23 55 1.423812047272827
23 56 1.1194143505141445
23 57 1.433101198379681
23 58 1.2641742666586588
23 59 1.1341326363475797
23 60 1.4353555705001078
23 61 1.2932315039993816
23 62 1.2547634952059965
23 63 1.24376194532424
23 64 1.3192147286570703
23 65 1.2988388240821005
23 66 1.4109401350686657
23 67 1.2430937115444178
23 68 1.3344855122523518
23 69 1.142342308942405
23 70 1.425059993894897
23 71 0.9658468963495923
23 72 1.255909010397996
23 73 1.3325355734016981
23 74 1.4406346911858108
24 25 1.380634712737272
24 26 1.1487647409224537
24 27 1.3971985230001511
24 28 1.1812552567050612
24 29 1.427091953373949
24 30 1.0559502790104238
24 31 1.381598488995111
24 32 1.381741512510611
24 33 1.2255548995087608
24 34 1.1941070019568305
24 35 1.327496561669499
24 36 1.1063375872028236
24 37 1.1335447792860072
24 38 1.343548386970162
24 39 1.3205844608307857
24 40 1.0868435302838748
24 41 1.1035749631014227
24 42 1.1651891767313
24 43 1.2402595502988478
24 44 1.3487961678802802
24 45 1.0452057162766932
24 46 1.30071131654712
24 47 1.1844647550534084
24 48 1.3530191666544895
24 49 1.2025135467622565
24 50 1.204440135333956
24 51 1.2477277472864894
24 52 1.190364129070506
24 53 1.2494234573228944
24 54 1.29905553555628
24 55 1.3963570262245728
24 56 1.154816316168535
24 57 1.3854821901048984
24 58 1.1427886907830536
24 59 1.262067381037147
24 60 1.415611127047384
24 61 1.3509679792891138
24 62 1.1570108749719905
24 63 1.0676666524732135
24 64 1.1421137139494035
24 65 1.163551893867926
24 66 1.351617764628071
24 67 1.169819292233994
24 68 1.1042400242433448
24 69 1.2918138430922617
24 70 1.386439058150713
24 71 1.2113136977890806
24 72 1.1924240530913253
24 73 1.2509579845566483
24 74 1.3815037371835113
25 26 1.3053712292303323
25 27 1.3992385055254968
25 28 1.3185198637811564
25 29 1.3919716003732006
25 30 1.3619745087921873
25 31 1.389711818765716
25 32 1.409884506057041
25 33 1.3975710951482827
25 34 1.473690582644945
25 35 1.4263026190317245
25 36 1.36494034778154
25 37 1.3849762147017028
25 38 1.3596141240772548
25 39 1.3749742741070687
25 40 1.3849382566952875
25 41 1.3653976598091522
25 42 1.311110968542158
25 43 1.3912003098092234
25 44 1.457044638982721
25 45 1.3301278023858776
25 46 1.3749652997577828
25 47 1.4025699907080882
25 48 1.37478684710776
25 49 1.3883904862434657
25 50 1.4087879793394558
25 51 1.3593156469000116
25 52 1.4176293854798534
25 53 1.2986406382708593
25 54 1.3957641627394646
25 55 1.4580799211323205
25 56 1.3816887604298949
25 57 1.4248337770361843
25 58 1.3714128361527624
25 59 1.2906614917911994
25 60 1.3030754017173671
25 61 1.2082862423236134
25 62 1.362926242073728
25 63 1.3513032182556706
25 64 1.4690895472692744
25 65 1.3362793924663288
25 66 1.4890456984914275
25 67 1.3678853292637172
25 68 1.355114604432368
25 69 1.3848684798705566
25 70 1.3877545863792657
25 71 1.3734225674322202
25 72 1.4406058716047783
25 73 1.2680960739320535
25 74 1.1243765232821745
26 27 1.4028901834718064
26 28 1.1934473107153776
26 29 1.3644329373594317
26 30 1.1410087955234849
26 31 1.4367557427678437
26 32 1.2887128282701215
26 33 1.1532308683528256
26 34 1.2562239860855322
26 35 1.2418339427173581
26 36 1.1480194083910624
26 37 1.0883364901180752
26 38 1.423936374532719
26 39 1.1097823543870735
26 40 1.0996358833450868
26 41 0.9980498711653855
26 42 1.1229842374660406
26 43 1.2096664703382725
26 44 1.2650524022967995
26 45 1.0953505371873753
26 46 1.282622464089424
26 47 1.302040886873948
26 48 1.2424853144156265
26 49 1.3186336832102858
26 50 1.2977699849172963
26 51 1.2055119135497976
26 52 1.2549238496701505
26 53 1.1668010184869362
26 54 1.289611020800732
26 55 1.2138964071155778
26 56 1.1691510868478985
26 57 1.4006805393218102
26 58 1.1908281405973937
26 59 1.1362013750628874
26 60 1.2089327990678131
26 61 1.268646727020467
26 62 0.9701981044195541
26 63 1.0577580100916637
26 64 1.2544643000582476
26 65 1.2252766953505354
26 66 1.3140813530935604
26 67 1.2094046783862014
26 68 1.1258192075469182
26 69 1.1342669916600419
26 70 1.4460890416272147
26 71 1.2239791937609223
26 72 1.1633575806750658
26 73 1.017664390985208
26 74 1.1177036437993617
27 28 1.4108703439683443
27 29 1.4468224999909438
27 30 1.5862956375764548
27 31 1.1158755044185025
27 32 1.3980727137068156
27 33 1.490961761946088
27 34 1.2865439959066403
27 35 1.3934664801508643
27 36 1.566981166739407
27 37 1.389545570799766
27 38 1.1112028232650484
27 39 1.3712873158896512
27 40 1.5143782440848836
27 41 1.3067212940036075
27 42 1.424561316025695
27 43 1.418812809472242
27 44 1.3979225912001434
27 45 1.5267523567563532
27 46 1.3499453454842063
27 47 1.3284598839777335
27 48 1.3645251314711588
27 49 1.3795869549164412
27 50 1.4581565819898687
27 51 1.4008518921398714
27 52 1.3520563336280285
27 53 1.4030411185134364
27 54 1.273072314215557
27 55 1.1577802410792837
27 56 1.4311342647998677
27 57 0.9808624148204683
27 58 1.3097684171251354
27 59 1.5477270041173867
27 60 1.3841189603374873
27 61 1.3970946940834437
27 62 1.4634059230686178
27 63 1.554948612256441
27 64 1.4084266661281153
27 65 1.4291855094641226
27 66 1.2443870573274107
27 67 1.2759203012052367
27 68 1.2449571092074039
27 69 1.3770665232961115
27 70 1.4436528906507768
27 71 1.365535252559591
27 72 1.3200602191708468
27 73 1.4304018581138709
27 74 1.4936319413629966
28 29 1.2759492906609116
28 30 1.1809616017159124
28 31 1.4123214745687331
28 32 1.2585924837268745
28 33 1.1141510095400682
28 34 1.314075057661055
28 35 1.1847196148563266
28 36 1.1256322751475896
28 37 1.1540733401179932
28 38 1.4495515754597084
28 39 1.1723767029734629
28 40 1.158931147285208
28 41 1.125884627772135
28 42 1.0242274841884247
28 43 1.2850673220310453
28 44 1.2491313444604337
28 45 1.1402341292485136
28 46 1.2610953597993153
28 47 1.2934053532493806
28 48 1.1907193611312925
28 49 1.3948021593487112
28 50 1.3099360763426227
28 51 1.272114384041062
28 52 1.3158906597794562
28 53 1.302341540887066
28 54 1.2652084924038642
28 55 1.3613896642991277
28 56 1.1932529693018785
28 57 1.465532611768018
28 58 1.2511179734990943
28 59 1.190154068832209
28 60 1.276493201155596
28 61 1.2835997983972647
28 62 1.2578275211873924
28 63 1.124190660436906
28 64 1.279752515428177
28 65 1.0883561123698546
28 66 1.3839658309901768
28 67 1.2354077297840456
28 68 1.1293585815786946
28 69 1.2923059668205392
28 70 1.3818731418287882
28 71 1.1829654755550243
28 72 1.3290611276769837
28 73 1.1767611645558118
28 74 1.3096645890904342
29 30 1.376842649344265
29 31 1.366558817442478
29 32 1.387783256008618
29 33 1.2895363945655218
29 34 1.4249920497176263
29 35 1.3098063226627856
29 36 1.3359847280713708
29 37 1.4031604971963443
29 38 1.3716625677089322
29 39 1.4097627594685576
29 40 1.3444660614159207
29 41 1.3696422537655264
29 42 1.2493311649649927
29 43 1.3342719321538659
29 44 1.3048002075892897
29 45 1.376718092087186
29 46 1.3217485963508906
29 47 1.3471711010678702
29 48 1.3062680998866725
29 49 1.4825084688958763
29 50 1.5301145476064153
29 51 1.421619011213523
29 52 1.4248398024777587
29 53 1.3510329740632372
29 54 1.3392149912220537
29 55 1.3866392545501256
29 56 1.3311005982970663
29 57 1.4348295383794079
29 58 1.2653629315813983
29 59 1.2878624253594921
29 60 1.3114583856309021
29 61 1.2880505501132997
29 62 1.3507480313866003
29 63 1.406854211939495
29 64 1.424223502059652
29 65 1.2479917866660366
29 66 1.3765050750101229
29 67 1.3662069674437272
29 68 1.3756072436288085
29 69 1.344074986526711
29 70 1.361731328683479
29 71 1.3181303838760556
29 72 1.326967794489517
29 73 1.213076572372612
29 74 1.276145955333329
30 31 1.558915365201242
30 32 1.3585289408929537
30 33 0.8659791181095537
30 34 1.3275549475374795
30 35 1.2696195562595012
30 36 0.5253845685625678
30 37 1.1112331921729126
30 38 1.5141469737033184
30 39 1.2354016881010006
30 40 0.8138901124808707
30 41 0.9658816481211253
30 42 0.975063019672911
30 43 1.1914626709640013
30 44 1.291293344069439
30 45 0.5796288434507362
30 46 1.3923057348336596
30 47 1.3283944130849483
30 48 1.2898113880298483
30 49 1.2919815613572339
30 50 1.107793957291843
30 51 1.3344669587933826
30 52 1.0696606377515816
30 53 1.137338760345722
30 54 1.249888006943698
30 55 1.3714728874641342
30 56 1.1688470043276633
30 57 1.6398068461957853
30 58 1.1668590113864743
30 59 1.21781595359679
30 60 1.3728091833620886
30 61 1.3516857565191616
30 62 1.1149520297011584
30 63 0.6606368533001646
30 64 1.2364854802717686
30 65 1.1033004170113299
30 66 1.5300983665590686
30 67 1.1737260748870408
30 68 1.152580359218616
30 69 1.234863936187022
30 70 1.3013962031384332
30 71 1.2631526528981636
30 72 1.2055380577546424
30 73 1.088872163245922
30 74 1.2914083775990093
31 32 1.558480401753221
31 33 1.5290768729428552
31 34 1.3931074398685845
31 35 1.430911322876975
31 36 1.5957793325499903
31 37 1.4929899447504973
31 38 0.9348129389436509
31 39 1.6208079802618438
31 40 1.5358710830363167
31 41 1.4106679445942651
31 42 1.4844221327451044
31 43 1.4351946000147644
31 44 1.5752986943409801
31 45 1.5202730164437563
31 46 1.3728077218492494
31 47 1.395422355970814
31 48 1.3482424720189001
31 49 1.3276564822796495
31 50 1.4035918158214606
31 51 1.4715718056566203
31 52 1.3749591204984761
31 53 1.4950757568686965
31 54 1.4146863115386512
31 55 1.2743860715603375
31 56 1.3453824955074882
31 57 0.7477383095597617
31 58 1.2596490734117705
31 59 1.4479750125767619
31 60 1.2311137093817985
31 61 1.2939570261385012
31 62 1.4449346619434265
31 63 1.5542418642016549
31 64 1.4825049019200693
31 65 1.3403538776662216
31 66 1.2673010709143306
31 67 1.2917518666697445
31 68 1.3405855701047815
31 69 1.404102485725442
31 70 1.39822715861085
31 71 1.4472953720072763
31 72 1.366498026816321
31 73 1.430806827399968
31 74 1.4316439602928557
32 33 1.2865845255689516
32 34 1.4052959203945479
32 35 1.4535854134595922
32 36 1.3112069211438027
32 37 1.329927113563576
32 38 1.4823197067150997
32 39 1.1078245443508903
32 40 1.3833047741741091
32 41 1.3398658132428687
32 42 1.3458171263571335
32 43 1.3058216337910522
32 44 1.0466705158036234
32 45 1.3552412261836384
32 46 1.2863971611580949
32 47 1.3720372154548368
32 48 1.5053878637280727
32 49 1.523687895725035
32 50 1.4377098007007465
32 51 1.3546207582399372
32 52 1.4399625077819584
32 53 1.3404038050674512
32 54 1.0474345657153799
32 55 1.2952166949812747
32 56 1.2711710139118895
32 57 1.4420663384089292
32 58 1.3697206784939093
32 59 1.3178526675899442
32 60 1.3496282289352282
32 61 1.415375523963111
32 62 1.4104691479353617
32 63 1.369587893100488
32 64 1.336508822147813
32 65 1.3858127422739557
32 66 1.4904801904595188
32 67 1.3413177847612308
32 68 1.3153712686891457
32 69 1.4107073689851772
32 70 1.083825218946875
32 71 1.3501783691374307
32 72 1.3336440635767033
32 73 1.4402485617215788
32 74 1.3474396053103692
33 34 1.3045990646537053
33 35 1.1792233658528386
33 36 0.8447436240952765
33 37 1.045228651982403
33 38 1.4860689973430177
33 39 1.2143562524200453
33 40 0.9391035181782857
33 41 0.9823829398684725
33 42 0.864845985234473
33 43 1.3151318582150142
33 44 1.2264734170258733
33 45 0.8867115403278523
33 46 1.1898255178942798
33 47 1.4904406406178763
33 48 1.2455395436686147
33 49 1.3586802247996286
33 50 1.2924717633721658
33 51 1.3410051898515283
33 52 1.178990171269454
33 53 1.2321479315798796
33 54 1.2737416034333395
33 55 1.3762398437130716
33 56 1.1694080223744725
33 57 1.5181930062142497
33 58 1.108597229550864
33 59 1.2737851230876736
33 60 1.3508475478859443
33 61 1.3502006701162494
33 62 1.1674643085504832
33 63 0.8623023982912918
33 64 1.1646811235112602
33 65 1.10754830445493
33 66 1.4776505152735702
33 67 1.1389348545618423
33 68 1.1886601647409663
33 69 1.2770086901175974
33 70 1.3538629742701223
33 71 1.266431048064556
33 72 1.2343525341486863
33 73 1.1248747443300853
33 74 1.2404502522163645
34 35 1.3055380495045341
34 36 1.2727910685187083
34 37 1.0676810167636868
34 38 1.3359778831339606
34 39 1.2504945200272146
34 40 1.3126946302616345
34 41 1.1179577931190106
34 42 1.273879598197577
34 43 1.326644770776769
34 44 1.3821030725791776
34 45 1.3257999777701017
34 46 1.2833235501388565
34 47 1.3208346837616243
34 48 1.2834491803762047
34 49 1.322455898284471
34 50 1.2987155891426485
34 51 1.2502534092398263
34 52 1.2595459352751
34 53 1.295047528114092
34 54 1.3646877822503773
34 55 1.280507738695802
34 56 1.3488629773401486
34 57 1.3695705158196954
34 58 1.2396404551417703
34 59 1.3010647105156274
34 60 1.3531077231782642
34 61 1.3237894098944554
34 62 1.2195012463768349
34 63 1.308264348833174
34 64 1.1681062297081335
34 65 1.4261782587319414
34 66 1.3952918158372054
34 67 1.2614015979271596
34 68 1.2471571743941428
34 69 1.421972427489862
34 70 1.4487865814161383
34 71 1.2778125108798188
34 72 1.286353582497804
34 73 1.2839797044562264
34 74 1.4082850297966814
35 36 1.281987152223581
35 37 1.1328565604687622
35 38 1.4447498287463947
35 39 1.3718307315120366
35 40 1.2368710829917915
35 41 1.204828705140443
35 42 1.202078593745688
35 43 1.2880178974121592
35 44 1.3583324519919366
35 45 1.2534553075363177
35 46 1.306920837458812
35 47 1.3520030547292483
35 48 1.2325695432764432
35 49 1.3383179586557858
35 50 1.3827195388536462
35 51 1.19283662461236
35 52 1.3310874787246012
35 53 1.2486055064051063
35 54 1.4245742571426119
35 55 1.3331381066626253
35 56 1.3546083859936957
35 57 1.374471807449682
35 58 1.2951707295231234
35 59 1.3179813152502764
35 60 1.3686793256996144
35 61 1.2568297223584568
35 62 1.2937993438155457
35 63 1.2684658013741588
35 64 1.311150420166621
35 65 1.1757217021811803
35 66 1.4318851616801074
35 67 1.3083354139588361
35 68 1.1296477510798617
35 69 1.3558576231584567
35 70 1.4550027786369055
35 71 1.260639754873642
35 72 1.33049216176292
35 73 1.1987749862875314
35 74 1.3249004147737808
36 37 1.0613627020989647
36 38 1.5576998341089672
36 39 1.1954811211867267
36 40 0.8175003222816346
36 41 0.9309764311244708
36 42 0.9161703566795173
36 43 1.2029106375202219
36 44 1.243471160151535
36 45 0.6440325201066441
36 46 1.3038728525489784
36 47 1.273252699548254
36 48 1.2670876862379248
36 49 1.2812905795098266
36 50 1.159080641415385
36 51 1.2913977959159797
36 52 1.1011873570938329
36 53 1.1296655793730235
36 54 1.2139652464266941
36 55 1.3952754642812641
36 56 1.1806320313045664
36 57 1.6502723659888525
36 58 1.1554970479229751
36 59 1.2439312599408388
36 60 1.4192296208401156
36 61 1.323639665854797
36 62 1.0681943302404546
36 63 0.6105998882662963
36 64 1.2019604905248158
36 65 1.183904941047942
36 66 1.5192643775054882
36 67 1.1237372081618455
36 68 1.212499482413843
36 69 1.2445168439736407
36 70 1.3410057281813326
36 71 1.2126721526322977
36 72 1.1985825094134914
36 73 1.1362665769270388
36 74 1.2850954929524572
37 38 1.4016140673644748
37 39 1.1014227906567011
37 40 1.0829343155634739
37 41 0.8193581773397102
37 42 1.0476439837398075
37 43 1.2510236144368372
37 44 1.303927954644748
37 45 1.0519401545312383
37 46 1.261803894147996
37 47 1.2582407516202205
37 48 1.2869003065298568
37 49 1.2100612416615146
37 50 1.1442133376767072
37 51 1.2337983063496314
37 52 1.0664839181329668
37 53 1.2527259345768398
37 54 1.2971518465238734
37 55 1.2842446639568421
37 56 1.214954348362246
37 57 1.472610847929476
37 58 1.2357723355639263
37 59 1.335679931369746
37 60 1.284277284071587
37 61 1.3529958695350497
37 62 1.0562271796439289
37 63 1.0523619536964053
37 64 0.938209699329865
37 65 1.1826819288647588
37 66 1.4079428480051865
37 67 1.2373005977436047
37 68 1.0995522684642016
37 69 1.3403415843117903
37 70 1.3607530439854125
37 71 1.202566570821759
37 72 1.2643949521963411
37 73 1.1922013305694876
37 74 1.3084165036966673
38 39 1.4416644118462125
38 40 1.5051344867362424
38 41 1.3614872945211862
38 42 1.4509956932894073
38 43 1.4950558498614765
38 44 1.5464254330863219
38 45 1.465140651279049
38 46 1.396720667357059
38 47 1.3490584160347916
38 48 1.3607199783807848
38 49 1.3469848971413758
38 50 1.4127383467571122
38 51 1.489302697672895
38 52 1.368823045250073
38 53 1.4295663293538081
38 54 1.3415836543459383
38 55 1.3496904708588866
38 56 1.3576317153384632
38 57 0.8562843044563322
38 58 1.318906724498037
38 59 1.4761294419219055
38 60 1.3548991379855861
38 61 1.332735329893665
38 62 1.4125194251181805
38 63 1.5134429211319294
38 64 1.448933332753464
38 65 1.3773432899044105
38 66 1.2438107211441438
38 67 1.3250604360384293
38 68 1.378171466041147
38 69 1.450742992875049
38 70 1.318719346852369
38 71 1.4700371853847358
38 72 1.382129923512486
38 73 1.3760785191190334
38 74 1.4377150823339404
39 40 1.2530663725580986
39 41 1.118490501076517
39 42 1.1761900174613518
39 43 1.3279189787617116
39 44 1.2939633207158245
39 45 1.2053939670452696
39 46 1.3441970392548803
39 47 1.4043165423879633
39 48 1.2862691113017266
39 49 1.492260018285454
39 50 1.371841038926189
39 51 1.303743501163155
39 52 1.316672342485345
39 53 1.339909833836555
39 54 1.2199023590576468
39 55 1.3071779133994228
39 56 1.2454397340297907
39 57 1.486016348860399
39 58 1.363392375956824
39 59 1.269099345572404
39 60 1.410256077952157
39 61 1.3511389009548531
39 62 1.253812501167362
39 63 1.161165837837831
39 64 1.1884700949747935
39 65 1.3646378636882421
39 66 1.4131068113760932
39 67 1.2936803703239885
39 68 1.270844700891535
39 69 1.3617506357107145
39 70 1.337362191149245
39 71 1.2588957117951214
39 72 1.2767602582498483
39 73 1.2881305734367228
39 74 1.3763425753857645
40 41 0.9890852680490234
40 42 0.9679437047916706
40 43 1.1340529495607805
40 44 1.2558554333619396
40 45 0.7801539053163122
40 46 1.2907876534508498
40 47 1.1635822207771087
40 48 1.2974959264627117
40 49 1.2745381744758928
40 50 1.2322579150849629
40 51 1.2082455205147944
40 52 1.1476830313044537
40 53 1.0557076758331065
40 54 1.3317628405615065
40 55 1.3028573289895018
40 56 1.2042614410746764
40 57 1.5635334367709255
40 58 1.1446020004677548
40 59 1.2368017230090804
40 60 1.3611683318623717
40 61 1.3359535285630877
40 62 1.018786178641624
40 63 0.7185953891231744
40 64 1.2571888520503058
40 65 1.1186701167886526
40 66 1.3883533190946382
40 67 1.176121741514989
40 68 1.2329473209652952
40 69 1.2988307016984293
40 70 1.4227476938022532
40 71 1.225205881484487
40 72 1.2238448069535162
40 73 1.0770810902256827
40 74 1.258068431145888
41 42 1.0170035161048154
41 43 1.1486034202117046
41 44 1.3657778630286947
41 45 0.9396050104589868
41 46 1.2131954197339887
41 47 1.1955452217374534
41 48 1.2207487917433444
41 49 1.1635201184568547
41 50 1.105265409780389
41 51 1.254515305568927
41 52 1.0433673292003585
41 53 1.126907925579836
41 54 1.2799509343798476
41 55 1.2835048077785463
41 56 1.1261165629634722
41 57 1.4222207242170184
41 58 1.1533649132046517
41 59 1.2370226649689593
41 60 1.2300778042040024
41 61 1.305419673282067
41 62 0.9890651454131025
41 63 0.9385989905752303
41 64 0.9993992701892109
41 65 1.1419111429210365
41 66 1.331087731672225
41 67 1.1531820601137301
41 68 1.03333931870654
41 69 1.3137142833499205
41 70 1.3806180475142606
41 71 1.182627750472407
41 72 1.2254190317631297
41 73 0.9720935750889569
41 74 1.2723759634316865
42 43 1.278155790579857
42 44 1.2533797546124275
42 45 1.0474254978140112
42 46 1.2531826082620448
42 47 1.314817495420079
42 48 1.2272772897930686
42 49 1.3120041327027185
42 50 1.2858770807895008
42 51 1.2899012439986746
42 52 1.1319738834117774
42 53 1.2084683617222907
42 54 1.2215672031563436
42 55 1.3720367945657568
42 56 1.262718594975951
42 57 1.536885446825523
42 58 1.1437605498966297
42 59 1.2118695123496785
42 60 1.2601131360405435
42 61 1.2906627084206082
42 62 1.0587923446498773
42 63 0.9418619296264097
42 64 1.2621683116946392
42 65 1.1027852922193222
42 66 1.3960395156745007
42 67 1.1682269238273237
42 68 1.0617902720110008
42 69 1.2077266482090614
42 70 1.3817038974500337
42 71 1.1848084532081296
42 72 1.276153870130755
42 73 1.0639221047300351
42 74 1.1811902997271921
43 44 1.2728163763034304
43 45 1.1623305836719096
43 46 1.2717769506100418
43 47 1.1823882181693997
43 48 1.291886213910149
43 49 1.314355354886457
43 50 1.3070797235592584
43 51 1.1807033999548557
43 52 1.3571263494912196
43 53 0.8373774854809406
43 54 1.3265720848721707
43 55 1.3720283837948755
43 56 1.1573057613976891
43 57 1.3665945549852243
43 58 1.301334878104775
43 59 1.1948679290215856
43 60 1.3121720151301057
43 61 1.2805228266931834
43 62 1.1184135117927803
43 63 1.1304208930088502
43 64 1.353659144874552
43 65 1.1851661308924597
43 66 1.476119734559721
43 67 1.323048041901628
43 68 1.303263779149077
43 69 1.2643727737174433
43 70 1.3427085993353656
43 71 1.264461217091823
43 72 1.331107517678372
43 73 1.1963831272364966
43 74 1.3635218591011904
44 45 1.2694212229653898
44 46 1.3137136257561504
44 47 1.269946749921758
44 48 1.313623727322101
44 49 1.4574154158300838
44 50 1.4164240672178419
44 51 1.2099830232415103
44 52 1.4039646717889578
44 53 1.2644397926355941
44 54 1.0773103801603483
44 55 1.3786633913209043
44 56 1.1522142597976897
44 57 1.5402371302790714
44 58 1.3072396331979093
44 59 1.1443041278062915
44 60 1.4012955922036343
44 61 1.474473705107614
44 62 1.3536180358642576
44 63 1.2434089587468857
44 64 1.3563118880675495
44 65 1.423744173669189
44 66 1.4786279662960213
44 67 1.3662716702083084
44 68 1.2730502000058668
44 69 1.3007873267256131
44 70 1.124360106913682
44 71 1.1820833214640765
44 72 1.2644820415069773
44 73 1.3872839328084445
44 74 1.3613228814128913
45 46 1.340067056324513
45 47 1.2861755094937493
45 48 1.314306943843728
45 49 1.206340675695532
45 50 1.1046766750737307
45 51 1.3587184346901948
45 52 1.061264618420762
45 53 1.1590226814366182
45 54 1.2580693754105594
45 55 1.345954288147748
45 56 1.1991096804313208
45 57 1.5638608148413382
45 58 1.133847705675567
45 59 1.2340941967849404
45 60 1.3430977398278514
45 61 1.3028405552217304
45 62 1.0684002825239607
45 63 0.6322879072601864
45 64 1.2638384813698922
45 65 1.159098150816307
45 66 1.4736129275890202
45 67 1.1447997266819323
45 68 1.1901291820529263
45 69 1.3122177828246786
45 70 1.3635061531881087
45 71 1.2510335505147905
45 72 1.2406732666576765
45 73 1.0501916582075466
45 74 1.265816750391696
46 47 1.2355679734798435
46 48 1.1683827683606196
46 49 1.4351190423392262
46 50 1.4494279982838898
46 51 1.1097585572407513
46 52 1.391749303978516
46 53 1.2303975082382088
46 54 1.3458569071048438
46 55 1.3659897590374221
46 56 1.2007730617947754
46 57 1.3164897863751854
46 58 1.3045740785147444
46 59 1.2401883454788056
46 60 1.3785992048025881
46 61 1.3035535615185618
46 62 1.182579888596965
46 63 1.2937470889977263
46 64 1.3438855077783702
46 65 1.2772621173927081
46 66 1.4005796542726057
46 67 1.2430907906288937
46 68 1.2549300280834008
46 69 1.3394759650332602
46 70 1.3614932502825838
46 71 1.1646240063723967
46 72 1.2081328255523498
46 73 1.2061657400356809
46 74 1.2764053337643273
47 48 1.2497496982281995
47 49 1.3230612346255142
47 50 1.2792699968338632
47 51 1.1545929572683638
47 52 1.2726220582825036
47 53 1.2666733738386498
47 54 1.3371979998071424
47 55 1.3542174109614034
47 56 1.2584534903730897
47 57 1.3650295786905917
47 58 1.2483500970232182
47 59 1.2803937894022903
47 60 1.3615331019440067
47 61 1.3342004086523065
47 62 1.1920617498191308
47 63 1.239005053610223
47 64 1.3327205834738423
47 65 1.3780178802968623
47 66 1.3817793864995795
47 67 1.26125799329216
47 68 1.2022753908576103
47 69 1.2710351872765033
47 70 1.3403048980442724
47 71 0.9909394471678908
47 72 1.3077725937339604
47 73 1.27478124317578
47 74 1.3862428754669207
48 49 1.385370399035477
48 50 1.3893432252953029
48 51 1.1103880849419532
48 52 1.3629927644739095
48 53 1.2724323804404076
48 54 1.4011591782490844
48 55 1.3259382607055685
48 56 1.2409362709524003
48 57 1.329949580470309
48 58 1.272092356390381
48 59 1.1714707776902988
48 60 1.3678943100100216
48 61 1.3719047347355622
48 62 1.2565528291372638
48 63 1.2019636880051658
48 64 1.347396936818546
48 65 1.2317050138233605
48 66 1.4887514661507877
48 67 1.2962272806794959
48 68 1.3302786814478447
48 69 1.2435441609650884
48 70 1.317281979297637
48 71 1.1590175975990593
48 72 1.2933158320831901
48 73 1.246392427775008
48 74 1.416137495369066
49 50 0.8917181052243414
49 51 1.415845838442405
49 52 0.9863087048292464
49 53 1.2936465711832104
49 54 1.3937696858934
49 55 1.358697873490736
49 56 1.3392565063100714
49 57 1.4040198487702318
49 58 1.2845249135386376
49 59 1.460718013014757
49 60 1.4025471652457713
49 61 1.4154389450219655
49 62 1.1496251172459
49 63 1.2507234345092877
49 64 1.1722630982028956
49 65 1.3296813983335363
49 66 1.3832253207007208
49 67 1.344429380277586
49 68 1.2980072708541823
49 69 1.3638893838829231
49 70 1.493638763518
49 71 1.3049200230796458
49 72 1.449073946982651
49 73 1.3242095445874604
49 74 1.3472452793032288
50 51 1.433823351778841
50 52 0.8820975318269364
50 53 1.3060354575311683
50 54 1.2925331674718834
50 55 1.4012992100243424
50 56 1.361897793737103
50 57 1.4746563883423414
50 58 1.3557155646773005
50 59 1.40263201672597
50 60 1.3947652164878763
50 61 1.4023448794505007
50 62 1.202950548830391
50 63 1.1558119717139306
50 64 1.2013910763329025
50 65 1.328278900598703
50 66 1.413881714624694
50 67 1.3731964840351727
50 68 1.2585856727116753
50 69 1.301550429291339
50 70 1.4484829330985811
50 71 1.2537202185289726
50 72 1.338404202321867
50 73 1.3519699405155814
50 74 1.4230656827179125
51 52 1.4494998978236782
51 53 1.2740722560870072
51 54 1.4785771929134597
51 55 1.4293481042712153
51 56 1.244983544699937
51 57 1.4232979614056425
51 58 1.3239584515222447
51 59 1.1930527588236972
51 60 1.4210734648418608
51 61 1.2614103186251369
51 62 1.2343485519528945
51 63 1.2577367357348843
51 64 1.3248650020700705
51 65 1.260974176646628
51 66 1.4757007686553794
51 67 1.2747148313813375
51 68 1.306522138227544
51 69 1.1912591328959412
51 70 1.4279532685802263
51 71 1.0716554366559001
51 72 1.2414419487545194
51 73 1.2841747591571626
51 74 1.4416292379506934
52 53 1.3203642404590714
52 54 1.2572832011311184
52 55 1.2708481271535355
52 56 1.3187429934635975
52 57 1.4223949905450866
52 58 1.252175949284885
52 59 1.4510737234354405
52 60 1.4197851167592694
52 61 1.4434267030819503
52 62 1.2132875250566957
52 63 1.1419214687617174
52 64 1.1894758191657946
52 65 1.3083306301750879
52 66 1.3674654600212688
52 67 1.318503030412079
52 68 1.1758234242462189
52 69 1.3152060429944823
52 70 1.4272289268554017
52 71 1.2579262277016343
52 72 1.3543545121885434
52 73 1.2633833357453996
52 74 1.3506103726351801
53 54 1.2198063098703362
53 55 1.3325138214565637
53 56 1.1785565155692244
53 57 1.428480384400246
53 58 1.2736231222747076
53 59 1.177924141748354
53 60 1.3177073915402286
53 61 1.3136731590904531
53 62 1.1037529669981512
53 63 1.0737459424156997
53 64 1.3547834600016702
53 65 1.236102156277872
53 66 1.3986273831928664
53 67 1.2973123734896483
53 68 1.2700921703655719
53 69 1.4276255643869509
53 70 1.3129308636891484
53 71 1.3260516642309796
53 72 1.3587608276281486
53 73 1.156284815757571
53 74 1.2264575836614802
54 55 1.3445584993472792
54 56 1.2620378615043981
54 57 1.357032221787915
54 58 1.256807508401188
54 59 1.2930217201343008
54 60 1.379134588056722
54 61 1.3436299535507163
54 62 1.3622627737327773
54 63 1.2477830067536309
54 64 1.4475769428839105
54 65 1.424326800889508
54 66 1.4069559153719655
54 67 1.2269626882164448
54 68 1.181917837076632
54 69 1.4396420294568641
54 70 1.0233440832931735
54 71 1.4498737443335061
54 72 1.2080136886597348
54 73 1.345715484343115
54 74 1.3447486952043883
55 56 1.3117815886516453
55 57 1.2776497110353469
55 58 1.257692290083683
55 59 1.3629533004323937
55 60 1.289972690729261
55 61 1.4193578111724878
55 62 1.3066820968892272
55 63 1.3808090476887172
55 64 1.298495608963605
55 65 1.3079899600574452
55 66 1.324337355892141
55 67 1.3357959426769446
55 68 1.2980423021157625
55 69 1.3745896795350765
55 70 1.4060171256179748
55 71 1.4315549177323754
55 72 1.3539554399003149
55 73 1.292875809881476
55 74 1.313049634529691
56 57 1.3085517541647975
56 58 1.1089048343219217
56 59 1.095997008738265
56 60 1.3972687325462196
56 61 1.3374062994869271
56 62 1.1405471007528665
56 63 1.1208044894094005
56 64 1.2598091655413912
56 65 1.2304483353515903
56 66 1.4041028130931055
56 67 1.2408905158536043
56 68 1.1691543512025757
56 69 1.2106600104953105
56 70 1.2468211156577986
56 71 1.2171041707027734
56 72 1.218109737269425
56 73 1.2459951746742863
56 74 1.358651126139385
57 58 1.2785958720801414
57 59 1.4445426760429092
57 60 1.3581857040985787
57 61 1.2755854626897238
57 62 1.4719852202609265
57 63 1.5662542843431586
57 64 1.5019459193218956
57 65 1.4407270438982511
57 66 1.2313131253250316
57 67 1.2678248784711064
57 68 1.3696695263339778
57 69 1.3874967720949334
57 70 1.3810413865149038
57 71 1.4504467174335616
57 72 1.3399338233393385
57 73 1.4587737290629987
57 74 1.4748820048736313
58 59 1.2858685891906596
58 60 1.3055103156832488
58 61 1.2374561036995704
58 62 1.2054962402490272
58 63 1.098845766245062
58 64 1.330876732426604
58 65 1.2443766928424174
58 66 1.310715335891213
58 67 0.7537356299457686
58 68 1.1992499343299334
58 69 1.1919086151735594
58 70 1.3391584527545806
58 71 1.2684947543537837
58 72 1.1929287102002148
58 73 1.2635330586482305
58 74 1.3681759070453352
59 60 1.2896935342670985
59 61 1.31221304502476
59 62 1.2011197307476087
59 63 1.2016039759585768
59 64 1.398121198534093
59 65 1.2562955077129743
59 66 1.4758397037141757
59 67 1.398437183799716
59 68 1.2413631712363675
59 69 1.3131956851874063
59 70 1.2815688050823648
59 71 1.1936432177220482
59 72 1.3159584792336292
59 73 1.2641083235913708
59 74 1.1718578122891783
60 61 1.2992495621286335
60 62 1.323521525275456
60 63 1.376687618347771
60 64 1.3429439278187154
60 65 1.2355232615093816
60 66 1.3261286602054911
60 67 1.24913919313635
60 68 1.2863879669599985
60 69 1.3695037300313249
60 70 1.3427666100137494
60 71 1.3642591935513788
60 72 1.4471252136306112
60 73 1.2470923905779159
60 74 1.153108450204774
61 62 1.249559371703048
61 63 1.3373506258581032
61 64 1.415343576832823
61 65 1.2818972690776276
61 66 1.3681006779203873
61 67 1.245860872037429
61 68 1.3259401244849043
61 69 1.35234214742615
61 70 1.3820314668472038
61 71 1.38831525251364
61 72 1.3180309496513793
61 73 1.231224543857213
61 74 1.269919000485661
62 63 0.9980152040739277
62 64 1.2192689878085803
62 65 1.2465407199754077
62 66 1.4372513490748846
62 67 1.2282915093845783
62 68 1.1132735234713231
62 69 1.2430568391766903
62 70 1.465374372806281
62 71 1.1634829389702488
62 72 1.2050654593165082
62 73 1.0548341414261664
62 74 1.2567435742507078
63 64 1.211238539693287
63 65 1.1766997993980088
63 66 1.477439961937462
63 67 1.0594650400445458
63 68 1.1888754279635194
63 69 1.2587111742612396
63 70 1.3538980067269968
63 71 1.2064055908361786
63 72 1.2022067139170751
63 73 1.1022047794358092
63 74 1.2840181596256945
64 65 1.2225031478874369
64 66 1.3844612279493689
64 67 1.3322895210203503
64 68 1.2470081421646624
64 69 1.4049746457317362
64 70 1.3874038022282076
64 71 1.2616212149078168
64 72 1.3579686602340386
64 73 1.3441893332764479
64 74 1.3354464155109895
65 66 1.4941272083572874
65 67 1.2902123538934678
65 68 1.134119992646086
65 69 1.232426983799697
65 70 1.4176428170963435
65 71 1.282525905140108
65 72 1.3199185527884143
65 73 1.1711578661839221
65 74 1.2692320790864868
66 67 1.2579637578778877
66 68 1.2816817749135088
66 69 1.3648467826174875
66 70 1.4399907565786592
66 71 1.5028477490036234
66 72 1.4032183875235256
66 73 1.3558954364879539
66 74 1.4096638578061051
67 68 1.1717896485326698
67 69 1.2139782397176133
67 70 1.325396369399519
67 71 1.3016413863730703
67 72 1.1710869634195415
67 73 1.2506071790303424
67 74 1.354441124018141
68 69 1.2534907024742992
68 70 1.3657223800745433
68 71 1.2171202622185262
68 72 1.2414143271338154
68 73 1.2150841393443197
68 74 1.3050230776709264
69 70 1.4168952512803765
69 71 1.069976915405231
69 72 1.198906476444334
69 73 1.3368068123782826
69 74 1.399322526619949
70 71 1.38397299677783
70 72 1.3735746569794554
70 73 1.4015002340019318
70 74 1.3747528282095587
71 72 1.2639766122135219
71 73 1.3187507294368204
71 74 1.3942273461918044
72 73 1.3156674379252324
72 74 1.3513153939041538
73 74 1.103837516642845
