75 0
0 1 1.350965519113195
0 2 1.3426985020760176
0 3 1.401273345655903
0 4 1.3656390988325593
0 5 1.3413125277208906
0 6 1.3984442955619174
0 7 1.4078908429292403
0 8 1.4025312638127732
0 9 1.383152679430628
0 10 1.4389971617400361
0 11 1.3263071031264482
0 12 1.4131252456057972
0 13 1.4175935468132623
0 14 1.40782184121075
0 15 1.1998946542713906
0 16 0.841127755124511
0 17 1.318503030412079
0 18 1.4090077290639726
0 19 1.2970508846135456
0 20 1.0333302988699486
0 21 1.1761194635639938
0 22 1.4139032530423281
0 23 1.4517913560097042
0 24 1.2358070295030512
0 25 1.3152060429944823
0 26 1.0433673292003585
0 27 1.424133606354102
0 28 1.1268155100078294
0 29 0.905235800768977
0 30 1.0842869616437898
0 31 1.2441825702606595
0 32 1.459059646809242
0 33 1.1207329116384102
0 34 1.4176293854798534
0 35 1.331846379017701
0 36 1.3373869401563656
0 37 1.4299385468429622
0 38 1.1245105376925228
0 39 1.1360937171063625
0 40 1.2662388431092273
0 41 0.9309905126674597
0 42 1.2813574935995182
0 43 1.298541889113087
0 44 1.4399625077819584
0 45 1.1859897243868334
0 46 1.253111171915759
0 47 1.4736280980686367
0 48 1.2551981944067236
0 49 1.4415780033102887
0 50 1.2405563440071348
0 51 1.2801940655418587
0 52 1.4877599575224554
0 53 1.3847734554114854
0 54 1.2595189539926308
0 55 1.32795822656858
0 56 1.2635011780085714
0 57 1.3480921485746182
0 58 1.2149388934125844
0 59 1.358140199779554
0 60 1.157364081293564
0 61 1.2163573468257345
0 62 1.3206463111823428
0 63 1.3613443947862063
0 64 1.4144621404861744
0 65 1.2505046460742633
0 66 1.0022871888685068
0 67 1.255586864125142
0 68 1.4335126609530238
0 69 1.4272289268554017
0 70 1.3741965559340865
0 71 1.1248144080746119
0 72 1.3802922654326715
0 73 1.3356470277679555
0 74 1.4491796777924584
1 2 1.3880634078353378
1 3 1.1891512821007628
1 4 1.1144438029963568
1 5 1.155074724343037
1 6 1.2822531822528465
1 7 1.5156443550183119
1 8 1.394565213218017
1 9 1.5031725329120864
1 10 1.4789169331411331
1 11 1.319980335895011
1 12 1.416649848522269
1 13 0.9509208211270311
1 14 1.3367451443613385
1 15 1.1747953083242442
1 16 1.3658312882317458
1 17 1.198882078413413
1 18 0.9472943760709742
1 19 1.3917986288223312
1 20 1.2987976653599604
1 21 1.1615074259433986
1 22 0.9159371350853146
1 23 1.3639640157789152
1 24 1.1406716699037114
1 25 1.1200147076933435
1 26 1.0412612383121143
1 27 1.3186168946312817
1 28 1.1336437322182913
1 29 1.3406494197257293
1 30 1.1607447432114033
1 31 1.297205371081538
1 32 1.3181516541650546
1 33 1.107268988493238
1 34 1.4387398636338726
1 35 1.464945539592126
1 36 1.227965846130775
1 37 1.2861349796677874
1 38 1.1619903715840094
1 39 1.1609217960263087
1 40 1.4487247539737245
1 41 1.4492792866287334
1 42 1.4546947359914617
1 43 1.2536613387810924
1 44 1.499219302385979
1 45 1.1533198769901785
1 46 1.130160627065425
1 47 0.8199127045073288
1 48 1.329527896167947
1 49 1.4170016101737446
1 50 1.0639961722661804
1 51 1.2030324491098074
1 52 1.1909148106445588
1 53 1.165041162413039
1 54 1.1083174021758129
1 55 1.4646988933662135
1 56 1.2777984695526525
1 57 1.244276905222211
1 58 1.2227613880702863
1 59 1.4095224591146351
1 60 1.1686221111422663
1 61 1.3681432642433717
1 62 1.1456676068298253
1 63 1.198847801857263
1 64 1.385616677054817
1 65 1.1951447606934478
1 66 1.4287593405768735
1 67 1.3403516663246626
1 68 1.4019838586883884
1 69 1.5066917806617115
1 70 1.2813635591012595
1 71 1.208907633673723
1 72 1.3663417748108224
1 73 1.0324701910384466
1 74 1.5017932201368476
2 3 1.391095141085603
2 4 1.3711190566791922
2 5 1.2492682000682063
2 6 1.4273998324147326
2 7 1.1724632814724247
2 8 1.3777354714195005
2 9 1.1752779827781474
2 10 1.1243990348319155
2 11 1.4129352085239915
2 12 1.4279115762591064
2 13 1.425165296587792
2 14 1.4892500059875193
2 15 1.285429310458406
2 16 1.381554738688488
2 17 1.2160224412714786
2 18 1.4357825442940675
2 19 1.5363429362154477
2 20 1.2816881479850026
2 21 1.4303956834660498
2 22 1.3688576705890438
2 23 1.3081883416625701
2 24 1.405220276458139
2 25 1.3686160779033127
2 26 1.3533601819641836
2 27 1.4392963764880013
2 28 1.4178604307616414
2 29 1.2680250072470192
2 30 1.3982056143140225
2 31 1.2279563741258772
2 32 1.4605184917927205
2 33 1.4595829653210401
2 34 1.424549810602407
2 35 1.080357534943147
2 36 1.4246066037426732
2 37 1.4166396360441258
2 38 1.4821030806372228
2 39 1.2857891202800718
2 40 1.344814110250196
2 41 1.3027110805830318
2 42 1.457523063544663
2 43 1.326092155406062
2 44 1.3872898800502187
2 45 1.344188696111706
2 46 1.4101052620446988
2 47 1.4321421828219882
2 48 1.4569493057870284
2 49 1.167188072909898
2 50 1.356807685340812
2 51 1.3174724679181635
2 52 1.3955547613271244
2 53 1.3099271708041378
2 54 1.2710195676970202
2 55 1.2149772583700194
2 56 1.4095870249656715
2 57 1.222393700920214
2 58 1.4057817755544642
2 59 1.3428438440863875
2 60 1.291184826272612
2 61 1.1065925090677822
2 62 1.3798492930519262
2 63 1.3296700425045211
2 64 1.4205335567971666
2 65 1.2890077784253082
2 66 1.3291361773281098
2 67 1.262685681050834
2 68 1.3395037893171324
2 69 1.4000861555656239
2 70 1.3114898437539382
2 71 1.471463718125594
2 72 1.4108221422804057
2 73 1.3914108595985457
2 74 1.4474552972687007
3 4 1.2088028879650201
3 5 1.234413930885774
3 6 1.3623695571660295
3 7 1.4253238338006067
3 8 1.3269879642316502
3 9 1.320190995712355
3 10 1.39119735112074
3 11 1.1683042610772365
3 12 1.064230612148356
3 13 1.2573362893681228
3 14 1.2822260294684222
3 15 1.2714385968206456
3 16 1.3761626659615116
3 17 1.2006062786452603
3 18 1.2704820288099727
3 19 1.2702440471849066
3 20 1.3540382977706034
3 21 1.2715045483408827
3 22 1.2676580469449672
3 23 1.2758455331437673
3 24 1.1312419735435173
3 25 1.3553450657180943
3 26 1.1677823283321012
3 27 1.2578282841435255
3 28 1.1795886123808732
3 29 1.413080247638337
3 30 1.2529734442298708
3 31 1.3267395749402913
3 32 1.2837580531997184
3 33 1.1525602455479866
3 34 1.2885549996174348
3 35 1.4005364473067325
3 36 1.2464319391329508
3 37 1.3700948732854377
3 38 1.2181150577209592
3 39 1.2619930290925152
3 40 1.3607554135503783
3 41 1.3567520082819864
3 42 1.31697114546617
3 43 1.3852167769198638
3 44 1.3933781091698876
3 45 1.117198065699854
3 46 1.183669021480719
3 47 1.3007151453968115
3 48 1.227438463006397
3 49 1.3413058232846966
3 50 1.2239230873371176
3 51 1.212269842796359
3 52 1.2902674823247173
3 53 1.2911373643924753
3 54 1.111511233257516
3 55 1.4146542015978705
3 56 1.4336200090136437
3 57 1.230260369800184
3 58 1.2738506222041426
3 59 1.4291605652965333
3 60 1.1278387990194256
3 61 1.3485466551641407
3 62 1.3444946119097223
3 63 1.2127458848245998
3 64 1.3437343166510443
3 65 1.238765147993181
3 66 1.3715265568432962
3 67 1.254400459159876
3 68 1.2526103382319727
3 69 1.4618074126248863
3 70 1.2504909199749168
3 71 1.2596605630623503
3 72 1.3121829358155301
3 73 1.3791925300872443
3 74 1.363213423088374
4 5 1.2884383216019244
4 6 1.2679599866222253
4 7 1.4544241073159618
4 8 1.2616932983375884
4 9 1.4217856100335466
4 10 1.4159294085073482
4 11 1.3047941563546226
4 12 1.2443098894296443
4 13 1.2425863507429906
4 14 1.423103758415415
4 15 1.2643365452001645
4 16 1.3271984835696105
4 17 1.1889930173455519
4 18 1.215821792031046
4 19 1.3950433214930182
4 20 1.3174657303205084
4 21 1.2605256456141705
4 22 1.043101934864051
4 23 1.2644434572309198
4 24 1.2348815013166223
4 25 1.12032855458807
4 26 1.2034217823481412
4 27 1.2479543707542953
4 28 1.2353565244446902
4 29 1.3169016840476264
4 30 1.2710689941524023
4 31 1.2875232459565547
4 32 1.2795309074110932
4 33 1.2012822412199315
4 34 1.2229782378919047
4 35 1.3456339868742249
4 36 1.2477516099408181
4 37 1.354213545611309
4 38 1.2645674191470713
4 39 1.3162156363879756
4 40 1.3356801046157931
4 41 1.3683913076989558
4 42 1.3340073552759182
4 43 1.2422149477068243
4 44 1.3672076688344772
4 45 1.2417927635050412
4 46 1.2056423338830062
4 47 1.1638418439357812
4 48 1.3229781656902686
4 49 1.3212837353621942
4 50 1.1995120830447352
4 51 1.272466763170022
4 52 1.1971176738217622
4 53 1.2255721043147967
4 54 1.2188114785942727
4 55 1.4714495227021593
4 56 1.1437947548417253
4 57 1.3353025766423383
4 58 1.3201879118950446
4 59 1.3361983349631794
4 60 1.1717408909123666
4 61 1.4003349670940832
4 62 1.2392550604363837
4 63 1.1845056487820365
4 64 1.4219195034456504
4 65 1.1141708687379712
4 66 1.3513508789501356
4 67 1.2410925277919926
4 68 1.3280221203187361
4 69 1.365139652116044
4 70 1.2815194952698146
4 71 1.2924674696398082
4 72 1.380613691049489
4 73 1.0477710190939085
4 74 1.3871020938821097
5 6 1.3458620649598525
5 7 1.2546713707345787
5 8 1.3202870144630712
5 9 1.2507493841115314
5 10 1.2723476456807388
5 11 1.3759594332697125
5 12 1.3871548638566686
5 13 1.266825720474216
5 14 1.4012558438843314
5 15 1.2444375657343116
5 16 1.487064022534232
5 17 1.0540377315662004
5 18 1.210836600074742
5 19 1.4287713509081073
5 20 1.3079576808954692
5 21 1.3063937914638346
5 22 1.160265281441582
5 23 1.3634903422964244
5 24 1.2326880051583213
5 25 1.2975378500477923
5 26 1.2171206392084624
5 27 1.249472366602656
5 28 1.2436311236186555
5 29 1.383371623621193
5 30 1.218071382603053
5 31 1.3304436287492392
5 32 1.2755867169834056
5 33 1.1832705379864479
5 34 1.3955880986832458
5 35 1.4079701948901622
5 36 1.282720573932955
5 37 1.2514577689281543
5 38 1.1423873038863914
5 39 1.1897604155030241
5 40 1.3133518382235547
5 41 1.4063498232477563
5 42 1.3343907714178342
5 43 1.122455927240742
5 44 1.302560996603156
5 45 1.1932196374936883
5 46 1.2378071300177504
5 47 1.2157341388558798
5 48 1.361529823798276
5 49 1.2921224327150769
5 50 1.12348773469911
5 51 1.2380041910347106
5 52 1.2885476710481776
5 53 1.160826524783727
5 54 1.1118024422390347
5 55 1.2584363124138378
5 56 1.3709939513537575
5 57 1.2224680008321764
5 58 1.2149301950711675
5 59 1.2843039256465032
5 60 1.260019304680651
5 61 1.3707007419236579
5 62 1.2184299455631422
5 63 1.3227612560540445
5 64 1.3392546794929954
5 65 1.1326530244794628
5 66 1.386966568173978
5 67 1.1076631533893104
5 68 1.467914797087198
5 69 1.2802619086149412
5 70 1.090614800509137
5 71 1.295717635525389
5 72 1.3625580689856618
5 73 1.2233872134916526
5 74 1.454852324007923
6 7 1.4376205599806906
6 8 1.3768999886206574
6 9 1.4771858744862172
6 10 1.5261774930485914
6 11 1.4529067552478585
6 12 1.3683826374674912
6 13 1.3335092598089446
6 14 1.4283753124909897
6 15 1.3225888204892269
6 16 1.4242155626002055
6 17 1.3525520249038359
6 18 1.301090485217317
6 19 1.3147947503392385
6 20 1.3483096472848732
6 21 1.3418692562268226
6 22 1.2444045990037629
6 23 1.4709492779250317
6 24 1.2578464351011267
6 25 1.2975209050682657
6 26 1.3060873530653108
6 27 1.3546806720435844
6 28 1.321294119732761
6 29 1.4284121440851085
6 30 1.3781429264801055
6 31 1.330321417440873
6 32 1.2905001308788882
6 33 1.3164817458963556
6 34 1.3924473437463338
6 35 1.4523257799438773
6 36 1.328065359752564
6 37 1.4361874474223224
6 38 1.3244570912436158
6 39 1.3784042701191555
6 40 1.3824935730070864
6 41 1.4283803911333026
6 42 1.3411095354661373
6 43 1.327911680671079
6 44 1.3607912337057606
6 45 1.2312603006283112
6 46 1.3841127693331041
6 47 1.306147361439311
6 48 1.4543665786286963
6 49 1.4632606204592509
6 50 1.3065373055533491
6 51 1.2957454251258778
6 52 1.3117419354828728
6 53 1.439394235832142
6 54 1.3005615888613198
6 55 1.4739913530081459
6 56 1.3388679208049956
6 57 1.295730600369848
6 58 1.3143109030986542
6 59 1.3763396264457066
6 60 1.299213195909095
6 61 1.31430968780397
6 62 1.4301636266656927
6 63 1.323062292149171
6 64 1.2872655849795092
6 65 1.3655805580177536
6 66 1.435262674073079
6 67 1.4107055790246565
6 68 1.437596131118677
6 69 1.314644927686106
6 70 1.2479911572625115
6 71 1.3852774118781184
6 72 1.3985133028600705
6 73 1.2034400953411901
6 74 1.2991999747908538
7 8 1.3363367488042621
7 9 0.6092411346004654
7 10 0.5683660353851377
7 11 1.3914481891979695
7 12 1.4692344662299044
7 13 1.5233970546442068
7 14 1.4174063118298343
7 15 1.3480060198781019
7 16 1.492814579875182
7 17 1.272131943568542
7 18 1.3689218163176011
7 19 1.5190510721051047
7 20 1.425074951016868
7 21 1.5216613772537624
7 22 1.4356028708598307
7 23 1.3084435451003684
7 24 1.5204734182739457
7 25 1.4584406777607826
7 26 1.4167924200375093
7 27 1.194555733275885
7 28 1.5493864583235963
7 29 1.4046226626427025
7 30 1.4634279278729045
7 31 1.3466766563547081
7 32 1.4077293879120871
7 33 1.6022671196530887
7 34 1.4050809409420353
7 35 1.0872096660752795
7 36 1.4400885923998672
7 37 1.4993231022645508
7 38 1.5677316293076513
7 39 1.4384871372382901
7 40 1.0290173260536266
7 41 1.3458845698491864
7 42 1.423414670998297
7 43 1.1791762108929453
7 44 1.4421203160403036
7 45 1.4972804041104308
7 46 1.359342021265313
7 47 1.4315109921366533
7 48 1.3933331071823771
7 49 0.7191665777595078
7 50 1.438718717855141
7 51 1.3168600597722464
7 52 1.2858771798046165
7 53 1.4584780349157933
7 54 1.392891409985913
7 55 0.8648164545595346
7 56 1.4713954956587938
7 57 1.3468976289098624
7 58 1.4812462884952402
7 59 1.01759299367918
7 60 1.3799280268696528
7 61 1.2838642170684573
7 62 1.434995113910945
7 63 1.3970538797481666
7 64 1.391053856979965
7 65 1.298337296639405
7 66 1.4515129436230103
7 67 1.217565709020387
7 68 1.368225993368824
7 69 1.3525033794501518
7 70 1.369601529132624
7 71 1.6011258936637842
7 72 1.4397194514185585
7 73 1.3701394619677136
7 74 1.402556675622679
8 9 1.2734509568561208
8 10 1.3507581960608797
8 11 1.3611409527312806
8 12 1.2821380783323266
8 13 1.2601942156011356
8 14 1.386718761491381
8 15 1.3938428943939225
8 16 1.41088198299387
8 17 1.3097381296161548
8 18 1.329210557614944
8 19 1.438236296995049
8 20 1.4160061208236125
8 21 1.4185925539674133
8 22 1.1704375207126814
8 23 1.2818035227626055
8 24 1.3482023669811631
8 25 1.3971445179554063
8 26 1.3892615845472691
8 27 1.2184166144977224
8 28 1.4154774789259155
8 29 1.331357288299641
8 30 1.4179718533636052
8 31 1.3396285513162687
8 32 1.240526595467982
8 33 1.466551199907514
8 34 1.357735721659369
8 35 1.3310646085303621
8 36 1.3191984905251544
8 37 1.3867704849676223
8 38 1.4765835602002833
8 39 1.3234767098932247
8 40 1.3769761662577389
8 41 1.4096453043176924
8 42 1.3702040314610875
8 43 1.3072824572923818
8 44 1.3237407034561937
8 45 1.3750609362632602
8 46 1.2116674533162808
8 47 1.3918389962341722
8 48 1.3598955594415598
8 49 1.237393335057482
8 50 1.3333011350902253
8 51 1.2102750657270638
8 52 1.225498905334553
8 53 1.306884625259471
8 54 1.3744292386133545
8 55 1.432288745813937
8 56 1.3807155837141816
8 57 1.287745718525767
8 58 1.3633276345229217
8 59 1.3666379466809995
8 60 1.2778231231314847
8 61 1.4346244813066864
8 62 1.3615192739845656
8 63 1.3618870080473928
8 64 1.3279330921068544
8 65 1.3415975005556955
8 66 1.3333318702031844
8 67 1.3571858992033057
8 68 1.3227243887538165
8 69 1.3802010528255155
8 70 1.3878720708891121
8 71 1.4563843093575104
8 72 1.3798172132729554
8 73 1.284536477641218
8 74 1.4091713986727972
9 10 0.5824227203690856
9 11 1.367753568168815
9 12 1.428171155005758
9 13 1.4798661062031573
9 14 1.3977086212477756
9 15 1.404985831078787
9 16 1.4191216780591542
9 17 1.272302344857932
9 18 1.4087160048540137
9 19 1.4956031128624134
9 20 1.4114580423069873
9 21 1.53292872378078
9 22 1.3998221224447633
9 23 1.287324245631571
9 24 1.5441831933936092
9 25 1.432571685853372
9 26 1.4168215100857493
9 27 1.152418730709583
9 28 1.5414700460608965
9 29 1.3834710244589912
9 30 1.483810872112376
9 31 1.296616685114108
9 32 1.405418548431055
9 33 1.581273420449765
9 34 1.4353716538997292
9 35 1.0345281464774116
9 36 1.3920119526494383
9 37 1.5312211912621625
9 38 1.593357096238613
9 39 1.393160297531875
9 40 1.0139149413136999
9 41 1.2344415229535497
9 42 1.4043278079492107
9 43 1.2556936492585071
9 44 1.4490589439817265
9 45 1.4742953552272173
9 46 1.3397807442075758
9 47 1.4732309623026631
9 48 1.3845036374723438
9 49 0.6783960349355953
9 50 1.4480824914045616
9 51 1.208483022888693
9 52 1.297783110411042
9 53 1.3961707437790325
9 54 1.4247983295481121
9 55 0.8859190557830313
9 56 1.504305591132686
9 57 1.3224060192681302
9 58 1.5042160415966466
9 59 1.151305307263787
9 60 1.3744160576584536
9 61 1.2888230052962255
9 62 1.3897234086401051
9 63 1.4145920512753356
9 64 1.4242711240216948
9 65 1.2210683722615512
9 66 1.3605731473814007
9 67 1.2535139572142666
9 68 1.3753262477670873
9 69 1.3903200073969908
9 70 1.2742223908224022
9 71 1.6135571874246284
9 72 1.4451447775892023
9 73 1.4823920566241717
9 74 1.342520844329618
10 11 1.3604797815787393
10 12 1.4513676938659943
10 13 1.4985381088394412
10 14 1.4185391684809407
10 15 1.3506900581357848
10 16 1.4910072553181861
10 17 1.2950413836328254
10 18 1.367899246534334
10 19 1.5206222752167093
10 20 1.4153921221887873
10 21 1.5504792068609394
10 22 1.4224021324555012
10 23 1.3232316387699683
10 24 1.5445879799319795
10 25 1.441509137788706
10 26 1.4317061362417183
10 27 1.1683337490878203
10 28 1.5908472577059338
10 29 1.4287764305896247
10 30 1.4631220684057868
10 31 1.3459456457467018
10 32 1.398622428620118
10 33 1.6022930349149418
10 34 1.4591937455785178
10 35 1.0588857099510076
10 36 1.403905411063668
10 37 1.4756545350385286
10 38 1.6200033193879881
10 39 1.4417052928359317
10 40 1.0374863319452936
10 41 1.2724176936735863
10 42 1.4323098623905748
10 43 1.2505117925482698
10 44 1.42183779150923
10 45 1.4953785364484453
10 46 1.3322324121247047
10 47 1.4089552572297817
10 48 1.4192794496544285
10 49 0.7706239867718323
10 50 1.4104310338715345
10 51 1.2406534923312131
10 52 1.2887677392091401
10 53 1.4007007881952354
10 54 1.4086145762493765
10 55 0.7571140526458052
10 56 1.4667506027692852
10 57 1.3259017405110183
10 58 1.4565563574123468
10 59 1.1398918725405698
10 60 1.3834102386624485
10 61 1.2677752157598086
10 62 1.3797444029855268
10 63 1.4355155697374664
10 64 1.4015344820161433
10 65 1.2595180536735824
10 66 1.453604463519451
10 67 1.2618151611793071
10 68 1.3774623017895171
10 69 1.3503898508936611
10 70 1.350076958472506
10 71 1.663951780582919
10 72 1.430247728822484
10 73 1.4609944562327615
10 74 1.360015180261615
11 12 0.9967693102859995
11 13 1.4043139067403452
11 14 1.2713205017688074
11 15 1.2900322950717946
11 16 1.3279987032567748
11 17 1.3455068892217916
11 18 1.266308995695219
11 19 1.250009473362953
11 20 1.259371806376899
11 21 1.2538514832973275
11 22 1.3547551952635806
11 23 1.2223002616825094
11 24 1.2865520308633331
11 25 1.3455774429292136
11 26 1.246742000717582
11 27 1.2914926362240828
11 28 1.3950308405787823
11 29 1.395990939497342
11 30 1.2046768652906716
11 31 1.314025107470553
11 32 1.3954032173688475
11 33 1.3072753533336288
11 34 1.1750543480996052
11 35 1.3177002788167411
11 36 1.3266930994750452
11 37 1.4089516823881045
11 38 1.329154288719691
11 39 1.2791813054019616
11 40 1.3289737779595283
11 41 1.3323047645239117
11 42 1.3316157959315478
11 43 1.4089019911692167
11 44 1.3916319068045415
11 45 1.225109489931497
11 46 1.1310066772159586
11 47 1.329730202694839
11 48 1.3300764741665605
11 49 1.3622208751472722
11 50 1.296453023620052
11 51 1.311697103055897
11 52 1.3123959442632742
11 53 1.4268769856819508
11 54 1.2885760560142372
11 55 1.4025574418566422
11 56 1.3222882292492217
11 57 1.4418342020833879
11 58 1.2359052636174537
11 59 1.4434815079859118
11 60 1.1698368232605159
11 61 1.3035855144039652
11 62 1.4640181393328493
11 63 1.2911616196158298
11 64 1.2226171084434707
11 65 1.1850815106634445
11 66 1.4238898506140611
11 67 1.3617833123462162
11 68 1.165019097238927
11 69 1.4401061312574719
11 70 1.3043297730118824
11 71 1.3656108845777335
11 72 1.2236527570730225
11 73 1.3621295911893314
11 74 1.238345939083438
12 13 1.3565565897149856
12 14 1.2127930699580844
12 15 1.3651440597087376
12 16 1.3261535616068183
12 17 1.3265172992650418
12 18 1.3573346325928615
12 19 1.1567092547214513
12 20 1.3276380315247727
12 21 1.3414011790699043
12 22 1.3801173721838134
12 23 1.1528458804164596
12 24 1.2194935235637
12 25 1.3748956826921321
12 26 1.2531972508701432
12 27 1.2416649100983113
12 28 1.331475777130663
12 29 1.378575576279671
12 30 1.2653608905725546
12 31 1.3388850698311494
12 32 1.3156222331406102
12 33 1.2486108148804234
12 34 1.2068467181936449
12 35 1.3206106945253129
12 36 1.267207144032422
12 37 1.3147359223892363
12 38 1.2886934741541705
12 39 1.3385138487668775
12 40 1.424271150076
12 41 1.3612677334781944
12 42 1.2771442036669436
12 43 1.4036126727477227
12 44 1.2819293941264593
12 45 1.115944478787719
12 46 1.306496599878186
12 47 1.4147761855933714
12 48 1.1564975347487765
12 49 1.440179395981284
12 50 1.2908027191056393
12 51 1.2725981372201596
12 52 1.3580154907668298
12 53 1.3867597982822155
12 54 1.2612674101824015
12 55 1.5023173987745644
12 56 1.3206209863636904
12 57 1.3307935876172206
12 58 1.2787225566705451
12 59 1.3784234308087868
12 60 1.165416096773538
12 61 1.347666048487281
12 62 1.4041398403110086
12 63 1.1887226949457401
12 64 1.199389709493988
12 65 1.2884536008127714
12 66 1.3513282633412664
12 67 1.3137994313228536
12 68 0.9285636951315405
12 69 1.3905703619122787
12 70 1.2550850570362906
12 71 1.352557917309821
12 72 1.2755595690233719
12 73 1.3927938587197015
12 74 1.1926554305435264
13 14 1.3356666116086862
13 15 1.305630785537449
13 16 1.389364654011762
13 17 1.4081782601142208
13 18 1.1830197062777337
13 19 1.3214786530254694
13 20 1.3849779475820176
13 21 1.3437539542572543
13 22 0.9871963307366378
13 23 1.3516012953489251
13 24 1.2227269229326836
13 25 1.2460284165671816
13 26 1.1530478278575087
13 27 1.3876588512550787
13 28 1.1920307466498834
13 29 1.3655322688186207
13 30 1.3345860803136649
13 31 1.3347420687351237
13 32 1.187764705056612
13 33 1.2110646849037077
13 34 1.4174841783133032
13 35 1.4970005671083
13 36 1.2693426776377066
13 37 1.2395063019364383
13 38 1.2809998201754929
13 39 1.286771782054607
13 40 1.4605288823481273
13 41 1.4048342768610655
13 42 1.3557291812275285
13 43 1.3976872408363161
13 44 1.2110187149572265
13 45 1.1750063993908417
13 46 1.160489272505677
13 47 0.9784610964668383
13 48 1.3164815759016824
13 49 1.3535655100047825
13 50 1.2231061549477051
13 51 1.2620747188944113
13 52 1.309526467545997
13 53 1.1339390495474697
13 54 1.2576887280559712
13 55 1.515106465820639
13 56 1.2364430071161132
13 57 1.2474231262076056
13 58 1.2155044041953513
13 59 1.42950118599398
13 60 1.3266439656010776
13 61 1.512569629759765
13 62 1.1922427262063802
13 63 1.213472076568588
13 64 1.2951433425940775
13 65 1.3171972885593317
13 66 1.3199470505940125
13 67 1.4856895609630987
13 68 1.3524383464785297
13 69 1.3784635905142586
13 70 1.303681373260877
13 71 1.304533843971703
13 72 1.299026473134069
13 73 1.1844541347003685
13 74 1.4620828207418402
14 15 1.4164445715995122
14 16 1.3737047578667887
14 17 1.4517001466231974
14 18 1.426960607776187
14 19 1.2981650332971861
14 20 1.4251976019075274
14 21 1.4040057407684943
14 22 1.3873649117881435
14 23 1.4083011510602752
14 24 1.3711354795954656
14 25 1.384194820619236
14 26 1.380189190660259
14 27 1.3562011809423535
14 28 1.450133424866003
14 29 1.3695918336419468
14 30 1.2721639716211148
14 31 1.3770420509236105
14 32 1.422626154477919
14 33 1.3506049138011686
14 34 1.3114165623843723
14 35 1.5154965090016914
14 36 1.3640071760774424
14 37 1.4057723444407926
14 38 1.3189088693044502
14 39 1.2760868864616086
14 40 1.341282910083372
14 41 1.38248097138256
14 42 1.3885309415862053
14 43 1.3532198048616546
14 44 1.4793248427824208
14 45 1.3095125554921603
14 46 1.4003372407806223
14 47 1.3684629022252501
14 48 1.4552587478504213
14 49 1.3701428864083767
14 50 1.3419095068003803
14 51 1.4066594167796662
14 52 1.359294598473088
14 53 1.3640290485598925
14 54 1.352166162966532
14 55 1.4148043335552833
14 56 1.3227806129703086
14 57 1.4028386541271807
14 58 1.40256438958123
14 59 1.3253913501481545
14 60 1.3078690482982742
14 61 1.3470590403762635
14 62 1.3467904923229281
14 63 1.347792524079032
14 64 1.2977925911902668
14 65 1.4410109981418142
14 66 1.3704997814396336
14 67 1.3913022035781133
14 68 1.3951094374194934
14 69 1.5049989911183355
14 70 1.3546426095691402
14 71 1.4019197695217605
14 72 1.3927393354424946
14 73 1.3349243867882121
14 74 1.344472492980051
15 16 1.3031689796343793
15 17 1.109544394470143
15 18 1.140112075242487
15 19 1.3423366738702782
15 20 1.1728544492884443
15 21 1.1207101363867655
15 22 1.2387825430021422
15 23 1.354760686962845
15 24 1.1844158111176064
15 25 1.2537247253665846
15 26 0.9874549003094878
15 27 1.321656135031915
15 28 1.1000553220299956
15 29 1.330861094340184
15 30 1.1581977334589133
15 31 1.349667223624751
15 32 1.440197973158627
15 33 1.0060787669878863
15 34 1.3742182191508123
15 35 1.3495930331397574
15 36 1.274963307036477
15 37 1.3613182934135706
15 38 1.0500657601989012
15 39 1.1853317469914892
15 40 1.3010640139181535
15 41 1.3144815145883049
15 42 1.3146907001599153
15 43 1.1097974852557928
15 44 1.298475728025318
15 45 1.0793265253006497
15 46 1.2789044447249798
15 47 1.20440960567927
15 48 1.3536437621438255
15 49 1.3617854658403383
15 50 1.0994261540504067
15 51 1.2433307581764597
15 52 1.201789378661862
15 53 1.2805542268381496
15 54 1.04445034893941
15 55 1.2973246452736065
15 56 1.297022930047368
15 57 1.2767228721993813
15 58 1.2462342258436514
15 59 1.2237632722598986
15 60 1.1012181156505967
15 61 1.177805217459491
15 62 1.2513805801161129
15 63 1.323769505848908
15 64 1.2043774223616226
15 65 1.1521304366981313
15 66 1.395494823367396
15 67 1.2001211165688752
15 68 1.425279163947554
15 69 1.3657601861486304
15 70 1.2942132005905904
15 71 1.137373291159467
15 72 1.2685664382907615
15 73 1.1415811612714097
15 74 1.373484374645668
16 17 1.3192695227287017
16 18 1.3550581183827024
16 19 1.2704657335289142
16 20 1.074515555116238
16 21 1.2168853692862842
16 22 1.3982785993411335
16 23 1.3519377331769675
16 24 1.2753698898304529
16 25 1.30461169604633
16 26 1.1234492210881792
16 27 1.4358751951289277
16 28 1.1657341816750202
16 29 0.8597763644799248
16 30 1.1242364295342488
16 31 1.1736121549975127
16 32 1.4870480382207873
16 33 1.193860068772116
16 34 1.39782296480417
16 35 1.3012934095933233
16 36 1.3977660097327098
16 37 1.408476663199051
16 38 1.2219380936623472
16 39 1.2632634948118981
16 40 1.239657211484684
16 41 0.9300429988069782
16 42 1.2151908834728797
16 43 1.3831410904445007
16 44 1.404250474007324
16 45 1.1857164508630302
16 46 1.3578531247800603
16 47 1.496201039873339
16 48 1.2769506101651882
16 49 1.445814273811299
16 50 1.3159065687717577
16 51 1.2616820790135739
16 52 1.4820871415031187
16 53 1.4420944584942617
16 54 1.333726504928347
16 55 1.4798853953865276
16 56 1.265655569319227
16 57 1.3557830329586482
16 58 1.236349828951612
16 59 1.4237143089816005
16 60 1.1380151542611097
16 61 1.226343561189427
16 62 1.339380997986084
16 63 1.3280330030029677
16 64 1.3769993686105586
16 65 1.359449383706292
16 66 0.7964711882223063
16 67 1.3087480386968875
16 68 1.3612181912055652
16 69 1.4890322770091544
16 70 1.4200539745170622
16 71 1.1863068568379287
16 72 1.3912290716791418
16 73 1.378499350899367
16 74 1.3597608850460576
17 18 1.1975543889066567
17 19 1.3873823428541596
17 20 1.2617460651448118
17 21 1.1859712051874485
17 22 1.2333660318126274
17 23 1.1780072018627643
17 24 1.1390228569205585
17 25 1.2139782397176133
17 26 1.1531820601137301
17 27 1.2104250558392844
17 28 1.1538186813432894
17 29 1.3006783680386806
17 30 1.2958846206221162
17 31 1.248464808715894
17 32 1.3651847148482104
17 33 1.1050892553425988
17 34 1.3678853292637172
17 35 1.267112303697781
17 36 1.221554553997737
17 37 1.499786207602684
17 38 1.1943106969332111
17 39 1.2016463470306498
17 40 1.3227318754920745
17 41 1.3420426886636434
17 42 1.307435875865132
17 43 1.136397907961406
17 44 1.3413177847612308
17 45 1.155279340972928
17 46 1.2863556900487427
17 47 1.2951859297294261
17 48 1.3857847358504702
17 49 1.2532580913907074
17 50 1.1557950797524412
17 51 1.3161828333468422
17 52 1.2586292029215105
17 53 1.2997622130191673
17 54 1.1980221484834739
17 55 1.3225942935783286
17 56 1.3373399919991398
17 57 1.2744959692949493
17 58 1.2620634773073025
17 59 1.2469581395095906
17 60 1.2044100910410869
17 61 1.2604703250257563
17 62 1.1966857862415419
17 63 1.2036496285590526
17 64 1.290688649632659
17 65 1.1369635414458699
17 66 1.3436656485815839
17 67 0.8555085619641756
17 68 1.3816253801375775
17 69 1.325396369399519
17 70 1.2202919247170816
17 71 1.175774334093362
17 72 1.3413990537660225
17 73 1.1357274525641328
17 74 1.3813860231148922
18 19 1.391214042512671
18 20 1.3559731115197757
18 21 1.2348720786344356
18 22 1.0640039227289766
18 23 1.289944094051595
18 24 1.2102010260600533
18 25 1.245549798769373
18 26 1.1712888198709144
18 27 1.246464921366335
18 28 1.2541193476934105
18 29 1.356844024236714
18 30 1.2463957126874168
18 31 1.3595492046709787
18 32 1.3151377940172972
18 33 1.2560249078745735
18 34 1.4081391630656959
18 35 1.3561360446110302
18 36 1.3409776907095945
18 37 1.3736519060082764
18 38 1.2961320147861175
18 39 1.2682039954439446
18 40 1.3293158115533537
18 41 1.4792031193607167
18 42 1.4420786761554067
18 43 1.1871171998356267
18 44 1.4581869269292584
18 45 1.2437846208865488
18 46 1.119877128859205
18 47 0.860866864933602
18 48 1.3494433432158306
18 49 1.34073634216157
18 50 1.0799029686223125
18 51 1.2820294121658578
18 52 1.1222901139715002
18 53 1.2482170005465376
18 54 1.158164987292605
18 55 1.3782847514268295
18 56 1.3202830883255483
18 57 1.2465478004164505
18 58 1.2847665817130358
18 59 1.2605687220956472
18 60 1.231921619785468
18 61 1.3868889383361478
18 62 1.215289732908709
18 63 1.219467852015227
18 64 1.3161615161804694
18 65 1.206575628098842
18 66 1.4849835065694048
18 67 1.2666491963060262
18 68 1.3392545593597314
18 69 1.481748348841863
18 70 1.3289347538572271
18 71 1.3563215983401247
18 72 1.2772196778828508
18 73 1.1900898989143742
18 74 1.3781846686923738
19 20 1.264035198969055
19 21 1.356703000770666
19 22 1.3994382879896596
19 23 1.450016637287368
19 24 1.2535253960206472
19 25 1.3210698200004647
19 26 1.2734230981779209
19 27 1.359787913705908
19 28 1.2294108302923072
19 29 1.3628528853042765
19 30 1.2236244987599096
19 31 1.3541727819032512
19 32 1.40359529025304
19 33 1.1576932356609733
19 34 1.294793069595334
19 35 1.4174749004073597
19 36 1.3688255488721732
19 37 1.2638409479128425
19 38 1.1681741345684522
19 39 1.363253240668831
19 40 1.465014336385258
19 41 1.3198651638728713
19 42 1.2252852616485792
19 43 1.5059638945949103
19 44 1.3230004798503012
19 45 1.1555263916960699
19 46 1.4004016347223522
19 47 1.4309004765944464
19 48 1.2341095834332632
19 49 1.5105856106976976
19 50 1.3133183060948976
19 51 1.3612450726716534
19 52 1.442780402116268
19 53 1.358267719692524
19 54 1.3906026440494517
19 55 1.527533481340379
19 56 1.3132829478981713
19 57 1.4121157627746717
19 58 1.2773140126465359
19 59 1.5034669102721812
19 60 1.310916078302152
19 61 1.2526390953948594
19 62 1.2515374405209274
19 63 1.3940292655537796
19 64 1.2064807564507
19 65 1.338692979784356
19 66 1.3229208802071724
19 67 1.3721972980629196
19 68 1.3126168096583355
19 69 1.292957401751297
19 70 1.2855868236527606
19 71 1.2017787969626683
19 72 1.3110909804895
19 73 1.3167154370739471
19 74 1.0191998812210845
20 21 1.2454026079634117
20 22 1.3458396265386074
20 23 1.479451433576313
20 24 1.2079416249099773
20 25 1.2777310787171396
20 26 1.018976603230478
20 27 1.395607691531049
20 28 1.2141670153213928
20 29 1.0373454117784011
20 30 1.0407534758773294
20 31 1.283877037745826
20 32 1.4755949825540933
20 33 1.1649119866885596
20 34 1.3475522442560413
20 35 1.3517901275878497
20 36 1.3468916211320185
20 37 1.3795681648411648
20 38 1.1216799548149972
20 39 1.1643023909494419
20 40 1.3161843000352333
20 41 1.0007102866380813
20 42 1.2840714249606384
20 43 1.292756150835456
20 44 1.4290171226739838
20 45 1.1698162505335856
20 46 1.3813492692061604
20 47 1.4219316254069014
20 48 1.2554597621471142
20 49 1.4106335022253416
20 50 1.1207438419981015
20 51 1.2950163133810577
20 52 1.4377755153437881
20 53 1.4174525196557979
20 54 1.143850154342182
20 55 1.3709181846827603
20 56 1.3873113752260455
20 57 1.3940776731732143
20 58 1.1452308728016718
20 59 1.3744391624828396
20 60 1.042928659849971
20 61 1.2450054366538827
20 62 1.3182343276616943
20 63 1.2645061784868425
20 64 1.3537950534788203
20 65 1.1664580451009912
20 66 1.103397364253458
20 67 1.2563094285182812
20 68 1.4019823640558153
20 69 1.4478725907335985
20 70 1.3814890574702727
20 71 1.215844532286553
20 72 1.346804896476169
20 73 1.2564845068202348
20 74 1.2979347719231178
21 22 1.2457585346512179
21 23 1.3386376995406275
21 24 0.934593868800751
21 25 1.2179619415416827
21 26 0.9465507505541261
21 27 1.4385661813947015
21 28 0.9514369667986764
21 29 1.285513832316104
21 30 1.1288572363379268
21 31 1.2833041820904083
21 32 1.3130808347136063
21 33 0.9172502512231231
21 34 1.3304701611247227
21 35 1.4025206326786956
21 36 1.2610568851011366
21 37 1.3394636878682697
21 38 1.0345016199651094
21 39 1.1658484757122058
21 40 1.362074801026732
21 41 1.333985966713679
21 42 1.345035172086472
21 43 1.28995669309021
21 44 1.319842953701356
21 45 1.0437687343567268
21 46 1.2865705690962812
21 47 1.2956888422202941
21 48 1.279763635298746
21 49 1.5211125246710493
21 50 1.1763143234431164
21 51 1.3399367163558453
21 52 1.3934179909190305
21 53 1.3203646825218542
21 54 1.1914282882693628
21 55 1.4517969891996023
21 56 1.2632691469294468
21 57 1.374921250206843
21 58 1.1824223173013155
21 59 1.4528700793383431
21 60 1.0677561206737276
21 61 1.2723291126755707
21 62 1.333760177784451
21 63 1.2456878308902073
21 64 1.2764534437374775
21 65 1.1639045277936204
21 66 1.3159912434161638
21 67 1.245812868954493
21 68 1.3593036373230143
21 69 1.3857263309413221
21 70 1.2350160263527314
21 71 0.919190643947685
21 72 1.3383828168235947
21 73 1.1737921720625257
21 74 1.4454806100664996
22 23 1.3460302152011465
22 24 1.2187967692013617
22 25 1.0735580031433267
22 26 1.212484596176538
22 27 1.2739996143507113
22 28 1.261518262255257
22 29 1.3551944956574915
22 30 1.3197669078377194
22 31 1.3100297413033022
22 32 1.1499560019012198
22 33 1.328723255643724
22 34 1.4628503629669416
22 35 1.3806885827222712
22 36 1.2479915114296019
22 37 1.2512364118362524
22 38 1.3274433129190326
22 39 1.2000359427313472
22 40 1.3260131487338402
22 41 1.4377037651844844
22 42 1.4425550588316287
22 43 1.2174292068410997
22 44 1.3216844880554293
22 45 1.2841633170880888
22 46 1.2096246076894492
22 47 0.9327353163513193
22 48 1.3518603208018483
22 49 1.286554683212366
22 50 1.0224815270725178
22 51 1.184986146877552
22 52 1.1330013262588092
22 53 1.1928404086605597
22 54 1.2034296689958663
22 55 1.4637959245132923
22 56 1.197060724260705
22 57 1.2366547373912358
22 58 1.2517882420754058
22 59 1.353704855825642
22 60 1.2355804303507456
22 61 1.3988295128465293
22 62 1.184996768315648
22 63 1.1656136313705332
22 64 1.2457349226174208
22 65 1.2222680442818719
22 66 1.3806071304068643
22 67 1.3596583722619275
22 68 1.4286315989722802
22 69 1.4615311447240567
22 70 1.3370526260667537
22 71 1.357760721331063
22 72 1.2610206531223078
22 73 1.0823407429813803
22 74 1.4349152549319852
23 24 1.3966374145996274
23 25 1.3410564160497853
23 26 1.3935921888879674
23 27 1.137943481056777
23 28 1.3541236042255589
23 29 1.381982003831448
23 30 1.374380130653851
23 31 1.3471064850025876
23 32 1.369334084149467
23 33 1.3611129560903104
23 34 1.3329771667583428
23 35 1.3032690558955793
23 36 1.3208713723052026
23 37 1.4982810047137443
23 38 1.4782555611757495
23 39 1.390689814286974
23 40 1.3852934674783492
23 41 1.52237835766861
23 42 1.3380144672272767
23 43 1.3201134964439998
23 44 1.3762744766132564
23 45 1.3136951056462112
23 46 1.269236990835646
23 47 1.376903988476259
23 48 1.2572264923553942
23 49 1.2511382301886047
23 50 1.3260491519073834
23 51 1.2270488508668809
23 52 1.356224674736129
23 53 1.367069030227878
23 54 1.302845385607203
23 55 1.4706209917019422
23 56 1.394554061997573
23 57 1.3843595806534439
23 58 1.384753542808807
23 59 1.3163570879561757
23 60 1.2950624143111156
23 61 1.3251965296225707
23 62 1.3353565525760058
23 63 1.2095482877605275
23 64 1.2897822753756787
23 65 1.2738574049177154
23 66 1.3843691836531837
23 67 1.200988130862986
23 68 0.9276559796173932
23 69 1.4216713354723851
23 70 1.2925614188583014
23 71 1.366192302944367
23 72 1.3766140545617125
23 73 1.39921165852181
23 74 1.484905752745332
24 25 1.2975883969343447
24 26 1.0006307072610041
24 27 1.407033546428764
24 28 0.9370253083722353
24 29 1.2613345333984416
24 30 1.1604308579368692
24 31 1.3019323031753143
24 32 1.318532605958807
24 33 0.8982433120368247
24 34 1.3064419391393938
24 35 1.4093811106508058
24 36 1.2007230592889395
24 37 1.2875003613544433
24 38 0.9775471175172727
24 39 1.169207450278814
24 40 1.4172884864709698
24 41 1.2899194549332549
24 42 1.3237970405242552
24 43 1.2986885940057993
24 44 1.3427309160269862
24 45 1.014024705692915
24 46 1.263935969053051
24 47 1.2610319220262358
24 48 1.270777495050801
24 49 1.477271121559508
24 50 1.022638443814393
24 51 1.3419910009490188
24 52 1.432317791945425
24 53 1.3571161917244166
24 54 1.1552159405880076
24 55 1.4683519254053254
24 56 1.2301896695271757
24 57 1.2641602639636231
24 58 1.0369613801659108
24 59 1.4570260084143236
24 60 1.1145972715631802
24 61 1.2996440136708505
24 62 1.2635813815724086
24 63 1.2908402023385632
24 64 1.3180001644826138
24 65 1.2088945314864834
24 66 1.3165779488352047
24 67 1.1944219668603888
24 68 1.3185417430775963
24 69 1.3530183317114233
24 70 1.254705399173068
24 71 0.971393834127321
24 72 1.2879655910829146
24 73 1.1039096169051015
24 74 1.4334970043840587
25 26 1.3137142833499205
25 27 1.3151858066694764
25 28 1.2917091963861884
25 29 1.368597771008928
25 30 1.2453924451344334
25 31 1.3312043849172022
25 32 1.2701987351985926
25 33 1.2786839319257373
25 34 1.3848684798705566
25 35 1.399366635358549
25 36 1.2964628962996474
25 37 1.4353641819068743
25 38 1.3305082319878603
25 39 1.2522407280716104
25 40 1.392749172210003
25 41 1.3721385350385653
25 42 1.3550819990956644
25 43 1.306928883828441
25 44 1.4107073689851772
25 45 1.2153401729652271
25 46 1.4419850146509845
25 47 1.105947576184563
25 48 1.4178074515779815
25 49 1.389854194091502
25 50 1.1934567906746136
25 51 1.1547833632309525
25 52 1.3669855956339272
25 53 1.3241565376344395
25 54 1.301758756050456
25 55 1.4109595742103596
25 56 1.2316291881965713
25 57 1.3547270431917617
25 58 1.3277823752567488
25 59 1.3497674121360566
25 60 1.26478387399469
25 61 1.3904167125515592
25 62 1.2454688335423765
25 63 1.2660127036477158
25 64 1.2699970456407468
25 65 1.2151452628272996
25 66 1.3749962590611382
25 67 1.2656372527464077
25 68 1.406341406233108
25 69 1.4168952512803765
25 70 1.3576912982652622
25 71 1.282743245004185
25 72 1.3872604061553222
25 73 1.195988371529282
25 74 1.3608818330088455
26 27 1.3808863466411274
26 28 0.9771522237742775
26 29 1.0965007077848246
26 30 1.0133274137890946
26 31 1.1205915906963693
26 32 1.335239940707458
26 33 0.8487292150906135
26 34 1.3653976598091522
26 35 1.3327822453747398
26 36 1.1729796765930125
26 37 1.3123302548306577
26 38 0.8998144825026472
26 39 1.0557617376404775
26 40 1.3011257024249845
26 41 1.1930366615157961
26 42 1.264432358520318
26 43 1.1819514957255637
26 44 1.3398658132428687
26 45 0.9946864268027417
26 46 1.1361534308984444
26 47 1.2139919565937103
26 48 1.2450077592248288
26 49 1.4032833673485703
26 50 1.0907782776676043
26 51 1.2385468652950613
26 52 1.3253723599790908
26 53 1.290058127296231
26 54 1.030295438169663
26 55 1.3616525516091793
26 56 1.2531568616328543
26 57 1.2918595092305312
26 58 1.0751451854801772
26 59 1.3450573678853546
26 60 0.9211217734283753
26 61 1.2226783173632014
26 62 1.2193618514701607
26 63 1.1562709959710737
26 64 1.3030984932144032
26 65 1.1094163486807467
26 66 1.1458798952408014
26 67 1.2042647791153551
26 68 1.3601690846662748
26 69 1.3806180475142606
26 70 1.2125958505556451
26 71 1.0096087246933834
26 72 1.2606920610520858
26 73 1.1128207486437882
26 74 1.3958502156752997
27 28 1.421048267611521
27 29 1.330506358374893
27 30 1.3547486080749327
27 31 1.2784123426068468
27 32 1.334737377058437
27 33 1.3912194425036706
27 34 1.4089993192524402
27 35 1.3000716506761651
27 36 1.3459755932899924
27 37 1.4361879791661971
27 38 1.3990843289419927
27 39 1.3013991267202196
27 40 1.1472731489266639
27 41 1.3882623859861951
27 42 1.2294951897171025
27 43 1.1625435582304235
27 44 1.4525630017424962
27 45 1.3287051062507482
27 46 1.224264822005027
27 47 1.2660048070510936
27 48 1.2097489076141843
27 49 1.1496389829045461
27 50 1.3029065618100415
27 51 1.0321271611845724
27 52 1.2116574425578992
27 53 1.2998139467956626
27 54 1.2751898169047355
27 55 1.232378434959478
27 56 1.3902657962823983
27 57 1.2876331358228967
27 58 1.3552780330990142
27 59 1.1577725349051073
27 60 1.2919643258830515
27 61 1.2865959580230133
27 62 1.2521526163552965
27 63 1.356937999721866
27 64 1.2505186759249052
27 65 1.1318709105981288
27 66 1.3983505684086415
27 67 1.2025236110345994
27 68 1.2412710467109012
27 69 1.4130667958574754
27 70 1.3415608837584538
27 71 1.5143543883379023
27 72 1.3394289570006666
27 73 1.3596689869675376
27 74 1.3377215106168558
28 29 1.190874508168786
28 30 1.1895228348143037
28 31 1.3735792802768452
28 32 1.336869971129537
28 33 0.7696121591259129
28 34 1.3661947236828098
28 35 1.4869543387643949
28 36 1.2225204471767976
28 37 1.2673254366529838
28 38 0.8459570813321801
28 39 1.1262337506630573
28 40 1.3802851596706673
28 41 1.2213857872274754
28 42 1.2477332206696967
28 43 1.3199912627269552
28 44 1.3189995463096278
28 45 0.8836082822975154
28 46 1.2793487127789966
28 47 1.2578535316704844
28 48 1.2829807729279867
28 49 1.5027904778539622
28 50 1.0961471666940676
28 51 1.3312010575808533
28 52 1.3370694856248666
28 53 1.248991071335948
28 54 1.1544184709796987
28 55 1.4646499602082295
28 56 1.1403060655209942
28 57 1.2916013769819221
28 58 1.1841565846071525
28 59 1.442658801637215
28 60 1.139980236311407
28 61 1.3090583267089677
28 62 1.226619301733443
28 63 1.2511342133937693
28 64 1.2917590769456277
28 65 1.2017328907716238
28 66 1.2233414724847607
28 67 1.187693870111623
28 68 1.3853508377631503
28 69 1.3552167626798837
28 70 1.269862700608061
28 71 0.7250367127544457
28 72 1.359328784540989
28 73 1.222687359453187
28 74 1.3801088774010783
29 30 1.0947566432381506
29 31 1.1485478543325105
29 32 1.4223554962351102
29 33 1.2100000098685957
29 34 1.4528512807669964
29 35 1.2852539868533102
29 36 1.3882845392424858
29 37 1.4070796261168386
29 38 1.1740562659114058
29 39 1.100149968403749
29 40 1.2392867307274487
29 41 0.9448738496463469
29 42 1.2581222145260114
29 43 1.2731983415089545
29 44 1.4391669666499032
29 45 1.275846398563832
29 46 1.2482792389272865
29 47 1.433578969319712
29 48 1.246599136761184
29 49 1.385673718678104
29 50 1.2156456111270222
29 51 1.2324974538075508
29 52 1.4142463283704991
29 53 1.409152311786269
29 54 1.2861343874369233
29 55 1.3584656437331324
29 56 1.2445260018642297
29 57 1.3519193041014805
29 58 1.2681623307605188
29 59 1.3827272448071666
29 60 1.1718853884718283
29 61 1.2185582042917613
29 62 1.2006485278502372
29 63 1.3556477939478733
29 64 1.4207912830539087
29 65 1.3199063531385564
29 66 0.8065120061557428
29 67 1.2674972965940392
29 68 1.3879236029456683
29 69 1.4517610716149985
29 70 1.396271481382673
29 71 1.1971099113960153
29 72 1.4232307490396165
29 73 1.3299037627785197
29 74 1.379085062612861
30 31 1.2089247158386591
30 32 1.4539415876916475
30 33 1.0176260204412972
30 34 1.2440075949670364
30 35 1.38097678563863
30 36 1.2381649745192491
30 37 1.32360594961225
30 38 1.0517277369934253
30 39 1.1257731869711733
30 40 1.3230130118632988
30 41 1.1673447006344941
30 42 1.2770303674135084
30 43 1.205033496526398
30 44 1.4420481428368288
30 45 1.10935605529062
30 46 1.1861983246790873
30 47 1.3371817394702985
30 48 1.160933746382632
30 49 1.4968671085665723
30 50 1.0920076449367326
30 51 1.297635909309359
30 52 1.4218481954999904
30 53 1.2821294292096366
30 54 1.0278740721514783
30 55 1.3720395370880532
30 56 1.28836727754398
30 57 1.3727540933364801
30 58 1.1954258719480533
30 59 1.4086197341106088
30 60 1.063872325778079
30 61 1.257119511710073
30 62 1.2587856701343014
30 63 1.2872389703904021
30 64 1.3533029685082607
30 65 1.281223094472159
30 66 1.181483382789485
30 67 1.2783557973752206
30 68 1.3760823347925124
30 69 1.4935501235781965
30 70 1.348489655833474
30 71 1.1094709207751683
30 72 1.2511060854313043
30 73 1.2433975762467029
30 74 1.3835189815566256
31 32 1.478892618554074
31 33 1.3267317560173155
31 34 1.296218733454078
31 35 1.0743734965965341
31 36 1.208375307854909
31 37 1.3591949109014285
31 38 1.3558711285179879
31 39 1.3102214511651553
31 40 1.2464265309757003
31 41 1.2701403732366958
31 42 1.3161060076605782
31 43 1.274178720938674
31 44 1.4464608642709988
31 45 1.3449309631489361
31 46 1.253782045890111
31 47 1.4074956671314767
31 48 1.292811106464923
31 49 1.314389633604
31 50 1.3012870423689076
31 51 1.286064349882011
31 52 1.4594879037283162
31 53 1.3605313104962375
31 54 1.1779370523549826
31 55 1.319849709488264
31 56 1.3107254976817575
31 57 1.3811800504219918
31 58 1.2448420211475073
31 59 1.2699876241017272
31 60 1.1882232340081729
31 61 1.1032043412194934
31 62 1.351263443794216
31 63 1.2666079413145246
31 64 1.5069342849585783
31 65 1.2040723027418256
31 66 1.221679409692832
31 67 1.3187409800730179
31 68 1.3712723677855774
31 69 1.464023596662653
31 70 1.36362166929906
31 71 1.4226374033562346
31 72 1.4414735582774325
31 73 1.3209754642188554
31 74 1.3304587647217048
32 33 1.356454974087598
32 34 1.4166778415013193
32 35 1.5388182432471265
32 36 1.2520303495235696
32 37 1.3572840722264283
32 38 1.3939428622702126
32 39 1.3668859245981986
32 40 1.3611198470293295
32 41 1.3843525467121223
32 42 1.420397385480811
32 43 1.398292631167885
32 44 1.2972547657475397
32 45 1.2895592537083362
32 46 1.3427402598670812
32 47 1.191447995946421
32 48 1.3837527726206362
32 49 1.4000643728457252
32 50 1.3039070597292646
32 51 1.2699361177461024
32 52 1.3749816013404483
32 53 1.271354962141781
32 54 1.3332890669547708
32 55 1.4127930646731974
32 56 1.2765671000504557
32 57 1.268020856807931
32 58 1.3715463557854486
32 59 1.3856177092557753
32 60 1.335924434479414
32 61 1.6080266032779404
32 62 1.3042076353478036
32 63 1.183606332653255
32 64 1.2944116782469641
32 65 1.3697894040097174
32 66 1.4314125352652993
32 67 1.2656491708633628
32 68 1.402382927178933
32 69 1.2269991608250908
32 70 1.2214746748429266
32 71 1.3476598652987617
32 72 1.2768921733341272
32 73 1.2486860282853673
32 74 1.364157263749224
33 34 1.3555234311694715
33 35 1.5310423465559908
33 36 1.1466798651632173
33 37 1.28701038888216
33 38 0.5813846021294522
33 39 1.056248882464517
33 40 1.405285571822204
33 41 1.2881843905508696
33 42 1.1961046641347133
33 43 1.3407912976793075
33 44 1.3201698572426641
33 45 0.8766546698462564
33 46 1.2367171536086115
33 47 1.2587011029777275
33 48 1.2398450895659343
33 49 1.5792705327349401
33 50 1.0855459878153881
33 51 1.318586861360951
33 52 1.3770109894448577
33 53 1.2337949869583706
33 54 1.071803356758973
33 55 1.4808086155837705
33 56 1.2180686724459922
33 57 1.2980598219183828
33 58 1.1174068686335414
33 59 1.4727120094333521
33 60 1.0720902077313383
33 61 1.223752222186536
33 62 1.1949155555574873
33 63 1.2453664377788487
33 64 1.282466090307399
33 65 1.134446853329417
33 66 1.2432702042067547
33 67 1.1370301891211987
33 68 1.3688303067785146
33 69 1.3221263983299496
33 70 1.1454439530454208
33 71 0.6460083637436377
33 72 1.3255828546453803
33 73 1.0942250338689767
33 74 1.3885337147179542
34 35 1.4119168114371454
34 36 1.2971038773106696
34 37 1.408152101897239
34 38 1.4257439077713634
34 39 1.6054425170786097
34 40 1.3908475670199065
34 41 1.370898744098372
34 42 1.4191523331221194
34 43 1.4218084188929347
34 44 1.409884506057041
34 45 1.3453096529436106
34 46 1.3348418405907698
34 47 1.4565551318383014
34 48 1.3808163319311781
34 49 1.4050102271294698
34 50 1.3717059677321914
34 51 1.4460634359074822
34 52 1.3262895163234119
34 53 1.3733496511561527
34 54 1.3378802154487643
34 55 1.4811913918632331
34 56 1.3432579525109363
34 57 1.462112609494838
34 58 1.3756254869253837
34 59 1.419234000173003
34 60 1.3371565143282855
34 61 1.4036086690133063
34 62 1.4242306677212697
34 63 1.3460565180951518
34 64 1.5498196940325653
34 65 1.287856870294362
34 66 1.4108315416351935
34 67 1.384519615594607
34 68 1.3467957664343333
34 69 1.3877545863792657
34 70 1.3308984796734347
34 71 1.3483419205374276
34 72 1.3899897306405034
34 73 1.2762707375537152
34 74 1.3517125416982292
35 36 1.40729213008145
35 37 1.4846953709216255
35 38 1.516392910303041
35 39 1.4190336169830993
35 40 1.2463266681866503
35 41 1.2269538828767443
35 42 1.325396080491288
35 43 1.2847327431280045
35 44 1.4068958236483833
35 45 1.422584556890282
35 46 1.291986156334981
35 47 1.4593288356452951
35 48 1.1720143595448915
35 49 1.1436340612957479
35 50 1.3840380559774377
35 51 1.353742098262541
35 52 1.3047372499348104
35 53 1.3896069696690476
35 54 1.3838514723622986
35 55 1.1657127105709264
35 56 1.4403875486395321
35 57 1.3867662353031063
35 58 1.343943025258579
35 59 1.3115010334226245
35 60 1.336769342866194
35 61 1.0748361267992457
35 62 1.3332893321724921
35 63 1.3738558335283353
35 64 1.4441253699674155
35 65 1.2577884107511708
35 66 1.3261272853933601
35 67 1.2897078557575707
35 68 1.313358651990105
35 69 1.423186668580699
35 70 1.4258176974232475
35 71 1.5900853853531443
35 72 1.3521367796291361
35 73 1.41861314730544
35 74 1.3115951409387
36 37 1.345452881593711
36 38 1.268880990485091
36 39 1.2794766655537115
36 40 1.3126319613972592
36 41 1.3361630875814328
36 42 1.3146747554711111
36 43 1.2818256209922214
36 44 1.3828864118755053
36 45 1.158811946785733
36 46 1.2775144429014493
36 47 1.259135155525728
36 48 1.2867529053200373
36 49 1.3626630198009877
36 50 1.2484905119305827
36 51 1.2651411892542224
36 52 1.328118628013136
36 53 1.253387441049343
36 54 1.2014979099325145
36 55 1.2719100881750864
36 56 1.299300111460205
36 57 1.2301524270420054
36 58 1.2625345150731426
36 59 1.4336430429813514
36 60 1.183595460687691
36 61 1.4099091254792786
36 62 1.2645830427346683
36 63 1.2758872216739163
36 64 1.3970465876858238
36 65 1.117457892866576
36 66 1.35812758529694
36 67 1.2703933124296296
36 68 1.3655652277404282
36 69 1.3344359756066861
36 70 1.3146294768680145
36 71 1.2638585041358468
36 72 1.3114905260444463
36 73 1.3438257394834965
36 74 1.3685984088026129
37 38 1.2138707115213732
37 39 1.364017344723907
37 40 1.5028962930118368
37 41 1.4354681453789748
37 42 1.467174899806018
37 43 1.387434225026751
37 44 1.1568193082154292
37 45 1.2717771672544302
37 46 1.3423486514592948
37 47 1.3307413417965632
37 48 1.3182328566520713
37 49 1.4879616846372403
37 50 1.2134163332799253
37 51 1.4191930797139238
37 52 1.3426784920535704
37 53 1.1460349540271493
37 54 1.2299771724060422
37 55 1.4621976456834629
37 56 1.3622024150273158
37 57 1.2426282683751246
37 58 1.2870137039598586
37 59 1.4985286536349935
37 60 1.3437924706965236
37 61 1.31910333663567
37 62 1.3297743172853358
37 63 1.413383317273006
37 64 1.3247049540945819
37 65 1.3442491432694268
37 66 1.3742206219647954
37 67 1.4318136969046589
37 68 1.3847366690601117
37 69 1.2484367982769211
37 70 1.3210588472968283
37 71 1.3493402859745691
37 72 1.4167796651660698
37 73 1.3510075839438385
37 74 1.3649662170329995
38 39 1.0720251748187648
38 40 1.420275989947509
38 41 1.3086321499660991
38 42 1.2705576820738664
38 43 1.2823947427230806
38 44 1.3260562779155716
38 45 0.9700882432517758
38 46 1.2868931623984405
38 47 1.3036188238116357
38 48 1.255163129128835
38 49 1.5525436193093696
38 50 1.0620392960924157
38 51 1.3220469459262094
38 52 1.3875774887989984
38 53 1.2846366293699392
38 54 1.1151198348441729
38 55 1.4588675385294345
38 56 1.2505230464269437
38 57 1.332140130870852
38 58 1.0929601660829968
38 59 1.3889864353280157
38 60 1.0884124853159374
38 61 1.2774879826720023
38 62 1.199148353123487
38 63 1.2887597960820167
38 64 1.2473403564425518
38 65 1.2089306380753686
38 66 1.2430069093012885
38 67 1.1212454087812105
38 68 1.4094127332782367
38 69 1.3401663021195835
38 70 1.2640475711888193
38 71 0.7534252438530389
38 72 1.3662760729904926
38 73 1.1061165018153836
38 74 1.3984673016255698
39 40 1.343398197213796
39 41 1.2459112996497494
39 42 1.3171593317246133
39 43 1.2993563905567471
39 44 1.3897073933850672
39 45 1.1146026400213729
39 46 1.2651612039070361
39 47 1.2392463881322486
39 48 1.2801311797658066
39 49 1.423830187338728
39 50 1.1264197287457531
39 51 1.289971563213593
39 52 1.3266523823799643
39 53 1.2212453770657556
39 54 1.1140265320748801
39 55 1.3691829785831526
39 56 1.3388625685623121
39 57 1.163587313754479
39 58 1.1483792634624326
39 59 1.3364886042399886
39 60 1.066849288620607
39 61 1.2063043144667804
39 62 1.2193216528186221
39 63 1.3093354887434316
39 64 1.1483731173226241
39 65 1.2261722871193272
39 66 1.1987157922980696
39 67 1.2191659830659047
39 68 1.4181476119691718
39 69 1.4262782905230909
39 70 1.2922203618819144
39 71 1.1668265942872376
39 72 1.2622574378978726
39 73 1.281984561966651
39 74 1.3922469807186095
40 41 1.1785051695349928
40 42 1.2402918276515835
40 43 1.2838068426011382
40 44 1.4663561491256774
40 45 1.3454357186148507
40 46 1.330355954855104
40 47 1.375947072936884
40 48 1.3244207326366568
40 49 1.0290273978522497
40 50 1.3739136615225063
40 51 1.1409182355498826
40 52 1.2254114441260426
40 53 1.3489142107432666
40 54 1.3123037472901375
40 55 1.0525743467328674
40 56 1.3853605192582623
40 57 1.3015696334434501
40 58 1.3168575069532809
40 59 1.1371403224980048
40 60 1.3068343407141139
40 61 1.3270455961753171
40 62 1.3364400379219528
40 63 1.3702319924478998
40 64 1.3783068744466636
40 65 1.3056828142163082
40 66 1.2994953414539254
40 67 1.2404731832876748
40 68 1.3925515458002686
40 69 1.4265275480564823
40 70 1.3033673576749343
40 71 1.5016727165564052
40 72 1.3571400184701248
40 73 1.383142640860483
40 74 1.3665178491387322
41 42 1.2454881374193194
41 43 1.3012770976384391
41 44 1.4265807406453026
41 45 1.2580297822608828
41 46 1.3110016672740832
41 47 1.4518961915165178
41 48 1.237736703720007
41 49 1.3658957693980145
41 50 1.2534905602750164
41 51 1.3356566575121125
41 52 1.5212568535084603
41 53 1.3675051753517637
41 54 1.3667731859734518
41 55 1.2779094827075288
41 56 1.3070071274719002
41 57 1.330327639955346
41 58 1.2201530579412618
41 59 1.4076678743493052
41 60 1.1615878695702893
41 61 1.2894422431916719
41 62 1.2677882412352155
41 63 1.4265461411770637
41 64 1.4523536519652183
41 65 1.254082137290654
41 66 0.9237013378729693
41 67 1.2200268794596516
41 68 1.485852862378079
41 69 1.409079753813877
41 70 1.3727268953616003
41 71 1.2814225597862567
41 72 1.3054074739270827
41 73 1.4257163154426202
41 74 1.3388639055287441
42 43 1.4168984447722148
42 44 1.3090540798401873
42 45 1.1086632694668082
42 46 1.3164918059854955
42 47 1.4083527187527192
42 48 1.3258424428609838
42 49 1.4244873348003833
42 50 1.3075570542623034
42 51 1.2636336570282016
42 52 1.3214261504522662
42 53 1.5245082245617718
42 54 1.3621880769518762
42 55 1.3589782304728717
42 56 1.2713670785033873
42 57 1.5118360317798236
42 58 1.200713074580919
42 59 1.4089056527188948
42 60 1.3290799585870459
42 61 1.3502696625256556
42 62 1.3029928271264457
42 63 1.2829214326648086
42 64 1.3347256822953706
42 65 1.279114483389011
42 66 1.2518049569196337
42 67 1.3924983189247364
42 68 1.4189769427736503
42 69 1.3242523870687872
42 70 1.3044042722136997
42 71 1.3085421334463876
42 72 1.2906238897555447
42 73 1.3192714290884746
42 74 1.338036171308519
43 44 1.4230121765256822
43 45 1.3469569570600826
43 46 1.282489723759374
43 47 1.258100868348213
43 48 1.4024084271481374
43 49 1.2233842630006013
43 50 1.2050676170788217
43 51 1.342208896844569
43 52 1.3175800367320152
43 53 1.3525310086153888
43 54 1.1626818610874594
43 55 1.2416751062267473
43 56 1.359930160156316
43 57 1.2745104093811805
43 58 1.4073493453903452
43 59 1.1257610699130185
43 60 1.1885332286443737
43 61 1.3488870362278427
43 62 1.2869919952896813
43 63 1.4094721392212108
43 64 1.4027778737460705
43 65 1.2320120481097812
43 66 1.3409575742445945
43 67 1.1391117721989819
43 68 1.4119280382103232
43 69 1.4531306916904942
43 70 1.3921909049690533
43 71 1.3508390888801942
43 72 1.3501862872416655
43 73 1.205042943326603
43 74 1.4736244656370576
44 45 1.225451649223491
44 46 1.3732026565527693
44 47 1.393493251334241
44 48 1.4541861648743313
44 49 1.4194743004086412
44 50 1.3621153021278427
44 51 1.3771469241318268
44 52 1.331122352927479
44 53 1.245636892605925
44 54 1.3575839248085289
44 55 1.4125539237846103
44 56 1.3253274807698754
44 57 1.375774325266157
44 58 1.2652727115691063
44 59 1.461710576250518
44 60 1.4820166833868287
44 61 1.4565445214573873
44 62 1.3987884199069158
44 63 1.3125743395644345
44 64 1.1598518381107474
44 65 1.411290389679849
44 66 1.3191697185972173
44 67 1.4427086153546607
44 68 1.4089204173140673
44 69 1.083825218946875
44 70 1.2872676844139224
44 71 1.374505153360212
44 72 1.2682067696840182
44 73 1.4111126757068941
44 74 1.2532248752356019
45 46 1.2380213623512673
45 47 1.2065286309628527
45 48 1.2530256605607821
45 49 1.4368854607017985
45 50 1.089815708615104
45 51 1.161404507990924
45 52 1.2978954782842138
45 53 1.2572942295332141
45 54 1.0766809184096777
45 55 1.3793346575089562
45 56 1.170240655188594
45 57 1.310093341244369
45 58 1.094022984337363
45 59 1.3893631281635637
45 60 1.122270272485616
45 61 1.290240356552663
45 62 1.2678554244945726
45 63 1.117749449379531
45 64 1.1538643796024926
45 65 1.1330442702035934
45 66 1.2838412044972718
45 67 1.2145652785382526
45 68 1.2661077927762785
45 69 1.3453325246389738
45 70 1.2007951759861206
45 71 1.0776860649813627
45 72 1.1975027598713814
45 73 1.216722009041066
45 74 1.2433151417530222
46 47 1.131812445378251
46 48 1.2177928702572152
46 49 1.3182962481945961
46 50 1.2111313521630462
46 51 1.2304155023855456
46 52 1.1742575932013857
46 53 1.2520923719021413
46 54 1.2007562983297349
46 55 1.34352807531076
46 56 1.2802356449775847
46 57 1.3438664418187756
46 58 1.2039171698313302
46 59 1.403265227102739
46 60 1.2799000107089185
46 61 1.342399181498005
46 62 1.289835412900513
46 63 1.267637311072834
46 64 1.426553969903372
46 65 1.1744557919524095
46 66 1.3538653589057374
46 67 1.3571815685161002
46 68 1.3326797835200912
46 69 1.4298185884706482
46 70 1.2873231453522052
46 71 1.3680187668620594
46 72 1.2396986036567235
46 73 1.3504779569575487
46 74 1.4180158069863733
47 48 1.364417562100652
47 49 1.3811852832369031
47 50 1.1200946656705604
47 51 1.2306075614523364
47 52 1.1298387875198599
47 53 1.1235629358953951
47 54 1.2208405291239321
47 55 1.3965226070056966
47 56 1.2397832521531802
47 57 1.2643057969110023
47 58 1.2312584962541155
47 59 1.409890307078551
47 60 1.3351591740355586
47 61 1.4867833352886213
47 62 1.221346192809269
47 63 1.172290604804524
47 64 1.3132299768099542
47 65 1.2265044110306667
47 66 1.491921045064412
47 67 1.3446694412190088
47 68 1.4292698482746942
47 69 1.4239743529163549
47 70 1.3626825929072122
47 71 1.3497182491415833
47 72 1.2256478671936462
47 73 1.134742337237277
47 74 1.4689066406272202
48 49 1.4473499289317608
48 50 1.2895690456454794
48 51 1.2849698803329657
48 52 1.4012069089293058
48 53 1.2734757617630188
48 54 1.252080640970549
48 55 1.3703005427701538
48 56 1.3526692662258053
48 57 1.3473384396595736
48 58 1.239631466874201
48 59 1.3787090708843501
48 60 1.211972020851548
48 61 1.3205929447961215
48 62 1.2701283526951022
48 63 1.292490416394877
48 64 1.3840738097213514
48 65 1.245793922838608
48 66 1.2908926027918213
48 67 1.2875990137011977
48 68 1.2302678515541876
48 69 1.470951737395004
48 70 1.394490945638854
48 71 1.3507836929745938
48 72 1.298686510703562
48 73 1.4042694747255628
48 74 1.3986845437813085
49 50 1.4268400451693037
49 51 1.1429122011205366
49 52 1.2533712063042604
49 53 1.3480194596892767
49 54 1.3792622482040526
49 55 0.9777498753203786
49 56 1.4310920932490263
49 57 1.2775106142630503
49 58 1.4354368422886277
49 59 1.0662732925036333
49 60 1.3687363654698639
49 61 1.3303787668891158
49 62 1.3572989947446226
49 63 1.3879085740762422
49 64 1.380195853637504
49 65 1.285321099910879
49 66 1.4307960440868717
49 67 1.2716453956624358
49 68 1.3134625403432072
49 69 1.4056844532010422
49 70 1.2951631082107677
49 71 1.5932772341901713
49 72 1.4044999204907926
49 73 1.4059411893896925
49 74 1.393727294191008
50 51 1.2180166698984511
50 52 1.2455584781920852
50 53 1.2507521621184627
50 54 1.1338122158759059
50 55 1.3919572059300018
50 56 1.290335799905125
50 57 1.2960689945515067
50 58 1.0748662235153918
50 59 1.391391375586659
50 60 1.109363210747215
50 61 1.3041405130260872
50 62 1.2286523161331258
50 63 1.2377666492615216
50 64 1.2840138999685229
50 65 1.0965156270113083
50 66 1.320169426689115
50 67 1.149510202026325
50 68 1.3565189317735888
50 69 1.3984225125721996
50 70 1.2760075924124974
50 71 1.1629678382624908
50 72 1.266152785118533
50 73 1.1519229329541807
50 74 1.3742288461324634
51 52 1.2420644431829013
51 53 1.3342640730708517
51 54 1.2451238975858827
51 55 1.2275985777847238
51 56 1.2953391178733047
51 57 1.253796569440746
51 58 1.245545328166349
51 59 1.3224188490949216
51 60 1.2274386492993106
51 61 1.372079463398435
51 62 1.2336312990665987
51 63 1.361486512385057
51 64 1.26745799365524
51 65 1.2954925421439363
51 66 1.2588108167978482
51 67 1.2938028421108123
51 68 1.191999429636605
51 69 1.3733804992268481
51 70 1.3268022039474132
51 71 1.4251345624131826
51 72 1.3807949579004595
51 73 1.3632996273339653
51 74 1.3708225031364967
52 53 1.2796979376243147
52 54 1.330244566795129
52 55 1.3040081791178137
52 56 1.3622968153285488
52 57 1.2714813254660122
52 58 1.3662060956858888
52 59 1.3088417920135553
52 60 1.3964827247981269
52 61 1.3499485803521405
52 62 1.2928495925891408
52 63 1.2986820192127062
52 64 1.2107355978596415
52 65 1.2989745701621975
52 66 1.481274036799552
52 67 1.406360058138201
52 68 1.4118802877029735
52 69 1.3752502621725868
52 70 1.3499196082402003
52 71 1.4860144060806202
52 72 1.3191090425316283
52 73 1.280951739372608
52 74 1.3688139957372412
53 54 1.0875124162265415
53 55 1.4162332257052737
53 56 1.3745277919951726
53 57 0.9380713490975635
53 58 1.3086495935593079
53 59 1.4599433604378833
53 60 1.3241869531479646
53 61 1.362464410822365
53 62 1.152112540843978
53 63 1.376242500921389
53 64 1.324065376972151
53 65 1.2716976010207586
53 66 1.3784258467564932
53 67 1.2950548191812847
53 68 1.3997126350502287
53 69 1.4187973528057825
53 70 1.2805861155427931
53 71 1.3578383851467826
53 72 1.2172255364643312
53 73 1.3277215114048466
53 74 1.3348203721629224
54 55 1.3518425232423257
54 56 1.2558053473457538
54 57 1.058383221022495
54 58 1.1307814087981272
54 59 1.2830287342983153
54 60 1.069752051788083
54 61 1.2744274905022706
54 62 1.2278320916011622
54 63 1.2390572985876362
54 64 1.3339588507712266
54 65 1.2179966343139415
54 66 1.3863849169542621
54 67 1.228516747479004
54 68 1.3758140955645677
54 69 1.4777620338042303
54 70 1.286837352381549
54 71 1.234004029130731
54 72 1.2288006851919535
54 73 1.173542359669116
54 74 1.360369764486489
55 56 1.4137271656481736
55 57 1.3591891971857193
55 58 1.4228332320508628
55 59 1.1538089803700506
55 60 1.4084184911985522
55 61 1.34357526478146
55 62 1.3575490812193611
55 63 1.4134734773768083
55 64 1.4086391967552436
55 65 1.299760606594231
55 66 1.4128139402544422
55 67 1.3035222504559973
55 68 1.4942292090507914
55 69 1.3873042906048494
55 70 1.406165272855716
55 71 1.5621324523853761
55 72 1.4046306876003838
55 73 1.4402764464703175
55 74 1.3863098388621196
56 57 1.3588129873078458
56 58 1.3032730091533453
56 59 1.380703682635678
56 60 1.254812605608743
56 61 1.3783068378496643
56 62 1.2725296697904482
56 63 1.3172767207817082
56 64 1.3383237638457814
56 65 1.3576207066553652
56 66 1.3104754944999055
56 67 1.3489626754911634
56 68 1.4426726865649417
56 69 1.3746783972199814
56 70 1.377142467726369
56 71 1.208911215587682
56 72 1.3906300181458444
56 73 1.1968212465766999
56 74 1.407524926349305
57 58 1.2755102294195129
57 59 1.3832221707056889
57 60 1.2226662248509454
57 61 1.3377617444026053
57 62 1.2430001591263775
57 63 1.4854734251309512
57 64 1.360623173273153
57 65 1.2990196983407192
57 66 1.3540395906937743
57 67 1.2560540506680307
57 68 1.3735281102144972
57 69 1.4778008092155832
57 70 1.3193848519941433
57 71 1.408070351582249
57 72 1.2788408354763627
57 73 1.3378693586978039
57 74 1.441267029346729
58 59 1.5079445377133953
58 60 1.1295219213369192
58 61 1.2926337576982239
58 62 1.2731263120956227
58 63 1.305888657875291
58 64 1.2807721378842252
58 65 1.2559639378610543
58 66 1.2896490608719313
58 67 1.27250939255751
58 68 1.3925080748132204
58 69 1.3715384795626808
58 70 1.2723834924520045
58 71 1.2411307748883378
58 72 1.275603538978518
58 73 1.2360208336818332
58 74 1.4605089008839354
59 60 1.3445299308498155
59 61 1.3518495926634095
59 62 1.3189137485517466
59 63 1.3046743601157287
59 64 1.2876916502790205
59 65 1.2837777896485059
59 66 1.5037319275307741
59 67 1.1982655837783367
59 68 1.345585208513281
59 69 1.4303111779740654
59 70 1.387039214592867
59 71 1.5406305016965738
59 72 1.4631228572440502
59 73 1.3278363447974735
59 74 1.383609165479923
60 61 1.202475581323995
60 62 1.1742972204406112
60 63 1.278079031061505
60 64 1.308374919360113
60 65 1.1073176884869158
60 66 1.1618324701941445
60 67 1.1141649184422062
60 68 1.2785340040006212
60 69 1.4341673158827488
60 70 1.2042678867195604
60 71 1.1466717678245504
60 72 1.3406718940531008
60 73 1.175398472421131
60 74 1.385882603543389
61 62 1.3564577991679587
61 63 1.4365275124633223
61 64 1.2784292037007365
61 65 1.2102248797427737
61 66 1.2796536532535938
61 67 1.2447317600304568
61 68 1.2799989184204434
61 69 1.399531618847725
61 70 1.317983195205737
61 71 1.3229048253675049
61 72 1.3634806317058823
61 73 1.3224668636492614
61 74 1.27684103229628
62 63 1.279432796621711
62 64 1.316784564871557
62 65 1.2640820881124748
62 66 1.265929938254293
62 67 1.171257537891621
62 68 1.4208986703480768
62 69 1.3905664400739581
62 70 1.3070839846051465
62 71 1.2817531552399373
62 72 1.2768457017826182
62 73 1.2580568858856858
62 74 1.3541171775151861
63 64 1.241805581162532
63 65 1.2016322198102403
63 66 1.3892523636111487
63 67 1.2397024431856367
63 68 1.320959728348257
63 69 1.3719508518266885
63 70 1.30402171876499
63 71 1.266731921861159
63 72 1.2774889840323325
63 73 1.28197019044573
63 74 1.395899422797498
64 65 1.3386185978764888
64 66 1.4089433777420177
64 67 1.3113553634127941
64 68 1.2518056005276224
64 69 1.198245997025295
64 70 1.3227473182067517
64 71 1.3244080526968967
64 72 1.1811407957524906
64 73 1.367526821541815
64 74 1.2122425109622494
65 66 1.3800515849054893
65 67 1.1070541596132326
65 68 1.2960655149524323
65 69 1.2939437430649485
65 70 1.1640551852263339
65 71 1.2746853028197247
65 72 1.313395615046098
65 73 1.2582720609701632
65 74 1.319576223055801
66 67 1.2967609027679683
66 68 1.4277848842917842
66 69 1.434656722052468
66 70 1.4023844297274242
66 71 1.2030666797498535
66 72 1.3716748755351715
66 73 1.3735872000849016
66 74 1.4444806591728232
67 68 1.3213117417930722
67 69 1.3085519945775357
67 70 1.243436541683864
67 71 1.1339674175712884
67 72 1.3864372725775038
67 73 1.2021957736543754
67 74 1.4318208071349694
68 69 1.4182842171675512
68 70 1.3748530772719016
68 71 1.423429714840713
68 72 1.3501684978347235
68 73 1.4263894874019998
68 74 1.3036393031906444
69 70 1.2018096407048648
69 71 1.3326086538255904
69 72 1.3225748845399667
69 73 1.3803551393956346
69 74 1.3080965142969354
70 71 1.2403182681547193
70 72 1.4309556789140156
70 73 1.3429377906281303
70 74 1.3856044058842432
71 72 1.4156507892378944
71 73 1.121235476433122
71 74 1.4707614625234953
72 73 1.3743940712727345
72 74 1.3139773469415332
73 74 1.4497874360941376
