90 0
0 1 1.279666240331811
0 2 1.2086396064325065
0 3 1.2632446485626758
0 4 1.3092290951074879
0 5 1.2469888734434953
0 6 1.1543324662051335
0 7 1.2868931623984405
0 8 1.2831418561295598
0 9 1.4070184898162978
0 10 1.3536002441972368
0 11 1.3626803176712823
0 12 1.2347729947202422
0 13 1.3394750105021522
0 14 1.1209834747483396
0 15 1.232047755588255
0 16 1.208523145471595
0 17 1.2757358525806028
0 18 1.2349129596994877
0 19 1.2799000107089185
0 20 1.4017718312497254
0 21 1.3048490349044588
0 22 1.2598407655367632
0 23 1.2111313521630462
0 24 1.3477991965423108
0 25 1.2651496826647246
0 26 1.386797566094369
0 27 1.3694019260289123
0 28 1.403265227102739
0 29 1.2039171698313302
0 30 1.1749573387306378
0 31 1.1881318396847071
0 32 1.1310066772159586
0 33 1.1671087863353777
0 34 1.3793637449887404
0 35 1.3317471161072405
0 36 1.2519595112003714
0 37 1.2872143268961251
0 38 1.2487217189581177
0 39 1.112124052700741
0 40 1.4821072785394807
0 41 1.3398313521564738
0 42 1.369304386205163
0 43 1.3516233186454167
0 44 1.160489272505677
0 45 1.244466467030464
0 46 1.1975428252323805
0 47 1.2836110589590122
0 48 1.2501294301863766
0 49 1.224264822005027
0 50 1.3123287340928615
0 51 1.258277845224172
0 52 1.2563939579493861
0 53 1.2005973435495976
0 54 1.2814878894217892
0 55 1.3110016672740832
0 56 1.3267011448918509
0 57 1.3068883564931169
0 58 1.2768974098002528
0 59 1.4091688386084333
0 60 1.2492110127636642
0 61 1.1781632575556498
0 62 1.328236571319687
0 63 1.3095657485679986
0 64 1.2056423338830062
0 65 1.2609391960087162
0 66 1.3316265965398053
0 67 1.3224114924935624
0 68 1.1855290289241842
0 69 1.1809895504416377
0 70 1.2631816385996066
0 71 1.1358269787499256
0 72 1.1556123191010832
0 73 1.240480251466081
0 74 1.3552240286340946
0 75 1.267637311072834
0 76 1.2865705690962812
0 77 1.31633055840557
0 78 1.359342021265313
0 79 1.2653435463722003
0 80 1.2088381469826215
0 81 1.260096595566784
0 82 1.35200334814592
0 83 1.3354374600824745
0 84 1.268063409526457
0 85 1.2312889953205117
0 86 1.280151054953694
0 87 1.3037600541399874
0 88 1.279422889885552
0 89 1.1691995825015291
1 2 1.2341551646051347
1 3 1.3302156424569267
1 4 1.1812250279732333
1 5 1.2602519428322059
1 6 1.3271544944080689
1 7 1.3028206544087535
1 8 1.28688553030674
1 9 1.2975824124090787
1 10 1.4283174596255357
1 11 1.42808806616265
1 12 1.2644278169028238
1 13 1.3014079347602936
1 14 1.244326855333655
1 15 1.3908573774165423
1 16 1.3402317411467592
1 17 1.347291742891155
1 18 1.3394272540154357
1 19 1.152924669061583
1 20 1.4363737047666922
1 21 1.3060253503493275
1 22 1.2239558392349028
1 23 1.3364399244581828
1 24 1.1613416057993278
1 25 1.3547963864011119
1 26 1.3794992090895575
1 27 1.2174549295507382
1 28 1.372380758626567
1 29 1.2648212941795502
1 30 1.22253602925907
1 31 1.3014392522120282
1 32 0.9871122474291719
1 33 1.2233787841710004
1 34 1.3519551630981061
1 35 1.342286880253029
1 36 1.1778224104485255
1 37 1.3034017485018514
1 38 1.206888496392803
1 39 1.228494065710882
1 40 1.2611389046858947
1 41 1.2931749182961125
1 42 1.3442558817375172
1 43 1.3785515155338208
1 44 1.3441863158102931
1 45 1.3673830745796007
1 46 1.2095391908596858
1 47 1.2843703006205878
1 48 1.346012076975992
1 49 1.2640338190277045
1 50 1.1674235161365318
1 51 1.4402929571824392
1 52 1.2448599887018879
1 53 1.3217770295820683
1 54 1.34130129964699
1 55 1.3583909467165247
1 56 1.3888625729866793
1 57 1.1349852431005152
1 58 1.3475663293300666
1 59 1.3326995330891487
1 60 1.2348551872905646
1 61 1.299975384118835
1 62 1.3812605111414284
1 63 1.1688198307260662
1 64 1.2505353345379557
1 65 0.9160678840296905
1 66 1.1473343067404884
1 67 1.2996500061843757
1 68 1.2389846427817348
1 69 1.1151369249223504
1 70 1.3286124005023912
1 71 1.241874044222392
1 72 1.3095025253730435
1 73 1.2541728354552977
1 74 1.3871089533169043
1 75 1.188166575826041
1 76 1.327144536255871
1 77 1.3714473653348487
1 78 1.4185710674695264
1 79 1.1237928843626739
1 80 1.3204597963107703
1 81 1.4259451940360761
1 82 1.3226296307650076
1 83 1.2699167149630677
1 84 1.2469539992864977
1 85 1.2952307143874635
1 86 1.2078813252880343
1 87 1.2859666240086773
1 88 1.1437831345878906
1 89 1.2679884087208344
2 3 1.080573244019363
2 4 1.2672318823879924
2 5 1.0296440818160228
2 6 0.9771566244311143
2 7 0.8754747924191457
2 8 1.346613791087115
2 9 1.3158503136881845
2 10 1.128161636029286
2 11 1.2251756360751647
2 12 1.2863748858509227
2 13 1.2932140577898776
2 14 1.2367311588079404
2 15 1.042795448716643
2 16 1.1057205526766838
2 17 1.331574880327482
2 18 0.9805385275344016
2 19 0.9983048317213508
2 20 1.2315778331435911
2 21 1.0094015533797767
2 22 0.9085365703067106
2 23 1.005039184196397
2 24 1.0764028596982287
2 25 1.1095234890359151
2 26 1.3463963721425682
2 27 1.2497642132141427
2 28 1.2793282863535262
2 29 1.0987014075148338
2 30 1.0293926985870305
2 31 1.224670971152428
2 32 1.2914298575637526
2 33 0.9569360833686347
2 34 1.0998943414781577
2 35 0.9687841758277754
2 36 1.299564560399217
2 37 1.231461119346388
2 38 0.9619513291826677
2 39 0.9171114626839189
2 40 1.1846726409716206
2 41 1.385298079310176
2 42 1.331376353932225
2 43 1.3829309460287054
2 44 1.1879280043481466
2 45 1.2098254863748692
2 46 1.1063711333345208
2 47 0.9451967270764108
2 48 0.9389082700382002
2 49 1.2630463404189565
2 50 1.0672957086831152
2 51 1.292099454506418
2 52 1.2442680470795167
2 53 1.1258341451681335
2 54 1.011203037564358
2 55 1.2659583140165718
2 56 1.329682117318993
2 57 1.2665400975764607
2 58 1.2275068653080952
2 59 1.1348491654947719
2 60 1.0409818559249013
2 61 0.9438475882729715
2 62 1.2845877959175585
2 63 1.1508401017048153
2 64 1.2604888319348198
2 65 1.2567513224991351
2 66 1.3990653700845308
2 67 1.2586183003921527
2 68 1.1330955730302557
2 69 1.0750550871391145
2 70 0.9217261856522071
2 71 1.1938858439598292
2 72 1.0136651253449682
2 73 1.1718085991448157
2 74 1.4176978184382294
2 75 1.1541207537672675
2 76 1.0072234554871609
2 77 1.3336215311804702
2 78 1.3878149917907978
2 79 0.7701904465911331
2 80 1.1170755019523841
2 81 1.2128129108904866
2 82 1.3627824923858118
2 83 1.25208640278637
2 84 1.155841747718972
2 85 1.3168198456542974
2 86 1.1228731375456047
2 87 1.178614623215847
2 88 1.1924155613686838
2 89 0.806333075692057
3 4 1.3516259081903512
3 5 1.1138583800777462
3 6 1.2371624530093912
3 7 1.0817133348808445
3 8 1.4628081863977676
3 9 1.4067963439525089
3 10 1.2694981361806388
3 11 1.374057287479798
3 12 1.3145956630885294
3 13 1.332689536679155
3 14 1.1627225327252968
3 15 1.1837083801529658
3 16 1.214254091457492
3 17 1.2628072371417267
3 18 1.15091544313921
3 19 1.1344266777982857
3 20 1.273828872446464
3 21 1.2130811389258056
3 22 1.1557669327269697
3 23 1.2222743917499694
3 24 1.2070697684511738
3 25 1.44639696375147
3 26 1.3077713926709076
3 27 1.3033674848429861
3 28 1.4277059460146548
3 29 1.2059880073644935
3 30 1.1298083298840782
3 31 1.296981756108286
3 32 1.3302872281212332
3 33 1.1922225020665747
3 34 1.1471912812722318
3 35 1.0379443694290722
3 36 1.3372413814004214
3 37 1.3181746821997478
3 38 1.1187953578496583
3 39 1.0882237019808443
3 40 1.2473964844984549
3 41 1.3476763938352205
3 42 1.2664294333732224
3 43 1.3647238057134385
3 44 1.3265773721986662
3 45 1.2283281727120396
3 46 1.3086679154956016
3 47 1.0849630064361528
3 48 1.0324752457185504
3 49 1.3083181932632728
3 50 1.1559945275039858
3 51 1.3063843006794809
3 52 1.3210265663908003
3 53 1.186651528397854
3 54 1.2291097377982318
3 55 1.332990980638607
3 56 1.2847086115460156
3 57 1.325742259058409
3 58 1.4106681404342887
3 59 1.251547958197951
3 60 1.1723114930049099
3 61 1.1467945704009588
3 62 1.3062888588341963
3 63 1.2651621156226571
3 64 1.3269166591329413
3 65 1.3700495074025398
3 66 1.3390855676750753
3 67 1.3024241223097957
3 68 1.281672829846934
3 69 1.2926531633475222
3 70 1.1662786934322682
3 71 1.325651650663319
3 72 1.2201435221380643
3 73 1.3992066106535836
3 74 1.4823799590880118
3 75 1.3288133942798306
3 76 1.1451398115020153
3 77 1.4146334987171936
3 78 1.3546877991858715
3 79 1.1139888274352792
3 80 1.3393667792398332
3 81 1.2257311003966118
3 82 1.3241505310528427
3 83 1.3789774243677781
3 84 1.1643568466091379
3 85 1.3081175088570565
3 86 1.2982633486767612
3 87 1.3015085527433978
3 88 1.2465332741945994
3 89 1.01067883825109
4 5 1.3057021609233606
4 6 1.3486815051941807
4 7 1.2025439653869694
4 8 1.3763428320408424
4 9 1.295368824445817
4 10 1.3830218746099332
4 11 1.468450171468094
4 12 1.3591617431307157
4 13 1.3059727179317657
4 14 1.300774426280397
4 15 1.3194904374706764
4 16 1.298662880627837
4 17 1.3719114473860494
4 18 1.2656297657653885
4 19 1.240865429198598
4 20 1.3211800526133624
4 21 1.308924560342688
4 22 1.3663121387832988
4 23 1.239167286338945
4 24 1.3372418768761094
4 25 1.3264171475169202
4 26 1.3505118068806663
4 27 1.4085783637465796
4 28 1.3960295264854043
4 29 1.2168957985801383
4 30 1.2153362847847373
4 31 1.3166847126967003
4 32 1.2496487707665678
4 33 1.3202341605604344
4 34 1.2896337770726893
4 35 1.3157620701713475
4 36 1.3801372938295078
4 37 1.3244128208421826
4 38 1.1982606797830266
4 39 1.2442969858157573
4 40 1.3690413777224237
4 41 1.3852164979061796
4 42 1.3768114392107351
4 43 1.3938660685185742
4 44 1.3443610668187775
4 45 1.4193937838700976
4 46 1.2738683057226512
4 47 1.3044148865949423
4 48 1.3232726215317192
4 49 1.3360854157659228
4 50 1.3316305363244214
4 51 1.4780495710644588
4 52 1.3169641079426402
4 53 1.1963487767300964
4 54 1.1935053804368958
4 55 1.4608525414545646
4 56 1.2746761994647782
4 57 1.3998830114604572
4 58 1.3972370089073123
4 59 1.380163124161555
4 60 1.3194165571191268
4 61 1.3688993202384603
4 62 1.5397324305572053
4 63 1.2442257866823954
4 64 1.280385284050944
4 65 1.2389704380205724
4 66 1.3105326908175952
4 67 1.246191939578373
4 68 1.4731363344539719
4 69 1.2962460581773378
4 70 1.3754937813257995
4 71 1.31267997221574
4 72 1.3961919305092412
4 73 1.3574082476484683
4 74 1.4240129787396125
4 75 1.4092006711498224
4 76 1.2432548299533872
4 77 1.4736471624801923
4 78 1.3756075110983452
4 79 1.2785813220275697
4 80 1.3396664167333725
4 81 1.431567091429899
4 82 1.3736621014577326
4 83 1.3849712230142461
4 84 1.4080562840622073
4 85 1.3995976456374826
4 86 1.3233434043228243
4 87 1.2950220527617042
4 88 1.3811068141351857
4 89 1.2438254467953889
5 6 1.1335746704776717
5 7 1.1292725585647045
5 8 1.3895246326505997
5 9 1.2653629315813983
5 10 1.1414317350654328
5 11 1.2279658042494066
5 12 1.2951707295231234
5 13 1.2561037106245343
5 14 1.3102778330174867
5 15 1.175901548167192
5 16 1.223943003558841
5 17 1.214762833268272
5 18 1.1558856750975959
5 19 1.1906461632376792
5 20 1.3072396331979093
5 21 1.1956676195759406
5 22 1.0946039247832176
5 23 1.1235724389441113
5 24 1.1545161929573964
5 25 1.1816732440319064
5 26 1.3605001619343293
5 27 1.0769295189439918
5 28 1.2847320867825676
5 29 1.1795773594884016
5 30 1.0396551929159268
5 31 1.2497161022140015
5 32 1.3401982848490954
5 33 1.123841014681089
5 34 1.1712573663469499
5 35 1.1112503887513578
5 36 1.319893406091399
5 37 1.351596000617608
5 38 1.108597229550864
5 39 1.038035424973814
5 40 1.3362308684208737
5 41 1.2443307840002142
5 42 1.3848214083920816
5 43 1.235567719207975
5 44 1.370154487682607
5 45 1.2172797730073683
5 46 1.1527689319981025
5 47 1.0711030602907345
5 48 1.1554970479229751
5 49 1.2560090648359163
5 50 1.2635330586482305
5 51 1.3450915094224363
5 52 1.2954455869276549
5 53 1.2229599020360167
5 54 1.1244976495357157
5 55 1.289590156479626
5 56 1.272499831685485
5 57 1.3664825309256212
5 58 1.2284237215467952
5 59 1.2528161635912467
5 60 1.1599669931581431
5 61 1.2134179781137493
5 62 1.2553644080025728
5 63 1.2500641352009927
5 64 1.1929613634922631
5 65 1.3848259660629645
5 66 1.426967974722532
5 67 1.2347421007466342
5 68 1.2538761778052143
5 69 1.2443766928424174
5 70 1.1002711970893626
5 71 1.3045740785147444
5 72 1.1417661148111724
5 73 1.1821544012250669
5 74 1.405999347792551
5 75 1.2946270618306353
5 76 1.1721095671254673
5 77 1.358244010784247
5 78 1.301506427631862
5 79 1.1437605498966297
5 80 1.254299594834907
5 81 1.2396404551417703
5 82 1.3140423587531547
5 83 1.2871783234878276
5 84 1.2576200255838665
5 85 1.362449595063391
5 86 1.2418430526445374
5 87 1.2057985525322832
5 88 1.1250593971959983
5 89 0.9939626671609004
6 7 1.1582082184554559
6 8 1.291006837045741
6 9 1.3378269302780368
6 10 1.2899577594752065
6 11 1.2174200077816133
6 12 1.2619726925720485
6 13 1.2580615120866585
6 14 1.3176992077657625
6 15 1.1883335696155628
6 16 0.9886863718983665
6 17 1.316070839583066
6 18 1.001025786870995
6 19 1.1697775553425138
6 20 1.2536709396220669
6 21 1.2388769962667885
6 22 0.9956901720448613
6 23 1.0156782494232817
6 24 1.2212036985371715
6 25 1.0015614222213076
6 26 1.3864150515064138
6 27 1.1956449525889388
6 28 1.2763991594591233
6 29 1.188992108465756
6 30 0.9455329027033518
6 31 1.2187953778992417
6 32 1.3393290247147265
6 33 1.0218555782198826
6 34 1.2686351071896271
6 35 1.2197265684960812
6 36 1.2723852349734155
6 37 1.25078100109681
6 38 1.1448285658096689
6 39 1.040093204087661
6 40 1.3714739037639057
6 41 1.3354414930527307
6 42 1.2045969704443171
6 43 1.3217752405268823
6 44 1.1284128826955533
6 45 1.2575578542085104
6 46 1.091438803618582
6 47 1.2642483227246952
6 48 1.1565590776626107
6 49 1.1904937871983363
6 50 1.2825159032766067
6 51 1.0725008078030747
6 52 1.2560956499172184
6 53 1.134343966212002
6 54 1.0703230546101559
6 55 1.404991872365484
6 56 1.3232876079772171
6 57 1.3047128233174958
6 58 1.1126889984529502
6 59 1.261772431275506
6 60 1.041653639914741
6 61 1.1474141670701237
6 62 1.1126493766240748
6 63 1.3217731533304062
6 64 1.1224125932879845
6 65 1.3554771407165607
6 66 1.471217378866128
6 67 1.2709917589690807
6 68 1.252055298685892
6 69 1.2478767018321062
6 70 1.0978137539280837
6 71 0.9359243478438388
6 72 1.036566739222976
6 73 1.1214824977151758
6 74 1.332027292954243
6 75 1.2039576599586497
6 76 1.214392724880571
6 77 1.3063593226042818
6 78 1.4091017473221674
6 79 1.1370502052302829
6 80 1.1710325473351118
6 81 1.1751964814040337
6 82 1.4194359767059397
6 83 1.3030269008869513
6 84 1.273028285556184
6 85 1.3247598850136417
6 86 1.1933168718399099
6 87 1.042748022509095
6 88 1.251345847922964
6 89 1.0403210356136667
7 8 1.4272460310386152
7 9 1.327978434630945
7 10 1.1767338687959283
7 11 1.4340911120716586
7 12 1.2870364539436356
7 13 1.124848835254169
7 14 1.2946847502557604
7 15 1.0273580854225077
7 16 1.092354940532515
7 17 1.4905557810470331
7 18 1.1013930055471828
7 19 1.0884124853159374
7 20 1.2579754904134943
7 21 1.0070947260188572
7 22 0.9837501641698067
7 23 1.0620392960924157
7 24 1.1460031820868921
7 25 1.1282582339731173
7 26 1.3172454833276444
7 27 1.3743082136265017
7 28 1.3889864353280157
7 29 1.0929601660829968
7 30 1.1530516955522514
7 31 1.1958696194833274
7 32 1.329154288719691
7 33 1.0407779564134059
7 34 1.0091497701276866
7 35 0.7269230907289077
7 36 1.3087115804720884
7 37 1.3878528846846323
7 38 0.9747048811252372
7 39 1.001576496778629
7 40 1.1550915604424252
7 41 1.5143156493249983
7 42 1.3109717058447652
7 43 1.5819146909129318
7 44 1.2809998201754929
7 45 1.3680609371986931
7 46 1.1524871399815806
7 47 1.017000751330009
7 48 0.7634776649367512
7 49 1.3990843289419927
7 50 1.1244890993770351
7 51 1.3359018360754011
7 52 1.2747855507727925
7 53 1.140069370586758
7 54 1.1671472793111761
7 55 1.3086321499660991
7 56 1.3925382530594115
7 57 1.2816435119754248
7 58 1.3133807537215794
7 59 1.2531605997190676
7 60 1.1128728799101628
7 61 0.9526077012791441
7 62 1.5246091208525192
7 63 1.0720853584866679
7 64 1.2645674191470713
7 65 1.2856067187434772
7 66 1.3218725261353625
7 67 1.3335440119914443
7 68 1.2121542774432903
7 69 1.1762727912079194
7 70 0.9390044928502734
7 71 1.2734626720101074
7 72 1.0563846748065668
7 73 1.3100141721891565
7 74 1.42856932337076
7 75 1.2887597960820167
7 76 1.0345016199651094
7 77 1.4375204935000954
7 78 1.5677316293076513
7 79 0.9314656555523143
7 80 1.2982627237068667
7 81 1.2410040458527645
7 82 1.5121040238481278
7 83 1.3889367263720287
7 84 1.2085555113530193
7 85 1.419887606408568
7 86 1.142051785675305
7 87 1.2041965241045904
7 88 1.2362475587552235
7 89 0.7539556788951012
8 9 1.3511155739816043
8 10 1.4627696314498067
8 11 1.3606099088070058
8 12 1.3246812006292275
8 13 1.415282256660339
8 14 1.397031904654292
8 15 1.3888349922812406
8 16 1.333490546806333
8 17 1.5052833850722176
8 18 1.3488781715381668
8 19 1.3105776398997895
8 20 1.1241543882149612
8 21 1.3476529495472016
8 22 1.3891540490368663
8 23 1.2710703020275222
8 24 1.313793082001731
8 25 1.385142455143479
8 26 1.3773210598750119
8 27 1.366287905625901
8 28 1.4491901704570775
8 29 1.2917370640951187
8 30 1.3714325179599745
8 31 1.2549402526996258
8 32 1.4056122591772022
8 33 1.3073364684963116
8 34 1.4751827461570253
8 35 1.377131640200269
8 36 1.346504022470909
8 37 1.2899858892934704
8 38 1.3564746676386545
8 39 1.2906728125986322
8 40 1.3931367665865884
8 41 1.4333745585363649
8 42 1.3049692565370778
8 43 1.4977030168646366
8 44 1.2322379409942978
8 45 1.352489599097627
8 46 1.3238228901923375
8 47 1.4556258826041475
8 48 1.3517485998028855
8 49 1.3704737060205523
8 50 1.3352809530449996
8 51 1.1022605981304865
8 52 1.3694628096617614
8 53 1.311328469832755
8 54 1.386105441753073
8 55 1.4361775968166457
8 56 1.3877448583002245
8 57 1.4098207900285484
8 58 1.2373273502256132
8 59 1.4309176479182912
8 60 1.38705699463878
8 61 1.3356191487120248
8 62 1.2638769074022087
8 63 1.3177905521556703
8 64 1.211159953083833
8 65 1.3142926065970522
8 66 1.4233703775079947
8 67 1.5095807295551291
8 68 1.3586979067396305
8 69 1.2995619231950022
8 70 1.3358886575842657
8 71 1.236045903302217
8 72 1.4016458437070756
8 73 1.373443860649656
8 74 1.19906363677167
8 75 1.31697048268913
8 76 1.3809590464383352
8 77 1.2473278168054627
8 78 1.5201495046326883
8 79 1.3687832980183843
8 80 1.2978266568720052
8 81 1.3444566684658399
8 82 1.4742838391353412
8 83 1.3858937175961572
8 84 1.3820245963207807
8 85 1.2896781897195388
8 86 1.3308855880685537
8 87 1.3256512646961893
8 88 1.375756946801868
8 89 1.3958301938363151
9 10 1.3013364868197752
9 11 1.3976203688640896
9 12 1.3098063226627856
9 13 1.3331441564525797
9 14 1.3474946363877347
9 15 1.4487095711985687
9 16 1.3478158532600053
9 17 1.4404517818309455
9 18 1.3458164558323424
9 19 1.3085344734585622
9 20 1.3048002075892897
9 21 1.3116474891365821
9 22 1.3464854983128374
9 23 1.2766614213239507
9 24 1.275410047155669
9 25 1.2654900046271054
9 26 1.391497557046776
9 27 1.2514765338636558
9 28 1.3863533483851327
9 29 1.4240298969563496
9 30 1.3209032143353134
9 31 1.2806565449920884
9 32 1.3451296449152856
9 33 1.3280490084804952
9 34 1.3407936177991742
9 35 1.3596314629763624
9 36 1.3651095345846704
9 37 1.4408454203847973
9 38 1.2895363945655218
9 39 1.3469378439766115
9 40 1.4234257748983248
9 41 1.3820927510646885
9 42 1.3373417016169835
9 43 1.4159323140498081
9 44 1.4233716530953342
9 45 1.3963009946244953
9 46 1.3552767083463884
9 47 1.3360350760870796
9 48 1.3359847280713708
9 49 1.3805802745892193
9 50 1.213076572372612
9 51 1.405839578891041
9 52 1.3899542981176802
9 53 1.2929755638912108
9 54 1.34049445468383
9 55 1.4686077826337698
9 56 1.3403591140479323
9 57 1.229458711566344
9 58 1.3763548570690372
9 59 1.4280263586477338
9 60 1.3006197954926102
9 61 1.347877696669216
9 62 1.3885067202272636
9 63 1.2599487843184587
9 64 1.3049702883947063
9 65 1.315273377437135
9 66 1.3477720474661172
9 67 1.2872428330750139
9 68 1.3733073213641194
9 69 1.2479917866660366
9 70 1.3421077046974097
9 71 1.3217485963508906
9 72 1.3785679449607025
9 73 1.387172222790144
9 74 1.3171859009593028
9 75 1.3855322084428305
9 76 1.3326434009241042
9 77 1.420724211481457
9 78 1.4622537803549
9 79 1.2493311649649927
9 80 1.3498155431183019
9 81 1.4249920497176263
9 82 1.413835301090574
9 83 1.3670280926541107
9 84 1.3669976325636883
9 85 1.4185831066006607
9 86 1.3710910854803589
9 87 1.3176979951732877
9 88 1.321810372477257
9 89 1.3752942872388074
10 11 1.3284921258557767
10 12 1.397869046059848
10 13 1.3698335394342898
10 14 1.4550802615167209
10 15 1.2637336469460942
10 16 1.2959448914728424
10 17 1.3069093163213672
10 18 1.2526157473704786
10 19 1.2590036720527507
10 20 1.3264335597321404
10 21 1.2354616393028774
10 22 1.1576819393813733
10 23 1.2139953916814463
10 24 1.227273438257648
10 25 1.2524946362501002
10 26 1.4100384795184184
10 27 1.208096385614679
10 28 1.3440060673189775
10 29 1.212130964199269
10 30 1.3041857624415745
10 31 1.302436756813109
10 32 1.3609094746500328
10 33 1.3029212567471493
10 34 1.0855301940109223
10 35 1.228478952195085
10 36 1.467856810922905
10 37 1.2789299868596
10 38 1.387930250952956
10 39 1.1765903761705234
10 40 1.358723216771026
10 41 1.3460720829273536
10 42 1.4128192501695327
10 43 1.299188125200381
10 44 1.4402969832797383
10 45 1.1472954255986423
10 46 1.2741791691925235
10 47 1.0164167695923785
10 48 1.229382001444982
10 49 1.2270430823854446
10 50 1.313421481390757
10 51 1.418485953490709
10 52 1.283122677854783
10 53 1.2539444236321304
10 54 1.2832601253979985
10 55 1.2613504523459433
10 56 1.3509504107176993
10 57 1.4637030631521204
10 58 1.3550097389511535
10 59 1.2816693913615729
10 60 1.1838868221366456
10 61 1.246122045885821
10 62 1.4093940744259006
10 63 1.2691571557057502
10 64 1.3802223192216405
10 65 1.3940755869846486
10 66 1.375935613635084
10 67 1.2283075735213127
10 68 1.2629412077101625
10 69 1.316871133007
10 70 1.080679655129564
10 71 1.4272935603841803
10 72 1.2571928879511893
10 73 1.4277551902226817
10 74 1.3532824894734419
10 75 1.379065201141788
10 76 1.325764411995343
10 77 1.379853340873341
10 78 1.3107450837101184
10 79 1.2719288270417586
10 80 1.2559290178901426
10 81 1.4237685027120877
10 82 1.311895142548549
10 83 1.3120224377719238
10 84 1.3341455459778722
10 85 1.3682603396549766
10 86 1.3915545954844615
10 87 1.2906138476962947
10 88 1.2266760648871708
10 89 1.0621330826630857
11 12 1.3044829588587867
11 13 1.3748966124047954
11 14 1.3635653030292696
11 15 1.3297467669048029
11 16 1.3765394321827693
11 17 1.155729066153157
11 18 1.2332128862318965
11 19 1.3117718581124658
11 20 1.3817528880717969
11 21 1.369140459183367
11 22 1.270220637386166
11 23 1.3256192049323523
11 24 1.2793500699307436
11 25 1.316155497140161
11 26 1.5075477595514106
11 27 1.1852534827187111
11 28 1.0529577834062562
11 29 1.3863743262160297
11 30 1.1926417684833783
11 31 1.4280911711268378
11 32 1.4741303560668333
11 33 1.2534441969794317
11 34 1.3609839913982409
11 35 1.4737059658276317
11 36 1.256487932762991
11 37 1.2356737775853857
11 38 1.453598858519908
11 39 1.1983954119134281
11 40 1.32208364427436
11 41 1.142702359847732
11 42 1.3279925208156849
11 43 1.0835464636906786
11 44 1.2742759626299676
11 45 1.12309459780004
11 46 1.3186157199422375
11 47 1.2996850374332753
11 48 1.4514897070676995
11 49 1.1250894817806056
11 50 1.4126368533729157
11 51 1.27646113364541
11 52 1.1409496177785765
11 53 1.303934644527156
11 54 1.2401984275111626
11 55 1.2515384062108867
11 56 1.0907994521844142
11 57 1.4573296256787966
11 58 1.3777557714579094
11 59 1.3624597994581509
11 60 1.260405393665814
11 61 1.2992142275315608
11 62 1.1160374112474354
11 63 1.5148852722774633
11 64 1.2799672477155555
11 65 1.5297194234174798
11 66 1.60015107909831
11 67 1.0783835118489236
11 68 1.4368042707172994
11 69 1.4577918170570736
11 70 1.3196222707151997
11 71 1.313595689722591
11 72 1.3532899825082854
11 73 1.3664314437775626
11 74 1.3859024308632057
11 75 1.4029722854591058
11 76 1.4885890833623552
11 77 1.3318537461689515
11 78 1.184675612613541
11 79 1.3457499316346202
11 80 1.3774013621618104
11 81 1.3802095436717963
11 82 1.2012185878390773
11 83 1.2743300177145334
11 84 1.2438630314429604
11 85 1.2195503988365037
11 86 1.2678122589027716
11 87 1.13389531772297
11 88 1.3851302620698278
11 89 1.3437783936186662
12 13 1.4221587120382493
12 14 1.3083231797244417
12 15 1.412758475436679
12 16 1.1100276362603922
12 17 1.4503052040325337
12 18 1.221412208129995
12 19 1.1885469886096662
12 20 1.3583324519919366
12 21 1.1366311936576972
12 22 1.3186053963501854
12 23 1.1837258017074208
12 24 1.333460540341305
12 25 1.29342566757173
12 26 1.4058782115700672
12 27 1.2748305603081644
12 28 1.3450273796796042
12 29 1.3091159199515114
12 30 1.2042875144977963
12 31 1.19169384140802
12 32 1.2433172838623636
12 33 1.2152970295082999
12 34 1.3671647859844107
12 35 1.292002358888918
12 36 1.3321402957515063
12 37 1.2360035962010414
12 38 1.1792233658528386
12 39 1.2849854209390412
12 40 1.397153698011508
12 41 1.3735933950806407
12 42 1.3592165305677861
12 43 1.3926795358744113
12 44 1.3459206354627744
12 45 1.3978527845608384
12 46 1.1463085691415715
12 47 1.3367200098991026
12 48 1.281987152223581
12 49 1.2804617141480676
12 50 1.1987749862875314
12 51 1.3248166979060174
12 52 1.3068858645797747
12 53 1.119663581643304
12 54 1.271296899905648
12 55 1.3467939070751183
12 56 1.3603704517123785
12 57 1.2977274876745184
12 58 1.2227997325094813
12 59 1.3352151835579036
12 60 1.28105369745752
12 61 1.2365966263198362
12 62 1.363548919136949
12 63 1.2313931033035133
12 64 1.2882829569286287
12 65 1.3299874372267169
12 66 1.3503503463465254
12 67 1.3100736029756475
12 68 1.2452870444208206
12 69 1.1757217021811803
12 70 1.3044681071250916
12 71 1.306920837458812
12 72 1.218732071968786
12 73 1.239364155681667
12 74 1.3383589784220795
12 75 1.238263405185051
12 76 1.3564334228460588
12 77 1.3997836883919026
12 78 1.4422729408453994
12 79 1.202078593745688
12 80 1.2236982506377279
12 81 1.3055380495045341
12 82 1.4001530555542439
12 83 1.3720688293737158
12 84 1.2567807178935835
12 85 1.165178616605333
12 86 1.2639885942727465
12 87 1.2532767035796124
12 88 1.2508258561451138
12 89 1.2612110877749623
13 14 1.3496544705036353
13 15 1.307334873375207
13 16 1.325633638511119
13 17 1.3623751937702195
13 18 1.2602234628338245
13 19 1.2949855313145626
13 20 1.436414276936659
13 21 1.2959670095957476
13 22 1.2390989781835842
13 23 1.2866305107859988
13 24 1.2341335275814698
13 25 1.2557278530917337
13 26 1.3533054464047902
13 27 1.3631109041126397
13 28 1.310641196991818
13 29 1.2486334297236612
13 30 1.1912485673180782
13 31 1.2747417960086482
13 32 1.3886264762181548
13 33 1.2436967611052396
13 34 1.2822706265899462
13 35 1.1416089636040236
13 36 1.311502322284522
13 37 1.424587368329678
13 38 1.2237255750390725
13 39 1.241842442879439
13 40 1.2858126035307418
13 41 1.3736097235041325
13 42 1.3661385314105192
13 43 1.3736819836868157
13 44 1.3343096675821093
13 45 1.3309623121339735
13 46 1.3627053697602298
13 47 1.215929061187673
13 48 1.2539498850976116
13 49 1.4342032364195123
13 50 1.3265657020554251
13 51 1.3583632632553992
13 52 1.4236385211133589
13 53 1.2152732815171035
13 54 1.294853305364184
13 55 1.3942476604325702
13 56 1.385756480690001
13 57 1.3843226236379704
13 58 1.4283773703889973
13 59 1.4270560779294195
13 60 1.2165056908001197
13 61 1.2528830655674106
13 62 1.3877519334087383
13 63 1.2048435277840475
13 64 1.3224411150077513
13 65 1.3459877511068155
13 66 1.4576635455610933
13 67 1.3357152137701633
13 68 1.2776383558980142
13 69 1.3395435631529067
13 70 1.220339499421972
13 71 1.3053426837955362
13 72 1.2231935212513734
13 73 1.3259188702014388
13 74 1.3588762817360827
13 75 1.3051940564756694
13 76 1.2002053865898947
13 77 1.331330683126478
13 78 1.3550938554868264
13 79 1.278875228209462
13 80 1.483561807777026
13 81 1.34759400682144
13 82 1.3945607611729247
13 83 1.317668957257953
13 84 1.3053371443326711
13 85 1.5207432010550088
13 86 1.2949165566604717
13 87 1.2632389962293753
13 88 1.3730985162644416
13 89 1.1884116902365596
14 15 1.3500417298975274
14 16 1.301036071886675
14 17 1.2240496036151869
14 18 1.2853983466839576
14 19 1.212205569211965
14 20 1.4674001515577892
14 21 1.2438478802120225
14 22 1.3042686303442392
14 23 1.193065260351943
14 24 1.237902983850869
14 25 1.2541418901092876
14 26 1.3662007721674878
14 27 1.4169558138420753
14 28 1.4184793075213582
14 29 1.1682238312460622
14 30 1.178858206000698
14 31 1.3326070061737925
14 32 1.2520386990432577
14 33 1.3121750587534546
14 34 1.3349352742526184
14 35 1.3269280854783057
14 36 1.2787180937862694
14 37 1.322274573900882
14 38 1.2694346318045704
14 39 1.2462405290353054
14 40 1.3279065542808772
14 41 1.256019173834827
14 42 1.436441766291996
14 43 1.275709167448268
14 44 1.4127415355660768
14 45 1.258055624704824
14 46 1.1525173519101686
14 47 1.344659843750369
14 48 1.3831714053157622
14 49 1.2625002890780201
14 50 1.2528110934738887
14 51 1.3981871032469537
14 52 1.203783226274358
14 53 1.159692706415918
14 54 1.2705219481909849
14 55 1.287397862514889
14 56 1.3200197734644703
14 57 1.2164363634449495
14 58 1.4350278509010421
14 59 1.4489404694876198
14 60 1.338688645528635
14 61 1.2112166255472323
14 62 1.4279434828409248
14 63 1.3432206733028198
14 64 1.3567961626251246
14 65 1.2464867449452413
14 66 1.360322479266364
14 67 1.3416122051690897
14 68 1.1584768336514222
14 69 1.1888174807472827
14 70 1.3480426750528502
14 71 1.361556901463052
14 72 1.198940616235883
14 73 1.2175155954766077
14 74 1.5478650428716516
14 75 1.314489047760688
14 76 1.2686114692211008
14 77 1.4301551309012233
14 78 1.279576030042551
14 79 1.2552956670995208
14 80 1.3231977999085818
14 81 1.2484812879527694
14 82 1.2268355473206585
14 83 1.2909829976016858
14 84 1.2238097793195406
14 85 1.2642971615166412
14 86 1.2803952546309987
14 87 1.349369774674179
14 88 1.3141660994157394
14 89 1.2446428938374174
15 16 1.194178664344155
15 17 1.347299282112772
15 18 1.107203978717712
15 19 1.0022237036678165
15 20 1.286873122021879
15 21 1.0600234615358983
15 22 0.975765787056186
15 23 1.108423886470658
15 24 1.3061742773353358
15 25 1.1397847907022618
15 26 1.2126764824490837
15 27 1.2532700588130778
15 28 1.4352957221402627
15 29 1.131758849605225
15 30 1.1948876453808022
15 31 1.2839333039588572
15 32 1.3405835327651998
15 33 1.0538086447351607
15 34 1.1991252716011067
15 35 1.1291781990749752
15 36 1.3127693135013676
15 37 1.4755696894944859
15 38 1.204375958325624
15 39 1.060227318082028
15 40 1.1438308976423375
15 41 1.4604369921749616
15 42 1.411212574061614
15 43 1.4801076961074306
15 44 1.2729047906109772
15 45 1.2589325046321438
15 46 1.2489578561195016
15 47 1.1343032788649696
15 48 1.0530767243687738
15 49 1.3839871968692452
15 50 1.3020289886275536
15 51 1.299389233845135
15 52 1.3799736176011392
15 53 1.1731070391971121
15 54 1.0794762799911726
15 55 1.1739123454703788
15 56 1.4431869081143955
15 57 1.3759785199552559
15 58 1.1759757807798124
15 59 1.400324434605223
15 60 1.1324812392027301
15 61 0.8616839705196172
15 62 1.3608391343339736
15 63 1.2331448329433408
15 64 1.3082576742188088
15 65 1.3544865865037814
15 66 1.3787770884975354
15 67 1.4066080135487786
15 68 1.205901927184174
15 69 1.2966004650549834
15 70 0.8640397917352788
15 71 1.3608294560170497
15 72 0.9541118372978273
15 73 1.2789433826844354
15 74 1.4327155971240855
15 75 1.373281011210062
15 76 1.1168353074161559
15 77 1.4145147116727332
15 78 1.4896143179151329
15 79 1.0976316509225221
15 80 1.2167187958360455
15 81 1.2239823943807355
15 82 1.4702643092829293
15 83 1.4204240977152613
15 84 1.157173996501596
15 85 1.3539160607632927
15 86 1.1506985130233147
15 87 1.3828020289409648
15 88 1.2322708767435142
15 89 1.0170764436279136
16 17 1.3545310704258535
16 18 0.8685541859125555
16 19 1.0321951530939235
16 20 1.2779405825224963
16 21 1.056126023858018
16 22 1.0665709304796762
16 23 1.0712555048201509
16 24 1.2727637535867917
16 25 1.0755015815115274
16 26 1.3547046698837546
16 27 1.309013383433138
16 28 1.3356909289152625
16 29 1.20720018961255
16 30 1.0980193542262047
16 31 1.1702171411835625
16 32 1.2548460406327036
16 33 1.096277647184587
16 34 1.240928778172497
16 35 1.198796653216821
16 36 1.318474950738119
16 37 1.2687669709345488
16 38 1.1915314276671733
16 39 1.0574226666180868
16 40 1.2578075710054986
16 41 1.295956182018498
16 42 1.3075121911402767
16 43 1.357999817381437
16 44 1.2910021513902332
16 45 1.2531353300029318
16 46 1.0857887905708954
16 47 1.2245119231501624
16 48 1.0914646863768014
16 49 1.2746253855439658
16 50 1.160975098271956
16 51 1.2462199349129557
16 52 1.2568621231579378
16 53 1.0627589784174427
16 54 1.0628566479073447
16 55 1.3566085432970432
16 56 1.315984337342194
16 57 1.3116211810242946
16 58 1.1982163319115513
16 59 1.3211628209341497
16 60 1.0997364352844217
16 61 1.0763550664707942
16 62 1.3061800692582461
16 63 1.2730292448759695
16 64 1.1345269602202614
16 65 1.3020274246908308
16 66 1.3867124159487698
16 67 1.2558795524162616
16 68 1.2500939495004575
16 69 1.2546048838264117
16 70 1.0429233106730418
16 71 1.1885780659268765
16 72 1.0607684076798973
16 73 1.2535092658208447
16 74 1.3249259301108898
16 75 1.2760957016628367
16 76 1.205561674234539
16 77 1.4131217795195088
16 78 1.3797244532937263
16 79 1.172094245345468
16 80 1.2340736087836044
16 81 1.186935096118072
16 82 1.3458706978390227
16 83 1.3353934734255708
16 84 1.2847213789128467
16 85 1.3402218731584352
16 86 1.1723589551028302
16 87 1.1569414180833875
16 88 1.1519545127062674
16 89 0.9596337522246474
17 18 1.3253887490843341
17 19 1.2714025690837862
17 20 1.5565074808464525
17 21 1.422628397841156
17 22 1.313268909649948
17 23 1.3755129830964434
17 24 1.3156704592328843
17 25 1.3682538869956657
17 26 1.3869098908348172
17 27 1.2510924536977326
17 28 1.1313310434627575
17 29 1.3805679781670337
17 30 1.2517171161304368
17 31 1.422900682700399
17 32 1.2666044276866941
17 33 1.3396106787468232
17 34 1.4170985180710263
17 35 1.5619724357579046
17 36 1.2750254459558157
17 37 1.2405753891885885
17 38 1.4636425580014445
17 39 1.2303625510726321
17 40 1.2466689281466827
17 41 0.7638543822919982
17 42 1.4401525886687427
17 43 0.6512276554296272
17 44 1.4312824742881323
17 45 0.7284344772165032
17 46 1.3508464734619114
17 47 1.2299523547578546
17 48 1.5581047112931552
17 49 1.2619944411850175
17 50 1.33891078831324
17 51 1.4265849105729413
17 52 1.3091773673916214
17 53 1.3914274077819233
17 54 1.30203647037623
17 55 1.2155006163530673
17 56 1.2027990704140836
17 57 1.3581260293397972
17 58 1.4744424411053765
17 59 1.4986399320610155
17 60 1.2943009782890884
17 61 1.3215771990078093
17 62 1.290369656715215
17 63 1.3716196863140175
17 64 1.3417313325157665
17 65 1.358401646603288
17 66 1.3865251857262684
17 67 1.1739157671049547
17 68 1.319484217427009
17 69 1.413046965605331
17 70 1.3300214431529647
17 71 1.3423087363320203
17 72 1.3720611771491436
17 73 1.4252256478290468
17 74 1.5185052314242886
17 75 1.3635961946383939
17 76 1.42851699534734
17 77 1.3751099819323864
17 78 0.7438947497356037
17 79 1.4187085577193173
17 80 1.4126163661095006
17 81 1.3370288835167303
17 82 0.8343373194657051
17 83 1.1643519073899278
17 84 1.2307043650172582
17 85 1.3141783128423898
17 86 1.3049825932412917
17 87 1.3464003430699634
17 88 1.3514168472516115
17 89 1.3302854118739929
18 19 1.004528696347468
18 20 1.3111437759197224
18 21 1.1111132792795932
18 22 0.8850250105905498
18 23 1.0422995542059472
18 24 1.2593198895460864
18 25 1.1137122697244202
18 26 1.4048792239011363
18 27 1.2671761384722826
18 28 1.3612809643312789
18 29 1.166561727467596
18 30 0.972311157900523
18 31 1.135887486528586
18 32 1.257020278663859
18 33 1.104336460038514
18 34 1.167203334763431
18 35 1.1144030024784863
18 36 1.3263527296348887
18 37 1.2652729681441985
18 38 1.0825886221397454
18 39 0.8836024090028394
18 40 1.3150220817293685
18 41 1.347197381311059
18 42 1.1981102510419686
18 43 1.362092291813427
18 44 1.1900436097878244
18 45 1.1854668201452832
18 46 1.1384743920163707
18 47 1.0885406566113607
18 48 1.0689152769507335
18 49 1.2699219695242778
18 50 1.1336547324978852
18 51 1.2335763680506988
18 52 1.2879630349328388
18 53 1.150867394039705
18 54 0.8395008287626404
18 55 1.3184930664437688
18 56 1.3852024049190088
18 57 1.3327090374422252
18 58 1.1935566454969946
18 59 1.2300529423109876
18 60 1.045381737689242
18 61 0.9871127913116399
18 62 1.1927538625663225
18 63 1.3214822684958898
18 64 1.1787300984824347
18 65 1.3170164298217066
18 66 1.4851128777577194
18 67 1.287503930492547
18 68 1.325075115023285
18 69 1.2274729276729843
18 70 0.9919492317508463
18 71 1.1792601932311018
18 72 0.9586006220385604
18 73 1.143737662597992
18 74 1.3608149175255104
18 75 1.1650154412095155
18 76 1.140811938871809
18 77 1.4109688779456022
18 78 1.4109149925793523
18 79 1.1190152275510663
18 80 1.1112223000796806
18 81 1.2654672828887688
18 82 1.3663531351744027
18 83 1.3896709431625225
18 84 1.2773178871186286
18 85 1.325061871997355
18 86 1.1504026263523222
18 87 1.1843509930090979
18 88 1.1951259915966308
18 89 0.9001796499313774
19 20 1.3677792293029325
19 21 1.0273396481260124
19 22 0.9459715820714575
19 23 1.109363210747215
19 24 1.2701150045944423
19 25 1.1518805521047546
19 26 1.2356633607444734
19 27 1.1443845482008936
19 28 1.3445299308498155
19 29 1.1295219213369192
19 30 1.0735736174789712
19 31 1.2383052846933096
19 32 1.1698368232605159
19 33 1.0588029209558836
19 34 1.1690018368480526
19 35 1.1021888136932076
19 36 1.3151679315270512
19 37 1.3329978831015992
19 38 1.1555502986048383
19 39 1.0234482273288557
19 40 1.110868565751718
19 41 1.3038156417249878
19 42 1.3806143867425065
19 43 1.3467141454192921
19 44 1.3266439656010776
19 45 1.1716542476602911
19 46 1.17482716783215
19 47 1.1298296534455574
19 48 1.0989722497143481
19 49 1.2919643258830515
19 50 1.0157894137552845
19 51 1.3417271037709946
19 52 1.245525073433054
19 53 1.1217725311704922
19 54 1.0038128612748338
19 55 1.1615878695702893
19 56 1.346015775306841
19 57 1.236065256055953
19 58 1.246497728715481
19 59 1.3904478821849218
19 60 0.9724762422814668
19 61 0.9246398501108045
19 62 1.32990737290861
19 63 1.1118719959975025
19 64 1.1717408909123666
19 65 1.1289394639807588
19 66 1.351036618128332
19 67 1.3906355143263744
19 68 1.1023700971854262
19 69 1.0653346344151062
19 70 0.9647668276790422
19 71 1.2947226268870222
19 72 1.0002136655750564
19 73 1.2280536402900741
19 74 1.3809578145739239
19 75 1.278079031061505
19 76 1.0677561206737276
19 77 1.3879306392512225
19 78 1.3799280268696528
19 79 1.0807574259029018
19 80 1.1604398610555053
19 81 1.203813758233221
19 82 1.240658228140139
19 83 1.3235644523479742
19 84 1.1120875889851114
19 85 1.226815809502742
19 86 1.0844403401477272
19 87 1.2400839017295147
19 88 1.1609415198268707
19 89 1.0063972411854187
20 21 1.336402337788742
20 22 1.369748656993667
20 23 1.224362186315913
20 24 1.19825051967693
20 25 1.451449483993519
20 26 1.4296896848956397
20 27 1.3979036003701775
20 28 1.4615628007966939
20 29 1.3260360488217533
20 30 1.3741525395623404
20 31 1.2372229483459398
20 32 1.447374036957957
20 33 1.2679133566764136
20 34 1.3712231369424974
20 35 1.2624232521678176
20 36 1.3644634546784304
20 37 1.4393131838775797
20 38 1.2264734170258733
20 39 1.219962659073698
20 40 1.386589712609282
20 41 1.5283637740819047
20 42 1.1972382431744852
20 43 1.5438525411262944
20 44 1.2946014815358398
20 45 1.4866899252233026
20 46 1.3059033459017904
20 47 1.3408356846960763
20 48 1.243471160151535
20 49 1.4289110896200021
20 50 1.3872839328084445
20 51 1.268955402055449
20 52 1.473084046303518
20 53 1.3408187947152055
20 54 1.2426747733917574
20 55 1.3729996248123837
20 56 1.3745124724265818
20 57 1.3782011329819608
20 58 1.2253077341183494
20 59 1.1265451608359083
20 60 1.3837866099791225
20 61 1.303232908820308
20 62 1.3123976101282244
20 63 1.3369528011644958
20 64 1.3117152906218847
20 65 1.4380896285357754
20 66 1.4150993039609785
20 67 1.4057232748046393
20 68 1.37594050874045
20 69 1.423744173669189
20 70 1.3053006060596428
20 71 1.3137136257561504
20 72 1.3666943897676962
20 73 1.4206322949658896
20 74 1.1314345296527206
20 75 1.3548504454985575
20 76 1.3051313049353233
20 77 1.3093957830620602
20 78 1.5494966557169458
20 79 1.2533797546124275
20 80 1.2225465427868387
20 81 1.3821030725791776
20 82 1.5393054484222057
20 83 1.4623295918235952
20 84 1.3630239687017414
20 85 1.388953767083984
20 86 1.4382034767168037
20 87 1.2677322035255048
20 88 1.386861906961911
20 89 1.2700209409754128
21 22 0.9430177430725838
21 23 1.0620440904017803
21 24 1.2372939687423041
21 25 1.12254781560589
21 26 1.2713684113825854
21 27 1.2952901271270467
21 28 1.3504740807561104
21 29 1.1086899556445413
21 30 1.2384871726194486
21 31 1.2463747890388845
21 32 1.2436838322872754
21 33 1.0467274953756895
21 34 1.0918537085911333
21 35 1.0500911376995
21 36 1.3254380020469287
21 37 1.4077593837788558
21 38 1.1143559764735966
21 39 1.1279197034181412
21 40 1.1662258929529712
21 41 1.4924743709414001
21 42 1.3628375139432554
21 43 1.5075773602505766
21 44 1.3671842288187193
21 45 1.3219036690314871
21 46 1.175831619877105
21 47 1.1480654395224428
21 48 1.0361172535535972
21 49 1.3577899958154673
21 50 1.0855175532713006
21 51 1.3723808592117246
21 52 1.3680190022427003
21 53 1.050799727721552
21 54 1.0514952466306058
21 55 1.2882493559339008
21 56 1.4339136834779704
21 57 1.2314030567119894
21 58 1.3461646002004324
21 59 1.2544794240767971
21 60 1.1044301814698894
21 61 0.9230924251680875
21 62 1.3907410038871288
21 63 1.1442252083183522
21 64 1.305160129082986
21 65 1.2655941369605155
21 66 1.3290567168509535
21 67 1.3617577691443803
21 68 1.1234831729593733
21 69 1.19457102315067
21 70 0.9198309147185032
21 71 1.3152574086302344
21 72 1.0432822656743719
21 73 1.277350677624082
21 74 1.419218004398543
21 75 1.248321186171611
21 76 1.1298975550353285
21 77 1.458907015056563
21 78 1.4879353156367678
21 79 1.02968617885568
21 80 1.2060886890426612
21 81 1.239239491779502
21 82 1.4059605335484988
21 83 1.3171688192569986
21 84 1.193128049198129
21 85 1.3329606591735284
21 86 1.1225015009865493
21 87 1.2172232874461597
21 88 1.215658042754688
21 89 1.0125509205611232
22 23 1.059124355792021
22 24 1.1677205915136324
22 25 1.1195797343161553
22 26 1.278034462040619
22 27 1.1432621671380858
22 28 1.342748873537874
22 29 1.103972714592387
22 30 1.0260475535272935
22 31 1.1941236442289644
22 32 1.153219669954906
22 33 1.0416870970284047
22 34 1.096962454715449
22 35 1.0669451405339365
22 36 1.3348986913065306
22 37 1.36839780309629
22 38 1.1414886048158401
22 39 0.9460346943646093
22 40 1.2201542831165249
22 41 1.352685011383109
22 42 1.2439502093760382
22 43 1.4236404501580873
22 44 1.2266140362331686
22 45 1.2085078618610665
22 46 1.097003041163988
22 47 1.1459367992652831
22 48 1.004299655006533
22 49 1.211326214253456
22 50 1.081743974741139
22 51 1.2556885752819802
22 52 1.2790533015846037
22 53 1.148339673894534
22 54 0.9457257847554997
22 55 1.3046066449186107
22 56 1.40446420265477
22 57 1.1815584270501507
22 58 1.2132431227976848
22 59 1.2591601361207876
22 60 0.9338497922373051
22 61 0.8276057662540093
22 62 1.3182879550703408
22 63 1.1924772239335564
22 64 1.2290408669632837
22 65 1.1816994776536416
22 66 1.3567502257481934
22 67 1.2750473235919924
22 68 1.1171817982846042
22 69 1.1742705727216316
22 70 0.8485199543207049
22 71 1.1280365021552239
22 72 0.9055654156021723
22 73 1.2023711008918252
22 74 1.4291458352190718
22 75 1.1790448406318614
22 76 1.1172595831928145
22 77 1.4370828444654107
22 78 1.4465775050894967
22 79 1.045021723658247
22 80 1.1816326010768783
22 81 1.233951005794214
22 82 1.3797227739230333
22 83 1.300752678952509
22 84 1.2067987136781024
22 85 1.376105745900927
22 86 1.0582734500200037
22 87 1.1924066434950753
22 88 1.1013779604253662
22 89 0.934323151895113
23 24 1.1738712104203097
23 25 0.8410941938144572
23 26 1.3366493820258607
23 27 1.2733133633703206
23 28 1.391391375586659
23 29 1.0748662235153918
23 30 1.0364136151788714
23 31 1.1982542797908664
23 32 1.296453023620052
23 33 0.9711263452091581
23 34 1.1839133553675696
23 35 1.1310576017734468
23 36 1.3691100379493144
23 37 1.2804951863470795
23 38 1.1051472975416252
23 39 1.0314244924003342
23 40 1.2930998203266757
23 41 1.400806140943499
23 42 1.332240418726674
23 43 1.4026585868681618
23 44 1.2231061549477051
23 45 1.2933568286617492
23 46 1.0927043921270758
23 47 1.0930061742109534
23 48 1.1094195432455023
23 49 1.3029065618100415
23 50 1.2738349024520044
23 51 1.2562025718284189
23 52 1.31085679096712
23 53 1.1732001443158901
23 54 1.0469461817380021
23 55 1.2534905602750164
23 56 1.3522444881827518
23 57 1.3276313331698968
23 58 1.0898371496868298
23 59 1.2829546675532597
23 60 1.161155278147491
23 61 1.0895390301265144
23 62 1.3121276211532122
23 63 1.2191548913856571
23 64 1.1995120830447352
23 65 1.3005258363424748
23 66 1.441653499469069
23 67 1.3231235136175403
23 68 1.1752042448513351
23 69 1.136533808761755
23 70 0.9929613709223436
23 71 1.1587110001305483
23 72 1.055688763483426
23 73 1.2231490450901608
23 74 1.3660292510101224
23 75 1.2377666492615216
23 76 1.1763143234431164
23 77 1.3828183117403121
23 78 1.438718717855141
23 79 1.1093548570345002
23 80 1.2370026734499775
23 81 1.1957044982084346
23 82 1.3950276725134418
23 83 1.397466274849009
23 84 1.2265021718113918
23 85 1.368770944688276
23 86 1.1465889707546604
23 87 1.193964265925267
23 88 1.1889625024465003
23 89 1.0210213043889327
24 25 1.2679432462327902
24 26 1.4051216591334776
24 27 1.34425936563106
24 28 1.2891162382728822
24 29 1.2715153721242813
24 30 1.2189625508607471
24 31 1.2094297772758045
24 32 1.3440386535136495
24 33 1.114925603406539
24 34 1.1904749701266346
24 35 1.1566240469486204
24 36 1.2046028489402871
24 37 1.2435488164891468
24 38 1.2129887986255539
24 39 1.179240800413626
24 40 1.362415639710978
24 41 1.2986339327844778
24 42 1.2362364501982583
24 43 1.3395601214221713
24 44 1.312756401097706
24 45 1.3000595256534648
24 46 1.2143772030629523
24 47 1.1420710155401599
24 48 1.2155190414147061
24 49 1.3136596912703942
24 50 1.209843292218825
24 51 1.3397367269101492
24 52 1.27974619541144
24 53 1.219831606717633
24 54 1.1966830133940236
24 55 1.2993691351555836
24 56 1.3817562607067473
24 57 1.356755795071283
24 58 1.232096115794936
24 59 1.1783830150290961
24 60 1.207800574219714
24 61 1.2336707400477105
24 62 1.337520560892331
24 63 1.2914298006956622
24 64 1.3148869005935273
24 65 1.287852577791834
24 66 1.365750195077307
24 67 1.2229360617088307
24 68 1.2458611202836714
24 69 1.2794740345802844
24 70 1.1811969616150155
24 71 1.2952285176780867
24 72 1.2250399109689092
24 73 1.2641186843990073
24 74 1.2670818694805879
24 75 1.1623407176123277
24 76 1.215864632838077
24 77 1.3522840863654944
24 78 1.33598904107056
24 79 1.1625380544184072
24 80 1.213173893476178
24 81 1.3222310996329456
24 82 1.3015289372269474
24 83 1.2851625349682942
24 84 1.2952750029386475
24 85 1.3877319930958751
24 86 1.347528180995167
24 87 1.1222508025439395
24 88 1.2958358986875307
24 89 1.0536602226519423
25 26 1.3374402495866613
25 27 1.2862835614893418
25 28 1.3666082910495823
25 29 1.188027768957507
25 30 1.1969195612741343
25 31 1.2798387738997627
25 32 1.3338619337989779
25 33 1.0931254545055287
25 34 1.2302662263680704
25 35 1.2206044660596096
25 36 1.329929508391393
25 37 1.3018673121174746
25 38 1.220991459904017
25 39 1.1873219867330012
25 40 1.270675854252484
25 41 1.3622577243569434
25 42 1.4704098768980374
25 43 1.3799777809372145
25 44 1.4028961385007233
25 45 1.3024940004208854
25 46 1.1703692141752433
25 47 1.1443464478388403
25 48 1.191896181151573
25 49 1.2769946839292479
25 50 1.3467857308980002
25 51 1.3175831409820513
25 52 1.2437832190799682
25 53 1.2064250318481402
25 54 1.208180059922352
25 55 1.2525564490349776
25 56 1.3751010729773256
25 57 1.42091183216095
25 58 1.191294961420213
25 59 1.5005581271236592
25 60 1.1577661088538678
25 61 1.1733700821678597
25 62 1.4099667840851076
25 63 1.256096634824038
25 64 1.2928845616535836
25 65 1.291694596380186
25 66 1.4563673128751748
25 67 1.3264373219949075
25 68 1.1999168425116369
25 69 1.1445515615669046
25 70 1.0784578027355358
25 71 1.2693595298352658
25 72 1.0756032063182772
25 73 1.1931075438462062
25 74 1.4721457239079792
25 75 1.3083990637266818
25 76 1.2075674547122937
25 77 1.4068905308846904
25 78 1.435925883381532
25 79 1.1570200311839451
25 80 1.2585908052870056
25 81 1.3033397567249305
25 82 1.3926575570987945
25 83 1.379242079059505
25 84 1.2711146235024402
25 85 1.3380436921604295
25 86 1.1537980013882572
25 87 1.2761969277539837
25 88 1.148951129636253
25 89 1.068648978312076
26 27 1.3054465991090805
26 28 1.49241720006399
26 29 1.3869209722666807
26 30 1.3719224579726523
26 31 1.4058067102319922
26 32 1.3636636547723502
26 33 1.3013777914290756
26 34 1.3208357310590906
26 35 1.2994771336484081
26 36 1.3795531044561715
26 37 1.4145900000341083
26 38 1.3443450160336186
26 39 1.3442122547444777
26 40 1.1931427074035554
26 41 1.436482813214562
26 42 1.6070516238404076
26 43 1.4317570378504427
26 44 1.4092459558279584
26 45 1.3351494177065595
26 46 1.3324582404798548
26 47 1.3580914471237588
26 48 1.2828901140139748
26 49 1.430499577107843
26 50 1.3689065349738723
26 51 1.4179642564746835
26 52 1.3831413835408877
26 53 1.340348957254353
26 54 1.261047757407082
26 55 1.2274432666723905
26 56 1.4878897790569123
26 57 1.332868039898833
26 58 1.3499240963465478
26 59 1.382170883450438
26 60 1.2684014178511303
26 61 1.2140363045465876
26 62 1.3707690528618948
26 63 1.2866169859007104
26 64 1.348377654295498
26 65 1.2701085263854286
26 66 1.2884055937203145
26 67 1.467476311530467
26 68 1.2482441087745348
26 69 1.3388990779270349
26 70 1.2408109875658193
26 71 1.3905234419935133
26 72 1.2319711443187638
26 73 1.3899033330708148
26 74 1.4967895535874547
26 75 1.3770156844233035
26 76 1.2731456078201493
26 77 1.3434728388195611
26 78 1.464810468225219
26 79 1.3901324496336014
26 80 1.4016039011155284
26 81 1.2100555120985979
26 82 1.4607259364396934
26 83 1.3578713355539471
26 84 1.1317861160603424
26 85 1.2966600841092766
26 86 1.1557465722304938
26 87 1.4835116010763931
26 88 1.3074298431984785
26 89 1.2942847655675278
27 28 1.2379120940337283
27 29 1.3368372832533277
27 30 1.2120807936944618
27 31 1.3044426246268674
27 32 1.3070935356174085
27 33 1.2381189278313458
27 34 1.123006995094351
27 35 1.3785375340969965
27 36 1.3752003276637832
27 37 1.3838077889732234
27 38 1.272863767143339
27 39 1.2310264183054864
27 40 1.2749377127713106
27 41 1.298776170658184
27 42 1.4208458328511206
27 43 1.242279814849473
27 44 1.3670752457298483
27 45 1.2084426201084597
27 46 1.297973294910483
27 47 1.2920599142831495
27 48 1.341808499305991
27 49 1.1769773745186776
27 50 1.2462384050361603
27 51 1.3628443438470825
27 52 1.2867229577191746
27 53 1.290422621809611
27 54 1.1314773597249093
27 55 1.2918085682264577
27 56 1.2856360705260248
27 57 1.3683305231906713
27 58 1.310288394956348
27 59 1.4288987639328083
27 60 1.0637058429991473
27 61 1.2274835202332581
27 62 1.27768275577732
27 63 1.3019912482796214
27 64 1.20969151695631
27 65 1.3147709339966034
27 66 1.4487799190808144
27 67 1.1403024264509962
27 68 1.3374438178660042
27 69 1.2984088498990074
27 70 1.211985584499172
27 71 1.2680743705819428
27 72 1.2447744967844754
27 73 1.215417062064781
27 74 1.4017141023757747
27 75 1.3161248875618863
27 76 1.3943246337225432
27 77 1.2550504834286391
27 78 1.3703773127516137
27 79 1.2124864073948503
27 80 1.2918790718607631
27 81 1.3891406414045848
27 82 1.3434532150359375
27 83 1.335907125868346
27 84 1.24711674775395
27 85 1.2923144113519696
27 86 1.3071140833502923
27 87 1.2616896843698941
27 88 1.2467877374574174
27 89 1.3011602755837244
28 29 1.5079445377133953
28 30 1.2845119915682262
28 31 1.419568648382753
28 32 1.4434815079859118
28 33 1.3032650201712888
28 34 1.367899544427377
28 35 1.4905495398677078
28 36 1.1610517138241734
28 37 1.146111670713531
28 38 1.440395356031484
28 39 1.4202403012168028
28 40 1.2604860201628105
28 41 1.1998493604993217
28 42 1.3722892068119392
28 43 1.1026403667882723
28 44 1.42950118599398
28 45 1.1554891372761842
28 46 1.4020664725585836
28 47 1.3144491221700378
28 48 1.479620236846683
28 49 1.1577725349051073
28 50 1.3766034224149741
28 51 1.3726428696384017
28 52 1.2789362088111216
28 53 1.343140545784102
28 54 1.2794059103976279
28 55 1.4076678743493052
28 56 1.1564154008992822
28 57 1.374389864100326
28 58 1.4489104543641158
28 59 1.3933898528145894
28 60 1.3052128500731786
28 61 1.320942970109972
28 62 1.3423035979932334
28 63 1.4173933588953236
28 64 1.3361983349631794
28 65 1.4699163306138485
28 66 1.4593101184282053
28 67 1.065304921942624
28 68 1.4068649800773838
28 69 1.450289476867211
28 70 1.3621902653715126
28 71 1.3237442181493466
28 72 1.4040306181934898
28 73 1.3320845251924878
28 74 1.4384777523663617
28 75 1.3046743601157287
28 76 1.4528700793383431
28 77 1.3380096079930766
28 78 1.01759299367918
28 79 1.358483869168259
28 80 1.3012706815589878
28 81 1.3997455549551598
28 82 1.1374148304294676
28 83 1.2476392268657017
28 84 1.3810664790630192
28 85 1.311693486350669
28 86 1.367484478199474
28 87 1.299606496783887
28 88 1.4414227107209638
28 89 1.353961637634667
29 30 1.1372631012183023
29 31 1.2316763229482115
29 32 1.2359052636174537
29 33 1.2153379597805893
29 34 1.2057108023510432
29 35 1.1271020953550408
29 36 1.344069846821741
29 37 1.327105325191462
29 38 1.2487769928768682
29 39 1.0695984741127231
29 40 1.231487354882536
29 41 1.40222072315996
29 42 1.3583055634551415
29 43 1.4556793990668306
29 44 1.2155044041953513
29 45 1.3580032445286543
29 46 1.1152920979340257
29 47 1.2040309514875631
29 48 1.1940680574741327
29 49 1.3552780330990142
29 50 1.2506825744294752
29 51 1.2779207482796373
29 52 1.3141361167251149
29 53 1.0216723901132942
29 54 1.2035253492805245
29 55 1.2201530579412618
29 56 1.3352893162455555
29 57 1.2557546271201876
29 58 1.1994285152377873
29 59 1.305397967920258
29 60 1.179358194715515
29 61 1.1597390696694414
29 62 1.3969487991683276
29 63 1.181533649047252
29 64 1.3201879118950446
29 65 1.2062813716446241
29 66 1.2276717084687578
29 67 1.3986285265974174
29 68 1.2300215161347565
29 69 1.185700356709611
29 70 1.0708663716620754
29 71 1.3251704813721157
29 72 1.1859412062321955
29 73 1.3363359183433665
29 74 1.40344317244933
29 75 1.305888657875291
29 76 1.1824223173013155
29 77 1.4320192444049924
29 78 1.4812462884952402
29 79 1.1533808938319465
29 80 1.3044016434193677
29 81 1.388650420717197
29 82 1.4570917903656742
29 83 1.3766035869897362
29 84 1.24538922562317
29 85 1.3284079528943518
29 86 1.1871626859964872
29 87 1.2590639274770072
29 88 1.2450984435390022
29 89 1.101958069935154
30 31 1.2731286862615359
30 32 1.2107172955346615
30 33 0.9184609166650362
30 34 1.2658437983548405
30 35 1.1795081000092782
30 36 1.2507655680686984
30 37 1.2161016062008048
30 38 1.0144956422328066
30 39 0.9831792829724321
30 40 1.3466481132759274
30 41 1.2414202282953917
30 42 1.2673275318568653
30 43 1.269430962061289
30 44 1.2329011244400467
30 45 1.189586275459413
30 46 1.099917201302233
30 47 1.1347339420801197
30 48 1.160606654631257
30 49 1.1946036634480923
30 50 1.193785390129788
30 51 1.2480746140266405
30 52 1.1657218537731961
30 53 1.048230162148366
30 54 1.0285041712606195
30 55 1.3783793887763367
30 56 1.207073919473048
30 57 1.2471842655017973
30 58 1.213680217695874
30 59 1.2747105099580258
30 60 1.1448461639804315
30 61 1.1313260661884683
30 62 1.1655524914034794
30 63 1.272506799618208
30 64 1.066516603251945
30 65 1.286602943978488
30 66 1.40437597665133
30 67 1.1987591941437548
30 68 1.2241388455521904
30 69 1.1605564716996273
30 70 1.191772259102741
30 71 1.0145028338974453
30 72 1.0807933004349686
30 73 1.13896843665867
30 74 1.4022522246900815
30 75 1.212242220884614
30 76 1.1164375188931275
30 77 1.3803376949863233
30 78 1.3130204567972303
30 79 1.1514104388440616
30 80 1.299250082842002
30 81 1.2590378467059096
30 82 1.3407311359432261
30 83 1.2786323913244475
30 84 1.2106138511183802
30 85 1.3442382498472094
30 86 1.1020623968485883
30 87 1.1339015934797139
30 88 1.1031065838217562
30 89 1.0190555424161225
31 32 1.2633804240664337
31 33 1.163513822036041
31 34 1.2798039646667805
31 35 1.210965707523652
31 36 1.4637436470898721
31 37 1.370000960234595
31 38 1.150771317136203
31 39 1.1757079906908177
31 40 1.4706646392069207
31 41 1.3584803433124455
31 42 1.2028044758171923
31 43 1.4435615248466764
31 44 1.1116320363889158
31 45 1.3960663644418754
31 46 1.2403553589852359
31 47 1.275690767573544
31 48 1.1961301034952996
31 49 1.3786854770989334
31 50 1.2209228620752495
31 51 1.1711975288566485
31 52 1.4278688826087986
31 53 1.2218226721488488
31 54 1.2363230312599691
31 55 1.450094066253494
31 56 1.483968833256939
31 57 1.3232671130650957
31 58 1.192395164894211
31 59 1.324126953526902
31 60 1.2190450081852509
31 61 1.2098127192362111
31 62 1.2900739726638213
31 63 1.182133963298455
31 64 1.2195244130139609
31 65 1.267576294408077
31 66 1.360377599238511
31 67 1.3751023339349722
31 68 1.3104978356235881
31 69 1.157502784162206
31 70 1.1741537793914305
31 71 1.1915459077326673
31 72 1.1537329849914193
31 73 1.2010243838140677
31 74 1.288655636203124
31 75 1.2067268566881493
31 76 1.2702045685058432
31 77 1.4490919839363816
31 78 1.4514800771852423
31 79 1.1160209124818525
31 80 1.0714779091917521
31 81 1.3240510127181406
31 82 1.4961449626139514
31 83 1.471691822177957
31 84 1.3527090347719752
31 85 1.3967340541312214
31 86 1.4151352178682908
31 87 1.2343415104712143
31 88 1.3111815824137387
31 89 1.154389125848428
32 33 1.3030796295262792
32 34 1.3575564530293096
32 35 1.3984221330690736
32 36 1.3387438058902954
32 37 1.29352240116061
32 38 1.289510124609922
32 39 1.2284286362787884
32 40 1.335063352979327
32 41 1.2831447080744196
32 42 1.340652410893605
32 43 1.3687633176121419
32 44 1.4043139067403452
32 45 1.3658786027418994
32 46 1.1953812563483064
32 47 1.3119491043892264
32 48 1.3574022731450766
32 49 1.2914926362240828
32 50 1.1703288494908266
32 51 1.495381614499602
32 52 1.3302169579534504
32 53 1.299028007453022
32 54 1.2893091255322406
32 55 1.3323047645239117
32 56 1.364568230141377
32 57 1.0799109815084516
32 58 1.4222313203981547
32 59 1.4264895021595314
32 60 1.3308203971958057
32 61 1.2405192738080708
32 62 1.412979016588618
32 63 1.1939285336161947
32 64 1.3047941563546226
32 65 0.8957344205781401
32 66 1.2229030027496643
32 67 1.3328794807394446
32 68 1.1921104602051387
32 69 1.2107936062764342
32 70 1.3064017630860179
32 71 1.2449953846409687
32 72 1.2360177121291118
32 73 1.305842244031268
32 74 1.389879527024628
32 75 1.2911616196158298
32 76 1.2538514832973275
32 77 1.4567831717643966
32 78 1.3914481891979695
32 79 1.2458147025839768
32 80 1.28318640186714
32 81 1.4108672479151219
32 82 1.2549178515857735
32 83 1.299036399753592
32 84 1.271971082819063
32 85 1.3721513683357558
32 86 1.233626639747785
32 87 1.3686462122301866
32 88 1.0487589473993755
32 89 1.230521287209769
33 34 1.1956942810460003
33 35 1.0762683389023375
33 36 1.1609137306345592
33 37 1.349275828952071
33 38 1.0375857586937647
33 39 0.9739390340677113
33 40 1.2956515482015323
33 41 1.3597636708244105
33 42 1.3163021315034427
33 43 1.4159144252610945
33 44 1.137971601761476
33 45 1.235726222594794
33 46 1.1212712530624027
33 47 1.1486667867260374
33 48 1.0177369081227503
33 49 1.3267187230003374
33 50 1.1730152270166438
33 51 1.1939025591566488
33 52 1.2921155292326518
33 53 1.1450816466662845
33 54 1.09689980402856
33 55 1.3259323749993632
33 56 1.3120203983183918
33 57 1.3369343689972533
33 58 1.1613415131424416
33 59 1.318402155036821
33 60 1.0968201941926519
33 61 0.9781325620853907
33 62 1.2073873065659526
33 63 1.2022915311442324
33 64 1.0928544165848053
33 65 1.2904130004591
33 66 1.4128474026012825
33 67 1.3209127773746796
33 68 1.2208035892229543
33 69 1.1428786592203377
33 70 0.9945263533292922
33 71 1.0858857568428548
33 72 1.0447103761109202
33 73 1.2517367202020868
33 74 1.3196941696332019
33 75 1.1697893417229441
33 76 1.0968163494995704
33 77 1.35450043470787
33 78 1.4078643975847964
33 79 1.068891522445149
33 80 1.2308345499889728
33 81 1.2694410388518615
33 82 1.4252132332372907
33 83 1.3714448801468546
33 84 1.2187996134194246
33 85 1.3735753656201601
33 86 1.1699777981569877
33 87 1.1585528609337854
33 88 1.2199791714657304
33 89 0.9992856623062774
34 35 0.995265027036817
34 36 1.4659041011376914
34 37 1.3400279970303848
34 38 1.1562149570256066
34 39 1.172368271409562
34 40 1.2986621889606225
34 41 1.4743058849812873
34 42 1.430205888426719
34 43 1.4260761591506341
34 44 1.3545419053856569
34 45 1.3009136392014744
34 46 1.2893073598731295
34 47 1.1084189122464194
34 48 1.0360219727493247
34 49 1.3665087941319607
34 50 1.1832672590535804
34 51 1.381963995770112
34 52 1.3158338898393571
34 53 1.268178903366063
34 54 1.0872719796403798
34 55 1.287154643258176
34 56 1.362734027754596
34 57 1.3737339051247364
34 58 1.358989666725337
34 59 1.3704252509260761
34 60 1.1234806183346
34 61 1.1461842674627802
34 62 1.4208670655007116
34 63 1.2484791297194875
34 64 1.313611734930686
34 65 1.3557835403582146
34 66 1.49045178778764
34 67 1.365121990005461
34 68 1.3428865897028466
34 69 1.331785997613961
34 70 1.1453909350892888
34 71 1.3897118084249236
34 72 1.213702631168859
34 73 1.3155645263216635
34 74 1.518177333450042
34 75 1.316961643689742
34 76 1.168241687081962
34 77 1.3426033453993533
34 78 1.4486037463459707
34 79 1.1362784621088533
34 80 1.315510602528848
34 81 1.327850837294738
34 82 1.3627914503807792
34 83 1.424294168306944
34 84 1.3183431593903108
34 85 1.452121374541965
34 86 1.324510211073622
34 87 1.3084671156724006
34 88 1.328719279320121
34 89 0.9103562843763706
35 36 1.3853497247465076
35 37 1.4118410001754604
35 38 0.8533218319720272
35 39 1.1119067185298699
35 40 1.2769614411504169
35 41 1.548393150258465
35 42 1.3609862392920014
35 43 1.63417466926421
35 44 1.278303625452814
35 45 1.475504347106735
35 46 1.2811424463288745
35 47 1.0641641062831824
35 48 0.5442954132580317
35 49 1.498725585222944
35 50 1.0822892276988618
35 51 1.3532079224246072
35 52 1.3728567182120985
35 53 1.1814022848213703
35 54 1.1536311761379567
35 55 1.3220532183100067
35 56 1.466554881064042
35 57 1.3729600098262866
35 58 1.3533788290689546
35 59 1.2145280856132687
35 60 1.103844652602211
35 61 1.13533248988594
35 62 1.4198442651040921
35 63 1.0532687370454024
35 64 1.3013106056934116
35 65 1.2889994754708949
35 66 1.456546021817006
35 67 1.4485816653826753
35 68 1.217881098809466
35 69 1.168623766203058
35 70 1.054893925531341
35 71 1.359273106140469
35 72 1.1450896574273066
35 73 1.2211891856732042
35 74 1.4272772013901034
35 75 1.2711457202352325
35 76 0.8606007023010838
35 77 1.3145536103728317
35 78 1.6299704554873025
35 79 0.9614348796596544
35 80 1.258602467463755
35 81 1.3071920765084837
35 82 1.5726673632346289
35 83 1.4181816356500723
35 84 1.2936332366397711
35 85 1.4555664460210154
35 86 1.2514181953259556
35 87 1.2211408299658029
35 88 1.283260973461303
35 89 0.7690606692056905
36 37 1.2595819641343597
36 38 1.344884291608375
36 39 1.2568513953508007
36 40 1.1540737248005244
36 41 1.3510457723114646
36 42 1.3307304630035686
36 43 1.346498454881913
36 44 1.3415844688908176
36 45 1.2352515073911592
36 46 1.2474550003173897
36 47 1.3192716288710333
36 48 1.3601439650790443
36 49 1.2449389021561932
36 50 1.2841497946231875
36 51 1.4090138999667952
36 52 1.2716891352445698
36 53 1.3262636777136834
36 54 1.3447512316795402
36 55 1.283071562177443
36 56 1.3559896029444085
36 57 1.3545251100649738
36 58 1.4200644033599485
36 59 1.3706481410344484
36 60 1.2579172792901243
36 61 1.1921491002283757
36 62 1.3671620331345964
36 63 1.276497242248388
36 64 1.3570171285260688
36 65 1.3313671972517236
36 66 1.3062343395674014
36 67 1.2842961710742677
36 68 1.3887809870714147
36 69 1.3769163750758229
36 70 1.270848586441106
36 71 1.3447408486412966
36 72 1.3328562095994545
36 73 1.3116181473739135
36 74 1.3640928833458645
36 75 1.2005245227262036
36 76 1.3893969660684151
36 77 1.3050394214001384
36 78 1.3279838859409487
36 79 1.2806928490043852
36 80 1.3843651368381085
36 81 1.2449486333921473
36 82 1.3066440120952272
36 83 1.2332087192717516
36 84 1.264569631572962
36 85 1.1406723730359105
36 86 1.2763709676696213
36 87 1.2661751579240264
36 88 1.2244524260663405
36 89 1.296327339594886
37 38 1.4034129465973624
37 39 1.2778839447268735
37 40 1.346671833281454
37 41 1.1762485842373394
37 42 1.3708871405833465
37 43 1.1613972671929982
37 44 1.3723357838811874
37 45 1.1647441963734302
37 46 1.3132416844653898
37 47 1.2781365777683507
37 48 1.4191326993379165
37 49 0.9673720160620535
37 50 1.3626354829679133
37 51 1.4012924129561288
37 52 1.0112623251238124
37 53 1.3372111874811277
37 54 1.3527451358243228
37 55 1.373191894746914
37 56 1.199383799159981
37 57 1.4238293011357575
37 58 1.3818224458111001
37 59 1.3968801880625865
37 60 1.3901038314789873
37 61 1.354848153802538
37 62 1.2372941950950216
37 63 1.3968991428349484
37 64 1.3060508654315386
37 65 1.3283053351349805
37 66 1.4178970868916947
37 67 1.191025577603824
37 68 1.3953553677652621
37 69 1.3303261062674803
37 70 1.3707620855829445
37 71 1.3104972014665515
37 72 1.4360729829375622
37 73 1.3664038641932084
37 74 1.352476095476119
37 75 1.2673197073273317
37 76 1.3651833281748216
37 77 1.3191832160346098
37 78 1.1187967808700674
37 79 1.3057981724315852
37 80 1.2719779356413101
37 81 1.3119821789635444
37 82 1.1209212916848112
37 83 1.3175618767280377
37 84 1.3675076583035868
37 85 1.214155349362671
37 86 1.2808743679259185
37 87 1.3411228085476272
37 88 1.3314807033590246
37 89 1.2793258786982227
38 39 1.1118254832693766
38 40 1.285797122583544
38 41 1.4269145244720394
38 42 1.3611353081059478
38 43 1.509003832848019
38 44 1.2826276333198732
38 45 1.3908157847706226
38 46 1.1956322468017895
38 47 1.0991417631568596
38 48 0.8447436240952765
38 49 1.4604329628667905
38 50 1.1248747443300853
38 51 1.3442504458752713
38 52 1.3557817910860075
38 53 1.1823888468099504
38 54 1.0929614111016932
38 55 1.363742984001721
38 56 1.4743384228654886
38 57 1.2844725825646206
38 58 1.2581678340529208
38 59 1.2617803767699656
38 60 1.1496163721070518
38 61 1.1759475989798336
38 62 1.3769606369860354
38 63 1.0748058041021058
38 64 1.218738888986447
38 65 1.2451776018232317
38 66 1.4697838378238
38 67 1.3710267240486058
38 68 1.2237324481221585
38 69 1.10754830445493
38 70 1.2544996127700685
38 71 1.1898255178942798
38 72 1.1103349548407717
38 73 0.9694305969800212
38 74 1.4625081771439996
38 75 1.1312204490806006
38 76 0.9226103442204961
38 77 1.3042143149704217
38 78 1.5277665640817004
38 79 0.864845985234473
38 80 1.1459426040698106
38 81 1.3045990646537053
38 82 1.4781659045346425
38 83 1.3574702933672924
38 84 1.1724863364816553
38 85 1.3697918037211056
38 86 1.205841444816351
38 87 1.2738131221525142
38 88 1.2673375166820635
38 89 0.9542850030470408
39 40 1.2673753803184102
39 41 1.2519300248889085
39 42 1.215086609998309
39 43 1.2921136176733823
39 44 1.1531753277815193
39 45 1.0873652763196315
39 46 0.9419654535279836
39 47 1.0643778804607456
39 48 1.0466575226642671
39 49 1.2320369883541344
39 50 1.1989421843684513
39 51 1.2186044885281704
39 52 1.1260870696108705
39 53 1.1680322156428924
39 54 1.0161941779970602
39 55 1.160292880414396
39 56 1.2880638149295096
39 57 1.308183495438732
39 58 1.256159972022536
39 59 1.2293265674906269
39 60 1.1069705571573483
39 61 0.9172631599448339
39 62 1.155300214968057
39 63 1.2301347829821097
39 64 1.1496185538465513
39 65 1.2529344655623191
39 66 1.3686483775626
39 67 1.2673287715556376
39 68 1.2755022128813733
39 69 1.1903063021445748
39 70 0.916429268641224
39 71 1.0803726401228095
39 72 1.0110119444427994
39 73 1.284864727913682
39 74 1.3641050244438588
39 75 1.2049030081002678
39 76 1.1618877237792509
39 77 1.2782236999705276
39 78 1.3507460835071952
39 79 1.021315763200275
39 80 1.2242740419523697
39 81 1.254951008101906
39 82 1.339021769503529
39 83 1.289908529974816
39 84 1.2020395234112766
39 85 1.332568797150307
39 86 1.1141166808947303
39 87 1.1052815678923755
39 88 1.2253900339449342
39 89 0.9508570116720118
40 41 1.387630292725486
40 42 1.4745677337217855
40 43 1.3988903135605535
40 44 1.4376560489097527
40 45 1.2125161160180584
40 46 1.2633474121247446
40 47 1.198255659030237
40 48 1.249156517061024
40 49 1.3692224374585271
40 50 1.3130610467342072
40 51 1.445427437861809
40 52 1.2888105962068328
40 53 1.3173712387397067
40 54 1.257713202229481
40 55 1.055978538161547
40 56 1.4070639143102401
40 57 1.3040493755262936
40 58 1.4019284180285463
40 59 1.4863422694336277
40 60 1.174171221817546
40 61 1.071864673797506
40 62 1.4457601788018575
40 63 1.2044804448372408
40 64 1.3886389072892784
40 65 1.2766664127970855
40 66 1.3430387211692227
40 67 1.370580982348131
40 68 1.2538412231492488
40 69 1.3147945620178716
40 70 1.1320156300578186
40 71 1.4642670760124
40 72 1.211957543743737
40 73 1.3227880128685696
40 74 1.4338963098938204
40 75 1.31120908987843
40 76 1.261754938981317
40 77 1.3724920426446645
40 78 1.3691442474547648
40 79 1.142487905972062
40 80 1.370067342245449
40 81 1.2699109062927518
40 82 1.2768253220216148
40 83 1.207769002165996
40 84 0.977547371008096
40 85 1.2000261289492413
40 86 1.06506578836625
40 87 1.388011720709671
40 88 1.290891325832697
40 89 1.2485041772694632
41 42 1.3687523225699803
41 43 0.6480724570040445
41 44 1.4697245680787712
41 45 0.898123672308259
41 46 1.3383776543411419
41 47 1.3250713998490997
41 48 1.5513155716516864
41 49 1.1739885080257346
41 50 1.3709020498570927
41 51 1.4275714588136754
41 52 1.217972303131068
41 53 1.3590717316705403
41 54 1.3446494054109799
41 55 1.383435402865139
41 56 1.1963750179535466
41 57 1.3789977199483356
41 58 1.4369804968377329
41 59 1.4474519141241051
41 60 1.3669319006644431
41 61 1.4196642013055827
41 62 1.282898471384765
41 63 1.371741137777133
41 64 1.3304692627442618
41 65 1.363199069199723
41 66 1.3915896703496924
41 67 1.1178979911125768
41 68 1.3272775823435925
41 69 1.3775075584811531
41 70 1.397942578171605
41 71 1.2987142426577272
41 72 1.371761295213206
41 73 1.4132316266755716
41 74 1.4089103057735441
41 75 1.385357177694718
41 76 1.457538612316718
41 77 1.328771890927993
41 78 0.7089175260379075
41 79 1.4382496118063175
41 80 1.410183471619065
41 81 1.38226840287186
41 82 0.8496304708239867
41 83 1.1499195654528807
41 84 1.305623003024253
41 85 1.3502284408118301
41 86 1.4004302955091286
41 87 1.2652474931461872
41 88 1.3339130974823148
41 89 1.3886283222919897
42 43 1.4360642421405503
42 44 1.1575561076764909
42 45 1.4223655176894197
42 46 1.3880622436906722
42 47 1.4151534233744665
42 48 1.3205265750306725
42 49 1.2953587543593588
42 50 1.282522815911612
42 51 1.217844242470483
42 52 1.3481275203475973
42 53 1.3451543641610926
42 54 1.295749714356961
42 55 1.5012200344869007
42 56 1.41266174790935
42 57 1.3664547229006525
42 58 1.3169534874822608
42 59 1.2547653420323066
42 60 1.29110618875874
42 61 1.3129494269633666
42 62 1.1597816154258072
42 63 1.3901998765727204
42 64 1.304542635757422
42 65 1.4090972491357165
42 66 1.4441560996792224
42 67 1.250129263344209
42 68 1.528825413513723
42 69 1.4501109455727292
42 70 1.305175535904318
42 71 1.1817601915889595
42 72 1.3049889184611645
42 73 1.418855135175843
42 74 1.2671837153723888
42 75 1.224203809213838
42 76 1.4167206796919547
42 77 1.453268242711776
42 78 1.4739539006727016
42 79 1.2525056666810055
42 80 1.2944970859481426
42 81 1.3526096207711216
42 82 1.4980439252412516
42 83 1.4127222831913462
42 84 1.4430966164729417
42 85 1.3963616911382095
42 86 1.427220541804467
42 87 1.0490811230702544
42 88 1.399746645301836
42 89 1.3467274688297048
43 44 1.4744334901957814
43 45 0.7864373686542433
43 46 1.388164309654376
43 47 1.298048106412247
43 48 1.631087683475779
43 49 1.1275960573177088
43 50 1.4108245236628145
43 51 1.418251453907203
43 52 1.2327475125698464
43 53 1.4090243486751943
43 54 1.2945910132340324
43 55 1.286278270354167
43 56 1.1651463006010572
43 57 1.4166413190216955
43 58 1.450475922187133
43 59 1.4455567892722643
43 60 1.3388646940008018
43 61 1.4385552159699488
43 62 1.2517303048467598
43 63 1.4483060350726416
43 64 1.4032197665897308
43 65 1.4309564152136778
43 66 1.444759390182496
43 67 1.1503799722323946
43 68 1.3823614379804996
43 69 1.4231770203106002
43 70 1.4207062503502355
43 71 1.342747592072301
43 72 1.41144874372034
43 73 1.4153714969074436
43 74 1.4742641511826258
43 75 1.4012033133241195
43 76 1.5273110175799565
43 77 1.290147202097232
43 78 0.5671675938523023
43 79 1.5011152595191894
43 80 1.4249459490780194
43 81 1.3676403942034774
43 82 0.7490906422207327
43 83 1.1130634221978988
43 84 1.2956957703119307
43 85 1.330270241680558
43 86 1.4040561227037358
43 87 1.3403978716031788
43 88 1.373045104060843
43 89 1.4143138752364488
44 45 1.4281842247559196
44 46 1.3062982987210716
44 47 1.410726384517346
44 48 1.239312065499131
44 49 1.3876588512550787
44 50 1.2950217829864408
44 51 0.9490192520002823
44 52 1.363563355607819
44 53 1.289370307913472
44 54 1.2892490662161407
44 55 1.4048342768610655
44 56 1.3492666522133954
44 57 1.2986762147576503
44 58 1.210428778196309
44 59 1.22977408611541
44 60 1.2371122539727142
44 61 1.1514028145238593
44 62 1.1373142657271724
44 63 1.3187239779304325
44 64 1.2425863507429906
44 65 1.4082998440818375
44 66 1.4479239748633688
44 67 1.3852851569988185
44 68 1.3828159633390482
44 69 1.2709274626868128
44 70 1.2170077911461958
44 71 1.1561838138199885
44 72 1.3219796360431864
44 73 1.323452905082958
44 74 1.273478515878943
44 75 1.213472076568588
44 76 1.3437539542572543
44 77 1.3495940682038063
44 78 1.5233970546442068
44 79 1.2326132216312897
44 80 1.2680913335542048
44 81 1.3088676835401691
44 82 1.570678249789821
44 83 1.4177664592686454
44 84 1.368572069415021
44 85 1.430564398400532
44 86 1.2754505543264072
44 87 1.1815508167863613
44 88 1.4487828845633786
44 89 1.2617230067363638
45 46 1.2815510195146975
45 47 1.123659162243919
45 48 1.394669993716892
45 49 1.1117726445480103
45 50 1.3471346954441958
45 51 1.3735713440656785
45 52 1.2180171156840416
45 53 1.3532836234545411
45 54 1.2299985158867686
45 55 1.1668982640380778
45 56 1.2908187260496011
45 57 1.4450810809008394
45 58 1.355040883730826
45 59 1.4462079841650348
45 60 1.2324512734580408
45 61 1.139922027033318
45 62 1.2579304568941772
45 63 1.3604765808045276
45 64 1.2703021156326535
45 65 1.3908494297956506
45 66 1.4442083435477313
45 67 1.18731144545949
45 68 1.2674442049908132
45 69 1.3569662562643376
45 70 1.1843015288904304
45 71 1.315346856932116
45 72 1.2576166985218766
45 73 1.3592189989425567
45 74 1.4309966690865918
45 75 1.3307027841259276
45 76 1.396382511261029
45 77 1.3015633408052507
45 78 0.8799232414202174
45 79 1.380491814796951
45 80 1.353647446285256
45 81 1.275193737983469
45 82 0.8935413276760876
45 83 1.191114192077368
45 84 1.1487840135187526
45 85 1.1879185316486085
45 86 1.2560428083789419
45 87 1.3852667724814514
45 88 1.2800354277142718
45 89 1.226303161521242
46 47 1.2060190651313925
46 48 1.210245575556491
46 49 1.255557746426849
46 50 1.2742009531811522
46 51 1.3397927039590405
46 52 1.1674197301456402
46 53 1.1271493904023526
46 54 1.163086443886964
46 55 1.2898752963756275
46 56 1.2748496855381568
46 57 1.3198790793632615
46 58 1.192127617209649
46 59 1.3528618128853602
46 60 1.2758460121006598
46 61 1.1192448352907882
46 62 1.3213217169352225
46 63 1.2496101431697464
46 64 1.2821595667063368
46 65 1.2500039863199195
46 66 1.4080963528514887
46 67 1.3215189697523335
46 68 1.1528428153096757
46 69 1.1065537145301343
46 70 1.1262275997349034
46 71 1.2375380462520431
46 72 1.0331095367830898
46 73 1.1664005124049786
46 74 1.3672982433889895
46 75 1.2162410848465977
46 76 1.247604533684209
46 77 1.4015289889923592
46 78 1.4207943306427517
46 79 1.2100626634820604
46 80 1.1775960509107453
46 81 1.2639017215997002
46 82 1.3543216505475604
46 83 1.2388926310595936
46 84 1.2381065817593866
46 85 1.2940598686356397
46 86 1.207007463206346
46 87 1.202244499870485
46 88 1.1445128340010233
46 89 1.1203566591881446
47 48 1.0666292909143578
47 49 1.2999315529771485
47 50 1.2375245736556328
47 51 1.4782005880367022
47 52 1.2880311530646664
47 53 1.2002837013369398
47 54 1.1079706785127592
47 55 1.2403380040833272
47 56 1.3226516776766575
47 57 1.3509940913956904
47 58 1.3124936060293344
47 59 1.2208824806401573
47 60 1.1275740947064603
47 61 1.106192107460058
47 62 1.3571455489180084
47 63 1.155490916701341
47 64 1.3448907974238427
47 65 1.3397803292763222
47 66 1.4054741732200744
47 67 1.276454556538714
47 68 1.141385175416888
47 69 1.2398223851596253
47 70 1.041868934116643
47 71 1.2888491589455393
47 72 1.093057725177508
47 73 1.2937386634121903
47 74 1.468413925953057
47 75 1.259904296416947
47 76 1.1075826579836487
47 77 1.3517896795856026
47 78 1.3282683469338796
47 79 1.1047364437006706
47 80 1.2779107383697355
47 81 1.3118326640206888
47 82 1.2687233673131173
47 83 1.2752563847214387
47 84 1.1921342917397593
47 85 1.3254976577114357
47 86 1.165038062601768
47 87 1.3373117961489283
47 88 1.2114531216805113
47 89 0.8719876805817053
48 49 1.4685325905606808
48 50 1.1362665769270388
48 51 1.2694898740726666
48 52 1.3252032819998234
48 53 1.1995778006797637
48 54 1.131244056643832
48 55 1.3282588674365132
48 56 1.4773061674601093
48 57 1.3835714666578718
48 58 1.2453016914618522
48 59 1.2686761766787433
48 60 1.10080453406099
48 61 1.0413072312891836
48 62 1.3829793821448388
48 63 1.10104728790698
48 64 1.2424749547425908
48 65 1.2738678818162852
48 66 1.4492933882965415
48 67 1.4286288445192967
48 68 1.2065449871160432
48 69 1.183904941047942
48 70 0.9964016649435583
48 71 1.3038728525489784
48 72 1.0849933928105875
48 73 1.1667919606046169
48 74 1.4204174732097827
48 75 1.190223756329681
48 76 0.8688728052652712
48 77 1.3324737931334087
48 78 1.6377074333523836
48 79 0.9161703566795173
48 80 1.1507996147430684
48 81 1.2727910685187083
48 82 1.5953447473341027
48 83 1.4312136204164336
48 84 1.2194134872738525
48 85 1.4436992216798263
48 86 1.1849330817756276
48 87 1.246702061456099
48 88 1.2238907039851297
48 89 0.7675263610316996
49 50 1.3597315959495222
49 51 1.449298214831887
49 52 0.9691677135610206
49 53 1.1935824953041794
49 54 1.3224154753276005
49 55 1.3882623859861951
49 56 1.1196688308006701
49 57 1.3717602637008561
49 58 1.3476132093660231
49 59 1.3539197441819493
49 60 1.2585211489916082
49 61 1.2671722347424974
49 62 1.2549123192441831
49 63 1.4252827035198241
49 64 1.2479543707542953
49 65 1.391711708449849
49 66 1.3965353254483746
49 67 1.01963129072185
49 68 1.3284838086327981
49 69 1.3287873359601718
49 70 1.2946938381672737
49 71 1.2447847050633842
49 72 1.3689615028432094
49 73 1.3557146312636996
49 74 1.3956697350320937
49 75 1.356937999721866
49 76 1.4385661813947015
49 77 1.369838121538947
49 78 1.194555733275885
49 79 1.3500403782870711
49 80 1.35328912056587
49 81 1.3385095220818788
49 82 1.1798988683154679
49 83 1.224361736846655
49 84 1.358090802212882
49 85 1.2269220910011782
49 86 1.3327252411044466
49 87 1.285463446020456
49 88 1.252036520617456
49 89 1.3203382752132937
50 51 1.4152305473872682
50 52 1.4321782951975566
50 53 1.222988576014652
50 54 1.2066270603854015
50 55 1.3838152776433437
50 56 1.355532711361406
50 57 1.165125426153335
50 58 1.4229813970255583
50 59 1.3422870140404055
50 60 0.9715514619726755
50 61 1.1245579539735802
50 62 1.3606276358664384
50 63 1.1281936592323902
50 64 1.2227162706391117
50 65 1.04402488140723
50 66 1.358654573929297
50 67 1.3251636042519512
50 68 1.1340381173553418
50 69 1.1711578661839221
50 70 1.0983750344157637
50 71 1.2061657400356809
50 72 1.1941584993034013
50 73 1.2992991402844416
50 74 1.445178073009272
50 75 1.1292739653073962
50 76 1.0769585966185868
50 77 1.3830533486513858
50 78 1.4440928912422024
50 79 1.0639221047300351
50 80 1.2297284945427884
50 81 1.2839797044562264
50 82 1.366881829026302
50 83 1.2385740442753312
50 84 1.3035877984997748
50 85 1.3849024754448274
50 86 1.2793273670080645
50 87 1.2451560121902499
50 88 1.1406800441945544
50 89 1.0227388766170458
51 52 1.3949738575381223
51 53 1.25070605101916
51 54 1.3287890109714486
51 55 1.4424894955144394
51 56 1.3718392285345362
51 57 1.412720031798121
51 58 1.1612053928288837
51 59 1.404879249366874
51 60 1.2841572571269644
51 61 1.2425425008960422
51 62 1.1763675841209644
51 63 1.4143556866785447
51 64 1.2154620877770022
51 65 1.459209372827575
51 66 1.314235449051173
51 67 1.4240976890124895
51 68 1.4380713118633741
51 69 1.3149348292812435
51 70 1.2580827264950345
51 71 1.1462118156782202
51 72 1.2556514500601565
51 73 1.3596898517467289
51 74 1.33807585124656
51 75 1.1757963050234241
51 76 1.4397819543071622
51 77 1.3981768673260357
51 78 1.4690166681560406
51 79 1.3386088196477057
51 80 1.258921250330332
51 81 1.2344519909199991
51 82 1.5312449963215855
51 83 1.42601620086006
51 84 1.3495703228723785
51 85 1.3556586012565455
51 86 1.314701508781047
51 87 1.2104155117337718
51 88 1.4304159377165135
51 89 1.2962826309632716
52 53 1.1909931959368307
52 54 1.3256737747996328
52 55 1.2231554755406233
52 56 1.1746874526269993
52 57 1.3848794895760175
52 58 1.3802207439733316
52 59 1.3924100416980305
52 60 1.307283705366679
52 61 1.3138111848180236
52 62 1.3001665852358808
52 63 1.3606502862816574
52 64 1.2423383651947169
52 65 1.3398577424088618
52 66 1.4103176256858299
52 67 1.1375585127673289
52 68 1.3590785166788826
52 69 1.2309859435274
52 70 1.3490516747112675
52 71 1.359741177500803
52 72 1.3606004419795967
52 73 1.2930734189104272
52 74 1.4299111473418076
52 75 1.430596655863315
52 76 1.3583346666131138
52 77 1.3322094601311352
52 78 1.298249835945895
52 79 1.2918532222490071
52 80 1.345760109803628
52 81 1.3638875759999374
52 82 1.246085593443391
52 83 1.2331576574343361
52 84 1.2605823177475641
52 85 1.184034639128789
52 86 1.2466516637402014
52 87 1.2113539479507176
52 88 1.3488475507600723
52 89 1.2754205075222922
53 54 1.2097251677650451
53 55 1.408221840062479
53 56 1.2446434112830778
53 57 1.2289051522830496
53 58 1.256402664251739
53 59 1.2564805063009563
53 60 1.124166117788434
53 61 1.169232961385339
53 62 1.3332193474156293
53 63 1.202156768110662
53 64 1.171029843782531
53 65 1.2520725560833563
53 66 1.2374672499066042
53 67 1.1464412548378562
53 68 1.1728277460002923
53 69 1.1784450338857264
53 70 1.154567789004045
53 71 1.2789994402462668
53 72 1.1294515103021179
53 73 1.2211229045069107
53 74 1.3539491576430236
53 75 1.29518714118382
53 76 1.1553190857771356
53 77 1.3693056496927447
53 78 1.423229527348675
53 79 1.189626200405049
53 80 1.2252112358918197
53 81 1.2524569480620507
53 82 1.4017224167312319
53 83 1.2696349917473877
53 84 1.2430007927058302
53 85 1.2905731477453706
53 86 1.2450512690077566
53 87 1.1204850493178393
53 88 1.2774244786909585
53 89 1.1282725903859459
54 55 1.3110180742345212
54 56 1.407512510866209
54 57 1.3199288764552222
54 58 1.2137113082060826
54 59 1.2304751529915154
54 60 1.0336200758615746
54 61 1.0102368806481392
54 62 1.2488953784721637
54 63 1.3096316321634585
54 64 1.264535355182822
54 65 1.3353268601455124
54 66 1.514700394096674
54 67 1.288001779187441
54 68 1.3187370273425756
54 69 1.2580165188970596
54 70 1.082561505797615
54 71 1.102572938970444
54 72 0.9567900613979237
54 73 1.0990342800805075
54 74 1.3364393665552092
54 75 1.122254827639284
54 76 1.0934090147222952
54 77 1.3518543391585538
54 78 1.358999664520586
54 79 1.1716800997296466
54 80 1.140846453218566
54 81 1.267340976169617
54 82 1.3081655734334363
54 83 1.2402255225298497
54 84 1.2797955588758811
54 85 1.3746113119361092
54 86 1.2136761109120284
54 87 1.1730372869667853
54 88 1.2968560357323358
54 89 0.9702295443679279
55 56 1.433374068083754
55 57 1.3783611937387148
55 58 1.3992243458834484
55 59 1.407694435411623
55 60 1.2048476008212898
55 61 1.1688643836700172
55 62 1.3245644323118355
55 63 1.3186334915275613
55 64 1.3683913076989558
55 65 1.2490152085450776
55 66 1.4221944294119975
55 67 1.4229393022590475
55 68 1.2199479756939056
55 69 1.3521286451270125
55 70 1.1906285069871645
55 71 1.4935900226126348
55 72 1.2540414440542273
55 73 1.3886163455538523
55 74 1.4585272410214971
55 75 1.4265461411770637
55 76 1.333985966713679
55 77 1.2664887306950008
55 78 1.3458845698491864
55 79 1.313481832620687
55 80 1.3347571466149086
55 81 1.316730708467945
55 82 1.2733072246023764
55 83 1.3214079465580875
55 84 0.971530982223152
55 85 1.170868318876328
55 86 1.0201267976826796
55 87 1.4584723576125092
55 88 1.358065076424217
55 89 1.2255188194807003
56 57 1.4124935300277663
56 58 1.5069827923772996
56 59 1.4889692696665398
56 60 1.3892461606518929
56 61 1.3684949100440655
56 62 1.2996296170957056
56 63 1.4240522382290515
56 64 1.2923816582016896
56 65 1.4382069468080474
56 66 1.4099243506725823
56 67 1.0881589178364217
56 68 1.3770007619142006
56 69 1.4153586783432
56 70 1.4140001822354977
56 71 1.3065042181268844
56 72 1.5310581399096717
56 73 1.5778563906241876
56 74 1.4060558415978437
56 75 1.517995803760139
56 76 1.3439515151159231
56 77 1.3779643441556597
56 78 1.210403544661237
56 79 1.3858044456803003
56 80 1.5536477152498263
56 81 1.3544919987952697
56 82 1.2124176721024233
56 83 1.2365384252475358
56 84 1.3868729542487104
56 85 1.3544662239313343
56 86 1.368955870425498
56 87 1.3733387693290684
56 88 1.4113977618528168
56 89 1.3434777349954745
57 58 1.4384903770073658
57 59 1.24532266950185
57 60 1.3133192401410632
57 61 1.2166974898289011
57 62 1.4524472914802558
57 63 1.3062374890036206
57 64 1.3323433985072488
57 65 1.1156128637968223
57 66 1.2036451103843169
57 67 1.4109802693559355
57 68 1.2084911575378636
57 69 1.2493800771067227
57 70 1.3547087585434645
57 71 1.1884662799490175
57 72 1.3017933787612928
57 73 1.3097260249024893
57 74 1.405023342289247
57 75 1.3176794592877692
57 76 1.3112386706425463
57 77 1.428094178225267
57 78 1.402782435402469
57 79 1.2724358008351315
57 80 1.3671199924917616
57 81 1.3823576691089703
57 82 1.3386759863947237
57 83 1.3227983164702464
57 84 1.2531951277154936
57 85 1.4720222303601753
57 86 1.1938046022025985
57 87 1.3548031980976063
57 88 1.2845859132398327
57 89 1.359047009377208
58 59 1.259236858294634
58 60 1.3512322841954354
58 61 1.254976789810159
58 62 1.2645499999958887
58 63 1.335816570982221
58 64 1.21807169294818
58 65 1.4053642899928556
58 66 1.3876142259641528
58 67 1.4784683293476846
58 68 1.3171023770733798
58 69 1.309645900321555
58 70 1.2429090357361625
58 71 1.3254788500947337
58 72 1.1497724201100907
58 73 1.2227957201633726
58 74 1.3676422375159731
58 75 1.1390661296071127
58 76 1.2876583583375454
58 77 1.4972548433827646
58 78 1.5088019805820594
58 79 1.295629758068973
58 80 1.0870555619055935
58 81 1.319213339992156
58 82 1.5161715835119212
58 83 1.5088808383645633
58 84 1.3677898209572181
58 85 1.3313811406978102
58 86 1.340991791808686
58 87 1.293988957520659
58 88 1.3168826716580675
58 89 1.2772037463116028
59 60 1.3301763909383226
59 61 1.3616329507438092
59 62 1.268537829892403
59 63 1.249940911836849
59 64 1.3596246707589168
59 65 1.383338233528943
59 66 1.3376129613559964
59 67 1.3659335010928146
59 68 1.3313767175634383
59 69 1.3622292807162575
59 70 1.2884169246623551
59 71 1.249875594346128
59 72 1.3357524193328172
59 73 1.3006061609079484
59 74 1.2689903313237032
59 75 1.2842358803607985
59 76 1.3955306402693144
59 77 1.291163691901482
59 78 1.4683136659852856
59 79 1.2820380956793844
59 80 1.2806881016462994
59 81 1.348834558247866
59 82 1.4692895459931135
59 83 1.3718893257610132
59 84 1.3355736612445404
59 85 1.3635929201491614
59 86 1.344799707427618
59 87 1.1858041882502508
59 88 1.3672012427764113
59 89 1.2462142069632622
60 61 1.018551088412476
60 62 1.3240448390201929
60 63 1.2410149258388417
60 64 1.2435382439931744
60 65 1.1204663025184405
60 66 1.344453301941021
60 67 1.2129694712315915
60 68 1.156678068779528
60 69 1.239000860114616
60 70 0.9438304697198148
60 71 1.1376502419572774
60 72 1.0466105672474566
60 73 1.2346928991546378
60 74 1.3812364806199817
60 75 1.2087630284871416
60 76 1.1926293884948842
60 77 1.2833404950026572
60 78 1.396781168416092
60 79 1.13502284774588
60 80 1.184855369320913
60 81 1.20535232961013
60 82 1.3649636612824145
60 83 1.2277804133455192
60 84 1.1853266658483628
60 85 1.2564948350587373
60 86 1.1550701619040087
60 87 1.1550273040829575
60 88 1.1573426172394177
60 89 0.9751205862401511
61 62 1.355886739467745
61 63 1.2268750216964517
61 64 1.271742844090125
61 65 1.3038180071973287
61 66 1.3403333610117647
61 67 1.3531407991143294
61 68 1.0794016681403142
61 69 1.2272778424330792
61 70 0.725149790025114
61 71 1.2323023716168544
61 72 0.8654695279148894
61 73 1.3046297221539043
61 74 1.3653151853489134
61 75 1.1691343421070153
61 76 1.1181221607092664
61 77 1.3892741152149783
61 78 1.4180149920356002
61 79 1.05441176759243
61 80 1.1767865034103628
61 81 1.1389873436322404
61 82 1.3503196179177288
61 83 1.3432051659713455
61 84 1.096718481305307
61 85 1.2682366024148994
61 86 0.9744674705291307
61 87 1.2994821908704353
61 88 1.218496198105935
61 89 0.9870657077354915
62 63 1.405018968823484
62 64 1.1486442408140818
62 65 1.3926821220046444
62 66 1.5478743983673564
62 67 1.3495524536575898
62 68 1.4366809103170464
62 69 1.3980491091389633
62 70 1.244416617678398
62 71 1.1889141183508567
62 72 1.2738838789514726
62 73 1.2921183449562565
62 74 1.3402987014360548
62 75 1.2121342956894192
62 76 1.3488721003872761
62 77 1.247283301135801
62 78 1.3773373040353052
62 79 1.3385821760267098
62 80 1.2885118306977363
62 81 1.283958423603778
62 82 1.3990512638838002
62 83 1.3727549918592592
62 84 1.281183897461615
62 85 1.3338330756179417
62 86 1.3511948056053156
62 87 1.2085586908460841
62 88 1.41655488196935
62 89 1.3227163304325056
63 64 1.3044137138379786
63 65 1.0984585356867753
63 66 1.2913066496218855
63 67 1.469147946089273
63 68 1.2135867182380298
63 69 1.0882766107733635
63 70 1.1401920123295943
63 71 1.3017085862621494
63 72 1.2108558902502424
63 73 1.2924425184580661
63 74 1.4382195559733668
63 75 1.2676453248584925
63 76 1.1710782684953072
63 77 1.3311735986287536
63 78 1.4854934840257494
63 79 1.0111706842833796
63 80 1.2977802713022941
63 81 1.2830635207833996
63 82 1.4002923882950835
63 83 1.2747143074781888
63 84 1.2022148270025845
63 85 1.2756505686661592
63 86 1.2401451474490666
63 87 1.3395499401011313
63 88 1.2211068122433635
63 89 1.1285425780663545
64 65 1.1983360941856727
64 66 1.4429649227529833
64 67 1.2388304890384465
64 68 1.3177485913284073
64 69 1.278014792830706
64 70 1.266687413481533
64 71 1.149240388486379
64 72 1.231303728301412
64 73 1.172379633321177
64 74 1.3167876547804178
64 75 1.1845056487820365
64 76 1.2605256456141705
64 77 1.3702696622909474
64 78 1.4544241073159618
64 79 1.2344696940982764
64 80 1.2400178083836637
64 81 1.2142711810840716
64 82 1.3995047189122884
64 83 1.3596630227646018
64 84 1.2495231951065278
64 85 1.3339710012227102
64 86 1.2432524121042459
64 87 1.188592469251214
64 88 1.2965844000566376
64 89 1.1644677080275758
65 66 1.1532875203865611
65 67 1.3589076007589105
65 68 1.1595669337870929
65 69 1.1348688870210233
65 70 1.267588819259012
65 71 1.2484836055913964
65 72 1.2518714154064108
65 73 1.274437747024228
65 74 1.459232365109847
65 75 1.195676346591661
65 76 1.1956780548619035
65 77 1.3836299882745857
65 78 1.47307990114184
65 79 1.1389538540076176
65 80 1.2753624309944247
65 81 1.3448324261565006
65 82 1.3263381928373454
65 83 1.2521474551753724
65 84 1.2213153223763462
65 85 1.3228606516283263
65 86 1.195051012989158
65 87 1.3964942297536247
65 88 1.1515479831771012
65 89 1.213255426184563
66 67 1.3742872457453963
66 68 1.3229757419502526
66 69 1.3183229304969961
66 70 1.3111937612253228
66 71 1.3694515523694373
66 72 1.401491279534433
66 73 1.5533454620371199
66 74 1.4288350624311634
66 75 1.3387599847646756
66 76 1.4794434186456502
66 77 1.4790572145748861
66 78 1.4147105054861089
66 79 1.3441443782385014
66 80 1.4028794383951133
66 81 1.3312584084701553
66 82 1.404503436881701
66 83 1.3751956585861238
66 84 1.3983715727966246
66 85 1.3379634979796122
66 86 1.334181855429488
66 87 1.450916791032261
66 88 1.2754715908212324
66 89 1.4217828047583085
67 68 1.329190423244723
67 69 1.3577204777914567
67 70 1.3235852408352105
67 71 1.3224303507030006
67 72 1.4012735602422626
67 73 1.3568653477613188
67 74 1.4622113158084966
67 75 1.3505565963341064
67 76 1.4146941363426861
67 77 1.419198654880805
67 78 1.189715236939358
67 79 1.3068238656116296
67 80 1.3731962335400636
67 81 1.4521945204895903
67 82 1.2777511859969035
67 83 1.261746851723406
67 84 1.4218633811292296
67 85 1.3185635185102667
67 86 1.4126180619488045
67 87 1.0737212061462464
67 88 1.3069103534411632
67 89 1.2867912992166373
68 69 1.063715277452943
68 70 1.1599841999752267
68 71 1.306911057187606
68 72 1.085900086780291
68 73 1.2495671192748754
68 74 1.3655968324680425
68 75 1.2946129502136896
68 76 1.1491929295529844
68 77 1.2950828658052487
68 78 1.3715120781075862
68 79 1.2868888758595118
68 80 1.1853208529953088
68 81 1.2695400939860062
68 82 1.317580929389725
68 83 1.2616353386011008
68 84 1.127327839599198
68 85 1.3297705274535465
68 86 1.1618896985256921
68 87 1.3781707099562184
68 88 1.203489749316731
68 89 1.159618286150469
69 70 1.2198335683799908
69 71 1.2772621173927081
69 72 1.1002092275586954
69 73 1.1280159658732323
69 74 1.3975087259719972
69 75 1.2756019570338868
69 76 1.2063471874370795
69 77 1.3373544257469296
69 78 1.429230939572894
69 79 1.1027852922193222
69 80 1.1149961137305475
69 81 1.4261782587319414
69 82 1.3567128964530644
69 83 1.3136688215537469
69 84 1.2207810464937345
69 85 1.3019167080888712
69 86 1.270229085954477
69 87 1.1892987522888883
69 88 1.155281297476844
69 89 1.1968462988573467
70 71 1.2785187005376704
70 72 0.8894951418374314
70 73 1.3381499278094546
70 74 1.39842568520102
70 75 1.2125710126533886
70 76 1.18937358707865
70 77 1.3756774643650735
70 78 1.445358572342303
70 79 1.0591529885179185
70 80 1.2158701325641086
70 81 1.131933430129913
70 82 1.4198208526786638
70 83 1.3694540848541206
70 84 1.1550761813343113
70 85 1.3096166814196937
70 86 1.132896229506813
70 87 1.2151335296969696
70 88 1.1265295584636859
70 89 0.9079250666798344
71 72 1.22920551229106
71 73 1.2683855883786888
71 74 1.2840950566735776
71 75 1.1129553351875396
71 76 1.312955587117452
71 77 1.2862583310842928
71 78 1.3664083697627618
71 79 1.2531826082620448
71 80 1.3472995413011735
71 81 1.2833235501388565
71 82 1.3793978570887473
71 83 1.1588154691484125
71 84 1.3262043794835499
71 85 1.3718978888020625
71 86 1.2117292246901648
71 87 1.236294960901732
71 88 1.3283121564578835
71 89 1.1986464553808764
72 73 1.034750659062116
72 74 1.3846233049104555
72 75 1.0910977398836466
72 76 1.1484737308385013
72 77 1.4068041281680117
72 78 1.4384973267160492
72 79 1.1288822526905347
72 80 1.0221951702116945
72 81 1.1635857454458038
72 82 1.40083386674146
72 83 1.2940407469584698
72 84 1.1141546570027234
72 85 1.307211581924696
72 86 1.1037094956436069
72 87 1.1800604680981739
72 88 1.1115000549200573
72 89 1.0104488941263747
73 74 1.3987538278196452
73 75 1.0848949081732937
73 76 1.177454039864676
73 77 1.2820587537870274
73 78 1.4547987383113221
73 79 1.1396210806657756
73 80 0.9578425488608545
73 81 1.3269323896825989
73 82 1.427942975217202
73 83 1.2685618965898782
73 84 1.23314974687943
73 85 1.294666773025898
73 86 1.3241716101962615
73 87 1.256263300116442
73 88 1.272310118854786
73 89 1.212969296532121
74 75 1.3872157251224324
74 76 1.4223006229609816
74 77 1.3057570202926845
74 78 1.4324672556836922
74 79 1.4836950255507662
74 80 1.3228831042043272
74 81 1.4091414014352797
74 82 1.4012887178101723
74 83 1.393829697798852
74 84 1.427760322291183
74 85 1.3701369921925028
74 86 1.4548079227774113
74 87 1.3080579971535045
74 88 1.4705979137724317
74 89 1.418836367949637
75 76 1.2456878308902073
75 77 1.444856614478145
75 78 1.3970538797481666
75 79 1.130435665330566
75 80 1.0671801265368581
75 81 1.2241546213764194
75 82 1.4127278315511418
75 83 1.1885463424131166
75 84 1.292587634623614
75 85 1.3340079778887275
75 86 1.269282757367685
75 87 1.200678721565842
75 88 1.3164790332608027
75 89 1.1708234723879243
76 77 1.3356347917145255
76 78 1.5216613772537624
76 79 1.0723069594995336
76 80 1.2240368309311753
76 81 1.3073495482551276
76 82 1.4345621189947793
76 83 1.336608210573047
76 84 1.3172316072363794
76 85 1.4692103114060806
76 86 1.245955713045037
76 87 1.3778091984677296
76 88 1.2697926597392806
76 89 0.9212389060607428
77 78 1.3048136257943495
77 79 1.353081551734283
77 80 1.3311364482758723
77 81 1.3622867632988336
77 82 1.3295288558178755
77 83 1.336736263485346
77 84 1.2425156199034526
77 85 1.2612639929778202
77 86 1.34508063937784
77 87 1.3883079977459665
77 88 1.4236288714585463
77 89 1.3226126101199227
78 79 1.52349827301329
78 80 1.4133311241784003
78 81 1.40663891199419
78 82 0.7350201930715199
78 83 1.1522084172001337
78 84 1.3684743698735944
78 85 1.3544624815044595
78 86 1.4175701354752526
78 87 1.3600949045546518
78 88 1.434475447040956
78 89 1.437670100570834
79 80 1.1642797088793722
79 81 1.273879598197577
79 82 1.4843721160313312
79 83 1.313946735377869
79 84 1.105908200006079
79 85 1.3016949209700583
79 86 1.1596347625467847
79 87 1.2450626333300692
79 88 1.2288653997334016
79 89 0.9446686629720694
80 81 1.3637428147919242
80 82 1.3951579412474489
80 83 1.4049849610149414
80 84 1.3020398780094935
80 85 1.2459053520355796
80 86 1.3876298250261825
80 87 1.2331547192177574
80 88 1.2659265150841068
80 89 1.1833531182021875
81 82 1.318661455807157
81 83 1.244859750797328
81 84 1.1368621601743547
81 85 1.204509392482868
81 86 1.182203512740114
81 87 1.3395960505652587
81 88 1.2941641462600635
81 89 1.1958640706200794
82 83 1.1245052875169754
82 84 1.258220394043135
82 85 1.2637302779848516
82 86 1.3642083276411554
82 87 1.4244224574636106
82 88 1.3509025097316607
82 89 1.3874909345127022
83 84 1.2236987132235628
83 85 1.282553410247764
83 86 1.27762575342317
83 87 1.2683348412371978
83 88 1.3358093337780477
83 89 1.2995056847677364
84 85 1.073094601493393
84 86 0.9912978200164556
84 87 1.399260411507542
84 88 1.2333099920585613
84 89 1.2073313399381778
85 86 1.2648916830439212
85 87 1.420641549483714
85 88 1.3560067638521562
85 89 1.355309306720588
86 87 1.3873921145364805
86 88 1.2553733311494462
86 89 1.1520324082489528
87 88 1.3159554894637435
87 89 1.2255685008872934
88 89 1.1198055621402816
