90 0
0 1 1.4081534481913707
0 2 1.4886648951361756
0 3 1.4334900967047544
0 4 1.4106679445942651
0 5 1.3628060367987056
0 6 1.327160747970507
0 7 1.341326996526182
0 8 0.7726691788473652
0 9 1.481282294030537
0 10 1.2103386506930776
0 11 1.3018181912297986
0 12 1.3394275196040892
0 13 0.7990328633082671
0 14 1.3982913359342686
0 15 1.2178729290275765
0 16 1.3766847781946867
0 17 1.4563564667074784
0 18 1.2129559059107882
0 19 1.4958386626539506
0 20 1.435017430975047
0 21 1.4048398323060876
0 22 1.4426174817592945
0 23 1.3728077218492494
0 24 1.5142641510686257
0 25 1.3405855701047815
0 26 1.3899664106290863
0 27 1.3079048454541244
0 28 1.3793868293793843
0 29 1.5164823228260915
0 30 0.7952573419219366
0 31 1.4348208707614163
0 32 1.4331419551032356
0 33 1.4536753910131994
0 34 1.4981290620870478
0 35 1.4292046544154124
0 36 1.3285163543634575
0 37 1.323394297027463
0 38 1.2293303290981474
0 39 1.4333739428615113
0 40 1.4195726801654605
0 41 1.2505086755553851
0 42 1.5290768729428552
0 43 1.411264409123304
0 44 1.4060079911126395
0 45 1.4776702296050943
0 46 1.2833012949220792
0 47 1.4527098792173636
0 48 0.790390868699447
0 49 1.4796234286767926
0 50 1.3587785217912547
0 51 1.4367778967886558
0 52 0.7977267347170004
0 53 1.4423084245950932
0 54 1.6046161979790219
0 55 1.558915365201242
0 56 1.301340700729943
0 57 1.4528517228834315
0 58 1.4022199588253488
0 59 1.6032840768974503
0 60 1.419420875964887
0 61 1.3882461811023437
0 62 1.5027647379925748
0 63 1.3945254269784442
0 64 1.4146863115386512
0 65 1.1980260043209114
0 66 1.374704887239931
0 67 1.576390785077399
0 68 1.566222853094647
0 69 1.1920228405371813
0 70 0.8052370849547996
0 71 1.362762864767482
0 72 1.5020879452198674
0 73 1.3755063251534658
0 74 1.1866584642939029
0 75 1.2498917393927862
0 76 0.9348129389436509
0 77 1.332377299889991
0 78 1.1241696120936322
0 79 1.3221119555038352
0 80 1.3117812067139216
0 81 1.4183412014259418
0 82 1.4532524724280746
0 83 1.4038813995051806
0 84 1.4642255530527128
0 85 1.2920809135977764
0 86 1.4018696276601352
0 87 1.3931074398685845
0 88 1.4035918158214606
0 89 1.421051232553556
1 2 1.3260464677213826
1 3 1.296236807066719
1 4 1.2874743645297622
1 5 1.1090952530593956
1 6 1.2303933458339007
1 7 1.3290507375085725
1 8 1.4102136962359777
1 9 1.2199945319555239
1 10 1.2280201509360362
1 11 1.3398334809686592
1 12 1.4314620701329235
1 13 1.410719514881878
1 14 1.2932856085187172
1 15 1.3169232174050876
1 16 1.330826875734901
1 17 1.2543705615455591
1 18 1.3867491541326034
1 19 1.1312755182896053
1 20 1.1569074616664499
1 21 1.1932153436081088
1 22 1.2699090348805684
1 23 1.3675473937622078
1 24 1.2149800203490682
1 25 1.2580450417547737
1 26 1.223425161057349
1 27 1.4326178353997876
1 28 1.4040419140841727
1 29 1.1673401110503443
1 30 1.3691531885776098
1 31 1.2272871538617367
1 32 1.3540001384509144
1 33 1.2253295210594235
1 34 1.2843034959023831
1 35 1.2560665778539757
1 36 1.2946134909391394
1 37 1.2637171165092844
1 38 1.3814431806252234
1 39 1.153919295567832
1 40 1.1951007363267403
1 41 1.3600280660630588
1 42 1.2301746357572507
1 43 1.1884241940270648
1 44 1.1753555630113695
1 45 1.2596175469065058
1 46 1.1590689358276494
1 47 1.0377450115430984
1 48 1.3840846017912196
1 49 1.250280888220201
1 50 1.2483741145768217
1 51 1.5401654112218792
1 52 1.4920875026277767
1 53 1.172217229463978
1 54 1.1948847831295588
1 55 1.2256035019170735
1 56 1.24968044927415
1 57 1.342162292696218
1 58 1.3407249810804023
1 59 1.3463040585995985
1 60 1.210476024605111
1 61 1.2367271030289595
1 62 1.2470875664564607
1 63 1.2502292430414927
1 64 1.3744783410117862
1 65 1.3123321902089662
1 66 1.1758333306104447
1 67 1.2311985443319613
1 68 1.2055049766750754
1 69 1.2279262426048736
1 70 1.4715184885397494
1 71 1.3119399673767735
1 72 1.2660441614343192
1 73 1.2425987562812006
1 74 1.473074436372825
1 75 1.3561402473716306
1 76 1.4067937753666404
1 77 1.3206772344382367
1 78 1.4186780513656345
1 79 1.3418407023980767
1 80 1.3462837103987286
1 81 1.238687891011734
1 82 1.3845180786944842
1 83 1.1259521326946225
1 84 1.233254286173044
1 85 1.366472279903809
1 86 1.4206905068994646
1 87 1.2743748580552081
1 88 1.3325376177412147
1 89 1.181665908780192
2 3 1.4762172966764264
2 4 1.196047351316731
2 5 1.2507838757381422
2 6 1.151042131420023
2 7 1.4976081701964807
2 8 1.4439989892221494
2 9 1.2072267941637618
2 10 1.3166041674867015
2 11 1.4845524217039514
2 12 1.2870396361189247
2 13 1.5666784371590987
2 14 1.1639885877605636
2 15 1.3970703107916806
2 16 1.3483035418104299
2 17 1.260651417144259
2 18 1.3428352386909335
2 19 1.332553681232075
2 20 1.2164708229832653
2 21 0.9564007122390156
2 22 1.2579561129727528
2 23 1.04594791491263
2 24 1.3603395260599898
2 25 1.3460753552700577
2 26 1.2327830101801727
2 27 1.4507433528863205
2 28 1.3139168223923436
2 29 1.2519144232647539
2 30 1.4420612186557384
2 31 1.4809637934613595
2 32 1.331256019209694
2 33 1.1573826395006286
2 34 1.2687083118566207
2 35 1.240422943159591
2 36 1.1997224012469214
2 37 1.307083125373223
2 38 1.4772344942209452
2 39 1.2076605487839367
2 40 1.3242855503744402
2 41 1.4239229901544737
2 42 1.2500514440771586
2 43 1.3629647800759925
2 44 1.110039157328838
2 45 1.4476546112567952
2 46 1.1528140465897978
2 47 1.2432271827310875
2 48 1.446232522842312
2 49 1.2012450066152456
2 50 1.1900642651527413
2 51 1.1239611773180966
2 52 1.4764876491361458
2 53 0.9453616899373088
2 54 1.2217918039103612
2 55 1.2930900953538422
2 56 1.3953469500551212
2 57 1.4063189742675108
2 58 1.3170266167589495
2 59 1.1578311899659193
2 60 1.260183130610406
2 61 1.2750009985771396
2 62 1.253341325961011
2 63 1.3331080457814333
2 64 1.4416010318505867
2 65 1.4262518593405253
2 66 1.2884098829518915
2 67 1.2801182676590184
2 68 1.318551851063596
2 69 1.1802861506657931
2 70 1.4921859771039978
2 71 1.3936828185908887
2 72 1.073851872176791
2 73 1.408901598653987
2 74 1.5681048408886367
2 75 1.3905940333777707
2 76 1.556201245407827
2 77 1.439318112004688
2 78 1.439086479443422
2 79 1.4399238097041371
2 80 1.486710573838187
2 81 1.1229300857037188
2 82 1.456017133277368
2 83 1.3133050134174917
2 84 1.2105792865508498
2 85 1.4207763201592596
2 86 1.407579855397438
2 87 1.2740428754280677
2 88 1.392822128113229
2 89 1.2854613188736954
3 4 1.1234492210881792
3 5 1.2428431205974235
3 6 1.2772912403683463
3 7 1.2808827170650188
3 8 1.4412885481460853
3 9 1.2219380936623472
3 10 1.359449383706292
3 11 1.0300293325856456
3 12 1.3302043453412498
3 13 1.3829624391950979
3 14 1.301873773566527
3 15 1.4100010188796201
3 16 1.3736746998423945
3 17 1.3401730047073883
3 18 1.407172874200221
3 19 1.2168853692862842
3 20 1.4535681427330585
3 21 1.4527668176232342
3 22 1.332936726490318
3 23 1.4341525223025349
3 24 1.3912290716791418
3 25 1.2171876147185297
3 26 1.424855441536007
3 27 1.3822430709221885
3 28 1.3582436417331067
3 29 1.209478873265591
3 30 1.3722697759109943
3 31 1.2532188390582333
3 32 1.390760407780769
3 33 1.3595748265300949
3 34 1.2398859459741927
3 35 1.263146453210846
3 36 1.3390708551049393
3 37 1.3703548926818536
3 38 1.4595667182811352
3 39 1.3957309354720775
3 40 1.3184623843733512
3 41 1.3374471638884213
3 42 1.2064937551733086
3 43 1.3635048713707698
3 44 1.26399929770731
3 45 1.2532309059643767
3 46 1.2987705816233517
3 47 1.3697485356863552
3 48 1.431804810978731
3 49 1.3723004316394491
3 50 1.39396148694911
3 51 1.4049572264164407
3 52 1.4175946875785004
3 53 1.435825640135629
3 54 1.2177234207960808
3 55 1.1920234461741703
3 56 1.1515632397255817
3 57 1.3597608850460576
3 58 1.2964773896667163
3 59 1.4089387689930444
3 60 1.3755548312632797
3 61 1.3294566420854204
3 62 1.2404107926186236
3 63 1.4408167684706135
3 64 1.316260702032851
3 65 1.4358751951289277
3 66 1.2106654285391258
3 67 1.2307517857766126
3 68 1.1863068568379287
3 69 1.4957281626207357
3 70 1.4191216780591542
3 71 1.1998920463174634
3 72 1.54001301289922
3 73 1.0375117934094997
3 74 1.3880417153876032
3 75 1.2798348850563708
3 76 1.384575894097693
3 77 1.2008409907983544
3 78 1.4386402865012897
3 79 1.0295119833485882
3 80 0.9300429988069782
3 81 1.4357263609817945
3 82 1.2729168749790343
3 83 1.3488284105618777
3 84 1.3041812190945772
3 85 1.2401956423697207
3 86 1.2806865154862135
3 87 1.2569802221073878
3 88 0.7483969866578394
3 89 1.1242364295342488
4 5 0.901390178804536
4 6 0.9764859694094443
4 7 1.2810127584351352
4 8 1.4425158795812674
4 9 0.8998144825026472
4 10 1.1094163486807467
4 11 1.2410902836540283
4 12 1.1863019694822514
4 13 1.3511397281349464
4 14 1.1643936430458954
4 15 1.3409979718326939
4 16 1.2912222099436472
4 17 1.1433960776508225
4 18 1.4089771697569915
4 19 0.9465507505541261
4 20 1.2079985405664455
4 21 1.2254943352368897
4 22 1.1355525196300555
4 23 1.2131954197339887
4 24 1.2606920610520858
4 25 1.03333931870654
4 26 1.1682044268784268
4 27 1.2405880650835621
4 28 1.2281009272799628
4 29 0.9086015903936324
4 30 1.3019027631760385
4 31 1.2066251390272862
4 32 1.1749459603705676
4 33 1.2938178560396867
4 34 1.2858927182956632
4 35 1.1350607300403626
4 36 1.1663264564600375
4 37 1.2090866984354047
4 38 1.455330309823713
4 39 1.191413200732624
4 40 1.2816778395950366
4 41 1.207801208274453
4 42 0.9823829398684725
4 43 1.2347843458842223
4 44 0.986793107419646
4 45 1.1626275138314095
4 46 0.8826718723986674
4 47 1.3000335933343934
4 48 1.3942298385446106
4 49 1.252751192592035
4 50 1.139983470649404
4 51 1.0343842072970233
4 52 1.367385723331207
4 53 1.1443184802774706
4 54 0.9466759711462491
4 55 0.9658816481211253
4 56 0.8388409964365967
4 57 1.3958502156752997
4 58 1.2398778554792707
4 59 1.2690549238464017
4 60 1.25147199679304
4 61 1.0800384292589633
4 62 0.9865597204003745
4 63 1.3549072054216698
4 64 1.2799509343798476
4 65 1.3808863466411274
4 66 1.2400662313390804
4 67 0.9677607561588909
4 68 1.0096087246933834
4 69 1.2526371584704608
4 70 1.4168215100857493
4 71 1.168426086771444
4 72 1.378053127729945
4 73 1.1849113016138235
4 74 1.3168657894993998
4 75 1.2303300604678076
4 76 1.3614872945211862
4 77 1.2983840229649788
4 78 1.4242388117995102
4 79 1.124697557743908
4 80 1.1930366615157961
4 81 1.2203611356579436
4 82 1.368710308262279
4 83 1.2652519210017223
4 84 1.0973639602217753
4 85 1.2239712899928576
4 86 1.340496632524256
4 87 1.1179577931190106
4 88 1.105265409780389
4 89 1.0133274137890946
5 6 0.9171114626839189
5 7 1.2803877556975363
5 8 1.4273031805579912
5 9 0.8754747924191457
5 10 1.1062389314266088
5 11 1.3139087606451003
5 12 1.2932140577898776
5 13 1.3627824923858118
5 14 1.1732638174393784
5 15 1.231461119346388
5 16 1.2665400975764607
5 17 1.1901604551561242
5 18 1.3217851798211726
5 19 1.0072234554871609
5 20 1.2218999821341305
5 21 1.112710766545798
5 22 1.1811654565181084
5 23 1.1938858439598292
5 24 1.2695318318292683
5 25 0.9595931336575089
5 26 1.1081673278483906
5 27 1.2587197448286287
5 28 1.1668100290862942
5 29 0.8230929378702443
5 30 1.331574880327482
5 31 1.2606548601023597
5 32 1.29110473461376
5 33 1.2064090833443728
5 34 1.2875517303387547
5 35 1.1063711333345208
5 36 1.0426464520809553
5 37 1.0764028596982287
5 38 1.486659357407748
5 39 1.1170755019523841
5 40 1.1718085991448157
5 41 1.212471603840651
5 42 0.9619513291826677
5 43 1.2805219515703774
5 44 0.9569360833686347
5 45 1.2049607145701846
5 46 0.8924600589321773
5 47 1.3072413080530119
5 48 1.385298079310176
5 49 1.080434850635391
5 50 1.0283267359677222
5 51 1.2266547974955209
5 52 1.365431933432574
5 53 1.1387830432263928
5 54 0.9181844800444926
5 55 0.9415029416721745
5 56 0.8528853706260325
5 57 1.3755479914059894
5 58 1.285600734192437
5 59 1.2992646421506813
5 60 1.1960658871585348
5 61 1.080573244019363
5 62 1.0274411193007211
5 63 1.186300019331398
5 64 1.1804149390317684
5 65 1.2630463404189565
5 66 1.1510950408563143
5 67 0.9687841758277754
5 68 0.9990603426880436
5 69 1.100704945401466
5 70 1.394810721893204
5 71 1.2567513224991351
5 72 1.331376353932225
5 73 1.2349184482640245
5 74 1.3610038336713033
5 75 1.2225122960988188
5 76 1.3605356769533357
5 77 1.3627579122798297
5 78 1.4223146971817944
5 79 1.2753120419065134
5 80 1.2659583140165718
5 81 1.1451256035477873
5 82 1.3260834605480842
5 83 1.0825417610876868
5 84 1.208067213677997
5 85 1.2178144262286106
5 86 1.3336215311804702
5 87 1.2128129108904866
5 88 1.2896721141837812
5 89 1.0543696304876464
6 7 1.296414973468293
6 8 1.2757607754125004
6 9 1.001576496778629
6 10 1.0665847994561555
6 11 1.2908132591306298
6 12 1.241842442879439
6 13 1.339021769503529
6 14 1.0970115883919256
6 15 1.2778839447268735
6 16 1.308183495438732
6 17 1.2916611709190204
6 18 1.2517953676140603
6 19 1.1618877237792509
6 20 1.1592815171242563
6 21 1.0929863446031514
6 22 1.237918002541063
6 23 1.0803726401228095
6 24 1.2536166446157708
6 25 1.071517039969299
6 26 1.134750320687763
6 27 1.3252704581270396
6 28 1.1381136475308888
6 29 0.9106944260636369
6 30 1.2303625510726321
6 31 1.3170021955662299
6 32 1.2307890786716529
6 33 1.2397078831916113
6 34 1.319018358245957
6 35 0.9419654535279836
6 36 1.1466179363909192
6 37 1.179240800413626
6 38 1.4318659846122435
6 39 1.2242740419523697
6 40 1.284864727913682
6 41 1.2232584369391104
6 42 1.1118254832693766
6 43 1.1344744707050545
6 44 0.9739390340677113
6 45 1.2211069623788995
6 46 0.8817404910207127
6 47 1.2973537787383311
6 48 1.2519300248889085
6 49 1.1825350799848016
6 50 1.0961862263980602
6 51 1.0886170207194983
6 52 1.329309784819481
6 53 1.2098482823894268
6 54 1.0434853605382077
6 55 1.119513442022626
6 56 1.0233742135024808
6 57 1.3933241284678752
6 58 1.2642271211182756
6 59 1.3330714031725492
6 60 1.227184951360656
6 61 1.0882237019808443
6 62 1.0280956061994029
6 63 1.289028074296377
6 64 1.1992756657532457
6 65 1.2320369883541344
6 66 1.0971175002120497
6 67 1.1119067185298699
6 68 1.0815312953025187
6 69 1.0229947760002356
6 70 1.2884491111470888
6 71 1.2529344655623191
6 72 1.215086609998309
6 73 1.2561130986993048
6 74 1.400041708616659
6 75 1.2488661818991698
6 76 1.3771337342913468
6 77 1.2930722769516227
6 78 1.4305102760202923
6 79 1.2525863705436358
6 80 1.160292880414396
6 81 1.123853144346271
6 82 1.3672182650462557
6 83 1.1923690279356507
6 84 1.2656272500940198
6 85 1.2662495354424077
6 86 1.2782236999705276
6 87 1.254951008101906
6 88 1.2146677542707707
6 89 1.1728120934995285
7 8 1.4196914440728627
7 9 1.3275068464914606
7 10 1.2465255026736042
7 11 1.3423542362116452
7 12 1.4215057081098057
7 13 1.3346931426284374
7 14 1.2778438947126207
7 15 1.3574648726435654
7 16 1.2974247164233361
7 17 1.2710095794783558
7 18 1.338415335848371
7 19 1.308485149622719
7 20 1.5085826433470573
7 21 1.4171601029290135
7 22 1.3151469845295096
7 23 1.471217695189168
7 24 1.3305576772679308
7 25 1.2869308093022789
7 26 1.333095347665154
7 27 1.201407409842861
7 28 1.4729255357030662
7 29 1.2976654609824405
7 30 1.3668107323768706
7 31 1.0300295697981636
7 32 1.3629358247409484
7 33 1.391728413324338
7 34 1.1539551365681258
7 35 1.1927891896196618
7 36 1.2918152130322267
7 37 1.3513694217676007
7 38 1.4824497488125945
7 39 1.3125956374908492
7 40 1.3041081195141555
7 41 1.2272577731725633
7 42 1.3245979203684564
7 43 1.4978097273719766
7 44 1.3217847028094862
7 45 1.344638497095159
7 46 1.3113270764164495
7 47 1.3507506171107957
7 48 1.344408895238227
7 49 1.3702063876103099
7 50 1.338355686000468
7 51 1.324179232653105
7 52 1.370812797754439
7 53 1.3801914780022988
7 54 1.3319817730697987
7 55 1.293831552796641
7 56 1.3193726128428471
7 57 1.3092087418430993
7 58 1.359306209246608
7 59 1.5497630005241827
7 60 1.3330878505357988
7 61 1.3612591333899402
7 62 1.3563752214842735
7 63 1.384052366318218
7 64 1.3579851202461684
7 65 1.3265484226801763
7 66 1.3441802801806253
7 67 1.3542604261046327
7 68 1.3304247690817255
7 69 1.2716903519511353
7 70 1.3921823440695253
7 71 1.147216298020594
7 72 1.418117823863685
7 73 1.225386271098989
7 74 1.2896501488981884
7 75 1.3437618649037686
7 76 1.4088918626985063
7 77 1.276155902057879
7 78 1.4198141764700165
7 79 1.303826017467103
7 80 1.3324177455970914
7 81 1.340363861658573
7 82 1.2123473245327336
7 83 1.2543134493712809
7 84 1.2270879702499211
7 85 1.1695454102941674
7 86 1.3303503378885408
7 87 1.4187325571362912
7 88 1.3104381310321356
7 89 1.2318599301829127
8 9 1.5699780979294442
8 10 1.2164295970214123
8 11 1.3459448107847216
8 12 1.393427447587121
8 13 0.8148050755495774
8 14 1.3466836256173127
8 15 1.1910560106151904
8 16 1.3744974853156742
8 17 1.4955864860753378
8 18 1.29811084608696
8 19 1.5113399901525892
8 20 1.3842895857639068
8 21 1.3576073168356921
8 22 1.4351994555217662
8 23 1.2955489091849521
8 24 1.4485529801892718
8 25 1.3763316410052604
8 26 1.410596152604387
8 27 1.3398676360906518
8 28 1.3957202359242642
8 29 1.5398598825104084
8 30 0.7281042713087018
8 31 1.454767997052916
8 32 1.482582376816798
8 33 1.3974105594530295
8 34 1.5116213246096244
8 35 1.4353053684619612
8 36 1.3052479326117405
8 37 1.3125793349647499
8 38 1.2996272461557028
8 39 1.4568545728876514
8 40 1.4735720769298852
8 41 1.3075428163743095
8 42 1.4966801925263524
8 43 1.3811135331612787
8 44 1.4394175705818044
8 45 1.4730451597935108
8 46 1.2898585391960982
8 47 1.4330487640599887
8 48 0.521044393673367
8 49 1.4465117208731086
8 50 1.3495637543641503
8 51 1.4076364161464647
8 52 0.6966825007820767
8 53 1.4288018283506092
8 54 1.6412613925931834
8 55 1.6144685181349987
8 56 1.372544497539236
8 57 1.359784875007055
8 58 1.420828850888006
8 59 1.540254419985427
8 60 1.4048994578647755
8 61 1.3462998086668183
8 62 1.461090337867965
8 63 1.3919210346640514
8 64 1.3764272097501569
8 65 1.165007517346411
8 66 1.3429988745989885
8 67 1.6206732437234903
8 68 1.605750458826495
8 69 1.1927317511058757
8 70 0.6498656375519573
8 71 1.3732069561079687
8 72 1.4051287028244492
8 73 1.4660966139138352
8 74 1.2299424671004184
8 75 1.2691492992146403
8 76 0.8960177018237816
8 77 1.3368024922828834
8 78 1.2023878847529044
8 79 1.3853692423968098
8 80 1.320596486290213
8 81 1.3936339712613754
8 82 1.4440438394910557
8 83 1.453537675464924
8 84 1.485502029773273
8 85 1.357650397897982
8 86 1.3127732695053471
8 87 1.4139212055997263
8 88 1.4765855973300321
8 89 1.5256109754605205
9 10 1.2089306380753686
9 11 1.266928325462408
9 12 1.124848835254169
9 13 1.5121040238481278
9 14 1.18114695985487
9 15 1.3878528846846323
9 16 1.2816435119754248
9 17 1.2017569598417517
9 18 1.3836514287885684
9 19 1.0345016199651094
9 20 1.3310873587581036
9 21 1.3171026337180416
9 22 1.233345074459322
9 23 1.2734626720101074
9 24 1.3662760729904926
9 25 1.1456110637732098
9 26 1.222372016670883
9 27 1.3380241938200086
9 28 1.2212214500325205
9 29 0.5577273386517028
9 30 1.4905557810470331
9 31 1.2543154396352927
9 32 1.235549532569918
9 33 1.2634409260551445
9 34 1.203079983262813
9 35 1.1524871399815806
9 36 1.1456423942660412
9 37 1.1460031820868921
9 38 1.5462345819441377
9 39 1.2982627237068667
9 40 1.3100141721891565
9 41 1.282698773057703
9 42 0.9747048811252372
9 43 1.2967941142689174
9 44 1.0407779564134059
9 45 1.2780404780349113
9 46 1.0121313349713335
9 47 1.2994271648048656
9 48 1.5143156493249983
9 49 1.111173863067145
9 50 1.1204851887904563
9 51 1.1296069157773667
9 52 1.575095520879027
9 53 1.292322201565941
9 54 0.7223037860258649
9 55 0.7633034298736768
9 56 0.8766413596961321
9 57 1.3984673016255698
9 58 1.1588419688115021
9 59 1.3753193644863526
9 60 1.3572377632440678
9 61 1.0817133348808445
9 62 0.9165877413976996
9 63 1.21729924811106
9 64 1.287881492382825
9 65 1.3990843289419927
9 66 1.2820952428176036
9 67 0.7269230907289077
9 68 0.7534252438530389
9 69 1.2356922415294584
9 70 1.593357096238613
9 71 1.2856067187434772
9 72 1.3109717058447652
9 73 1.1987639890596455
9 74 1.4467651663163217
9 75 1.3119179606732359
9 76 1.5385636241753413
9 77 1.4084714343189257
9 78 1.594313641946059
9 79 1.2880543535536446
9 80 1.3086321499660991
9 81 1.3006907060191806
9 82 1.3502316441202127
9 83 1.2072738477951672
9 84 1.2042080777298196
9 85 1.2751386248245618
9 86 1.4375204935000954
9 87 1.2410040458527645
9 88 1.16002666027512
9 89 1.0517277369934253
10 11 1.3641537019928962
10 12 1.3628102101578188
10 13 1.2782766575501123
10 14 1.1805085364770762
10 15 1.2120260814197095
10 16 1.3366730094239623
10 17 1.241430535589363
10 18 1.3097290644291604
10 19 1.1639045277936204
10 20 1.2580816832490738
10 21 1.2474630529414208
10 22 1.2410347242361823
10 23 1.2115652652221762
10 24 1.313395615046098
10 25 1.1357916648004571
10 26 1.1438977166988011
10 27 1.2547662140952072
10 28 1.1930747760416407
10 29 1.098073108434107
10 30 1.2158359390769897
10 31 1.2073526336326976
10 32 1.2437567525820679
10 33 1.332871714099231
10 34 1.3179031417225766
10 35 1.1940496018203077
10 36 1.0446816355792825
10 37 1.2229048810692191
10 38 1.3209727949325334
10 39 1.2907720411560555
10 40 1.3046133170432206
10 41 1.2006137202324625
10 42 1.254460614402495
10 43 1.2435373476800315
10 44 1.1702461908145867
10 45 1.3233745455630925
10 46 1.0052088174146496
10 47 1.264520250558108
10 48 1.1749322319229172
10 49 1.3362121491842749
10 50 1.0682583072530656
10 51 1.267432030015425
10 52 1.2323274613873751
10 53 1.1865334780740902
10 54 1.196685722804338
10 55 1.214617490143808
10 56 1.0108977473769105
10 57 1.319576223055801
10 58 1.3205478892884506
10 59 1.38974644299565
10 60 1.2126155074322953
10 61 1.206427969681123
10 62 1.1789017424447374
10 63 1.3280015767691837
10 64 1.262019935555422
10 65 1.1318709105981288
10 66 1.3228193124705296
10 67 1.2634802364846314
10 68 1.2746853028197247
10 69 1.066929803521997
10 70 1.2210683722615512
10 71 1.2225732212833154
10 72 1.3637517873947953
10 73 1.3467447461230109
10 74 1.3494707752950945
10 75 1.2138911040217322
10 76 1.2988375101092169
10 77 1.241412404875556
10 78 1.3663223114405285
10 79 1.3128024231792461
10 80 1.254082137290654
10 81 1.207040069762913
10 82 1.4157488765706052
10 83 1.2575414348434875
10 84 1.2475980124773014
10 85 1.2437434378798697
10 86 1.3472728324975523
10 87 1.2351092639786918
10 88 1.3530952965320493
10 89 1.281223094472159
11 12 1.348973028509621
11 13 1.314227534664314
11 14 1.31463311630093
11 15 1.3160224573021075
11 16 1.4073086049722128
11 17 1.394921037437869
11 18 1.395235135744393
11 19 1.3828502893570507
11 20 1.4470422595474113
11 21 1.4617180239508873
11 22 1.4159844419600363
11 23 1.5390828932510066
11 24 1.38116926067071
11 25 1.2753123773449693
11 26 1.3830187346282308
11 27 1.3445019995890253
11 28 1.3133422729454851
11 29 1.2797496112450395
11 30 1.2346782773909328
11 31 1.279932375359175
11 32 1.286352442249905
11 33 1.360986541104967
11 34 1.36640727554962
11 35 1.299552159199926
11 36 1.2875734497789086
11 37 1.3751303172465223
11 38 1.2720897530370976
11 39 1.3931922040951348
11 40 1.3454457134995899
11 41 1.2053486338631882
11 42 1.4146797091255667
11 43 1.3603935375869594
11 44 1.376147211116502
11 45 1.1871620532558917
11 46 1.3218739031540157
11 47 1.255593440238097
11 48 1.3488072463161018
11 49 1.4069295816777723
11 50 1.3566610128934233
11 51 1.3494243622521762
11 52 1.2858403884129594
11 53 1.4660184888159362
11 54 1.3716126969980362
11 55 1.3353827814699388
11 56 1.217701696976844
11 57 1.447951577200489
11 58 1.187903644771034
11 59 1.4396982673511312
11 60 1.372520887678903
11 61 1.2333461940503152
11 62 1.2788998159692593
11 63 1.3226140981904047
11 64 1.320692111693727
11 65 1.3503018690886117
11 66 1.4448125627411725
11 67 1.3232499015549155
11 68 1.3462164374850905
11 69 1.364374974104356
11 70 1.319006398811057
11 71 1.316301801860541
11 72 1.4693039883334023
11 73 1.0969376124608718
11 74 1.3002906194427575
11 75 1.1728175155527654
11 76 1.2838569180283932
11 77 1.2271695309787232
11 78 1.3537492664326853
11 79 1.0457303113178837
11 80 0.9844204879899568
11 81 1.3976328340345494
11 82 1.3507667179927476
11 83 1.4617953840249331
11 84 1.4199060721166006
11 85 1.3067257298481634
11 86 1.4139287780480934
11 87 1.2519385763980293
11 88 1.018492109487682
11 89 1.2760429619806664
12 13 1.3945607611729247
12 14 1.327080638746262
12 15 1.424587368329678
12 16 1.3843226236379704
12 17 1.4141683877830005
12 18 1.4029794936771935
12 19 1.2002053865898947
12 20 1.2550628049875494
12 21 1.3443326539215334
12 22 1.4496160634168211
12 23 1.3053426837955362
12 24 1.4193978034152457
12 25 1.344371598102085
12 26 1.3377797473124111
12 27 1.334992891006287
12 28 1.3522381469600038
12 29 1.166761871668244
12 30 1.3623751937702195
12 31 1.3604344204955392
12 32 1.2965562617873367
12 33 1.360931429744072
12 34 1.454401711693157
12 35 1.3627053697602298
12 36 1.332472388007481
12 37 1.2341335275814698
12 38 1.4284789944229344
12 39 1.483561807777026
12 40 1.3259188702014388
12 41 1.3528504502302117
12 42 1.2237255750390725
12 43 1.3273042778048196
12 44 1.2436967611052396
12 45 1.3385393011107165
12 46 1.2330041686943862
12 47 1.4144481049427147
12 48 1.3736097235041325
12 49 1.3219498433532695
12 50 1.2913069007836648
12 51 1.2206411019982202
12 52 1.397827902831459
12 53 1.3648159388273036
12 54 1.2066146450280024
12 55 1.1981411095419547
12 56 1.2055128286445522
12 57 1.5179703802043338
12 58 1.3210777453571816
12 59 1.3692374495491202
12 60 1.3469448704674865
12 61 1.332689536679155
12 62 1.2307896650136363
12 63 1.3651220257881633
12 64 1.483818056456541
12 65 1.4342032364195123
12 66 1.3114167693855843
12 67 1.1416089636040236
12 68 1.1877811802049953
12 69 1.3009460395403545
12 70 1.427173760302847
12 71 1.3459877511068155
12 72 1.3661385314105192
12 73 1.3947219717761064
12 74 1.3359498926753355
12 75 1.2179064065928882
12 76 1.4004102682947317
12 77 1.4508894063345152
12 78 1.4893567595937929
12 79 1.40459995169172
12 80 1.3942476604325702
12 81 1.371555339943293
12 82 1.395809308480802
12 83 1.322150766289314
12 84 1.2861230900404461
12 85 1.2792927480901835
12 86 1.331330683126478
12 87 1.34759400682144
12 88 1.287788488567468
12 89 1.3248806251777758
13 14 1.3772576718945955
13 15 1.1209212916848112
13 16 1.3386759863947237
13 17 1.4239097650480812
13 18 1.2989905146163674
13 19 1.4345621189947793
13 20 1.410989848661792
13 21 1.4790835873480326
13 22 1.381656746649449
13 23 1.3793978570887473
13 24 1.4191756773781847
13 25 1.2789971056871472
13 26 1.4326538798393036
13 27 1.3715076828145887
13 28 1.383507367170196
13 29 1.501544914400146
13 30 0.8343373194657051
13 31 1.395298036933413
13 32 1.3953911199987157
13 33 1.4264330367455906
13 34 1.4977306584703463
13 35 1.3543216505475604
13 36 1.3707026588414086
13 37 1.3015289372269474
13 38 1.3090607156926874
13 39 1.3951579412474489
13 40 1.427942975217202
13 41 1.2242750722072218
13 42 1.4781659045346425
13 43 1.3582385209638894
13 44 1.4252132332372907
13 45 1.4245039593991233
13 46 1.2750755900239152
13 47 1.395390844234665
13 48 0.8496304708239867
13 49 1.4250633622232305
13 50 1.3510588010594258
13 51 1.4053948104382379
13 52 0.7586547811672117
13 53 1.4959787889402882
13 54 1.6007722062231855
13 55 1.5425182591083386
13 56 1.3107928362430528
13 57 1.273668968830573
13 58 1.332922653471428
13 59 1.576500871706176
13 60 1.3640333521653483
13 61 1.3241505310528427
13 62 1.4156644181449958
13 63 1.3146998717386569
13 64 1.342988432979026
13 65 1.1798988683154679
13 66 1.3584365443703648
13 67 1.5726673632346289
13 68 1.548212511246368
13 69 1.2564942445292233
13 70 0.772928257746591
13 71 1.3263381928373454
13 72 1.4980439252412516
13 73 1.3222179812744612
13 74 1.1058167818879212
13 75 1.1911976550509917
13 76 0.6741691454411769
13 77 1.2660563128692552
13 78 1.089699932864529
13 79 1.3644917363515627
13 80 1.2733072246023764
13 81 1.4626569832007859
13 82 1.3815398820714413
13 83 1.403222252776808
13 84 1.4657820123783962
13 85 1.3818030979001183
13 86 1.3295288558178755
13 87 1.318661455807157
13 88 1.3932704991335256
13 89 1.383460009694091
14 15 1.320809798621992
14 16 1.2868776575138066
14 17 1.3884859012814414
14 18 1.3427561327439892
14 19 1.1423635047104796
14 20 1.2918863164953303
14 21 1.2343770002538303
14 22 1.4135630457789488
14 23 1.182122098535348
14 24 1.3027502206265797
14 25 1.2670042169726838
14 26 1.2137686806461563
14 27 1.320934087757732
14 28 1.2066816923095995
14 29 1.123505978637872
14 30 1.2732650558000491
14 31 1.3204157233985825
14 32 1.2486254233289114
14 33 1.2093559221656351
14 34 1.2713188791133978
14 35 1.19180621301736
14 36 1.210370042467124
14 37 1.1102832967991263
14 38 1.4026687330110061
14 39 1.2173324405255448
14 40 1.2826373959183774
14 41 1.299773664396691
14 42 1.245482994882244
14 43 1.2599421114727047
14 44 1.13123122884843
14 45 1.322091257482661
14 46 1.1183009899550742
14 47 1.1374602994094898
14 48 1.3080161895992257
14 49 1.131969518898739
14 50 1.2140438066977752
14 51 1.0082660302418778
14 52 1.3536047245178442
14 53 1.2391121255308786
14 54 1.1427213488311965
14 55 1.1974292461054672
14 56 1.1688278125417282
14 57 1.336678193989196
14 58 1.2854639875081717
14 59 1.3462822468761826
14 60 1.201514679606691
14 61 1.138122729518058
14 62 1.1772334990584277
14 63 1.2564224926193241
14 64 1.1755867036249497
14 65 1.2799311600095382
14 66 1.19738016052341
14 67 1.1688266598637382
14 68 1.2201742556628845
14 69 1.1200040773186115
14 70 1.4044396381521203
14 71 1.198138230861262
14 72 1.2257365151916542
14 73 1.2365343962876554
14 74 1.3850230217113915
14 75 1.2809851412260873
14 76 1.4186312057473145
14 77 1.4160902488711122
14 78 1.4662706223185418
14 79 1.3102417869914202
14 80 1.2869502510990583
14 81 1.1816096684653064
14 82 1.3298427110230586
14 83 1.3188664299503503
14 84 1.2999270762639377
14 85 1.3235811160791848
14 86 1.3049345541988018
14 87 1.2973229112229596
14 88 1.2488516816113735
14 89 1.2171881629030596
15 16 1.4238293011357575
15 17 1.299336865657722
15 18 1.2459347415300654
15 19 1.3651833281748216
15 20 1.2782610631015225
15 21 1.339556103092209
15 22 1.2853813882849998
15 23 1.3104972014665515
15 24 1.3910911582469732
15 25 1.264141461248103
15 26 1.3050868877247728
15 27 1.4230257713113112
15 28 1.3564391380618046
15 29 1.3370504835729902
15 30 1.2405753891885885
15 31 1.4213834096930993
15 32 1.332505761888874
15 33 1.314277328533832
15 34 1.3963301714526857
15 35 1.3132416844653898
15 36 1.2985907444473068
15 37 1.2435488164891468
15 38 1.3869711130936158
15 39 1.2719779356413101
15 40 1.3664038641932084
15 41 1.3109688500035328
15 42 1.4034129465973624
15 43 1.2712213418106642
15 44 1.349275828952071
15 45 1.314768404398728
15 46 1.1779153024106233
15 47 1.351242292430511
15 48 1.1762485842373394
15 49 1.3761431758210876
15 50 1.3162014911045272
15 51 1.3245398807360695
15 52 1.1454585198990541
15 53 1.3127206184929052
15 54 1.4094871026536633
15 55 1.3567963261775686
15 56 1.2534269510527931
15 57 1.416967490965222
15 58 1.442860901371665
15 59 1.4321945696241598
15 60 1.3362173688952061
15 61 1.3181746821997478
15 62 1.2879181297559432
15 63 1.4336356040054117
15 64 1.3969864290610987
15 65 0.9673720160620535
15 66 1.3091483728276163
15 67 1.4118410001754604
15 68 1.4773309079006012
15 69 1.1613323433638363
15 70 1.1490417473474575
15 71 1.3283053351349805
15 72 1.3708871405833465
15 73 1.3455749984261816
15 74 1.2456710184428454
15 75 1.3450442235581637
15 76 1.147107237651627
15 77 1.3505564015832097
15 78 1.2722834487313812
15 79 1.3727667905189864
15 80 1.373191894746914
15 81 1.3362526181012662
15 82 1.4115528051152701
15 83 1.3203327248550973
15 84 1.3851830451937726
15 85 1.42109173676695
15 86 1.3191832160346098
15 87 1.3119821789635444
15 88 1.3888153886798715
15 89 1.3683311367790831
16 17 1.2797781491585822
16 18 1.3258428437194851
16 19 1.3112386706425463
16 20 1.391521185228503
16 21 1.3554552769327066
16 22 1.3402959124102465
16 23 1.1884662799490175
16 24 1.276895165461034
16 25 1.3168361293660447
16 26 1.3560716836592708
16 27 1.0821961537121683
16 28 1.39568906017807
16 29 1.3421781644122541
16 30 1.3581260293397972
16 31 1.2636360296857403
16 32 1.3997734692539594
16 33 1.2775404115598752
16 34 1.2039993964106486
16 35 1.3198790793632615
16 36 1.3698838370405166
16 37 1.356755795071283
16 38 1.5142323580345196
16 39 1.3671199924917616
16 40 1.3097260249024893
16 41 1.2182031109314733
16 42 1.2844725825646206
16 43 1.3676606428740141
16 44 1.3369343689972533
16 45 1.282206974420318
16 46 1.3353089535927938
16 47 1.3414413465254367
16 48 1.3789977199483356
16 49 1.2633951555368854
16 50 1.3929164138072907
16 51 1.3627990061340953
16 52 1.402166973011259
16 53 1.3357132632912097
16 54 1.3780096405202886
16 55 1.3777461331196055
16 56 1.3665308776571525
16 57 1.2407549562586038
16 58 1.263480201791353
16 59 1.5729292492640408
16 60 1.315219248444529
16 61 1.325742259058409
16 62 1.1914512010309164
16 63 1.2358047158248162
16 64 1.401435264342585
16 65 1.3717602637008561
16 66 1.304076244774711
16 67 1.3729600098262866
16 68 1.3543711818306068
16 69 1.3868701802431436
16 70 1.4281247648060498
16 71 1.1156128637968223
16 72 1.3664547229006525
16 73 1.2699777493189714
16 74 1.4458976462044306
16 75 1.3647127853664571
16 76 1.387088380910022
16 77 1.3214258563866805
16 78 1.4354594069294373
16 79 1.344087460016839
16 80 1.3783611937387148
16 81 1.2897331752572143
16 82 1.2324016112547116
16 83 1.408159903039117
16 84 1.3256264003625033
16 85 1.2676956622430693
16 86 1.428094178225267
16 87 1.3823576691089703
16 88 1.4138542320853238
16 89 1.241122777562092
17 18 1.3968978170542856
17 19 1.260233554752661
17 20 1.3216638222525396
17 21 1.2407043350809834
17 22 0.5642005064955815
17 23 1.3443052912471667
17 24 1.331990479681399
17 25 1.1144499297320178
17 26 1.2224659980963466
17 27 1.271102378067519
17 28 1.349788122960415
17 29 1.1870846145210328
17 30 1.4183149290699737
17 31 1.2229342594101242
17 32 1.345801913616338
17 33 1.3694175872210623
17 34 1.1923701275512324
17 35 1.1258024689632413
17 36 1.246195325284759
17 37 1.3204445207576458
17 38 1.3851196029619852
17 39 1.2837885978358305
17 40 1.2699888087151703
17 41 1.3290061844033045
17 42 1.1710551717053088
17 43 1.4115929362915418
17 44 1.2035293112464247
17 45 1.3151262657919784
17 46 1.1465482545674712
17 47 1.3465288637429722
17 48 1.415529552670314
17 49 1.350970926220624
17 50 1.2991172392315136
17 51 1.3652110106700952
17 52 1.4456399311495796
17 53 1.2530576889473957
17 54 1.231218703308537
17 55 1.2228356184691351
17 56 1.263245731116374
17 57 1.3460795789164146
17 58 1.2866378243871135
17 59 1.3130090919026203
17 60 1.3836044099022191
17 61 1.3063919846557281
17 62 1.196662481002639
17 63 1.3779719610664138
17 64 1.4430479397258194
17 65 1.3172527488686425
17 66 1.3202736717658143
17 67 1.2226968973438546
17 68 1.2778999224555077
17 69 1.2634351410929607
17 70 1.5063112029536938
17 71 1.2950900630597473
17 72 1.397050500321152
17 73 1.2584348882144472
17 74 1.359214752070272
17 75 1.3641502196053774
17 76 1.4934998693735457
17 77 1.2907448127247942
17 78 1.4166906913915744
17 79 1.3760803581002032
17 80 1.4266506033263895
17 81 1.3165833170599492
17 82 1.3604039320389998
17 83 1.2557304492684322
17 84 1.2062303386505104
17 85 1.3946101866053209
17 86 1.4682056988093992
17 87 1.2523030306037983
17 88 1.375624970274255
17 89 1.2413018061801477
18 19 1.411409525225477
18 20 1.4101329609829816
18 21 1.35621253164509
18 22 1.3890272117088311
18 23 1.203001235909594
18 24 1.3896579905262372
18 25 1.2570126787590954
18 26 1.3554454060661625
18 27 1.2732531614754856
18 28 1.44175616822055
18 29 1.42382652390454
18 30 1.3260128312634272
18 31 1.3702323711495312
18 32 1.279379810987442
18 33 1.4042041583273417
18 34 1.3845132661785784
18 35 1.273467227727678
18 36 1.344655074460197
18 37 1.3069677412517544
18 38 1.3433929747992217
18 39 1.3706335286861229
18 40 1.3312841896567433
18 41 1.3230531374154555
18 42 1.3699346320237795
18 43 1.3336428940431213
18 44 1.3229837451968698
18 45 1.4289393347356434
18 46 1.2845654347285718
18 47 1.4636127736667992
18 48 1.2745864646498442
18 49 1.3827470872308756
18 50 1.3243036660210301
18 51 1.3676279109530105
18 52 1.2616150129988528
18 53 1.33653531361344
18 54 1.5074914364260747
18 55 1.4755491225065192
18 56 1.4384191831577315
18 57 1.393223693685621
18 58 1.4287479887556667
18 59 1.523886864256643
18 60 1.3554979516372094
18 61 1.4341454964449476
18 62 1.4311969885889462
18 63 1.3717780532669797
18 64 1.3175751601754586
18 65 1.169902485924023
18 66 1.3091104336918766
18 67 1.5022968767525007
18 68 1.5204436830540182
18 69 1.1971697634018492
18 70 1.2346671881119766
18 71 1.3097746639012469
18 72 1.3322615274613259
18 73 1.3776912855187966
18 74 1.3689543241625768
18 75 1.2558041157907938
18 76 1.3099611356517944
18 77 1.3070927824884455
18 78 1.2528708887526159
18 79 1.4555393437257105
18 80 1.4384415981732286
18 81 1.3507242472151164
18 82 1.3426598505273222
18 83 1.3382092572738988
18 84 1.3607754390269624
18 85 1.362010814538733
18 86 1.314132162715567
18 87 1.3537510513321456
18 88 1.4389267582003002
18 89 1.4203718902888753
19 20 1.2547951172839134
19 21 1.3168986800235916
19 22 1.3208217526410366
19 23 1.312955587117452
19 24 1.3383828168235947
19 25 1.2707372757039572
19 26 1.216456087541281
19 27 1.3320847104838442
19 28 1.250562334107166
19 29 0.9345127900084834
19 30 1.42851699534734
19 31 1.2406015608910452
19 32 1.3019613743117675
19 33 1.3659813797119724
19 34 1.3002983114039641
19 35 1.247604533684209
19 36 1.3254510072209362
19 37 1.215864632838077
19 38 1.445024249952329
19 39 1.2240368309311753
19 40 1.177454039864676
19 41 1.2511308738033675
19 42 0.9226103442204961
19 43 1.304136500535987
19 44 1.0968163494995704
19 45 1.3025637195544402
19 46 1.0443242504660657
19 47 1.2322016886829672
19 48 1.457538612316718
19 49 1.225887212219277
19 50 1.3064911412702351
19 51 1.2416479465506578
19 52 1.5237590250687965
19 53 1.2093824037374865
19 54 0.9038242209603443
19 55 0.8943398735072224
19 56 1.0206021080958447
19 57 1.4454806100664996
19 58 1.3754278851810837
19 59 1.2761435351430532
19 60 1.1951934209928077
19 61 1.1451398115020153
19 62 1.1133941362728577
19 63 1.316202875889509
19 64 1.2976336480913537
19 65 1.4385661813947015
19 66 1.2041625013157993
19 67 0.8606007023010838
19 68 0.919190643947685
19 69 1.2493645755871905
19 70 1.53292872378078
19 71 1.1956780548619035
19 72 1.4167206796919547
19 73 1.299201702561535
19 74 1.4436490663228698
19 75 1.2673774988984858
19 76 1.4943672192318191
19 77 1.3655583541763212
19 78 1.4964124894021058
19 79 1.3923272997177698
19 80 1.333985966713679
19 81 1.307026169122436
19 82 1.3516647640192299
19 83 1.2636887367929766
19 84 1.1612506068806479
19 85 1.2040586356047622
19 86 1.3356347917145255
19 87 1.3073495482551276
19 88 1.258475644742441
19 89 1.1288572363379268
20 21 1.1409816767326955
20 22 1.2640270971738732
20 23 1.1464944906830092
20 24 1.307055743872987
20 25 1.280593585999719
20 26 1.1366364635536155
20 27 1.397305451799071
20 28 1.2179607332780025
20 29 1.223023670906283
20 30 1.3286089264297072
20 31 1.474684768355352
20 32 1.354157507264612
20 33 1.3488396271747636
20 34 1.5592529138226077
20 35 1.1805754693608526
20 36 1.2700646890998657
20 37 1.2764962053019313
20 38 1.462500198678712
20 39 1.257399409847722
20 40 1.2532369317554206
20 41 1.3529322550985328
20 42 1.272406049275254
20 43 0.825453300720649
20 44 1.0349442955909904
20 45 1.3152155059146968
20 46 1.0952900537210575
20 47 1.3048829733798943
20 48 1.335478677839053
20 49 1.3292567657762353
20 50 1.24086284882685
20 51 1.3022917219671688
20 52 1.4076412362363782
20 53 1.159168825548622
20 54 1.2122831292900613
20 55 1.285563313804401
20 56 1.3014538730122502
20 57 1.4582138876906943
20 58 1.4142432178558122
20 59 1.2454131756425317
20 60 1.163527254196096
20 61 1.286921333455054
20 62 1.2594704053990515
20 63 1.4215742809448182
20 64 1.3928141985264826
20 65 1.3561592535055036
20 66 1.153961457627949
20 67 1.2448517415761047
20 68 1.270483347753643
20 69 1.186840121721621
20 70 1.433072002167791
20 71 1.352253855583663
20 72 1.2826789814168584
20 73 1.432899683117854
20 74 1.3966202564716732
20 75 1.3519952023641435
20 76 1.3934802806208468
20 77 1.4292944240750782
20 78 1.3987579669106862
20 79 1.396119205813348
20 80 1.4680373057244718
20 81 1.1865670011483498
20 82 1.3917350104772874
20 83 1.263369199665144
20 84 1.341315824112974
20 85 1.4071630266366255
20 86 1.3874140696478827
20 87 1.2449111212589432
20 88 1.425433600289847
20 89 1.335236345765013
21 22 1.2110832440248458
21 23 1.093655163341327
21 24 1.3289942041520835
21 25 1.2229577175283937
21 26 1.2079764758787066
21 27 1.4303626652867865
21 28 1.3708390898879106
21 29 1.2542484971966998
21 30 1.3770224641569204
21 31 1.3968528620915226
21 32 1.2904867797281139
21 33 1.1417848718957426
21 34 1.2248489298038459
21 35 1.2596470147855479
21 36 1.1773586764793875
21 37 1.2752621956290744
21 38 1.4355976426148462
21 39 1.2276224242534974
21 40 1.214812934264169
21 41 1.3548084548210313
21 42 1.1695050312886814
21 43 1.225399687659799
21 44 1.0311557900238002
21 45 1.3733174394657752
21 46 1.1785529695544836
21 47 1.2710662621081825
21 48 1.3664664719194084
21 49 1.2922307343920947
21 50 1.1127431857034014
21 51 1.2617469118329085
21 52 1.3665373799047003
21 53 1.005217248048792
21 54 1.2136990765488467
21 55 1.2951357531673728
21 56 1.323436503300775
21 57 1.380536472876114
21 58 1.3258204468099866
21 59 1.2466544369236974
21 60 1.1750159621539307
21 61 1.1661891313094794
21 62 1.2663732907813663
21 63 1.2990581105746855
21 64 1.4989617815714178
21 65 1.2320868142043409
21 66 1.119909352847308
21 67 1.2956680229381137
21 68 1.284294906960749
21 69 1.1041018927281088
21 70 1.3901079593494121
21 71 1.3843131593264322
21 72 1.2488270392924463
21 73 1.3957944813284915
21 74 1.4193455411461433
21 75 1.389504626390723
21 76 1.4174368355643148
21 77 1.374354457730293
21 78 1.4279106350591202
21 79 1.4299775789577902
21 80 1.4580368653829439
21 81 1.1404111610164838
21 82 1.4639568986261329
21 83 1.2269353642178282
21 84 1.2262139810094494
21 85 1.3633720623351324
21 86 1.3411436135503576
21 87 1.2905689340569728
21 88 1.4301541219585667
21 89 1.3410378785082757
22 23 1.2971481746930877
22 24 1.3495974008222744
22 25 1.071757551251678
22 26 1.2686881085021247
22 27 1.2664243572622094
22 28 1.3695936802190583
22 29 1.2141594286611317
22 30 1.4108267843507576
22 31 1.2707676103548138
22 32 1.3421934228836372
22 33 1.3359687979292998
22 34 1.2424010590839263
22 35 1.1216932607700776
22 36 1.247567778014779
22 37 1.3521281334827229
22 38 1.377134328000517
22 39 1.2473386860540066
22 40 1.3023554304841574
22 41 1.3808258779675298
22 42 1.1901478111311083
22 43 1.3477144584078262
22 44 1.1462425830074918
22 45 1.2768850054919132
22 46 1.1043016715974752
22 47 1.3608137107798484
22 48 1.3613120283344615
22 49 1.405059432156335
22 50 1.2227756132083811
22 51 1.3244231604397851
22 52 1.4269733963209572
22 53 1.197609643364796
22 54 1.2601957549934186
22 55 1.2858285094874773
22 56 1.2595803056386512
22 57 1.2908248579252717
22 58 1.2872824743064133
22 59 1.2853825678890733
22 60 1.3442496137313193
22 61 1.3574123637001307
22 62 1.266426059639219
22 63 1.4120114691923447
22 64 1.429667877140913
22 65 1.248132473040406
22 66 1.239623596968771
22 67 1.2780202961826552
22 68 1.3075431423342618
22 69 1.2590852613025554
22 70 1.4586841276545421
22 71 1.2951128390458235
22 72 1.3398128034654129
22 73 1.2533255472360672
22 74 1.3128954735662683
22 75 1.3336301676047564
22 76 1.4758639641058082
22 77 1.2521535012589045
22 78 1.362031303063497
22 79 1.3476320166596918
22 80 1.3673851490670832
22 81 1.2725475327120443
22 82 1.304645110062687
22 83 1.34528857436664
22 84 1.2372456179595517
22 85 1.3920357910571384
22 86 1.4341850418524773
22 87 1.2632225051482004
22 88 1.3660761135755586
22 89 1.2660054076077947
23 24 1.2730271515403153
23 25 1.2549300280834008
23 26 1.2157405934714043
23 27 1.3531071254373317
23 28 1.2929621005043863
23 29 1.2743998127827345
23 30 1.3423087363320203
23 31 1.4729787084462878
23 32 1.3501928559040361
23 33 1.1295551057091024
23 34 1.3005038007301886
23 35 1.2375380462520431
23 36 1.2360969833223572
23 37 1.2952285176780867
23 38 1.550119212164387
23 39 1.3472995413011735
23 40 1.2683855883786888
23 41 1.34738374240849
23 42 1.1898255178942798
23 43 1.1693569672172797
23 44 1.0858857568428548
23 45 1.3971756193727842
23 46 1.1520542912502647
23 47 1.461412229593497
23 48 1.2987142426577272
23 49 1.2355109190031344
23 50 1.1257853304083347
23 51 1.1865510680881088
23 52 1.3520654649266612
23 53 1.0402944342134384
23 54 1.3067047101219709
23 55 1.3923057348336596
23 56 1.3286969892542988
23 57 1.3311327077459918
23 58 1.3653712005215977
23 59 1.3770024484573962
23 60 1.2220461644428837
23 61 1.325651650663319
23 62 1.2024404614075002
23 63 1.2557159514845069
23 64 1.3458569071048438
23 65 1.2447847050633842
23 66 1.1404752631781827
23 67 1.359273106140469
23 68 1.382515876925809
23 69 1.1661129385759605
23 70 1.4046219839430871
23 71 1.2484836055913964
23 72 1.1817601915889595
23 73 1.4535928118948949
23 74 1.4456346354564624
23 75 1.24278333933787
23 76 1.396720667357059
23 77 1.2815731762430296
23 78 1.333343499801794
23 79 1.3952605720134106
23 80 1.4935900226126348
23 81 1.167570568496479
23 82 1.3555319420351872
23 83 1.2608105019764042
23 84 1.2586661162007902
23 85 1.379197938623878
23 86 1.2862583310842928
23 87 1.2833235501388565
23 88 1.4494279982838898
23 89 1.2971962478454198
24 25 1.3039161189599013
24 26 1.2809741656540006
24 27 1.2702292249499536
24 28 1.327056608826059
24 29 1.357662755522919
24 30 1.3883209677089547
24 31 1.388910513369755
24 32 1.3310420219103412
24 33 1.2732241857249003
24 34 1.3075996378710493
24 35 1.1975656198693967
24 36 1.3306351362526765
24 37 1.277407851237679
24 38 1.4661133028424953
24 39 1.3046438998277612
24 40 1.286259402516964
24 41 1.2303154011307185
24 42 1.2743815437388428
24 43 1.2877762815056104
24 44 1.2542268418529166
24 45 1.2635422192009067
24 46 1.2750026567495147
24 47 1.388913490592829
24 48 1.476266397971925
24 49 1.3257223377915663
24 50 1.3413328242154794
24 51 1.4248462419066914
24 52 1.444682156191353
24 53 1.2622414658706664
24 54 1.38473608087422
24 55 1.4202471147204252
24 56 1.3163050774981968
24 57 1.3139773469415332
24 58 1.3654612374648287
24 59 1.4375509551815309
24 60 1.2573266005455563
24 61 1.3779653970345578
24 62 1.3025355450807194
24 63 1.248107329279982
24 64 1.3850089240258612
24 65 1.3394289570006666
24 66 1.3618111091856049
24 67 1.4267874243298604
24 68 1.4156507892378944
24 69 1.2969786736330968
24 70 1.4451447775892023
24 71 1.3072086137348917
24 72 1.348565130447071
24 73 1.3927489859638815
24 74 1.3725658016008813
24 75 1.2308902253330805
24 76 1.4075801319437822
24 77 1.3443574398476816
24 78 1.379331414756841
24 79 1.310701201278016
24 80 1.3054074739270827
24 81 1.292679802949931
24 82 1.3277368508361234
24 83 1.3339492350844055
24 84 1.300430733021579
24 85 1.3727505456954006
24 86 1.4310122584504572
24 87 1.2793871042949112
24 88 1.3819063725903549
24 89 1.2511060854313043
25 26 1.249661306378581
25 27 1.2338574236078685
25 28 1.2585806252687002
25 29 1.1075570886457393
25 30 1.327250730365979
25 31 1.2511929598084905
25 32 1.241422475725042
25 33 1.2259833319836668
25 34 1.2212004389294038
25 35 1.0632676635048355
25 36 1.1645709606830015
25 37 1.1823432013658657
25 38 1.355712921194968
25 39 1.2381290550955522
25 40 1.2324342691894332
25 41 1.2363679081424854
25 42 1.1886601647409663
25 43 1.2526444413886566
25 44 1.2034982554281615
25 45 1.2042873455497671
25 46 1.0588969666377988
25 47 1.3660539396071085
25 48 1.3419824271570355
25 49 1.3137661156013594
25 50 1.1526580191444753
25 51 1.2839522777476045
25 52 1.2962262818805763
25 53 1.2918584049764212
25 54 1.219455418281713
25 55 1.152580359218616
25 56 1.1107127987240046
25 57 1.2915140819887065
25 58 1.2566066915160257
25 59 1.3996738838801563
25 60 1.2616408957892673
25 61 1.260278004564242
25 62 1.0934625770875748
25 63 1.2395551353072614
25 64 1.181917837076632
25 65 1.2112700164821562
25 66 1.261873474205871
25 67 1.242487584719396
25 68 1.2430944951365401
25 69 1.2384100176800201
25 70 1.3818219536471155
25 71 1.2421122505047417
25 72 1.4288931714080157
25 73 1.20048968726717
25 74 1.2106895792040322
25 75 1.1827944829761372
25 76 1.378171466041147
25 77 1.2111388524312163
25 78 1.305622045384126
25 79 1.2186668644072265
25 80 1.2114358910236294
25 81 1.271894717071369
25 82 1.2734036080915128
25 83 1.292188008708197
25 84 1.2839369948776072
25 85 1.4079076629450096
25 86 1.3467855256186088
25 87 1.2471571743941428
25 88 1.2585856727116753
25 89 1.123269810284033
26 27 1.2301775183249488
26 28 1.2333164416026399
26 29 1.1911767685727728
26 30 1.3557591655963983
26 31 1.292285647160069
26 32 1.2632709787894514
26 33 1.3513822111523093
26 34 1.299700946311129
26 35 1.2240805226234763
26 36 1.1613562846906225
26 37 1.2403492194349341
26 38 1.495536161980092
26 39 1.31373533375101
26 40 1.318800639414205
26 41 1.3020468767822675
26 42 1.2351137008628228
26 43 1.2386698847112694
26 44 1.0788500662844478
26 45 1.4085628371285268
26 46 1.1591683154359453
26 47 1.3419199953332497
26 48 1.3804638041654331
26 49 1.2372542335236136
26 50 1.1876936764939467
26 51 1.3158394636111734
26 52 1.390885969673641
26 53 1.2585447629716302
26 54 1.197007108863616
26 55 1.2168583244135758
26 56 1.14978844504126
26 57 1.4007510115337807
26 58 1.3046771997434095
26 59 1.2563824963674946
26 60 1.19567536804656
26 61 1.2076663938069814
26 62 1.2431320271800421
26 63 1.3749110426947793
26 64 1.3458348858714309
26 65 1.3694619521052602
26 66 1.344079394998542
26 67 1.187971535753591
26 68 1.2654301762058082
26 69 1.202614556500715
26 70 1.422403532545096
26 71 1.2740084178828495
26 72 1.361512683544178
26 73 1.3080460933161422
26 74 1.3556237532814526
26 75 1.3039377189405499
26 76 1.3938796412004308
26 77 1.3168701484582779
26 78 1.4102659006292653
26 79 1.229854019168293
26 80 1.3968030829531017
26 81 1.2404465452780735
26 82 1.2948262138625306
26 83 1.2379942841269744
26 84 1.2715176339813117
26 85 1.4056625385213584
26 86 1.304864522374933
26 87 1.1825967873098449
26 88 1.3730650898270667
26 89 1.1768395444680972
27 28 1.2886096198775192
27 29 1.3813341759798923
27 30 1.3227153514171301
27 31 1.1851670899051923
27 32 1.3470137016674446
27 33 1.494045834450995
27 34 1.2955997152251968
27 35 1.2464204102950693
27 36 1.195575000599578
27 37 1.3422722727474246
27 38 1.3626611320074635
27 39 1.3461215533723068
27 40 1.3209971374803344
27 41 1.2086554858524061
27 42 1.3007829595468057
27 43 1.3960448992719672
27 44 1.3628575513394403
27 45 1.2728964315035274
27 46 1.269811573253802
27 47 1.462306730074521
27 48 1.3125710946374345
27 49 1.447725472700917
27 50 1.3044297542375287
27 51 1.3278324893973907
27 52 1.3488911465655362
27 53 1.3844141005922486
27 54 1.3960508513797847
27 55 1.385379922980306
27 56 1.3540195935958872
27 57 1.3405668575723402
27 58 1.2655475358882877
27 59 1.4747776209597856
27 60 1.3030745104121675
27 61 1.3686388693395906
27 62 1.3270600697491375
27 63 1.327547773779542
27 64 1.354851384727127
27 65 1.3370778476221927
27 66 1.3767445480690663
27 67 1.3984356597463343
27 68 1.4309965364269983
27 69 1.2738134425581178
27 70 1.3839829508803525
27 71 1.0034017532398682
27 72 1.4908639572712041
27 73 1.3579627558205751
27 74 1.3557265229865805
27 75 1.2452013354757523
27 76 1.3928165398279062
27 77 1.2705796213152298
27 78 1.4052288903974266
27 79 1.2834787995642776
27 80 1.3497793698989737
27 81 1.2913816110369234
27 82 1.1466705159269845
27 83 1.437654008299309
27 84 1.3274905239276884
27 85 1.2377680000541398
27 86 1.4056121664787835
27 87 1.2898003371067095
27 88 1.4034824907608474
27 89 1.3028009594853056
28 29 1.1415892633626166
28 30 1.371746882900308
28 31 1.3899273519237245
28 32 1.2900266856326024
28 33 1.3956150088032349
28 34 1.3931502860801315
28 35 1.177929954643923
28 36 1.1854982161836183
28 37 1.2088132539480665
28 38 1.3910182545771204
28 39 1.2294854733326213
28 40 1.2493239431245393
28 41 1.277097227946896
28 42 1.280838719314622
28 43 1.2463487101108153
28 44 1.2540346057779368
28 45 1.3286479135411458
28 46 1.1386617612776413
28 47 1.3748686466672853
28 48 1.4107317387254659
28 49 1.2857712198608857
28 50 1.231496390000704
28 51 1.1190237544434611
28 52 1.4041149621167772
28 53 1.3436374467439947
28 54 1.211873069307792
28 55 1.2008042805958399
28 56 1.2287785000711338
28 57 1.4773120475501809
28 58 1.2822279037958821
28 59 1.338829318132118
28 60 1.2390331064664841
28 61 1.2387969583546963
28 62 1.2089898874777234
28 63 1.3013239769308018
28 64 1.1740142180266686
28 65 1.358820751236297
28 66 1.3124887544853951
28 67 1.2232627551429764
28 68 1.2351925089560407
28 69 1.170300729131725
28 70 1.4180359436205003
28 71 1.3436313688946873
28 72 1.4250256436827822
28 73 1.3691265457904171
28 74 1.3999793616711107
28 75 1.3785972457191191
28 76 1.404972870290507
28 77 1.3565232174283757
28 78 1.447762768373879
28 79 1.3267244661443829
28 80 1.288255917158055
28 81 1.1194659231126207
28 82 1.3786394879963764
28 83 1.304096415216244
28 84 1.4205507121891854
28 85 1.3567247719431206
28 86 1.3869955355923769
28 87 1.3054295702710534
28 88 1.2659037838967682
28 89 1.2618503550371079
29 30 1.4495889390459458
29 31 1.191187271544261
29 32 1.256142616893819
29 33 1.2704796838524992
29 34 1.2333166560359845
29 35 1.1081288012305595
29 36 1.0784336537112051
29 37 1.115100434531557
29 38 1.5052743153710677
29 39 1.2306593172171987
29 40 1.2545517984822065
29 41 1.2841685291815133
29 42 0.907992456025635
29 43 1.2373343796329055
29 44 1.0185902650610328
29 45 1.2584913144907426
29 46 0.9373626208054493
29 47 1.2584146626458703
29 48 1.476501248604036
29 49 1.11982447222758
29 50 1.0398476204874814
29 51 1.1163970321587127
29 52 1.5492722756267152
29 53 1.260092036744772
29 54 0.6102988237195411
29 55 0.642724404817885
29 56 0.8180335014055449
29 57 1.376700736620185
29 58 1.1762608881447043
29 59 1.35332623989296
29 60 1.2269489311423785
29 61 1.0126951073161923
29 62 0.9184915141693545
29 63 1.242587408918919
29 64 1.2256625080410435
29 65 1.377060023121155
29 66 1.232319505791381
29 67 0.6427421280919324
29 68 0.6729256256995765
29 69 1.2176093205765108
29 70 1.5651878799484436
29 71 1.2429936490414049
29 72 1.291981773369175
29 73 1.2133612035364914
29 74 1.4220063447436193
29 75 1.3095559364925677
29 76 1.5230344964602356
29 77 1.412077484481236
29 78 1.5870099477313457
29 79 1.3085614295469425
29 80 1.293635089173997
29 81 1.226141576542055
29 82 1.325915287160918
29 83 1.162575496160459
29 84 1.1781432964475531
29 85 1.2739032052151034
29 86 1.3669856937207212
29 87 1.2793419708729055
29 88 1.1741780722617563
29 89 1.048996181311422
30 31 1.4630152459208103
30 32 1.418828138502255
30 33 1.434732951746782
30 34 1.535940435583524
30 35 1.3508464734619114
30 36 1.2872521887795807
30 37 1.3156704592328843
30 38 1.2515314244660414
30 39 1.4126163661095006
30 40 1.4252256478290468
30 41 1.2196199226936355
30 42 1.4636425580014445
30 43 1.3134858477810836
30 44 1.3396106787468232
30 45 1.3836245749199698
30 46 1.2124296008816764
30 47 1.4232877969230753
30 48 0.7638543822919982
30 49 1.4106079174082933
30 50 1.3089382806575685
30 51 1.3841842130268993
30 52 0.6891797950995033
30 53 1.347227632183907
30 54 1.5592969342882226
30 55 1.5442027718785114
30 56 1.2682862358688025
30 57 1.3622821238600322
30 58 1.3502578453403358
30 59 1.554995626443361
30 60 1.3951780556998459
30 61 1.2628072371417267
30 62 1.3985859969908943
30 63 1.413978872841219
30 64 1.375909681847348
30 65 1.2619944411850175
30 66 1.3733251929746855
30 67 1.5619724357579046
30 68 1.5528071995237285
30 69 1.2196634399499369
30 70 0.734337274474917
30 71 1.358401646603288
30 72 1.4401525886687427
30 73 1.3404596345823234
30 74 1.1065877875753463
30 75 1.2099780728948286
30 76 0.9635636847301602
30 77 1.3073933360255292
30 78 1.1689797664723878
30 79 1.2704170809527071
30 80 1.2155006163530673
30 81 1.345814565207406
30 82 1.4956860358427364
30 83 1.4108784395806888
30 84 1.3374567848842145
30 85 1.2871903512776859
30 86 1.3751099819323864
30 87 1.3370288835167303
30 88 1.3692417671069435
30 89 1.363787917177994
31 32 1.259800837380593
31 33 1.3691809747111299
31 34 1.2064111817013976
31 35 1.3343472810685704
31 36 1.2844989405948806
31 37 1.296761676438878
31 38 1.3929605094407367
31 39 1.3306250232875356
31 40 1.2921578957558315
31 41 1.200717648520997
31 42 1.3015563274240594
31 43 1.4056749795081405
31 44 1.3551711157949933
31 45 1.2265249359709947
31 46 1.223676155378259
31 47 1.2261413878017418
31 48 1.4519769157325249
31 49 1.432440329237642
31 50 1.3159613982328109
31 51 1.3297341850346764
31 52 1.508969414720893
31 53 1.419942964018664
31 54 1.261030757085162
31 55 1.2293159096220785
31 56 1.1950966326350752
31 57 1.2952116859235607
31 58 1.2238042903345965
31 59 1.4882043871559558
31 60 1.270067554684048
31 61 1.313321226593864
31 62 1.1821620880070556
31 63 1.3635146653481311
31 64 1.3596368250308342
31 65 1.3666550468317706
31 66 1.3867251323415728
31 67 1.2537756772683868
31 68 1.284201543045168
31 69 1.3518634752771876
31 70 1.5154007676349246
31 71 1.0335102527878053
31 72 1.3993417614342947
31 73 1.2675346931169014
31 74 1.4018825288262764
31 75 1.3833977793343417
31 76 1.404547010291592
31 77 1.3355780727931326
31 78 1.4663106288152103
31 79 1.3326843716418662
31 80 1.2839366319496586
31 81 1.433836005622516
31 82 1.1765679944975909
31 83 1.3352336981805089
31 84 1.303090916799293
31 85 1.2333815861994728
31 86 1.394861879524662
31 87 1.2760698828431905
31 88 1.3398150269284048
31 89 1.1563555833854227
32 33 1.2861995061344202
32 34 1.3635314933346103
32 35 1.1963429643323977
32 36 1.2418754791762268
32 37 1.1964209394902923
32 38 1.2699162823240793
32 39 1.2670853163469051
32 40 1.2910464811983493
32 41 1.035407844515501
32 42 1.2913553539426845
32 43 1.317836390418321
32 44 1.2158269942217166
32 45 1.367787491316102
32 46 1.3041164927511701
32 47 1.328989967935169
32 48 1.4025202470749711
32 49 1.3885131749894761
32 50 1.2439153764561202
32 51 1.2649558817513669
32 52 1.4202067393407936
32 53 1.3124772448632258
32 54 1.2718040099816343
32 55 1.2971928739947154
32 56 1.2709414426054917
32 57 1.3145869924230278
32 58 1.2879675580055245
32 59 1.2975338205913696
32 60 1.334085924553227
32 61 1.1950626095848182
32 62 1.252112288059406
32 63 1.4250712998149542
32 64 1.250420524886225
32 65 1.319862581146147
32 66 1.4423174441324853
32 67 1.2773847324217957
32 68 1.3787113378476163
32 69 1.215341559945948
32 70 1.4353309651801018
32 71 1.3810158806213846
32 72 1.3045836514359395
32 73 1.3064063070872327
32 74 1.289261627260527
32 75 1.2544397438312667
32 76 1.3793524864806082
32 77 1.2680405485291466
32 78 1.2627843025311158
32 79 1.288747916721957
32 80 1.3109405409982222
32 81 1.3395859125887584
32 82 1.4268792411041347
32 83 1.3363601702544108
32 84 1.217010055890894
32 85 1.369317609871474
32 86 1.319458162713985
32 87 1.249071970827709
32 88 1.3875620256351309
32 89 1.258630321326357
33 34 1.2010273546412693
33 35 1.3218488433010103
33 36 1.327594412708684
33 37 1.1817337374300638
33 38 1.474397086780411
33 39 1.2777390487832474
33 40 1.328715110853952
33 41 1.39934742529538
33 42 1.26562151993268
33 43 1.3000241758618012
33 44 1.1818295784226398
33 45 1.2847157957196957
33 46 1.2678249313315062
33 47 1.2121876518634878
33 48 1.4031510852864781
33 49 1.0940288481244973
33 50 1.1994304447124629
33 51 1.2898737273093577
33 52 1.3842762726791535
33 53 1.1787887408000983
33 54 1.2464371379404295
33 55 1.3094194733553424
33 56 1.3438983966960827
33 57 1.2349206379171187
33 58 1.3606520714839587
33 59 1.3366717434747912
33 60 1.198669529691908
33 61 1.2911858398029992
33 62 1.2413617603490068
33 63 1.2355963239994148
33 64 1.318983896258043
33 65 1.2940766765722953
33 66 1.248386715276841
33 67 1.331611189951238
33 68 1.3116672710220778
33 69 1.284061881590077
33 70 1.4198406040524225
33 71 1.2910594878938035
33 72 1.237035764124078
33 73 1.227244643839129
33 74 1.338585207066962
33 75 1.3409569073772687
33 76 1.4083915315831368
33 77 1.3036251594379968
33 78 1.3385724282933087
33 79 1.282652249815087
33 80 1.2970741313168448
33 81 1.2926442664815487
33 82 1.3348475673614424
33 83 1.3029362493002132
33 84 1.309712174007099
33 85 1.419975013287731
33 86 1.3617739661196593
33 87 1.3817008339614452
33 88 1.3749984206943375
33 89 1.1920112578213904
34 35 1.327527642368861
34 36 1.2399368505073236
34 37 1.3394364583459735
34 38 1.5453873435110819
34 39 1.2842282279243455
34 40 1.22478040279072
34 41 1.3440249320184365
34 42 1.1674587168745172
34 43 1.4666058303780198
34 44 1.2195878145724155
34 45 1.3163793370057066
34 46 1.3134435998825573
34 47 1.2870251830195054
34 48 1.5139809782351303
34 49 1.3532829132095545
34 50 1.2473359483156645
34 51 1.3058521616067305
34 52 1.5289657454975742
34 53 1.344137899764101
34 54 1.238964622571341
34 55 1.2382118008602272
34 56 1.2778494415719794
34 57 1.2119924746488508
34 58 1.3479084628902553
34 59 1.4644964243098708
34 60 1.2053534452697354
34 61 1.3098899496185774
34 62 1.160478143391973
34 63 1.3458106609647131
34 64 1.40864676032344
34 65 1.3902805355942307
34 66 1.279860054498367
34 67 1.2875211742447135
34 68 1.2914955676398003
34 69 1.3243301856015475
34 70 1.5552759174868287
34 71 1.1508099057070476
34 72 1.3662323824392981
34 73 1.2777376678480001
34 74 1.4842989947925735
34 75 1.414650120070286
34 76 1.4554114582009088
34 77 1.2061749127648511
34 78 1.5065683301140713
34 79 1.3379441247681552
34 80 1.381908876886812
34 81 1.3171904130976515
34 82 1.2077824545863565
34 83 1.3127746818367179
34 84 1.2053516370318629
34 85 1.3737628818188676
34 86 1.4430121300787666
34 87 1.3512811446854738
34 88 1.3015064830168666
34 89 1.2152928933426417
35 36 1.0588025723897343
35 37 1.2143772030629523
35 38 1.346796686659804
35 39 1.1775960509107453
35 40 1.1664005124049786
35 41 1.1264083236977644
35 42 1.1956322468017895
35 43 1.2692551130408851
35 44 1.1212712530624027
35 45 1.2525473569843972
35 46 1.0843618114434563
35 47 1.369153443358049
35 48 1.3383776543411419
35 49 1.2986744608749705
35 50 1.148819105309592
35 51 1.2517964830897144
35 52 1.4201615601192898
35 53 1.275918438814036
35 54 1.2545509015607073
35 55 1.2281042286229942
35 56 1.2634647012887097
35 57 1.263271878487751
35 58 1.2586050923305423
35 59 1.3223060716833934
35 60 1.2981866171782355
35 61 1.3086679154956016
35 62 1.2112212015493142
35 63 1.285478671948596
35 64 1.30135959723415
35 65 1.255557746426849
35 66 1.2193682206151084
35 67 1.2811424463288745
35 68 1.2582644878535207
35 69 1.0465475831614082
35 70 1.41365819469922
35 71 1.2500039863199195
35 72 1.3880622436906722
35 73 1.2985097920905113
35 74 1.3714303261758658
35 75 1.2093922339440788
35 76 1.4329055292136665
35 77 1.2928615583056966
35 78 1.340185251830893
35 79 1.3289741157308377
35 80 1.2898752963756275
35 81 1.1529988309582924
35 82 1.2738622076612103
35 83 1.258612034966584
35 84 1.3287568919066723
35 85 1.3359185968440175
35 86 1.4015289889923592
35 87 1.2639017215997002
35 88 1.3390406685038467
35 89 1.184370161919155
36 37 1.2012078465613933
36 38 1.2840628038771218
36 39 1.2189249377832079
36 40 1.2073525464268702
36 41 1.1509141862381014
36 42 1.2074325476221874
36 43 1.272209365083179
36 44 1.173712055271849
36 45 1.3194878896015432
36 46 1.0505692562532323
36 47 1.4419602902712088
36 48 1.295284309374973
36 49 1.332042381684975
36 50 0.7801106541420071
36 51 1.2110254403067255
36 52 1.31745744408503
36 53 1.281290725651294
36 54 1.1978772783521665
36 55 1.218755956076454
36 56 1.120277522367865
36 57 1.272059128664343
36 58 1.2491825630943452
36 59 1.4617749533159978
36 60 1.2879497577749723
36 61 1.094124919912976
36 62 1.128678803923882
36 63 1.3089318096192295
36 64 1.328945733308747
36 65 1.1738320298298937
36 66 1.2774615704203387
36 67 1.219882644974238
36 68 1.2743335423347295
36 69 1.0459138351714015
36 70 1.3431910827169362
36 71 1.2842266969918565
36 72 1.3335110598432955
36 73 1.3725453972747947
36 74 1.3679400059428553
36 75 1.2283687688305742
36 76 1.3136760573679374
36 77 1.269252859290832
36 78 1.4271706372613002
36 79 1.310519339442622
36 80 1.4015119151810391
36 81 1.1553978044202402
36 82 1.349643517906525
36 83 1.359699889857512
36 84 1.2364430748849564
36 85 1.3627359842374644
36 86 1.369806769453802
36 87 1.2247607984876359
36 88 1.4137792405774987
36 89 1.2562686325638615
37 38 1.4175155858380577
37 39 1.213173893476178
37 40 1.2641186843990073
37 41 1.2338761513564664
37 42 1.2129887986255539
37 43 1.1950708601041062
37 44 1.114925603406539
37 45 1.3821452905859244
37 46 1.1515598921316965
37 47 1.2857075016350064
37 48 1.2986339327844778
37 49 1.234164992083057
37 50 1.2737958309335686
37 51 1.2034171613246376
37 52 1.318864785790424
37 53 1.3851676506170052
37 54 1.1993992636527526
37 55 1.1890698243683047
37 56 1.1819096217322815
37 57 1.3098412242421609
37 58 1.3418907720753752
37 59 1.3663428610233692
37 60 1.237775663930563
37 61 1.2070697684511738
37 62 1.2472170430331997
37 63 1.200962214209037
37 64 1.2064514411877485
37 65 1.3136596912703942
37 66 1.1796391250842826
37 67 1.1566240469486204
37 68 1.2196754876708373
37 69 1.2041125788513223
37 70 1.3502808569635427
37 71 1.287852577791834
37 72 1.2362364501982583
37 73 1.355249403151205
37 74 1.2226125243626806
37 75 1.240563507166737
37 76 1.3053423720157997
37 77 1.4434761111270848
37 78 1.3854312482351063
37 79 1.433628736229705
37 80 1.2993691351555836
37 81 1.2964330516834364
37 82 1.3538836830734058
37 83 1.2816248995226152
37 84 1.329866347597469
37 85 1.2898458236642347
37 86 1.3522840863654944
37 87 1.3222310996329456
37 88 1.3817555058920266
37 89 1.28906555415057
38 39 1.3370655076991143
38 40 1.3568325553973875
38 41 1.3067644487051715
38 42 1.5490094548477766
38 43 1.43862483122042
38 44 1.5290888706412873
38 45 1.3575774296310121
38 46 1.4080175739976526
38 47 1.4469199832960546
38 48 1.279754438446851
38 49 1.5712879586122916
38 50 1.3942540544002575
38 51 1.5045357974201774
38 52 1.2368261325689835
38 53 1.4861290129970568
38 54 1.5402728539129293
38 55 1.492743186582013
38 56 1.3881566705465327
38 57 1.4422400148683472
38 58 1.389897031873751
38 59 1.4287580687453192
38 60 1.5399454474335557
38 61 1.3251471045960346
38 62 1.5253647582300076
38 63 1.4608636125889116
38 64 1.3533404978314687
38 65 1.3317765284231262
38 66 1.4687729933350997
38 67 1.498692373598302
38 68 1.5082751802475234
38 69 1.2479370892732295
38 70 1.2140133362227858
38 71 1.490487688582381
38 72 1.4510081135145363
38 73 1.4123624903379581
38 74 1.3002805018584438
38 75 1.1467935195256866
38 76 1.3383679053924946
38 77 1.40194223851571
38 78 1.1347865191397188
38 79 1.391764742606447
38 80 1.368267747348904
38 81 1.4037206072619195
38 82 1.4673837043334712
38 83 1.5389573585318528
38 84 1.4626550597246715
38 85 1.4091560979365547
38 86 1.471771533622098
38 87 1.3816101122569935
38 88 1.4552909739350806
38 89 1.4894771427163909
39 40 0.9578425488608545
39 41 1.2997071779305434
39 42 1.1459426040698106
39 43 1.2950730829562782
39 44 1.2308345499889728
39 45 1.362134673099977
39 46 1.1477649991531966
39 47 1.1249801981164724
39 48 1.410183471619065
39 49 1.2348050066340261
39 50 1.2967226183228522
39 51 1.261573049009889
39 52 1.3808302585194143
39 53 1.2261676930727097
39 54 1.2002966811887297
39 55 1.1806772193512458
39 56 1.2062731054196354
39 57 1.3166822571260761
39 58 1.344346303444964
39 59 1.3561845270606465
39 60 1.2517983036242841
39 61 1.3393667792398332
39 62 1.3442616665099
39 63 1.345994458900571
39 64 1.2523256323872702
39 65 1.35328912056587
39 66 1.2149403185611332
39 67 1.258602467463755
39 68 1.2475472080645666
39 69 1.1784677506110937
39 70 1.421036647686321
39 71 1.2753624309944247
39 72 1.2944970859481426
39 73 1.2458450694446475
39 74 1.395509143471088
39 75 1.3795961693928467
39 76 1.4120717123232094
39 77 1.4127867017431477
39 78 1.4245751534884359
39 79 1.3864868746432906
39 80 1.3347571466149086
39 81 0.9485973679387553
39 82 1.353413162578782
39 83 1.3099698940937934
39 84 1.2251769570555635
39 85 1.3573917606776245
39 86 1.3311364482758723
39 87 1.3637428147919242
39 88 1.3694209388223229
39 89 1.1793693557224565
40 41 1.2248571318994361
40 42 0.9694305969800212
40 43 1.2697281390412813
40 44 1.2517367202020868
40 45 1.334872475584472
40 46 1.2406198980321061
40 47 1.3036140957252171
40 48 1.4132316266755716
40 49 1.3509493884948744
40 50 1.2575178812485281
40 51 1.3496422302990836
40 52 1.407786574771268
40 53 1.2598769031864117
40 54 1.2153514359419029
40 55 1.1955235979148389
40 56 1.2472510313708942
40 57 1.3576323143282425
40 58 1.391776052642919
40 59 1.3603453222214672
40 60 1.2133391493486245
40 61 1.3992066106535836
40 62 1.31017840143799
40 63 1.3520883683005473
40 64 1.297102990692559
40 65 1.3557146312636996
40 66 1.2132339771748917
40 67 1.2211891856732042
40 68 1.2385611943864705
40 69 1.1310848661737243
40 70 1.4366406214328347
40 71 1.274437747024228
40 72 1.418855135175843
40 73 1.3445909886190166
40 74 1.3731252269611438
40 75 1.3131131053255511
40 76 1.4113751620804411
40 77 1.3279382584549857
40 78 1.3883303363831132
40 79 1.4148830471886849
40 80 1.3886163455538523
40 81 1.259369362884489
40 82 1.291931845771711
40 83 1.2718674776550265
40 84 1.2529693911274216
40 85 1.2961575271728276
40 86 1.2820587537870274
40 87 1.3269323896825989
40 88 1.3878710424897382
40 89 1.2463245046423364
41 42 1.2531104214970643
41 43 1.3432141178292734
41 44 1.2810014817257873
41 45 1.3114522278290537
41 46 1.2054290412086226
41 47 1.4068963817201112
41 48 1.2519310025425598
41 49 1.4137081002162262
41 50 1.253514870174601
41 51 1.3038845142450848
41 52 1.275936707316342
41 53 1.3703895024735235
41 54 1.348931725679016
41 55 1.3027666808111205
41 56 1.2320888410721031
41 57 1.3552954251209803
41 58 1.285782555365593
41 59 1.4492728591802575
41 60 1.3757661922965074
41 61 1.1414811550021315
41 62 1.2494846409161542
41 63 1.3374609881448172
41 64 1.3838084682620213
41 65 1.2481264504975316
41 66 1.3917212511937365
41 67 1.299060447637605
41 68 1.3835198453074704
41 69 1.206302676963538
41 70 1.3148760910964918
41 71 1.2295953875316166
41 72 1.4318828918110493
41 73 1.3418284193912118
41 74 1.2784366334109523
41 75 1.1967888388733194
41 76 1.2075015197476546
41 77 1.2500374657369264
41 78 1.314020557030177
41 79 1.3060206637603788
41 80 1.281911417611488
41 81 1.39368340074817
41 82 1.3629375723671864
41 83 1.4342930053971206
41 84 1.3016144929621922
41 85 1.2547041926496196
41 86 1.4055336435649322
41 87 1.2640935222967404
41 88 1.4206611368216062
41 89 1.214783516671444
42 43 1.3117300795160463
42 44 1.0375857586937647
42 45 1.3196466587791844
42 46 1.0771560507166318
42 47 1.3256232197647861
42 48 1.4269145244720394
42 49 1.1731928519020463
42 50 1.2092031700203523
42 51 1.2303303038252196
42 52 1.4763451607814657
42 53 1.2407868347260458
42 54 0.8668911325396463
42 55 0.8659791181095537
42 56 1.0301413759432796
42 57 1.370659713917441
42 58 1.303897627759787
42 59 1.262513014523853
42 60 1.2540456322878744
42 61 1.1187953578496583
42 62 1.1210938139849462
42 63 1.2698251918768626
42 64 1.2737416034333395
42 65 1.4604329628667905
42 66 1.2106378150079775
42 67 0.8533218319720272
42 68 0.8971956168303795
42 69 1.2229005417073873
42 70 1.5259910134780914
42 71 1.2451776018232317
42 72 1.3611353081059478
42 73 1.2966795152951551
42 74 1.4326616091737594
42 75 1.3676839455452754
42 76 1.4860689973430177
42 77 1.332711792139287
42 78 1.5217675315093941
42 79 1.3382315392916229
42 80 1.363742984001721
42 81 1.2489186429547594
42 82 1.3425239972858645
42 83 1.227621729853841
42 84 1.1341024479311586
42 85 1.3086828432546926
42 86 1.3042143149704217
42 87 1.3045990646537053
42 88 1.2924717633721658
42 89 1.185893534228079
43 44 1.1367351016666025
43 45 1.280483804925172
43 46 1.1494336358151365
43 47 1.335369426745526
43 48 1.3795594544917997
43 49 1.3823430991027683
43 50 1.2535347482424593
43 51 1.274893835348751
43 52 1.3609172009568258
43 53 1.2758874870982633
43 54 1.2284994048726918
43 55 1.3570439633614653
43 56 1.255474288415416
43 57 1.384047525480398
43 58 1.3656169505834352
43 59 1.3853924393966215
43 60 1.1985093685098047
43 61 1.2989190864294888
43 62 1.2229487311673308
43 63 1.3877944771670123
43 64 1.3151056896558708
43 65 1.2806051839393746
43 66 1.184847328311733
43 67 1.2897336318204693
43 68 1.3183676370437263
43 69 1.2757741922233905
43 70 1.3661359688141854
43 71 1.2786514407589102
43 72 1.3161101713813481
43 73 1.4015684146008083
43 74 1.36902490481135
43 75 1.2822666023434326
43 76 1.3474463832451173
43 77 1.335478943704892
43 78 1.4193235725356297
43 79 1.3450510374458577
43 80 1.3558031283321832
43 81 1.2604615886294317
43 82 1.4384606528744501
43 83 1.3401552932684022
43 84 1.3329397141557726
43 85 1.4498077585605427
43 86 1.3987270347682055
43 87 1.2195633759688622
43 88 1.3541490794125741
43 89 1.3038610447844952
44 45 1.2677739284369827
44 46 0.9369411111718203
44 47 1.3434219085198629
44 48 1.3597636708244105
44 49 1.2739458871000189
44 50 1.1369944162142402
44 51 1.179589629758098
44 52 1.4135428552953557
44 53 1.0368942921529207
44 54 0.9829782690325383
44 55 1.123755375452274
44 56 1.0386647783233542
44 57 1.3946329487136266
44 58 1.3213528974655562
44 59 1.2463970570336238
44 60 1.1735515915419448
44 61 1.1922225020665747
44 62 1.1309155061490261
44 63 1.3757543084408688
44 64 1.361556938088016
44 65 1.3267187230003374
44 66 1.1120941014287322
44 67 1.0762683389023375
44 68 1.0988688893258804
44 69 1.1506937247445053
44 70 1.4500484655015224
44 71 1.2904130004591
44 72 1.3163021315034427
44 73 1.317756030820661
44 74 1.3637828255518405
44 75 1.3376785486546319
44 76 1.4111569956123995
44 77 1.3293720134305875
44 78 1.4072212483303015
44 79 1.272427971478427
44 80 1.3259323749993632
44 81 1.130608693105722
44 82 1.3943333422501354
44 83 1.1822909836738615
44 84 1.1747734240386563
44 85 1.3352916996692774
44 86 1.35450043470787
44 87 1.2694410388518615
44 88 1.2457677248086712
44 89 1.1361244214325195
45 46 1.1798697749215803
45 47 1.4077597827516495
45 48 1.4534953405589812
45 49 1.3372553534641796
45 50 1.3031849366864965
45 51 1.2554241302400286
45 52 1.4267916239759375
45 53 1.3256952967923366
45 54 1.3033048099401703
45 55 1.2859420373535722
45 56 1.2057899211654435
45 57 1.371062167256446
45 58 1.1738312158159263
45 59 1.3706058004312882
45 60 1.2780555724259204
45 61 1.365270373515101
45 62 1.1814752414165341
45 63 1.2980554919540603
45 64 1.3731203203341145
45 65 1.3291869136218695
45 66 1.3177603541846326
45 67 1.3228083122057925
45 68 1.280496679707793
45 69 1.3173021786681385
45 70 1.4463213093544467
45 71 1.293771185888854
45 72 1.4122584408381489
45 73 1.263193118958007
45 74 1.3196725337159043
45 75 1.3196251299971276
45 76 1.4261959296364706
45 77 1.3247991372734147
45 78 1.4529370146993144
45 79 1.2507818321372468
45 80 1.1370205304579206
45 81 1.3546334165311917
45 82 1.2181716633594923
45 83 1.3704512427533275
45 84 1.3630262695541477
45 85 1.3646566841298249
45 86 1.4507540759443476
45 87 1.3307066006878427
45 88 1.22336142153156
45 89 1.1950051986854084
46 47 1.2691721686064876
46 48 1.237206695578379
46 49 1.2293444591981204
46 50 1.0742432992718147
46 51 1.0935269543551833
46 52 1.2712111020522343
46 53 1.0587607335693052
46 54 1.021669122680777
46 55 1.048422961742482
46 56 0.9048746760097574
46 57 1.44273307657499
46 58 1.2649263641238706
46 59 1.3052977021557326
46 60 1.1477030357398084
46 61 1.1232991781908268
46 62 0.9581259735205555
46 63 1.3541484691619423
46 64 1.32391630079822
46 65 1.1621708430694755
46 66 1.0536391602951924
46 67 1.0408417807265142
46 68 1.1224834392616396
46 69 1.011465063235421
46 70 1.316499352252243
46 71 1.2595532603550874
46 72 1.3101512279317344
46 73 1.2957531193962726
46 74 1.400531651583749
46 75 1.3063006562606594
46 76 1.321681775557914
46 77 1.291084235729354
46 78 1.413112109884837
46 79 1.2302521631100085
46 80 1.2682696960085713
46 81 1.1057157667385826
46 82 1.4128346041658837
46 83 1.2018570365552705
46 84 1.1731816565410405
46 85 1.310190582310583
46 86 1.370973390136827
46 87 1.1709493112264118
46 88 1.2910273250803825
46 89 1.0467141399812963
47 48 1.4273211407291944
47 49 1.2732561126146726
47 50 1.4117169290492
47 51 1.3511797578028866
47 52 1.432844448897043
47 53 1.3242182011893
47 54 1.2348220614884557
47 55 1.2511501509588097
47 56 1.317267503444704
47 57 1.3632787090232268
47 58 1.2987944318574756
47 59 1.3582526806983832
47 60 1.0677848843571
47 61 1.2337244623600323
47 62 1.2735260003559283
47 63 1.2517582438320418
47 64 1.2881032667411727
47 65 1.3860590558826602
47 66 1.2962724829644554
47 67 1.2588224894877367
47 68 1.2712758513931277
47 69 1.331077123890754
47 70 1.4687122031178208
47 71 1.3605221511435779
47 72 1.2867034060163132
47 73 1.1630420924906317
47 74 1.5104618693359066
47 75 1.4792060171245207
47 76 1.3953048803745745
47 77 1.380464184227078
47 78 1.527261597622431
47 79 1.3341952280529046
47 80 1.310365097117906
47 81 1.2274290420145044
47 82 1.3821329636449953
47 83 1.3376625100526047
47 84 1.3560802303856372
47 85 1.283627201475946
47 86 1.4195920454788133
47 87 1.3224497332298635
47 88 1.271190330131692
47 89 1.2580713532427474
48 49 1.4528373112892576
48 50 1.3342518679273916
48 51 1.3583445925942084
48 52 0.760311506983018
48 53 1.3709950275928438
48 54 1.5640279985858976
48 55 1.5457023879843093
48 56 1.347712910724958
48 57 1.3565828471053576
48 58 1.3825287869735203
48 59 1.4970113840065797
48 60 1.3775431832478169
48 61 1.3476763938352205
48 62 1.4493930873404235
48 63 1.411908340628078
48 64 1.349711552120919
48 65 1.1739885080257346
48 66 1.324101565870929
48 67 1.548393150258465
48 68 1.5377688699268177
48 69 1.141285347151834
48 70 0.7523127861021166
48 71 1.363199069199723
48 72 1.3687523225699803
48 73 1.4279179823988504
48 74 1.2207849426509207
48 75 1.2673981825733533
48 76 1.0125489663666662
48 77 1.3155952543403477
48 78 1.183442918935039
48 79 1.4139860168530398
48 80 1.383435402865139
48 81 1.352774084050554
48 82 1.4374163608410957
48 83 1.4354071511248911
48 84 1.4029419613807463
48 85 1.3125445611831856
48 86 1.328771890927993
48 87 1.38226840287186
48 88 1.487925617571511
48 89 1.46721859003284
49 50 1.2733657044586553
49 51 1.264563523403942
49 52 1.37267762790318
49 53 1.2648515422175308
49 54 1.109670768772339
49 55 1.1451611599098392
49 56 1.2657550046442223
49 57 1.3656093973536954
49 58 1.3523795376087677
49 59 1.3976143994383232
49 60 1.251720518907667
49 61 1.207681513320618
49 62 1.2725008205987798
49 63 1.2004150063207057
49 64 1.1643545261112345
49 65 1.428736814057571
49 66 1.2930708395822288
49 67 1.1585827672174542
49 68 1.1485101853414266
49 69 1.2756816445223629
49 70 1.4285253682919208
49 71 1.3361627604193453
49 72 1.2324865313343405
49 73 1.2293446125853167
49 74 1.4081856536824802
49 75 1.3271967847295565
49 76 1.4355855768974863
49 77 1.399874445410934
49 78 1.5386021941573913
49 79 1.370536910174609
49 80 1.315563186143873
49 81 1.2698181062796108
49 82 1.3971040743474634
49 83 1.1277272494191997
49 84 1.2464558076649563
49 85 1.3661959704161564
49 86 1.3086967926386892
49 87 1.3302075822956436
49 88 1.3341991946435483
49 89 1.2646127910023996
50 51 1.1622607826571543
50 52 1.3670422833073173
50 53 1.1746338530136282
50 54 1.1604038334980127
50 55 1.2383886642435127
50 56 1.1396467683277405
50 57 1.2475812932725732
50 58 1.2811732776982792
50 59 1.3798765144828855
50 60 1.270251908318001
50 61 1.070069502349382
50 62 1.2146458918402752
50 63 1.2960376072919846
50 64 1.3502754341363146
50 65 1.149120580310834
50 66 1.1958381655881276
50 67 1.2234716029682693
50 68 1.2567776246101652
50 69 1.0884263180474285
50 70 1.3829454418675042
50 71 1.268244022447483
50 72 1.3335358853522938
50 73 1.3638696597851874
50 74 1.3712753831068951
50 75 1.2275919021156032
50 76 1.313674479421483
50 77 1.2081920478527814
50 78 1.3915070230320012
50 79 1.3671840605126828
50 80 1.4274054507397116
50 81 1.2032338059446648
50 82 1.333066940712874
50 83 1.2974531782572398
50 84 1.2225424008471149
50 85 1.3701250492986006
50 86 1.3741832925738695
50 87 1.2295859695122828
50 88 1.449652058804423
50 89 1.2976622930104373
51 52 1.3769756649491967
51 53 1.2415053993134457
51 54 1.1465964193612082
51 55 1.2043052313652627
51 56 1.2192578854678262
51 57 1.4405289564433226
51 58 1.2663290273258463
51 59 1.3298196849981787
51 60 1.243573968716691
51 61 1.1839869251591661
51 62 1.2132667317899022
51 63 1.3888227759939955
51 64 1.3011886755763098
51 65 1.3139588520890908
51 66 1.2805980802072376
51 67 1.1648191731634452
51 68 1.2127611598413386
51 69 1.2550824777827003
51 70 1.3911273227509626
51 71 1.2992557783354397
51 72 1.2379667885759285
51 73 1.335018470160365
51 74 1.320971544895153
51 75 1.3539168398865191
51 76 1.4350357010196002
51 77 1.3841658278065734
51 78 1.412686132719264
51 79 1.3958484209271813
51 80 1.3239755565504208
51 81 1.2101590306070298
51 82 1.3571418345482853
51 83 1.3989310949830964
51 84 1.3038405984989698
51 85 1.3439181622376406
51 86 1.302695216232733
51 87 1.2692402557546594
51 88 1.300795137558497
51 89 1.222255040634091
52 53 1.4198940266040132
52 54 1.6036928881862886
52 55 1.5773518643994446
52 56 1.3307604252297838
52 57 1.3709358656393724
52 58 1.3865275938931185
52 59 1.5585475105053606
52 60 1.4050662523948967
52 61 1.329997693416972
52 62 1.4619031382042373
52 63 1.3894804824086167
52 64 1.3378579695306956
52 65 1.1502408960745911
52 66 1.3997804015058821
52 67 1.6086999426289925
52 68 1.5977090042698727
52 69 1.2374499873497524
52 70 0.5157322623403114
52 71 1.4301310400095966
52 72 1.4473993809896506
52 73 1.378874710728812
52 74 1.0690608378661057
52 75 1.1767054316474377
52 76 0.8061331865816563
52 77 1.315773653523486
52 78 1.120920182888276
52 79 1.3144434965961955
52 80 1.2610720641525357
52 81 1.3545550504673818
52 82 1.479665294008862
52 83 1.4255001844846544
52 84 1.4403904221201027
52 85 1.4033422966938525
52 86 1.2970144092193359
52 87 1.3254433273355581
52 88 1.4160067831794763
52 89 1.4360116842906534
53 54 1.2191598411780433
53 55 1.2829254136423716
53 56 1.2661620672977218
53 57 1.4169587204376586
53 58 1.3739066818698298
53 59 1.108417571783079
53 60 1.1779521591654345
53 61 1.3124485016734484
53 62 1.2922025515879776
53 63 1.3727122736793917
53 64 1.4718924446106916
53 65 1.2870004906772394
53 66 1.2012266447757756
53 67 1.2897137183416212
53 68 1.320550025121875
53 69 1.1882640179210475
53 70 1.4730374463533171
53 71 1.3442219725272333
53 72 1.245652560824181
53 73 1.3592795453810145
53 74 1.5014234324714986
53 75 1.3380077720691652
53 76 1.5288148715761511
53 77 1.3473440411240047
53 78 1.3867715616004408
53 79 1.3421748081258413
53 80 1.44778008528365
53 81 1.0799837120644475
53 82 1.445974112446123
53 83 1.2011204355926635
53 84 1.0859663885273234
53 85 1.3506179830071594
53 86 1.3328020911615943
53 87 1.215711262211232
53 88 1.4354230092507576
53 89 1.198210628080209
54 55 0.585079360573679
54 56 0.8811450283299485
54 57 1.4886739960640873
54 58 1.2445673988648798
54 59 1.256623122112617
54 60 1.2375229983087819
54 61 1.0477152703835289
54 62 0.9967943527654993
54 63 1.3052408145103094
54 64 1.2732573853337004
54 65 1.4515455364398677
54 66 1.2453689361711306
54 67 0.5143889810928429
54 68 0.5509312178791925
54 69 1.300430874377114
54 70 1.6405905670767305
54 71 1.2605053973247486
54 72 1.3175634066602748
54 73 1.2364568622525305
54 74 1.5157772862465924
54 75 1.3886370305333036
54 76 1.5816779203116023
54 77 1.4030323628437602
54 78 1.6327544721566272
54 79 1.29172263010874
54 80 1.3385115808956864
54 81 1.2566133260545802
54 82 1.4317938701048492
54 83 1.2197536658206738
54 84 1.191381145632177
54 85 1.2994826871777778
54 86 1.3450148559218829
54 87 1.2914087785072594
54 88 1.1752911146511673
54 89 1.0989596009651958
55 56 0.9047121370151142
55 57 1.4464101692278304
55 58 1.2547061089168285
55 59 1.2714879794412826
55 60 1.31142919541713
55 61 1.0631041469658573
55 62 0.9845469919125093
55 63 1.2944398530985073
55 64 1.249888006943698
55 65 1.4766583025612916
55 66 1.2866160844238077
55 67 0.4544319571672477
55 68 0.5207348613113326
55 69 1.2784534475589846
55 70 1.6199109814862824
55 71 1.2906912791076188
55 72 1.3734434918730887
55 73 1.184673836637269
55 74 1.4656766729917519
55 75 1.376527748615351
55 76 1.5141469737033184
55 77 1.4686708821171819
55 78 1.6143662418630418
55 79 1.3258324049297583
55 80 1.2873006862642151
55 81 1.3005997185902987
55 82 1.355457697431409
55 83 1.198578497347513
55 84 1.1346523380821751
55 85 1.3108272985511504
55 86 1.3554490801301342
55 87 1.3275549475374795
55 88 1.107793957291843
55 89 1.1139793821806705
56 57 1.4405214787067833
56 58 1.210956810140814
56 59 1.3937185737463127
56 60 1.2907460061432194
56 61 1.0924538791024738
56 62 1.0177070824704844
56 63 1.2929279840998118
56 64 1.260620985421888
56 65 1.3113514963906436
56 66 1.278124629761532
56 67 0.8920243649921098
56 68 0.9087999870534227
56 69 1.2054269090088638
56 70 1.360571378415716
56 71 1.2495262243773835
56 72 1.4960999673797033
56 73 1.1770812250059342
56 74 1.3436923059775236
56 75 1.2566260600741082
56 76 1.3390207482420362
56 77 1.4032751857653103
56 78 1.4867999986770752
56 79 1.1419284441917519
56 80 1.176328931285768
56 81 1.274808516411702
56 82 1.387827155017052
56 83 1.2394591187597146
56 84 1.21836761919783
56 85 1.2547825524883973
56 86 1.319606406767683
56 87 1.233525988381462
56 88 1.143295519615159
56 89 1.0650875785391973
57 58 1.2648612182567753
57 59 1.5113371193977145
57 60 1.3848791228137736
57 61 1.3771845820468478
57 62 1.3569625366720235
57 63 1.2635632275600204
57 64 1.3226962395008939
57 65 1.3377215106168558
57 66 1.365344026263275
57 67 1.4970206184724644
57 68 1.4707614625234953
57 69 1.4077367636610298
57 70 1.342520844329618
57 71 1.2230859245796568
57 72 1.3562893304856163
57 73 1.3295070728827172
57 74 1.3023328120035544
57 75 1.2917732541150115
57 76 1.28949842912203
57 77 1.3236337014387287
57 78 1.2465667135270853
57 79 1.4336320183604576
57 80 1.3388639055287441
57 81 1.4086882672068408
57 82 1.1715523494437796
57 83 1.4094234808513553
57 84 1.2422357424842412
57 85 1.3984378882408046
57 86 1.2863561645727735
57 87 1.4065126171548008
57 88 1.51775774145546
57 89 1.3835189815566256
58 59 1.4230155740633672
58 60 1.3233358263721342
58 61 1.2990772176463856
58 62 1.1523398868018426
58 63 0.9360249151071454
58 64 1.376702609989199
58 65 1.413089304004751
58 66 1.3795184448575442
58 67 1.2485554755982444
58 68 1.1606987439255227
58 69 1.3703171266007617
58 70 1.4305813522995423
58 71 1.2969558743567635
58 72 1.451167935131545
58 73 1.2612323732517967
58 74 1.4560763599259243
58 75 1.2931475594253068
58 76 1.408259454907846
58 77 1.309339444617884
58 78 1.4617348985285858
58 79 1.2786371625098594
58 80 1.1875151202080287
58 81 1.3395052790883513
58 82 1.3741608837662014
58 83 1.3405586874989366
58 84 1.300564100780533
58 85 1.3396166587401463
58 86 1.3234168398854405
58 87 1.3510314402259656
58 88 1.2720311050223063
58 89 1.1061838640757904
59 60 1.380018897688774
59 61 1.3682639299078863
59 62 1.4247933380113667
59 63 1.4158723944882745
59 64 1.3178198142313826
59 65 1.5154512442508339
59 66 1.4044472733939923
59 67 1.2409794981452051
59 68 1.2954737290267977
59 69 1.4249672932957909
59 70 1.5525248401205445
59 71 1.4879633525551916
59 72 1.344732266049839
59 73 1.4547758192143432
59 74 1.5624826176767852
59 75 1.4391928455533007
59 76 1.5706169604367013
59 77 1.4524233428680609
59 78 1.398907724439793
59 79 1.3945599048419226
59 80 1.4054273203785779
59 81 1.3850217160208274
59 82 1.4289998760114024
59 83 1.3528982789316915
59 84 1.320811074286403
59 85 1.5155596146212058
59 86 1.3448135562085899
59 87 1.272055124408889
59 88 1.432098292276442
59 89 1.3897615860307837
60 61 1.3376823302369438
60 62 1.2245586067250707
60 63 1.258310890227567
60 64 1.3388412397825638
60 65 1.326508207264184
60 66 1.1001251056786605
60 67 1.2862417855550639
60 68 1.311492997822548
60 69 1.226222670587307
60 70 1.401640918625508
60 71 1.2347740395803322
60 72 1.2679413942360485
60 73 1.4029801773772048
60 74 1.3928945174324012
60 75 1.4066226490294262
60 76 1.3831547895195224
60 77 1.2897497711386017
60 78 1.4923037274087203
60 79 1.3854368873285932
60 80 1.3261838465734193
60 81 1.2550241183999686
60 82 1.3132532622820807
60 83 1.2691324974639666
60 84 1.2619987810830051
60 85 1.3268206439853532
60 86 1.3295326630010538
60 87 1.2314955864631625
60 88 1.3638437674100752
60 89 1.2191824683342969
61 62 1.1061290113625604
61 63 1.3285851693811825
61 64 1.2952988312283022
61 65 1.3083181932632728
61 66 1.311775084588218
61 67 1.0379443694290722
61 68 1.0700578482676921
61 69 1.234308764251007
61 70 1.3445565197997214
61 71 1.3700495074025398
61 72 1.2664294333732224
61 73 1.238497887283452
61 74 1.3583472033455015
61 75 1.2734186037724151
61 76 1.2894788433569366
61 77 1.330461361310069
61 78 1.4101777829961455
61 79 1.2518675245275654
61 80 1.332990980638607
61 81 1.3522054356808904
61 82 1.4288690314736234
61 83 1.2903407642639622
61 84 1.2329047814896292
61 85 1.361759072969821
61 86 1.4146334987171936
61 87 1.2257311003966118
61 88 1.2786890037006076
61 89 1.2945613406794492
62 63 1.2465354452157487
62 64 1.3674331379424187
62 65 1.3020646139472454
62 66 1.2601941049133525
62 67 1.0028243880883296
62 68 1.022808151904066
62 69 1.2550032991367561
62 70 1.4976768935413605
62 71 1.2298426867260306
62 72 1.2560091361468189
62 73 1.1878264483269383
62 74 1.46030538758606
62 75 1.293808977609846
62 76 1.4040347298593128
62 77 1.3170003917299076
62 78 1.5782750704809843
62 79 1.1943085122184234
62 80 1.2554113688999395
62 81 1.280288643136144
62 82 1.3204338769576092
62 83 1.2207768038913527
62 84 1.1876559471065389
62 85 1.3416824467904196
62 86 1.45727360188234
62 87 1.2143982951420835
62 88 1.1837323516547567
62 89 1.0464357623626053
63 64 1.1654206983443383
63 65 1.3628924647336311
63 66 1.3322879564755417
63 67 1.2758301344737464
63 68 1.1968165229300662
63 69 1.2679839935320818
63 70 1.4459668102252898
63 71 1.3099911377946598
63 72 1.324151697579498
63 73 1.3896146291881029
63 74 1.4552927887308087
63 75 1.2638645602540124
63 76 1.33003029365743
63 77 1.3809933813123143
63 78 1.4627286280916294
63 79 1.4659948691527918
63 80 1.3932665436556824
63 81 1.3290369516635163
63 82 1.3047511011200714
63 83 1.2751353614651375
63 84 1.371115427953451
63 85 1.3667618713562513
63 86 1.3544040965659023
63 87 1.4258901488637237
63 88 1.4259457086250709
63 89 1.2993506144226223
64 65 1.4175832973354263
64 66 1.4081466684832005
64 67 1.2624549664129565
64 68 1.2738163264220943
64 69 1.2665937568545955
64 70 1.3453918219286995
64 71 1.3790187805100895
64 72 1.308825120417626
64 73 1.2864109759613847
64 74 1.4238705429926835
64 75 1.3221423666848695
64 76 1.3415836543459383
64 77 1.3977387275217557
64 78 1.3486466992674164
64 79 1.352166995720017
64 80 1.2518052828025825
64 81 1.3805147023554334
64 82 1.3149696167170877
64 83 1.3000644136412924
64 84 1.31196422262312
64 85 1.3895613313778206
64 86 1.1765344577054981
64 87 1.3646877822503773
64 88 1.2925331674718834
64 89 1.374195089688973
65 66 1.2550562160500074
65 67 1.498725585222944
65 68 1.5143543883379023
65 69 1.0387098857410966
65 70 1.152418730709583
65 71 1.391711708449849
65 72 1.2953587543593588
65 73 1.369223778724109
65 74 1.252092574630187
65 75 1.262195327723212
65 76 1.2019748742933012
65 77 1.2018566454573427
65 78 1.3377355044546586
65 79 1.3887754812692834
65 80 1.3882623859861951
65 81 1.3294108182419924
65 82 1.3869372402410556
65 83 1.3420738045242628
65 84 1.4542759281943236
65 85 1.50588060557082
65 86 1.369838121538947
65 87 1.3385095220818788
65 88 1.4321815683463381
65 89 1.3547486080749327
66 67 1.2567333541136978
66 68 1.2731359494539312
66 69 1.1758131911708356
66 70 1.4111214982596614
66 71 1.3558536953135472
66 72 1.2872312456038943
66 73 1.324371268645286
66 74 1.406503632890603
66 75 1.378215968536698
66 76 1.346221349349865
66 77 1.255556447818325
66 78 1.4431484519350968
66 79 1.394367541702389
66 80 1.354033475443502
66 81 1.2284122198983525
66 82 1.3737627317120842
66 83 1.207140849134482
66 84 1.3272023151989383
66 85 1.18670236666897
66 86 1.2265545867034464
66 87 1.365606340002386
66 88 1.2667300099796406
66 89 1.3320096787571363
67 68 0.5169260598887743
67 69 1.2837266400828908
67 70 1.644445873222691
67 71 1.2889994754708949
67 72 1.3609862392920014
67 73 1.2435966952748903
67 74 1.471493276450333
67 75 1.348370349934032
67 76 1.5463551898958703
67 77 1.4618472554434272
67 78 1.6308251251206232
67 79 1.3358911977712822
67 80 1.3220532183100067
67 81 1.3182257414860925
67 82 1.3709888259461536
67 83 1.2704662153967263
67 84 1.184324613334516
67 85 1.3026075188404307
67 86 1.3145536103728317
67 87 1.3071920765084837
67 88 1.16971248797044
67 89 1.176945492195331
68 69 1.329832471086875
68 70 1.6135571874246284
68 71 1.287834716364546
68 72 1.3731254006137505
68 73 1.2203208055635402
68 74 1.4830840773414076
68 75 1.3673072502801784
68 76 1.5516988104536218
68 77 1.4665269455537475
68 78 1.6381235746183245
68 79 1.330000599240448
68 80 1.2814225597862567
68 81 1.3264927844778656
68 82 1.3641314230314492
68 83 1.2100526194722019
68 84 1.1906756798141636
68 85 1.2571474512383751
68 86 1.365033728943402
68 87 1.3377245705997136
68 88 1.1337930276905548
68 89 1.1094709207751683
69 70 1.2182419362779384
69 71 1.3410188729177073
69 72 1.2612293878849785
69 73 1.4153999289135426
69 74 1.335704724646508
69 75 1.2263952005838812
69 76 1.2791107875268948
69 77 1.3186041094790102
69 78 1.329858446646495
69 79 1.4968140325889343
69 80 1.4513669394122481
69 81 1.1519618260393318
69 82 1.3525767558223922
69 83 1.2155907267642825
69 84 1.3295849957820838
69 85 1.325318238464454
69 86 1.3227272530895957
69 87 1.3224145476167493
69 88 1.4322004619872193
69 89 1.3498539687665478
70 71 1.4540319707512412
70 72 1.4736131114945932
70 73 1.4444202879763604
70 74 1.1277219767258195
70 75 1.2229548228455511
70 76 0.8461216911101742
70 77 1.3638534470838455
70 78 1.0720349280566592
70 79 1.3895740863091153
70 80 1.2344415229535497
70 81 1.428659222859084
70 82 1.478326522508206
70 83 1.4657974232670834
70 84 1.448704190128786
70 85 1.3913212018007464
70 86 1.3054480269787474
70 87 1.359808100903106
70 88 1.4218451045770613
70 89 1.483810872112376
71 72 1.4090972491357165
71 73 1.276055031655173
71 74 1.3733749225940872
71 75 1.2164063722865472
71 76 1.3815152251216274
71 77 1.2684279694335068
71 78 1.3884075120260093
71 79 1.2814516274141237
71 80 1.2490152085450776
71 81 1.3237610063433407
71 82 1.0689625993836478
71 83 1.3753739378224406
71 84 1.2575992942595355
71 85 1.203440007130162
71 86 1.3836299882745857
71 87 1.3448324261565006
71 88 1.3348433210372999
71 89 1.1462067989579234
72 73 1.408016126272769
72 74 1.4333415453254614
72 75 1.3817392405659656
72 76 1.4489571141422861
72 77 1.4037482432802484
72 78 1.4693083165271201
72 79 1.5144861173699395
72 80 1.5012200344869007
72 81 1.304574683186675
72 82 1.4152047011836757
72 83 1.286104135702141
72 84 1.301880425213352
72 85 1.419953823143567
72 86 1.453268242711776
72 87 1.3526096207711216
72 88 1.4821429956364167
72 89 1.447815699002558
73 74 1.3676574320643928
73 75 1.3504559483698348
73 76 1.352439766966399
73 77 1.240760370315173
73 78 1.4149837955230564
73 79 0.9671360979732314
73 80 1.1134825231092744
73 81 1.2936674269192183
73 82 1.2344677303379592
73 83 1.2109562435103653
73 84 1.3556303827398022
73 85 1.3140090012115262
73 86 1.33573481921241
73 87 1.2392013130713253
73 88 0.9381035716264677
73 89 1.0598168906600374
74 75 1.164475418103467
74 76 1.2027516441138297
74 77 1.3698960483096876
74 78 1.0735034093364793
74 79 1.3426072629705348
74 80 1.2455528573998031
74 81 1.4011848546128909
74 82 1.340865416639384
74 83 1.466709389241851
74 84 1.412016765408697
74 85 1.3427847360985723
74 86 1.2903442707828618
74 87 1.3816718233165366
74 88 1.366041691951956
74 89 1.3862128000888707
75 76 1.2657899868082947
75 77 1.2119725004126403
75 78 1.1189834143305337
75 79 1.2707102356208988
75 80 1.2031222138326085
75 81 1.3776724125559088
75 82 1.3101992038571117
75 83 1.401883184370127
75 84 1.312071366925769
75 85 1.3078533287521865
75 86 1.3449109079570118
75 87 1.1936888849052578
75 88 1.3178370977608604
75 89 1.3323676476702189
76 77 1.3334432800752885
76 78 1.1453052259076488
76 79 1.3301089249824054
76 80 1.3004169389958016
76 81 1.4645706037751267
76 82 1.406666323534807
76 83 1.3611480882554992
76 84 1.4398896049627217
76 85 1.3972357009973349
76 86 1.3066996713275503
76 87 1.3359778831339606
76 88 1.4127383467571122
76 89 1.4377824751947088
77 78 1.3054187208214876
77 79 1.2215846071756276
77 80 1.2515538074130883
77 81 1.3496893090973603
77 82 1.365583921228186
77 83 1.3573878412883171
77 84 1.4007452856853684
77 85 1.344488798287883
77 86 1.3909763437031228
77 87 1.321419527845053
77 88 1.3192962695267967
77 89 1.2505137792617451
78 79 1.343289784665803
78 80 1.3248089581663367
78 81 1.416083550557219
78 82 1.389531072071079
78 83 1.4274525908863616
78 84 1.4454870866478515
78 85 1.4259441344245485
78 86 1.2161050790817176
78 87 1.3315632697644084
78 88 1.5042922021409229
78 89 1.4074632738517365
79 80 1.01553295219182
79 81 1.3700876148520489
79 82 1.355505808177356
79 83 1.344375487621894
79 84 1.3439642297171175
79 85 1.344413570361059
79 86 1.3523843378780398
79 87 1.1711034995887548
79 88 1.03895944855543
79 89 1.096203028572261
80 81 1.4165785948648033
80 82 1.3891484092523148
80 83 1.4107389416432077
80 84 1.3434709896227843
80 85 1.3223862347574862
80 86 1.2664887306950008
80 87 1.316730708467945
80 88 0.9421052727042977
80 89 1.1673447006344941
81 82 1.386409551864973
81 83 1.2375610798681909
81 84 1.3254414306372715
81 85 1.3431137922066312
81 86 1.4228399486106802
81 87 1.3035806176805886
81 88 1.4055527193994706
81 89 1.213958563826151
82 83 1.385848090177171
82 84 1.4003491355908513
82 85 1.292267830381293
82 86 1.39849350768428
82 87 1.4396776888366678
82 88 1.3476843658399211
82 89 1.213360738235036
83 84 1.2496683079357342
83 85 1.3448164651633434
83 86 1.3547476604697024
83 87 1.3535733949252144
83 88 1.3529848947635121
83 89 1.212070497114261
84 85 1.2607705709537946
84 86 1.3252227344324081
84 87 1.3172063269180259
84 88 1.3079030983016786
84 89 1.2110815743596661
85 86 1.3299389415367047
85 87 1.377077796657596
85 88 1.3157229231382166
85 89 1.3383567227620126
86 87 1.3622867632988336
86 88 1.309469000875813
86 89 1.4634650768132698
87 88 1.2987155891426485
87 89 1.2245702363214697
88 89 1.1549570445921735
