75 0
0 1 1.228114646858227
0 2 1.4533280718647434
0 3 1.400013471336104
0 4 1.4042602617661621
0 5 1.5069288207042277
0 6 1.151982569908579
0 7 1.3232020235769213
0 8 1.3755548312632797
0 9 1.3743116795410366
0 10 1.4397033039736988
0 11 1.3933924756779585
0 12 1.0677848843571
0 13 1.2259076001942129
0 14 1.4923037274087203
0 15 1.4335727658504196
0 16 1.2850360294105159
0 17 1.2214715580772713
0 18 1.315219248444529
0 19 1.134651330982557
0 20 1.367603746411766
0 21 1.3940579515711806
0 22 1.194756081403185
0 23 1.3071058380583416
0 24 1.3039864420521918
0 25 1.1948350920898492
0 26 1.2644042297366795
0 27 1.286258969042989
0 28 1.3046263127022002
0 29 1.4432718411358814
0 30 1.2245586067250707
0 31 1.3119719099952365
0 32 1.351344404842148
0 33 1.3672527190878363
0 34 1.2485867356918905
0 35 1.3442496137313193
0 36 1.2581117950686793
0 37 1.2573266005455563
0 38 1.2191824683342969
0 39 1.237775663930563
0 40 1.419420875964887
0 41 1.462293063212897
0 42 1.259630614430849
0 43 1.3995969254884366
0 44 1.2519313123486349
0 45 1.2629226237315545
0 46 1.2391503862367736
0 47 1.2435163821867605
0 48 1.460293322588799
0 49 1.445779141375517
0 50 1.201514679606691
0 51 1.2015019588179539
0 52 1.2907460061432194
0 53 1.4158880594045475
0 54 1.3141416768786953
0 55 1.4098529482389464
0 56 1.275122318469603
0 57 1.242657542887214
0 58 1.2229061330558477
0 59 1.184428808247617
0 60 1.397148541343191
0 61 1.2981929075903207
0 62 1.2415812283184708
0 63 1.4094769315968907
0 64 1.2347740395803322
0 65 1.3573596856408754
0 66 1.262077112782735
0 67 1.260183130610406
0 68 1.2112148391453283
0 69 1.3878029652288384
0 70 1.3706481946394427
0 71 1.4466927633163442
0 72 1.259974467469507
0 73 1.2479757314870905
0 74 1.3577935442578133
1 2 1.3741863833322392
1 3 1.37773019564208
1 4 1.2824732336538094
1 5 1.4507481153294712
1 6 1.0459023794222564
1 7 1.3264731697694696
1 8 1.3723339883285706
1 9 1.3392554189843686
1 10 1.3451943727390325
1 11 1.323754878475095
1 12 1.1530685341141524
1 13 1.232948747922868
1 14 1.4819976456029516
1 15 1.2770773110242615
1 16 1.281440751260174
1 17 1.1737891315288222
1 18 1.1585414673179273
1 19 1.1830773128672452
1 20 1.2531658411571807
1 21 1.3730169246178092
1 22 1.1528635125263704
1 23 1.2405231545814313
1 24 1.3499558851604827
1 25 1.2869478744321372
1 26 1.1574004853531497
1 27 1.0780395301410775
1 28 1.0864730534207543
1 29 1.1801065934608723
1 30 1.1245845464259403
1 31 1.1776178813313
1 32 1.2597804344036727
1 33 1.4742774960787988
1 34 1.1077407424201497
1 35 1.2125427650452258
1 36 1.1253146209224367
1 37 1.4514928804590024
1 38 1.1893417008212368
1 39 1.2852739116450278
1 40 1.461831465302039
1 41 1.4856699696890967
1 42 1.3513650183893275
1 43 1.372639123110704
1 44 1.1185312630980138
1 45 1.2292863041944855
1 46 1.162747211661765
1 47 1.383887822801144
1 48 1.4994905295439316
1 49 1.3854161181380298
1 50 1.1136530491681196
1 51 1.3034033323287662
1 52 1.1447681101957106
1 53 1.4674242939774607
1 54 1.0790244799629884
1 55 1.4873468657817315
1 56 1.32770340299604
1 57 1.2333635098763323
1 58 1.082918813084302
1 59 1.2304763744835017
1 60 1.3160476931383334
1 61 1.2283864109145168
1 62 1.2341675644528984
1 63 1.3318988011257584
1 64 1.194761771415105
1 65 1.2368612884162042
1 66 1.2131690873783418
1 67 1.257715569439328
1 68 1.1732400609608813
1 69 1.3637916661981904
1 70 1.423380403151798
1 71 1.3319311450018732
1 72 1.141438078799951
1 73 1.3506890186240395
1 74 1.3379669088089516
2 3 0.8714086488438872
2 4 1.3607575051048078
2 5 1.155290179526692
2 6 1.4312682413492304
2 7 1.308397360775133
2 8 1.2873352019832516
2 9 1.4593991012019898
2 10 0.9765391489395311
2 11 1.2794151538020395
2 12 1.4833889727758158
2 13 1.3447241045112457
2 14 1.0084613377707152
2 15 1.188804952693442
2 16 1.4399736862523127
2 17 1.485906700927766
2 18 1.4297016629202437
2 19 1.3993076320754254
2 20 1.4883442314529889
2 21 1.2022666910435458
2 22 1.3694804353856604
2 23 1.274179368544899
2 24 1.1597878990372137
2 25 1.3894599056587817
2 26 1.4137704249604466
2 27 1.507860279832333
2 28 1.5261813299472806
2 29 1.511776651258137
2 30 1.498070770448588
2 31 1.323873622014933
2 32 1.4687640709395777
2 33 1.0867871007195489
2 34 1.416686600090457
2 35 1.3067732169940411
2 36 1.4529666364058191
2 37 1.356908819901214
2 38 1.3503541024443761
2 39 1.3248782598785143
2 40 1.0641195721544723
2 41 1.0657329115192515
2 42 1.4269537754700725
2 43 1.3775260852817877
2 44 1.4435090679871023
2 45 1.293684805717573
2 46 1.4707231948729107
2 47 1.4680010730800266
2 48 1.001441799024674
2 49 1.250390412665648
2 50 1.4149331828187444
2 51 1.3894919511469306
2 52 1.303365271178196
2 53 0.9947447278748667
2 54 1.4647453908139205
2 55 1.0361245650234356
2 56 1.2462943742742947
2 57 1.3754125580152017
2 58 1.4376092743511812
2 59 1.4670249613653117
2 60 1.2502087352737894
2 61 1.3802815989171748
2 62 1.3799987961846716
2 63 1.188957904890381
2 64 1.3382938451534172
2 65 1.4238481939511687
2 66 1.2696922456191333
2 67 1.534437659385022
2 68 1.3829665377846443
2 69 1.2870415596526583
2 70 1.237613188555343
2 71 1.0061538288756535
2 72 1.4381023061614677
2 73 1.4073887858815148
2 74 1.4095468630453414
3 4 1.4468437661945623
3 5 1.3509282437732353
3 6 1.462761940112228
3 7 1.347582783445787
3 8 1.381554738688488
3 9 1.455203088750444
3 10 1.1065925090677822
3 11 1.3792220634694223
3 12 1.4307671687012748
3 13 1.356807685340812
3 14 1.1099611601835035
3 15 1.2680250072470192
3 16 1.4642726683832716
3 17 1.331526231950649
3 18 1.4326751102274822
3 19 1.372287446937581
3 20 1.4166396360441258
3 21 1.3180129369588034
3 22 1.344188696111706
3 23 1.3257061664369236
3 24 1.265922540315361
3 25 1.3686160779033127
3 26 1.3877252487871456
3 27 1.4489944901847356
3 28 1.4762652916470835
3 29 1.4686443121585722
3 30 1.5149918109388667
3 31 1.32977488632678
3 32 1.4531838443402656
3 33 1.1362673639546224
3 34 1.405220276458139
3 35 1.3483668799527893
3 36 1.4426370432887812
3 37 1.4108221422804057
3 38 1.3982056143140225
3 39 1.3831685740425828
3 40 1.1430975193140356
3 41 1.167188072909898
3 42 1.3870420784413773
3 43 1.3830615256726515
3 44 1.4178604307616414
3 45 1.273893795124153
3 46 1.3541113913620313
3 47 1.4452095798581632
3 48 1.1051434900318422
3 49 1.267897222633609
3 50 1.3663612480892926
3 51 1.3711190566791922
3 52 1.3560690167643548
3 53 1.080357534943147
3 54 1.4276538887827466
3 55 1.1688785492380396
3 56 1.3662773054302764
3 57 1.3264129121869845
3 58 1.4007528668249032
3 59 1.3291654034650748
3 60 1.3140381430475643
3 61 1.351855628557095
3 62 1.4223869989703917
3 63 1.2649537672873792
3 64 1.360005442354349
3 65 1.3650556821499769
3 66 1.309030057394436
3 67 1.3362400480651317
3 68 1.3773019916294567
3 69 1.4120569675512058
3 70 1.344814110250196
3 71 1.103111728417919
3 72 1.3880634078353378
3 73 1.3621909398854974
3 74 1.3407845813651937
4 5 1.3862946615256302
4 6 1.3224835017445744
4 7 1.3329748292357297
4 8 1.3859803076120951
4 9 1.2502512160306436
4 10 1.2588790047862348
4 11 1.3201723556513665
4 12 1.3927035088911728
4 13 1.3849475636206632
4 14 1.4472201568423129
4 15 1.362444744055821
4 16 1.3231168736131527
4 17 1.3114176099008377
4 18 1.2349283029716909
4 19 1.3852437519249563
4 20 1.3553330062732007
4 21 1.391882249235292
4 22 1.258373352290024
4 23 1.1619538639181877
4 24 1.4313921355206554
4 25 1.3988495712458826
4 26 1.3128114250168772
4 27 1.3468003639341362
4 28 1.3067525423223703
4 29 1.296409984884358
4 30 1.3246028096903184
4 31 1.297789929037767
4 32 1.4554828923215928
4 33 1.44930389466572
4 34 1.2913890910000836
4 35 1.2010811121682274
4 36 1.3737426440422842
4 37 1.3766087328022576
4 38 1.3309646736030991
4 39 1.3639331711659326
4 40 1.4571183118685247
4 41 1.4100531023113039
4 42 1.3216709190588531
4 43 1.3400719417543958
4 44 1.35458320594528
4 45 1.4105926871685346
4 46 1.38201241879366
4 47 1.3595014691660825
4 48 1.4345541282194567
4 49 1.4075657762760094
4 50 1.3165983763960023
4 51 1.3492356871516378
4 52 1.4210611242120414
4 53 1.3946108342385182
4 54 1.2943946606017116
4 55 1.4548687698699851
4 56 1.3272528439679971
4 57 1.3357975482278832
4 58 1.355454624853059
4 59 1.3635020987202553
4 60 1.3624401787860865
4 61 1.2577956524916383
4 62 1.297435651807758
4 63 1.3887870930932262
4 64 1.2625140430873083
4 65 1.3799992096304734
4 66 1.2864557936087777
4 67 1.2962788855615976
4 68 1.3307442473182163
4 69 1.4178154771524858
4 70 1.41285708111028
4 71 1.2987337843261488
4 72 1.3537085007804037
4 73 1.3539184932579682
4 74 1.2168458184317592
5 6 1.4577049610107327
5 7 1.2587029663429252
5 8 1.302376376104766
5 9 1.47054254884395
5 10 1.2794671469855001
5 11 1.4468759330114171
5 12 1.426002361061716
5 13 1.3390858846538356
5 14 1.1707370145058638
5 15 1.320607423277685
5 16 1.2831238999324956
5 17 1.4856159350293117
5 18 1.4123955283011926
5 19 1.4406501773697133
5 20 1.4396467602805771
5 21 1.3709101525334468
5 22 1.4298832527226195
5 23 1.3969195315953238
5 24 1.2237089106029926
5 25 1.3981093017145154
5 26 1.438716159362992
5 27 1.5052204620854484
5 28 1.462056828555856
5 29 1.4136701203826336
5 30 1.4419045314600987
5 31 1.4459154712767766
5 32 1.2811633343869602
5 33 0.976492562319711
5 34 1.4561205284434149
5 35 1.386661669700545
5 36 1.4130923145386354
5 37 1.4278873589166297
5 38 1.4132152448493869
5 39 1.3274623338746192
5 40 0.9678269927235263
5 41 0.9382305029606609
5 42 1.3611857058816137
5 43 1.3789258539079832
5 44 1.4599414686584111
5 45 1.3529797343002519
5 46 1.4881212717366998
5 47 1.3644382898503007
5 48 1.1398495420987111
5 49 1.297999230705474
5 50 1.3837939796782188
5 51 1.3615841757055673
5 52 1.3140017451127328
5 53 1.1617305383354144
5 54 1.490955087245563
5 55 0.8884581497160338
5 56 1.2102733903058094
5 57 1.395139651144541
5 58 1.4499334455386326
5 59 1.5352461394943349
5 60 1.3885141987920344
5 61 1.34459323878201
5 62 1.4708352356286216
5 63 1.335168538676426
5 64 1.3288140536501492
5 65 1.260998856038719
5 66 1.2666327540605309
5 67 1.5804211808406134
5 68 1.4123370439334175
5 69 1.3310317683936668
5 70 0.9398910461495776
5 71 1.3176666389690765
5 72 1.496514052897147
5 73 1.487642083245162
5 74 1.4159255881371966
6 7 1.200324146559353
6 8 1.2175460273071859
6 9 1.3465315378275478
6 10 1.3034844979199962
6 11 1.2192689878085803
6 12 1.1701964478107751
6 13 1.0984196741833585
6 14 1.5080551468208527
6 15 1.1712796079990204
6 16 1.2682331975082657
6 17 1.165122388266819
6 18 1.025993284031676
6 19 1.1006619975852485
6 20 1.3352794859402226
6 21 1.1733052316936865
6 22 1.0799339018616785
6 23 1.2088260648483635
6 24 1.327766960697448
6 25 1.2430568391766903
6 26 0.9714973930396387
6 27 1.0894644334798518
6 28 1.0588776049289252
6 29 1.1102664800925435
6 30 0.76617183038917
6 31 1.0958278550449703
6 32 1.1450716625501032
6 33 1.4481353218907695
6 34 1.0980288685793453
6 35 1.282602120767617
6 36 1.0501282179125497
6 37 1.287704495083898
6 38 0.9647558607185496
6 39 1.2148173429095204
6 40 1.4449346619434265
6 41 1.4828386896927521
6 42 1.3446116273471538
6 43 1.2787016916033302
6 44 1.0858488913328903
6 45 1.1946197796799725
6 46 1.2439678020431697
6 47 1.2341923565827762
6 48 1.4634059230686178
6 49 1.1961171660007006
6 50 1.161886450669275
6 51 1.2323907805716328
6 52 1.0244014057228157
6 53 1.4122120614416827
6 54 1.103878261541643
6 55 1.4719852202609265
6 56 1.3231317634505964
6 57 1.2387801332027342
6 58 0.986016820979535
6 59 1.2547634952059965
6 60 1.147885818091017
6 61 1.133391966596158
6 62 1.0466404300950607
6 63 1.1936605402888307
6 64 1.2332096409617028
6 65 1.1172804587463696
6 66 1.1173976758035409
6 67 1.2615517977870787
6 68 1.147537299584951
6 69 1.2242835590050387
6 70 1.301534731193309
6 71 1.315087720343165
6 72 1.0953760460202018
6 73 1.2655989621623973
6 74 1.3200890263709284
7 8 1.2974998888784899
7 9 1.3587838791882236
7 10 1.1050792606780535
7 11 1.2392626174887122
7 12 1.3254766898227794
7 13 1.0732377055155817
7 14 1.365140500385376
7 15 1.2504701376791134
7 16 1.2660572491734892
7 17 1.2803308158025355
7 18 1.4152754941189551
7 19 1.348250844015368
7 20 1.2792806463838933
7 21 1.2643483709200443
7 22 1.3034271482297652
7 23 1.274228212472849
7 24 1.228441788136946
7 25 1.3169933633199702
7 26 1.149657360067849
7 27 1.2107540354975004
7 28 1.2294180738833365
7 29 1.0906168955155366
7 30 1.157236495020934
7 31 1.1301445587020198
7 32 1.2450963286539334
7 33 1.2913609759629985
7 34 1.1852414517194112
7 35 1.345719561262027
7 36 1.1933869131893355
7 37 1.4202099615355763
7 38 1.1650676240936488
7 39 1.3028420678384343
7 40 1.2576929642012422
7 41 1.3215048739432667
7 42 1.4484061287263295
7 43 1.2614771776681837
7 44 1.2216787801902567
7 45 1.2743626485732635
7 46 1.2907587763761743
7 47 1.4649121867958752
7 48 1.3354381171122287
7 49 1.3099411698004253
7 50 1.1992750412901207
7 51 1.2688567176260421
7 52 1.1085304553926598
7 53 1.3092701007914729
7 54 1.1316102815707287
7 55 1.310581287686158
7 56 1.3054873789978836
7 57 1.2995927439882986
7 58 1.129035423779286
7 59 1.3499143605265616
7 60 1.305028188848047
7 61 1.0883713993226256
7 62 1.2600718014400227
7 63 1.1922275287083377
7 64 1.3347421936976507
7 65 1.1559126854712254
7 66 1.0715525344867294
7 67 1.3485821229611499
7 68 1.3027541862851437
7 69 1.2497909828954672
7 70 1.2403086069963964
7 71 1.0662859253420751
7 72 1.2083456230656975
7 73 1.4882140343272108
7 74 1.4393316662404554
8 9 1.3826061212053682
8 10 1.226343561189427
8 11 1.1403369577844473
8 12 1.3697485356863552
8 13 1.3159065687717577
8 14 1.4386402865012897
8 15 0.8597763644799248
8 16 1.399194534934864
8 17 1.4257540554552741
8 18 1.3736746998423945
8 19 1.3473799696433983
8 20 1.408476663199051
8 21 0.7247032654809494
8 22 1.1857164508630302
8 23 1.3576982265025888
8 24 1.3865199717062846
8 25 1.30461169604633
8 26 1.2119782633341027
8 27 1.2130221272131219
8 28 1.1931536489683543
8 29 1.2724407667439956
8 30 1.2404107926186236
8 31 1.236822667132567
8 32 1.2345382196249985
8 33 1.4155683224066928
8 34 1.2753698898304529
8 35 1.332936726490318
8 36 1.1343047936754613
8 37 1.3912290716791418
8 38 1.1242364295342488
8 39 1.3703548926818536
8 40 1.4334900967047544
8 41 1.445814273811299
8 42 1.4556573871431193
8 43 1.3898312837149096
8 44 1.1657341816750202
8 45 1.3390607511074053
8 46 1.4477602494698951
8 47 1.3925772645010908
8 48 1.4139049321011872
8 49 0.924339167398144
8 50 1.301873773566527
8 51 1.3271984835696105
8 52 1.1515632397255817
8 53 1.3012934095933233
8 54 1.265381846686142
8 55 1.4743145320704933
8 56 1.2980569174846353
8 57 1.3792501847144127
8 58 1.1898212359703895
8 59 1.4186833939631094
8 60 0.7720377273845646
8 61 1.283890887677579
8 62 1.2259761913688392
8 63 1.0149708848823495
8 64 1.1998920463174634
8 65 1.2710341334277258
8 66 1.3761670442598959
8 67 1.4762172966764264
8 68 1.376692818294054
8 69 0.7376932828381849
8 70 1.239657211484684
8 71 1.2484962949046523
8 72 1.3658312882317458
8 73 1.420385770063203
8 74 1.4684210744666633
9 10 1.3336214198026377
9 11 1.3323372474796729
9 12 1.5294016030104527
9 13 1.1931519074322061
9 14 1.418902292053593
9 15 1.3760537913440292
9 16 1.3833546789165818
9 17 1.3019748368639164
9 18 1.4355879984264581
9 19 1.368827575515257
9 20 1.3970817121544117
9 21 1.4236697474419033
9 22 1.2172139046198485
9 23 1.3474370485218126
9 24 1.486260469942956
9 25 1.4519585738741223
9 26 1.333014647342879
9 27 1.320456986836153
9 28 1.3062855498372403
9 29 1.3312635112289612
9 30 1.2922391832426403
9 31 1.32563343568978
9 32 1.4449988888503136
9 33 1.5648759393192666
9 34 1.2667432035238597
9 35 1.20811312940896
9 36 1.3684215513014355
9 37 1.3156491669386636
9 38 1.2040620998753233
9 39 1.4114126144960921
9 40 1.4930310827422921
9 41 1.5656809710725161
9 42 1.476147677787815
9 43 1.2976216707919455
9 44 1.2535838559349273
9 45 1.405942176415455
9 46 1.3445856836037913
9 47 1.3646186095827795
9 48 1.4607946140787567
9 49 1.4262129884664954
9 50 1.4446068948125887
9 51 1.410545030295477
9 52 1.4257519862422674
9 53 1.400885922524903
9 54 1.323902940834162
9 55 1.5277351498260063
9 56 1.493092420572368
9 57 1.4339914939659903
9 58 1.3245312235196867
9 59 1.3641341274881758
9 60 1.387949706455373
9 61 1.2549021634183402
9 62 1.3340411074696066
9 63 1.379665947969474
9 64 1.2628390054506826
9 65 1.2589248321353306
9 66 1.3660648732299348
9 67 1.3247393522792432
9 68 1.3728964862052049
9 69 1.4217336229176325
9 70 1.4636581444713728
9 71 1.435045440683506
9 72 1.2331058068340248
9 73 1.3537768235346912
9 74 1.2752756498444908
10 11 1.2894341033980676
10 12 1.4467957811403809
10 13 1.3041405130260872
10 14 1.1598393514725214
10 15 1.2185582042917613
10 16 1.4189225617103878
10 17 1.3972600555917145
10 18 1.364341064655499
10 19 1.3294998647302334
10 20 1.31910333663567
10 21 1.179426061118188
10 22 1.290240356552663
10 23 1.2084554621598245
10 24 1.2935835355431555
10 25 1.3904167125515592
10 26 1.286006162267589
10 27 1.2910890660683063
10 28 1.2814783527475524
10 29 1.271918225976244
10 30 1.3665509791274302
10 31 1.2700715877095783
10 32 1.371173227805404
10 33 1.2733661979877255
10 34 1.2996440136708505
10 35 1.293829567571483
10 36 1.313332587276481
10 37 1.3634806317058823
10 38 1.257119511710073
10 39 1.2762236963366573
10 40 1.218771232800835
10 41 1.3303787668891158
10 42 1.2948369828230053
10 43 1.2929272817744144
10 44 1.3090583267089677
10 45 1.3185143651979514
10 46 1.3824186098066937
10 47 1.4790651461471005
10 48 1.1038198489742366
10 49 1.2044772592188182
10 50 1.35589229072982
10 51 1.4003349670940832
10 52 1.2382622083073034
10 53 1.0748361267992457
10 54 1.2065969455187424
10 55 1.2931165129591087
10 56 1.2884326019818715
10 57 1.4132542987059629
10 58 1.2411677785901043
10 59 1.4247745739625657
10 60 1.2246062266508848
10 61 1.278608337957287
10 62 1.2955516020554745
10 63 1.2257014138919238
10 64 1.2395219474923977
10 65 1.2531661843411783
10 66 1.1823492372228046
10 67 1.4790832702309245
10 68 1.3504518498154625
10 69 1.2416049147246397
10 70 1.3270455961753171
10 71 0.6613186591443171
10 72 1.3681432642433717
10 73 1.363693503330874
10 74 1.2947905155771025
11 12 1.4018653885996455
11 13 1.2135307059755818
11 14 1.4214117344796717
11 15 1.072419534555501
11 16 1.2980981340214535
11 17 1.360217431614069
11 18 1.3116236238572525
11 19 1.2269714981668962
11 20 1.3890750898010402
11 21 1.104431627296499
11 22 1.243018997797934
11 23 1.120207194715619
11 24 1.4214552562023286
11 25 1.4049746457317362
11 26 1.2271892934177964
11 27 1.262579772511272
11 28 1.2389902734622744
11 29 1.2122221405583893
11 30 1.187008720164018
11 31 1.062586017338593
11 32 1.3802174491049823
11 33 1.4753970022876686
11 34 1.270628333645348
11 35 1.2533820394863164
11 36 1.1827389200109892
11 37 1.206578970369413
11 38 1.1805862485571104
11 39 1.3065751224479991
11 40 1.4825049019200693
11 41 1.4206506981511295
11 42 1.3446540835154892
11 43 1.1104313103863677
11 44 1.1671202310901092
11 45 1.3415990702213794
11 46 1.3620165401084927
11 47 1.3872014823955912
11 48 1.4084266661281153
11 49 1.1557107239890925
11 50 1.3276143634323319
11 51 1.2812854068732429
11 52 1.2450288255824327
11 53 1.458382706599595
11 54 1.2847192904808595
11 55 1.5019459193218956
11 56 1.3855131189202683
11 57 1.2437962172785952
11 58 1.1760329010208532
11 59 1.3192147286570703
11 60 1.1844335241144133
11 61 1.2009911830924014
11 62 1.281013133124805
11 63 1.0745580473143748
11 64 1.3187007899132368
11 65 1.3766530457910064
11 66 1.229358940729514
11 67 1.2751850557046347
11 68 1.2405475732069051
11 69 1.159924187642291
11 70 1.4116662208268624
11 71 1.3041367260934882
11 72 1.2358633909468855
11 73 1.4207305637330367
11 74 1.3650710614245825
12 13 1.2563382245304273
12 14 1.527261597622431
12 15 1.3673703575675349
12 16 1.359454502861911
12 17 1.229808199668232
12 18 1.3414413465254367
12 19 1.279255626954937
12 20 1.2364462999046595
12 21 1.2854513461482493
12 22 1.3344695436228684
12 23 1.338520181853407
12 24 1.3975406977002742
12 25 1.256340989833371
12 26 1.2801837024107867
12 27 1.2706702823432725
12 28 1.2562638443401528
12 29 1.2452208380419465
12 30 1.2735260003559283
12 31 1.227119370667846
12 32 1.3377670055614996
12 33 1.426528847252615
12 34 1.1900823969381158
12 35 1.3608137107798484
12 36 1.273036158329305
12 37 1.388913490592829
12 38 1.2580713532427474
12 39 1.2857075016350064
12 40 1.4527098792173636
12 41 1.4760818846193318
12 42 1.2941784709055957
12 43 1.4191209823772573
12 44 1.2776088333425015
12 45 1.1940539123836338
12 46 1.18945086120503
12 47 1.1392200377632073
12 48 1.4551351738059857
12 49 1.2895858744317132
12 50 1.1374602994094898
12 51 1.2937894662966432
12 52 1.317267503444704
12 53 1.450126692665777
12 54 1.2453578660016262
12 55 1.4438892310950977
12 56 1.286906186249764
12 57 1.2766462992337204
12 58 1.2885027388522639
12 59 1.2594094807766947
12 60 1.2727341900276943
12 61 1.4592780220861647
12 62 1.2917960947923743
12 63 1.2762587800629273
12 64 1.3605221511435779
12 65 1.329252431923945
12 66 1.2490928901248817
12 67 1.2432271827310875
12 68 1.2879401981021952
12 69 1.2591847583583655
12 70 1.3287564128359355
12 71 1.43006380847578
12 72 1.3350722134160924
12 73 1.3542658661041098
12 74 1.3892434770708355
13 14 1.3823996366861957
13 15 1.2156456111270222
13 16 1.1467597090996595
13 17 1.106506502578664
13 18 1.3276313331698968
13 19 1.214905612065274
13 20 1.2134163332799253
13 21 1.2981025513814788
13 22 1.089815708615104
13 23 1.1732001443158901
13 24 1.3256192049323523
13 25 1.1934567906746136
13 26 1.0649955057056255
13 27 1.075610509371437
13 28 1.1053399913545778
13 29 1.1173725473624632
13 30 1.07882442152732
13 31 1.1943104643138618
13 32 1.1839133553675696
13 33 1.383334528955545
13 34 1.022638443814393
13 35 1.1275027219421347
13 36 1.1355065715380819
13 37 1.266152785118533
13 38 1.0920076449367326
13 39 1.1738712104203097
13 40 1.348128544062227
13 41 1.4268400451693037
13 42 1.2930027130003106
13 43 1.129773196354782
13 44 1.0961471666940676
13 45 1.2277619678817315
13 46 1.1802124894842074
13 47 1.2510738717219712
13 48 1.4038807898360264
13 49 1.2930998203266757
13 50 1.1452603739882452
13 51 1.1995120830447352
13 52 1.0768391549959195
13 53 1.3840380559774377
13 54 1.1432456433216596
13 55 1.3775607557178304
13 56 1.3371332341301567
13 57 1.1978784687732285
13 58 1.0912651198952912
13 59 1.1560619538756394
13 60 1.2995436789173427
13 61 1.160661438146637
13 62 1.1314031802541098
13 63 1.215075565947169
13 64 1.3005258363424748
13 65 1.1283993759864053
13 66 1.0383840753487839
13 67 1.176634576958293
13 68 1.1864932314782026
13 69 1.3298286449280399
13 70 1.3739136615225063
13 71 1.346490297222933
13 72 1.0639961722661804
13 73 1.3080439178573233
13 74 1.441653499469069
14 15 1.3476180170170684
14 16 1.4512843753833287
14 17 1.4357361258036379
14 18 1.4354594069294373
14 19 1.412618088038173
14 20 1.4744953024813796
14 21 1.4484480879169042
14 22 1.4636573754359183
14 23 1.396418763208307
14 24 1.2878781417218326
14 25 1.3982511069546524
14 26 1.5012213974121495
14 27 1.5907609639829947
14 28 1.5636931744629319
14 29 1.524035883582317
14 30 1.5782750704809843
14 31 1.4352281852026572
14 32 1.5443038788414802
14 33 1.1280115080865711
14 34 1.4977096040880495
14 35 1.362031303063497
14 36 1.5259484526181806
14 37 1.379331414756841
14 38 1.4074632738517365
14 39 1.3854312482351063
14 40 1.1241696120936322
14 41 1.122657107252659
14 42 1.4503367102067921
14 43 1.4534293808519017
14 44 1.5773907864722803
14 45 1.4622256277752899
14 46 1.4501367025224332
14 47 1.476317749756067
14 48 0.5962187499157319
14 49 1.4111664797843042
14 50 1.4662706223185418
14 51 1.432502581975585
14 52 1.4867999986770752
14 53 0.9815352461182565
14 54 1.493128868818111
14 55 1.0515507932407033
14 56 1.3013842620393516
14 57 1.4469120497571308
14 58 1.5349815550981405
14 59 1.4580069310739046
14 60 1.4208805868292973
14 61 1.4063475113965225
14 62 1.5081211568471107
14 63 1.4112598576186248
14 64 1.3884075120260093
14 65 1.3563343230239142
14 66 1.2794980770155546
14 67 1.439086479443422
14 68 1.3854351427062481
14 69 1.4284324283609922
14 70 1.2386552914169677
14 71 1.162393570042811
14 72 1.47227508950945
14 73 1.383147598646421
14 74 1.407236069762517
15 16 1.3390830851835833
15 17 1.3694691444574965
15 18 1.393581719977217
15 19 1.2865194119999035
15 20 1.4070796261168386
15 21 0.7727411377952573
15 22 1.275846398563832
15 23 1.2933758696539441
15 24 1.3262264784786004
15 25 1.368597771008928
15 26 1.1044707055053646
15 27 1.2184551415578593
15 28 1.204124597614193
15 29 1.1983974865030373
15 30 1.1363571578346405
15 31 1.0940813554394908
15 32 1.331811732329744
15 33 1.310392078176042
15 34 1.2613345333984416
15 35 1.2227731885930997
15 36 1.1278566252392466
15 37 1.4232307490396165
15 38 1.0947566432381506
15 39 1.4214895809135946
15 40 1.3654843546526516
15 41 1.385673718678104
15 42 1.4378390115935675
15 43 1.3128381150131985
15 44 1.190874508168786
15 45 1.326589305248425
15 46 1.3873232080339684
15 47 1.4277099729956713
15 48 1.3515514471595726
15 49 0.90994714064747
15 50 1.2789431645745304
15 51 1.3169016840476264
15 52 1.126480492811655
15 53 1.2852539868533102
15 54 1.2872103654656792
15 55 1.4010573675746456
15 56 1.2901430249046226
15 57 1.414085217184596
15 58 1.1630839182485184
15 59 1.428888579807811
15 60 0.7930070795016751
15 61 1.2366271801038162
15 62 1.2427379222916124
15 63 0.8734444846959988
15 64 1.3046258749016577
15 65 1.19846629874326
15 66 1.2874169804013647
15 67 1.4100578939683128
15 68 1.3909272633468646
15 69 0.8379793965901797
15 70 1.2392867307274487
15 71 1.2308234898134618
15 72 1.3406494197257293
15 73 1.4323503992831166
15 74 1.407592700018638
16 17 1.2432541914415283
16 18 1.3000389442023605
16 19 1.2973626014273494
16 20 1.3417916202518279
16 21 1.3951415597350323
16 22 1.227124625000985
16 23 1.261241758421258
16 24 1.323016956238881
16 25 1.2550300634848484
16 26 1.0845786141127192
16 27 1.1409731056988577
16 28 1.1750189591568712
16 29 1.2255796721321521
16 30 1.1455971109841834
16 31 1.286589369080721
16 32 1.191004971327253
16 33 1.3035287644412628
16 34 1.2296318833989517
16 35 1.3026429514261573
16 36 1.0776829510221089
16 37 1.3528170710985392
16 38 1.370638868866882
16 39 1.054079551881552
16 40 1.3394079674243304
16 41 1.336751198541116
16 42 1.1734789127239897
16 43 1.2107961142835038
16 44 1.2193858013652783
16 45 1.2657963128778227
16 46 1.3193554149708633
16 47 1.2587772364434062
16 48 1.443933273734583
16 49 1.310285317050286
16 50 1.185360142155113
16 51 1.2424655096695907
16 52 1.2044370352848388
16 53 1.4995259445132696
16 54 1.236386185592354
16 55 1.3630039428944494
16 56 1.3872566200488226
16 57 1.3418344096208528
16 58 1.1700088686638135
16 59 1.242417848938209
16 60 1.4568467775698595
16 61 1.2390035519083578
16 62 1.201028519417047
16 63 1.3453429163203903
16 64 1.2577704308409476
16 65 1.2668285807754862
16 66 1.2305675381992243
16 67 1.3027093701737233
16 68 1.285729660201021
16 69 1.3601793343293895
16 70 1.3884529358640723
16 71 1.4726625303916938
16 72 1.2995255861553745
16 73 1.3226450519203223
16 74 1.3920680359840092
17 18 1.3707145291207057
17 19 1.14277969418913
17 20 1.2986600486490294
17 21 1.3867300053096656
17 22 1.1525873057732972
17 23 1.1801120876806408
17 24 1.2797496334257206
17 25 1.3071734913197703
17 26 1.1731980105963407
17 27 1.199929697599248
17 28 1.1778766598624588
17 29 1.2603601248069047
17 30 1.2241283432445502
17 31 1.186443016699783
17 32 1.2589141187309911
17 33 1.3903695960116873
17 34 1.2232774374555284
17 35 1.1584978173404925
17 36 1.2096142436821802
17 37 1.4222014738244415
17 38 1.2508166644396428
17 39 1.1751626492907323
17 40 1.368119203685399
17 41 1.3685468552552773
17 42 1.3088466818134035
17 43 1.1913493058142337
17 44 1.2167561442418025
17 45 1.2247758469363494
17 46 0.7285602383875879
17 47 1.3593340119172281
17 48 1.4318478309150835
17 49 1.458190735149308
17 50 1.1257372029150094
17 51 1.2578200019226249
17 52 1.199590099744489
17 53 1.4097093159335174
17 54 1.331278479772876
17 55 1.3963786219993597
17 56 1.2597749563245668
17 57 1.1844293700531907
17 58 1.1711940451403338
17 59 0.966105194395208
17 60 1.454166177217749
17 61 1.2530416308623475
17 62 1.2949566246837545
17 63 1.39485637437392
17 64 1.3497978232722918
17 65 1.1846180432582247
17 66 1.0754163199178168
17 67 0.9096622576965004
17 68 1.232177008046153
17 69 1.3890919507606976
17 70 1.4005145330149587
17 71 1.4291736089021558
17 72 1.0722599386037168
17 73 1.3050594356511336
17 74 1.3513855438857616
18 19 1.292422989943267
18 20 1.3204274752031595
18 21 1.3939850101383748
18 22 1.2683026375307114
18 23 1.2289051522830496
18 24 1.4573296256787966
18 25 1.4407209923004427
18 26 1.3478770246929066
18 27 1.3529763496782963
18 28 1.3787202327371686
18 29 1.212477358010884
18 30 1.1914512010309164
18 31 1.3289095946311202
18 32 1.3737339051247364
18 33 1.4353093469551794
18 34 1.2602962500073471
18 35 1.3402959124102465
18 36 1.3007071767258176
18 37 1.276895165461034
18 38 1.241122777562092
18 39 1.356755795071283
18 40 1.3766847781946867
18 41 1.3483401668239101
18 42 1.2042264205860163
18 43 1.307343543496567
18 44 1.3741695337931907
18 45 1.4238732541242607
18 46 1.3944969792825794
18 47 1.2829603300066497
18 48 1.438386305495991
18 49 1.3040493755262936
18 50 1.2868776575138066
18 51 1.3323433985072488
18 52 1.3665308776571525
18 53 1.4363828778836365
18 54 1.230633262300308
18 55 1.3844397804377553
18 56 1.4138486208616456
18 57 1.2762062934105265
18 58 1.358557222388167
18 59 1.367019311630127
18 60 1.334749269693648
18 61 1.2817911766043162
18 62 1.2551114403806354
18 63 1.3699472307662848
18 64 1.1156128637968223
18 65 1.3297542274720604
18 66 1.3291024385317198
18 67 1.3483035418104299
18 68 1.319182755318036
18 69 1.38657933871168
18 70 1.393159027379316
18 71 1.3415188504256215
18 72 1.3310101831787022
18 73 1.2442891033373527
18 74 1.2036451103843169
19 20 1.361171047908781
19 21 1.2941546041561334
19 22 1.1440991406488192
19 23 1.2017771377753412
19 24 1.2466582212952348
19 25 1.1462266685668512
19 26 1.1835540065524373
19 27 1.2352195268520132
19 28 1.2227372285359606
19 29 1.276200194272425
19 30 1.1906382390503347
19 31 1.2816831995209652
19 32 1.3087768229443044
19 33 1.3397380539986845
19 34 1.2518980069599894
19 35 1.261006473773256
19 36 1.2528544285763128
19 37 1.3189793692472664
19 38 1.2550507538852838
19 39 1.195740803387608
19 40 1.394530818623181
19 41 1.4219821088939242
19 42 1.1967393789452037
19 43 1.240283880206789
19 44 1.2404279006462586
19 45 1.308715170375719
19 46 1.2043041650004795
19 47 1.2412518324576847
19 48 1.3764289004991186
19 49 1.2712259423118917
19 50 1.240864857837972
19 51 1.2455514529505447
19 52 1.2996824285687234
19 53 1.3714819047494002
19 54 1.2348121307301838
19 55 1.3835697834941885
19 56 1.2759993562511733
19 57 1.188653018323318
19 58 1.2295854169276208
19 59 1.0669900587177468
19 60 1.3128527746552223
19 61 1.2883701387209445
19 62 1.2405179795355035
19 63 1.2937840228180495
19 64 1.43447541865211
19 65 1.1882753044027277
19 66 1.1931916816173394
19 67 1.1407094476199984
19 68 1.1662080069218153
19 69 1.3301899905580339
19 70 1.37917684281763
19 71 1.377559265559661
19 72 1.0123585110037598
19 73 1.311438740007367
19 74 1.4371554696652071
20 21 1.4498632779464606
20 22 1.2717771672544302
20 23 1.2799609822300089
20 24 1.4731729171780452
20 25 1.4353641819068743
20 26 1.2495653468226102
20 27 1.3114325355914576
20 28 1.2897210038051274
20 29 1.1783821475490883
20 30 1.3616520492452953
20 31 1.2609738396014807
20 32 1.357860290704887
20 33 1.5277171615555172
20 34 1.2875003613544433
20 35 1.4268010324768226
20 36 1.3221258251736314
20 37 1.4167796651660698
20 38 1.32360594961225
20 39 1.248424347215631
20 40 1.504489954826117
20 41 1.4879616846372403
20 42 1.208838155491577
20 43 1.2428141424976509
20 44 1.2673254366529838
20 45 1.2252987995260838
20 46 1.2547941145954773
20 47 1.394774614640643
20 48 1.4702890793014742
20 49 1.401625072867498
20 50 1.1600742150591166
20 51 1.354213545611309
20 52 1.3382572555731196
20 53 1.4846953709216255
20 54 1.2205051910555587
20 55 1.5008510981390772
20 56 1.5071487607130662
20 57 1.2936740841750718
20 58 1.3158238544527205
20 59 1.3097811075398045
20 60 1.3562354614609953
20 61 1.3331011162096855
20 62 1.2918496763095522
20 63 1.3449137982031454
20 64 1.4054582634898187
20 65 1.4046004776777274
20 66 1.3123581804087736
20 67 1.1969878847003224
20 68 1.3954721809798676
20 69 1.434370413201422
20 70 1.5028962930118368
20 71 1.2744257570978905
20 72 1.2861349796677874
20 73 1.301168314512944
20 74 1.37201942589298
21 22 1.247677023293292
21 23 1.322306774876614
21 24 1.3421241777242232
21 25 1.3849286591880667
21 26 1.1448151587423536
21 27 1.2116381034020955
21 28 1.213442711792059
21 29 1.2484243282559113
21 30 1.1751291618084
21 31 1.1521554415986246
21 32 1.273276081502161
21 33 1.325721324307983
21 34 1.238466114049303
21 35 1.3572589101925197
21 36 1.1107135166408426
21 37 1.380634390565795
21 38 1.1533207014505926
21 39 1.3684134188257098
21 40 1.3653790981121448
21 41 1.4104112082534368
21 42 1.476052398401149
21 43 1.3290640891444059
21 44 1.1715665439050134
21 45 1.320047408766027
21 46 1.3836602870903536
21 47 1.4205367002957363
21 48 1.3266846226639655
21 49 0.850489619239201
21 50 1.2890628414004273
21 51 1.3333263449697925
21 52 1.1331213783992682
21 53 1.2602864855564608
21 54 1.2427066945565886
21 55 1.4121944388065955
21 56 1.2786335852911683
21 57 1.3605999587488473
21 58 1.197542319825028
21 59 1.4095182939676636
21 60 0.6359018580751132
21 61 1.2670509127542982
21 62 1.2377869238748649
21 63 0.8822430270835714
21 64 1.34899439329454
21 65 1.2902565856059942
21 66 1.3488688830916395
21 67 1.434168986352317
21 68 1.3884617613106802
21 69 0.6168642017542973
21 70 1.2524808529216274
21 71 1.1890257487045486
21 72 1.3885331394628522
21 73 1.4461599092935988
21 74 1.4495784237649914
22 23 1.1631603995399957
22 24 1.3387364372021746
22 25 1.2153401729652271
22 26 1.0033779100806897
22 27 0.9554986983276708
22 28 0.9704658281178142
22 29 1.1463540748158956
22 30 1.0682821430718108
22 31 1.1308913785656538
22 32 1.1532566668245752
22 33 1.478651980751352
22 34 1.014024705692915
22 35 1.1402484727435132
22 36 1.0033305995270252
22 37 1.1975027598713814
22 38 1.10935605529062
22 39 1.0933643428066084
22 40 1.486957640257058
22 41 1.4368854607017985
22 42 1.2170725749809423
22 43 1.1788957680031378
22 44 0.8836082822975154
22 45 1.2385904599082336
22 46 1.2843035871520119
22 47 1.2082115491951604
22 48 1.4026436725435447
22 49 1.1944285440342393
22 50 1.1630128367965544
22 51 1.2417927635050412
22 52 1.0675533799974328
22 53 1.422584556890282
22 54 1.0620375263117505
22 55 1.4763701779974752
22 56 1.2715538202193346
22 57 1.2090010584473638
22 58 0.9221020549437975
22 59 1.19526182565628
22 60 1.238379994885238
22 61 1.0345099134986724
22 62 1.0722665867969936
22 63 1.2212314338766397
22 64 1.1540435470879833
22 65 1.2115285733494292
22 66 1.252269514679123
22 67 1.1690042098063307
22 68 1.0549007209292893
22 69 1.2700005514351391
22 70 1.3454357186148507
22 71 1.3137081109286757
22 72 1.1533198769901785
22 73 1.2603731788716825
22 74 1.4169481112304636
23 24 1.303934644527156
23 25 1.2828024843446462
23 26 1.1628549975485223
23 27 1.2399244047866884
23 28 1.2305524023309231
23 29 1.1669023461900703
23 30 1.2413669900145818
23 31 1.0975230489698693
23 32 1.268178903366063
23 33 1.428944131820147
23 34 1.1473671976666229
23 35 1.0430677515992643
23 36 1.2059944427222307
23 37 1.2942064357714615
23 38 1.2110373377541275
23 39 1.219831606717633
23 40 1.3938154483042826
23 41 1.3831134764234543
23 42 1.2263968113309258
23 43 1.0966821231200443
23 44 1.2241907267114378
23 45 1.240318248560625
23 46 1.312289816039557
23 47 1.3338491483242478
23 48 1.3618473095317087
23 49 1.3173712387397067
23 50 1.2123960024894567
23 51 1.171029843782531
23 52 1.1927210445642222
23 53 1.3724055875440813
23 54 1.165971469075274
23 55 1.4276867561079236
23 56 1.2615469069696224
23 57 1.0349697874681945
23 58 1.1613146001307486
23 59 1.2204448831304848
23 60 1.364056493974155
23 61 1.2803283067284832
23 62 1.2107711535636894
23 63 1.2915985233124565
23 64 1.2520725560833563
23 65 1.2755529527978435
23 66 1.089542692316307
23 67 1.237119798837622
23 68 1.1489808860364794
23 69 1.3564201065546382
23 70 1.393958809199953
23 71 1.2209200394257036
23 72 1.1851416510710224
23 73 1.2763236583393078
23 74 1.2374672499066042
24 25 1.2105422377037078
24 26 1.3179647407263064
24 27 1.4478769313118676
24 28 1.4000964101705144
24 29 1.5466497722247532
24 30 1.39373626343836
24 31 1.3164723938073322
24 32 1.3609839913982409
24 33 1.155089033333935
24 34 1.4885646270814041
24 35 1.238328131067949
24 36 1.406959118826053
24 37 1.3895716545087065
24 38 1.4331841154969083
24 39 1.2793500699307436
24 40 1.2160134240322624
24 41 1.0851140194106497
24 42 1.393275955840177
24 43 1.3529926891013555
24 44 1.372562836837176
24 45 1.3156048910604148
24 46 1.3392560902841473
24 47 1.3215420928801536
24 48 1.2421008359710666
24 49 1.32208364427436
24 50 1.503077601252104
24 51 1.2799672477155555
24 52 1.2360713667339094
24 53 1.2799904668337405
24 54 1.4572174219917562
24 55 1.1508970184173608
24 56 1.1534666833815836
24 57 1.3404769905832923
24 58 1.3637008443386005
24 59 1.152160117246097
24 60 1.3826633404712132
24 61 1.254533523037432
24 62 1.358519367849866
24 63 1.2722916889184732
24 64 1.5297194234174798
24 65 1.3856181940561045
24 66 1.192005192179879
24 67 1.3629478101507273
24 68 1.335330071390358
24 69 1.3051555941955635
24 70 1.2741377921626214
24 71 1.2684012017051867
24 72 1.2919515298472792
24 73 1.4628806159237064
24 74 1.60015107909831
25 26 1.2413838326273507
25 27 1.235137964138006
25 28 1.2337112408122455
25 29 1.399833664753948
25 30 1.2998189980630381
25 31 1.359288423282032
25 32 1.2438863285097046
25 33 1.339429024841813
25 34 1.2975883969343447
25 35 1.2883883119432789
25 36 1.2478697520173556
25 37 1.3872604061553222
25 38 1.2453924451344334
25 39 1.2815438921523588
25 40 1.404102485725442
25 41 1.389854194091502
25 42 1.3085645245502986
25 43 1.3836139326039583
25 44 1.2917091963861884
25 45 1.270674434757657
25 46 1.3765858213929627
25 47 1.1136614150248856
25 48 1.3770665232961115
25 49 1.2324621492517476
25 50 1.3249584140544222
25 51 1.12032855458807
25 52 1.2768319179836303
25 53 1.399366635358549
25 54 1.3327200229159555
25 55 1.3874967720949334
25 56 1.2935690416509715
25 57 1.2524999222545832
25 58 1.291875276120575
25 59 1.142342308942405
25 60 1.3885813174038633
25 61 1.2959498292173102
25 62 1.280647439082196
25 63 1.3343907881151809
25 64 1.3771653036570621
25 65 1.270886233456475
25 66 1.1988141754401698
25 67 1.2761890770036943
25 68 1.2428712794097794
25 69 1.3816019096686578
25 70 1.392749172210003
25 71 1.4268084067493934
25 72 1.1200147076933435
25 73 1.3988466150041607
25 74 1.525509088656618
26 27 0.6953823199928447
26 28 0.7003637577284434
26 29 1.1013382815581603
26 30 1.0269591513971634
26 31 0.9868820372980609
26 32 1.0265749280357064
26 33 1.395699135612042
26 34 0.9290429620243745
26 35 1.2197715774914537
26 36 0.8222349891795497
26 37 1.3411909169583438
26 38 1.0961857066541618
26 39 1.121726837760361
26 40 1.4047299261321622
26 41 1.4390630542823937
26 42 1.3389815839845824
26 43 1.195772342779564
26 44 0.8298524347366764
26 45 1.0304682903851923
26 46 1.2154319917001875
26 47 1.3260734426219165
26 48 1.4692200380361067
26 49 1.1590671672777182
26 50 1.098068568866567
26 51 1.2487512187236343
26 52 0.7713072729715608
26 53 1.4510026271133531
26 54 0.9177126878900118
26 55 1.4774238724415987
26 56 1.3240994769525805
26 57 1.2871879951998675
26 58 0.7558531708418189
26 59 1.2649703030405144
26 60 1.137806437724192
26 61 1.0696012549888456
26 62 0.9633668670175586
26 63 1.130993239538023
26 64 1.309609314212847
26 65 1.0963309131127357
26 66 1.1463912551628548
26 67 1.2771094976657986
26 68 1.2087054427505481
26 69 1.1691742795695372
26 70 1.3757923379786556
26 71 1.334250182171476
26 72 1.1012580450463403
26 73 1.3694727460696594
26 74 1.387796871457846
27 28 0.4572927605745142
27 29 1.1217205351977726
27 30 1.0344675012559654
27 31 1.1390507243755141
27 32 0.9557895374236962
27 33 1.5669410149097496
27 34 0.8431423778649577
27 35 1.237904054033161
27 36 0.7846274241998459
27 37 1.403291373659122
27 38 1.1505919241549152
27 39 1.1327040906689663
27 40 1.543191228643681
27 41 1.5942080698536152
27 42 1.2911040814014492
27 43 1.2277179163333733
27 44 0.6883216305726065
27 45 1.1387796534499859
27 46 1.2213963826448464
27 47 1.3218933319640556
27 48 1.5682626021988826
27 49 1.254594129251866
27 50 1.131792721045864
27 51 1.269547703970186
27 52 0.8346043652450663
27 53 1.533840404388019
27 54 0.8460086252789785
27 55 1.6241136598778831
27 56 1.3316010212127614
27 57 1.2673623825085063
27 58 0.5822664954887793
27 59 1.2230252737117273
27 60 1.2266936087255522
27 61 1.144390325326209
27 62 1.063929242082817
27 63 1.1836918921941306
27 64 1.2533745339398623
27 65 1.1546571644051287
27 66 1.2483220426118127
27 67 1.2395367498129612
27 68 1.1482256928718895
27 69 1.2071844876405158
27 70 1.4575514874910938
27 71 1.3501999402970133
27 72 1.1246558808974187
27 73 1.356745408126199
27 74 1.4400099881248152
28 29 1.100329610092572
28 30 1.0415972036118122
28 31 1.1040972180065916
28 32 1.0267984842331965
28 33 1.5358972413271406
28 34 0.9614291936516192
28 35 1.1763983226138395
28 36 0.8196374894212359
28 37 1.418195165175033
28 38 1.1010286308100548
28 39 1.1737663627908725
28 40 1.5222146442944209
28 41 1.5746405531727485
28 42 1.2877212430218972
28 43 1.260796022952471
28 44 0.7133885443026728
28 45 1.1355649266270573
28 46 1.229434634332571
28 47 1.2845767641032204
28 48 1.5589470110326906
28 49 1.237034180035405
28 50 1.204580255280267
28 51 1.2487274805859923
28 52 0.8456366732788738
28 53 1.5420536943023682
28 54 0.8864143868448944
28 55 1.6039996265954761
28 56 1.3312116098793665
28 57 1.2664777958401352
28 58 0.6065501654907565
28 59 1.2200855810452642
28 60 1.2110415894313649
28 61 1.1172162015831206
28 62 1.0849726625926253
28 63 1.1372364023268096
28 64 1.2401470960173373
28 65 1.1300355663090678
28 66 1.210008919601165
28 67 1.2151429350172909
28 68 1.1506021734396608
28 69 1.1819627807329143
28 70 1.47093179710212
28 71 1.3747055284879857
28 72 1.1003278172118385
28 73 1.3860407127758714
28 74 1.4291554999945209
29 30 1.0377662549434057
29 31 1.107300413835701
29 32 1.2531266043223122
29 33 1.4993918174019791
29 34 0.9401978476503307
29 35 1.3020454303894047
29 36 1.1110021744168785
29 37 1.366705324884693
29 38 1.076507550964028
29 39 1.2833181937675917
29 40 1.3949503415884643
29 41 1.4745725302784014
29 42 1.3003921618869545
29 43 1.0425470838284192
29 44 1.1467047683802125
29 45 1.3473466422791704
29 46 1.3172866470633355
29 47 1.3412588093049524
29 48 1.4695707822668818
29 49 1.2420029848837484
29 50 1.0447794507968136
29 51 1.3208776779461417
29 52 1.1637623716997287
29 53 1.4537648669924663
29 54 0.9684003185375127
29 55 1.4969989789744071
29 56 1.4169919271995057
29 57 1.2803426521529153
29 58 1.0893939744170293
29 59 1.3871016856677294
29 60 1.205968578458632
29 61 1.1698774799848202
29 62 1.1171332354958063
29 63 1.2120318177992981
29 64 1.2400162106678998
29 65 1.1879787141387337
29 66 1.1709455281309606
29 67 1.2664219366301999
29 68 1.2817368733836398
29 69 1.2805206773774442
29 70 1.3689952237192153
29 71 1.3403770435572981
29 72 1.2031174595993774
29 73 1.3764505561707663
29 74 1.3267608862301103
30 31 1.2059971773139484
30 32 1.1446902095744649
30 33 1.4830960459488067
30 34 1.045943361308564
30 35 1.266426059639219
30 36 1.023762327272247
30 37 1.3025355450807194
30 38 1.0464357623626053
30 39 1.2472170430331997
30 40 1.5027647379925748
30 41 1.5133208338849766
30 42 1.3268598465430885
30 43 1.198977480862851
30 44 1.076423139023575
30 45 1.359818747370366
30 46 1.2901291357343105
30 47 1.2835410169059476
30 48 1.52792673915535
30 49 1.1743325493768444
30 50 1.1772334990584277
30 51 1.215405534478355
30 52 1.0177070824704844
30 53 1.3990706434840017
30 54 1.1139679820529946
30 55 1.5171028385120027
30 56 1.3602897739689492
30 57 1.2428890048785668
30 58 0.9859032653161273
30 59 1.313164990668897
30 60 1.1521141329083293
30 61 1.0679806043964721
30 62 1.027116806793454
30 63 1.1420610767699222
30 64 1.2298426867260306
30 65 1.1093423811013028
30 66 1.1432844800663005
30 67 1.253341325961011
30 68 1.1555285894200826
30 69 1.2324228818069294
30 70 1.3464997049604226
30 71 1.3423718828502662
30 72 1.1683093729716163
30 73 1.2978993037522135
30 74 1.3482805555356976
31 32 1.2772665228192697
31 33 1.4076395977242016
31 34 1.1210267913111118
31 35 1.1634759792001652
31 36 1.064251997715293
31 37 1.3251566570149829
31 38 1.031371074018631
31 39 1.2898460413572068
31 40 1.4185555450088911
31 41 1.4059032525173996
31 42 1.3903862304425438
31 43 1.2395474661756345
31 44 1.0727236902751365
31 45 1.145679369879265
31 46 1.1409586666502807
31 47 1.3710820341766115
31 48 1.4060616434206814
31 49 1.2160305342073354
31 50 1.1610857007940583
31 51 1.2643632578380086
31 52 1.0741156606743125
31 53 1.4301890710994198
31 54 1.1309762302027841
31 55 1.3874299415020375
31 56 1.3419264676025742
31 57 1.188950654983969
31 58 1.087185989739712
31 59 1.2732861356392091
31 60 1.1554283507627956
31 61 1.226262847575614
31 62 1.2007642810488242
31 63 1.134497693977609
31 64 1.2847118547002998
31 65 1.282136942707484
31 66 1.0910732728995576
31 67 1.1654584023010894
31 68 1.212318411767315
31 69 1.1948554410051884
31 70 1.3437347374940722
31 71 1.2658665231617998
31 72 1.0983281884988856
31 73 1.3651464841316248
31 74 1.361915098930197
32 33 1.4271653237263986
32 34 1.1734799663533997
32 35 1.322789312182345
32 36 1.0463436415942504
32 37 1.4557758005977406
32 38 1.2918710792365835
32 39 1.1904749701266346
32 40 1.4562774135983005
32 41 1.3961212286605413
32 42 1.3794463790885756
32 43 1.3480932651660424
32 44 1.0570567315703752
32 45 1.2562130889054552
32 46 1.2958814284897777
32 47 1.3743698114063858
32 48 1.49536646590496
32 49 1.2986621889606225
32 50 1.236342234520617
32 51 1.313611734930686
32 52 1.0233714680589718
32 53 1.4113660116565119
32 54 1.1749961084682632
32 55 1.439520973592471
32 56 1.2246728262607112
32 57 1.280637026284
32 58 0.9562015317773273
32 59 1.2972057499158687
32 60 1.3045810787108436
32 61 1.2155328017862514
32 62 1.1762184805730587
32 63 1.272416933674855
32 64 1.3557835403582146
32 65 1.16387222638887
32 66 1.2406661347819328
32 67 1.409111846401367
32 68 1.0621697915053012
32 69 1.2284627344009889
32 70 1.3389851657505727
32 71 1.3794860065241359
32 72 1.2814556619014454
32 73 1.4580925157698035
32 74 1.49045178778764
33 34 1.5087693233881554
33 35 1.3836329450090266
33 36 1.4679431905631186
33 37 1.5033473864262443
33 38 1.4542340645250738
33 39 1.3860559575428781
33 40 0.7845823032682775
33 41 0.8409933787231856
33 42 1.3954040836280766
33 43 1.374386441810333
33 44 1.5208458460204275
33 45 1.3379090446455302
33 46 1.4267220211633456
33 47 1.437723270267901
33 48 1.075130011584081
33 49 1.2841078155009045
33 50 1.3884366595466298
33 51 1.3254986287544201
33 52 1.3280323973190125
33 53 1.1504654192578254
33 54 1.5493538766656068
33 55 0.7177212928323626
33 56 1.2318803538202034
33 57 1.387144523835038
33 58 1.5267136036372078
33 59 1.4080418296483612
33 60 1.370714997649108
33 61 1.399273114509341
33 62 1.3950485612278927
33 63 1.358464923035933
33 64 1.436323359294892
33 65 1.3687735795863747
33 66 1.186301630930691
33 67 1.4846665136172972
33 68 1.4483538979320996
33 69 1.3543145197080837
33 70 1.1119563787014866
33 71 1.3072467077183119
33 72 1.4573793555639132
33 73 1.471878567324596
33 74 1.4205305181306895
34 35 1.2588682392732702
34 36 0.9997515852497927
34 37 1.2879655910829146
34 38 1.1604308579368692
34 39 1.2014125499783384
34 40 1.4992604626432666
34 41 1.477271121559508
34 42 1.3066550782149464
34 43 1.1793715224810213
34 44 0.9370253083722353
34 45 1.2154765133237537
34 46 1.2577157489452502
34 47 1.3424380756485577
34 48 1.4333395979598327
34 49 1.2809370603867989
34 50 0.9028399101505663
34 51 1.2348815013166223
34 52 1.0314224667172212
34 53 1.4093811106508058
34 54 0.7576144397987501
34 55 1.5061960103677994
34 56 1.3714551679359206
34 57 1.2395895344613233
34 58 0.908848829606246
34 59 1.3238601647979134
34 60 1.2314617166878619
34 61 1.1949330521354173
34 62 1.0335112279601177
34 63 1.252437781205284
34 64 1.169533083702515
34 65 1.2218988768751344
34 66 1.2111661337884847
34 67 1.2309374551101422
34 68 1.1705783182274776
34 69 1.2635948786242228
34 70 1.4172884864709698
34 71 1.2924944552328312
34 72 1.1406716699037114
34 73 1.3567361842577137
34 74 1.4276588450322718
35 36 1.2819692430300904
35 37 1.3495974008222744
35 38 1.2660054076077947
35 39 1.3521281334827229
35 40 1.4426174817592945
35 41 1.415610468024051
35 42 1.3958835894141608
35 43 1.2090900361216474
35 44 1.2342791165873028
35 45 1.4236032725309822
35 46 1.2571796528307102
35 47 1.3577958508196617
35 48 1.3873526634894355
35 49 1.295453171673367
35 50 1.4135630457789488
35 51 1.2941931104625581
35 52 1.2595803056386512
35 53 1.3532250667649284
35 54 1.2739202669907
35 55 1.3809829494594708
35 56 1.2977664320976907
35 57 1.1867901790574975
35 58 1.2281140999308962
35 59 1.2568581043381162
35 60 1.358545971317399
35 61 1.3345871431163936
35 62 1.1896728122373081
35 63 1.2625128079950974
35 64 1.2951128390458235
35 65 1.3094374554547727
35 66 1.1663097260525892
35 67 1.2579561129727528
35 68 1.299595869245106
35 69 1.3363292479992521
35 70 1.4180680071996639
35 71 1.3314512133904326
35 72 1.2078076631388612
35 73 1.4360284940256298
35 74 1.3167483505275885
36 37 1.313677618323783
36 38 1.1319059167486054
36 39 1.177911483515707
36 40 1.4294888056419233
36 41 1.4963590319722204
36 42 1.3501981990968748
36 43 1.256839320701865
36 44 0.8653505207321971
36 45 1.1819637882389296
36 46 1.2678876397748557
36 47 1.3566750838122996
36 48 1.4894560449630376
36 49 1.1765995390368271
36 50 1.1334532194383282
36 51 1.2469312307546105
36 52 0.8289826133818178
36 53 1.454639858628642
36 54 0.9297975639388683
36 55 1.542110959557397
36 56 1.3511581604328455
36 57 1.266783646508796
36 58 0.7560793351729932
36 59 1.3238820105663356
36 60 1.1105002872985124
36 61 1.0848625191019117
36 62 1.145329983194287
36 63 1.1808089348288422
36 64 1.190257846307159
36 65 1.188465208358414
36 66 1.2324458112637193
36 67 1.2369397965819808
36 68 1.1789312283009408
36 69 1.1123513381608048
36 70 1.420143006014601
36 71 1.317970411093124
36 72 1.1101247558749094
36 73 1.4086736356816634
36 74 1.435206912836411
37 38 1.2511060854313043
37 39 1.277407851237679
37 40 1.5142641510686257
37 41 1.4044999204907926
37 42 1.2549339176140522
37 43 1.2546437006134878
37 44 1.359328784540989
37 45 1.369892240703279
37 46 1.5182843982483527
37 47 1.2086893279732058
37 48 1.3468803295438367
37 49 1.2513748495615076
37 50 1.3027502206265797
37 51 1.380613691049489
37 52 1.3163050774981968
37 53 1.3521367796291361
37 54 1.332273765422421
37 55 1.4257871728233855
37 56 1.3708473674243329
37 57 1.3629840793933417
37 58 1.3303246554863555
37 59 1.3645472788815154
37 60 1.3539716333891472
37 61 1.3418753721717034
37 62 1.2893037460303953
37 63 1.3373566622668893
37 64 1.3072086137348917
37 65 1.3848130546152575
37 66 1.2966631476814963
37 67 1.3603395260599898
37 68 1.3518067514626242
37 69 1.4045810061611694
37 70 1.3571400184701248
37 71 1.354874461864285
37 72 1.3663417748108224
37 73 1.278580961381548
37 74 1.3471236499870192
38 39 1.28906555415057
38 40 1.421051232553556
38 41 1.4968671085665723
38 42 1.4083283212660915
38 43 1.2869371527895015
38 44 1.1895228348143037
38 45 1.1247001938785717
38 46 1.2709032356426475
38 47 1.3146705674527293
38 48 1.4424743076147302
38 49 1.1067058361541606
38 50 1.2171881629030596
38 51 1.2710689941524023
38 52 1.0650875785391973
38 53 1.38097678563863
38 54 1.206848754483675
38 55 1.5129365392643062
38 56 1.3295604777714647
38 57 1.327165982782791
38 58 1.0108214741887238
38 59 1.3341091617523635
38 60 1.1348216384871785
38 61 1.1553392182180502
38 62 1.095183832273289
38 63 0.9644937631494082
38 64 1.1462067989579234
38 65 1.0879355980206231
38 66 1.1496148659506442
38 67 1.2854613188736954
38 68 1.2307876680217256
38 69 1.1917294877744988
38 70 1.3230130118632988
38 71 1.3361419275354225
38 72 1.1607447432114033
38 73 1.3075016662859298
38 74 1.327609259166807
39 40 1.323394297027463
39 41 1.382774371113655
39 42 1.0882852397194878
39 43 1.1892841754173753
39 44 1.2316472515267909
39 45 1.244632387563032
39 46 1.2336683715211465
39 47 1.2733596827088445
39 48 1.3777270574534923
39 49 1.362415639710978
39 50 1.1102832967991263
39 51 1.3148869005935273
39 52 1.1819096217322815
39 53 1.3443132684862014
39 54 1.251455178964037
39 55 1.3667842192220843
39 56 1.2369881332344312
39 57 1.311860735224131
39 58 1.1714315448372363
39 59 1.2468647160562305
39 60 1.4448355438215081
39 61 1.2327703314419522
39 62 1.1892550643547344
39 63 1.3824540671617818
39 64 1.287852577791834
39 65 1.2793219535058276
39 66 1.2303953238201164
39 67 1.307083125373223
39 68 1.144761670724651
39 69 1.4349639669883902
39 70 1.3462084059206354
39 71 1.3282965092464178
39 72 1.3395738305645666
39 73 1.176273865255037
39 74 1.365750195077307
40 41 0.9382695936233266
40 42 1.4105236258210223
40 43 1.3534289191937352
40 44 1.5184162018218321
40 45 1.3565469548767093
40 46 1.4097912870234524
40 47 1.415744959192202
40 48 1.1158755044185025
40 49 1.3114701500234505
40 50 1.3982913359342686
40 51 1.3879484710495544
40 52 1.301340700729943
40 53 1.1025154419534744
40 54 1.53490042426174
40 55 0.7477383095597617
40 56 1.28242583518962
40 57 1.3406619385819627
40 58 1.532951604874643
40 59 1.4140416656741392
40 60 1.3789393942427528
40 61 1.3368747454283434
40 62 1.4383472587691961
40 63 1.4089139459122253
40 64 1.362762864767482
40 65 1.3769315775085313
40 66 1.2660039164948276
40 67 1.4886648951361756
40 68 1.4647009651611198
40 69 1.4039708127093153
40 70 1.0539846983047043
40 71 1.279852769733834
40 72 1.4656456035078729
40 73 1.4683250096318026
40 74 1.33015023786304
41 42 1.3534862215301344
41 43 1.2864750341185491
41 44 1.5027904778539622
41 45 1.361514684958644
41 46 1.3738354838446951
41 47 1.3717659309491597
41 48 1.067099201981277
41 49 1.3755745611581474
41 50 1.35416039285358
41 51 1.3212837353621942
41 52 1.3823739039114833
41 53 1.1436340612957479
41 54 1.5795303567866104
41 55 0.7184309975623443
41 56 1.184698895849746
41 57 1.3590949267296726
41 58 1.5430625537560454
41 59 1.3759476005816071
41 60 1.4328221269455588
41 61 1.3356768109565453
41 62 1.4517398471904548
41 63 1.4176123470884765
41 64 1.4565337731599517
41 65 1.441535595937631
41 66 1.272614735753476
41 67 1.407367852564142
41 68 1.3707141242269663
41 69 1.4034645944453723
41 70 1.0290273978522497
41 71 1.2937530775807164
41 72 1.4170016101737446
41 73 1.5064558181719196
41 74 1.4823074577468818
42 43 1.161686522490806
42 44 1.2661429377506188
42 45 1.3501296787318462
42 46 1.3533124749244307
42 47 1.2167367151496529
42 48 1.381311348249182
42 49 1.3290254087231632
42 50 1.2207810313391902
42 51 1.2836730767602373
42 52 1.3823307500562574
42 53 1.4292998003725725
42 54 1.3337986683590526
42 55 1.4178133489688134
42 56 1.3993149591343177
42 57 1.3146580136162864
42 58 1.2967742924561436
42 59 1.2782308166835807
42 60 1.4578438899188575
42 61 1.3027712024035991
42 62 1.298497048647129
42 63 1.3973027067708002
42 64 1.2688906634960773
42 65 1.3500493302001317
42 66 1.3373116790256097
42 67 1.247121767494191
42 68 1.2741007142899743
42 69 1.4692677240415821
42 70 1.4273181981453735
42 71 1.3282979209362447
42 72 1.3742012163006996
42 73 1.16119785003008
42 74 1.2846869622412806
43 44 1.2311826062252051
43 45 1.3219139536399627
43 46 1.291451061348088
43 47 1.3014402020784184
43 48 1.3838967597056742
43 49 1.291595210012606
43 50 1.200083210025113
43 51 1.220763959532603
43 52 1.251175845447321
43 53 1.4490106671338945
43 54 1.273853012293365
43 55 1.3777414666847512
43 56 1.3540741046191827
43 57 1.2407508990212963
43 58 1.2044229558746529
43 59 1.2022807745217394
43 60 1.3348660172998335
43 61 1.2422420843782596
43 62 1.2047857542189582
43 63 1.3227850603127664
43 64 1.4175500582364535
43 65 1.3874327308531493
43 66 1.1565936999900444
43 67 1.1571591489329098
43 68 1.2658590415133446
43 69 1.3862847190937186
43 70 1.3571004605930093
43 71 1.3745884853205401
43 72 1.2172883450666385
43 73 1.396657229985673
43 74 1.388507693164143
44 45 1.192035308685478
44 46 1.2013811647382537
44 47 1.3438682893424274
44 48 1.5400254318601263
44 49 1.2780239050783342
44 50 1.1853006614909554
44 51 1.2353565244446902
44 52 0.962149963285038
44 53 1.4869543387643949
44 54 0.9520854411431587
44 55 1.5609736023546261
44 56 1.317744767463966
44 57 1.268154885783591
44 58 0.7338013180543046
44 59 1.163993161015167
44 60 1.1930494416931479
44 61 1.1798687575468798
44 62 1.1329665468996064
44 63 1.1908910720681434
44 64 1.2629057945967281
44 65 1.2548352762689332
44 66 1.2165516364578948
44 67 1.1764944678890332
44 68 1.1345051439766496
44 69 1.169173297469435
44 70 1.3802851596706673
44 71 1.3342242155147896
44 72 1.1336437322182913
44 73 1.3954531623753896
44 74 1.5335346881677734
45 46 1.225806541667089
45 47 1.391001314587454
45 48 1.4189101778958477
45 49 1.3293708560754594
45 50 1.1687018390895554
45 51 1.2639096772459297
45 52 1.0412302514262863
45 53 1.4651918514339486
45 54 1.2276235463560474
45 55 1.4186426835583343
45 56 1.345472297361389
45 57 1.3530869120761384
45 58 1.060922033289774
45 59 1.2816985874962161
45 60 1.3057370166417486
45 61 1.3503854309062011
45 62 1.2827322478674035
45 63 1.2024495747724595
45 64 1.365085329646748
45 65 1.2335093714645413
45 66 1.1868883710804383
45 67 1.3181778342459807
45 68 1.297971974260396
45 69 1.3156985129065524
45 70 1.3376164885649164
45 71 1.3853482122266818
45 72 1.1964851164260808
45 73 1.313490221144079
45 74 1.4044542769134738
46 47 1.4152565660797278
46 48 1.4536663760668658
46 49 1.5848607403707216
46 50 1.1521446268519548
46 51 1.224570401402181
46 52 1.296834560823714
46 53 1.4302801314665379
46 54 1.3592724568947168
46 55 1.3821574837207269
46 56 1.285780580592142
46 57 1.174824227821737
46 58 1.2355947685849242
46 59 1.0116770248741673
46 60 1.4193117328149367
46 61 1.3332580001189884
46 62 1.2775336969213793
46 63 1.4206539432627494
46 64 1.3568377043222466
46 65 1.2829139789261546
46 66 1.1774050723635818
46 67 0.9550674705948476
46 68 1.2347486600141244
46 69 1.4197505591741988
46 70 1.454139263059364
46 71 1.3887054040229272
46 72 1.1127256182146883
46 73 1.3108112677205577
46 74 1.426048107604632
47 48 1.4477847495887288
47 49 1.2281610082675536
47 50 1.294219112906985
47 51 1.258810298075963
47 52 1.4019906533735684
47 53 1.48344797599787
47 54 1.4265911919915604
47 55 1.3808039855193575
47 56 1.393056120738322
47 57 1.2678244120020563
47 58 1.3833416751983705
47 59 1.1675760500529295
47 60 1.3896088102582105
47 61 1.3356128011853472
47 62 1.2877969344581495
47 63 1.3382914662847953
47 64 1.357628572826847
47 65 1.3323722887768132
47 66 1.3168964314175977
47 67 1.2613925026199895
47 68 1.3139361132645242
47 69 1.3741662357447537
47 70 1.3459907371835083
47 71 1.5313710275093113
47 72 1.2718552700424202
47 73 1.3042043418331968
47 74 1.4341753037264175
48 49 1.3362814797986788
48 50 1.4190953037244363
48 51 1.3967602372355497
48 52 1.4437138871113184
48 53 0.91168080806112
48 54 1.4623688072398533
48 55 0.9808624148204683
48 56 1.290248027426076
48 57 1.4194961627365317
48 58 1.4888052081515641
48 59 1.4393619943315314
48 60 1.3704298557590657
48 61 1.3760506223130313
48 62 1.4842070671158258
48 63 1.3698329161063383
48 64 1.4308980146027737
48 65 1.3638123329185785
48 66 1.2701304051093927
48 67 1.4083048971742445
48 68 1.3828358145739201
48 69 1.3757468192993785
48 70 1.2206113318866396
48 71 1.0709653191018482
48 72 1.444332240633981
48 73 1.413164945891498
48 74 1.3901336940350382
49 50 1.3524306413308973
49 51 1.3886389072892784
49 52 1.1269448411670995
49 53 1.3188479774029696
49 54 1.2840502099496673
49 55 1.411066918817026
49 56 1.366535801575967
49 57 1.4187773809465127
49 58 1.2177750810485384
49 59 1.4178850803229206
49 60 0.8820392494374553
49 61 1.237624575788628
49 62 1.2209870890091123
49 63 0.846447898968173
49 64 1.2766664127970855
49 65 1.1755544722909577
49 66 1.3244086078937463
49 67 1.461935683421889
49 68 1.3958989557287644
49 69 0.9121174573434948
49 70 1.2373319781305898
49 71 1.2564846938085885
49 72 1.3806320071422964
49 73 1.4679490611990234
49 74 1.3430387211692227
50 51 1.202331621909353
50 52 1.1688278125417282
50 53 1.3863438960052605
50 54 1.1333621099809237
50 55 1.3590556235126217
50 56 1.2964522511144367
50 57 1.2632131726574545
50 58 1.1564294191435238
50 59 1.2183481408886134
50 60 1.2897221415756839
50 61 1.2448619532355123
50 62 1.197589577355534
50 63 1.3362891634743728
50 64 1.198138230861262
50 65 1.284701816642406
50 66 1.225926218368716
50 67 1.1639885877605636
50 68 1.2464971552518564
50 69 1.2920384675893613
50 70 1.3242831804200537
50 71 1.355958884564311
50 72 1.1922258177263931
50 73 1.2768042986682846
50 74 1.3792870424961015
51 52 1.2363452996135282
51 53 1.3456339868742249
51 54 1.3426547947713232
51 55 1.353396065524379
51 56 1.2511478842468187
51 57 1.1687223814545986
51 58 1.2385177541042185
51 59 1.1260025008081511
51 60 1.3498231628651696
51 61 1.3233206624788796
51 62 1.2375328095402105
51 63 1.3920610369330955
51 64 1.1983360941856727
51 65 1.404533922879467
51 66 1.2555748676911835
51 67 1.167945511119775
51 68 1.229302730871007
51 69 1.3363528115800942
51 70 1.3356801046157931
51 71 1.3828449163721057
51 72 1.1144438029963568
51 73 1.3601282454534265
51 74 1.4429649227529833
52 53 1.353819563971822
52 54 1.0542979823824041
52 55 1.4005687409571619
52 56 1.276603356287989
52 57 1.2967198233220012
52 58 0.7434195095845426
52 59 1.3407929022983323
52 60 1.1619306243204224
52 61 1.0967583206208507
52 62 1.0603211717513135
52 63 1.097199256080679
52 64 1.2495262243773835
52 65 1.1528119098129088
52 66 1.1261109936171323
52 67 1.3953469500551212
52 68 1.1824138356807496
52 69 1.147838645603706
52 70 1.2735119949899167
52 71 1.245088639343821
52 72 1.2017966766463892
52 73 1.34884557309472
52 74 1.411579635855928
53 54 1.45821509496974
53 55 1.0243055436132176
53 56 1.2963740636607373
53 57 1.4117687269610886
53 58 1.4893937126020582
53 59 1.4853061709658681
53 60 1.253906333548081
53 61 1.3836183357468474
53 62 1.388067508735065
53 63 1.3280343393387806
53 64 1.3336548441010396
53 65 1.3828068279339947
53 66 1.301953492457489
53 67 1.4539601475518558
53 68 1.3945492413826888
53 69 1.3190416064328898
53 70 1.2463266681866503
53 71 0.9998222362275042
53 72 1.464945539592126
53 73 1.3150303170191526
53 74 1.32338271900154
54 55 1.5742812121563654
54 56 1.3984526147652838
54 57 1.3487998744717693
54 58 0.8356216662254089
54 59 1.3947325598293445
54 60 1.2349713165949159
54 61 1.107348993111522
54 62 1.0948134423845028
54 63 1.239485263789886
54 64 1.2198441686706964
54 65 1.2106907176958288
54 66 1.2162714096164304
54 67 1.3537359717719515
54 68 1.2609224982265907
54 69 1.2298298145969129
54 70 1.510811552393093
54 71 1.2227916599848274
54 72 1.191050268933483
54 73 1.3759209202528462
54 74 1.3981936267242525
55 56 1.2249373911743906
55 57 1.314566130923145
55 58 1.599303758932087
55 59 1.433101198379681
55 60 1.4151597098721231
55 61 1.3860969079556298
55 62 1.4952836505026488
55 63 1.44480769452526
55 64 1.4542814833228153
55 65 1.441505363941854
55 66 1.235135215623127
55 67 1.456857683994762
55 68 1.4021186439414883
55 69 1.4300971802316553
55 70 1.0186814220384885
55 71 1.2901219029183946
55 72 1.4751064801312757
55 73 1.4600511019924212
55 74 1.4263964472591073
56 57 1.3052781312140929
56 58 1.3002119183618694
56 59 1.2485667494776627
56 60 1.3766134243640311
56 61 1.335416946092068
56 62 1.4049256205121705
56 63 1.3063291939367498
56 64 1.3512262580572698
56 65 1.298294334772213
56 66 1.2999573944623233
56 67 1.4272092579963889
56 68 1.2085133864190234
56 69 1.2479291330761608
56 70 1.143070061271382
56 71 1.3494964246549686
56 72 1.352930392561402
56 73 1.464632674823845
56 74 1.480881158092785
57 58 1.3119260258802732
57 59 1.082426266390307
57 60 1.3090685875505628
57 61 1.328826626525629
57 62 1.2367096773167259
57 63 1.375664286080487
57 64 1.3250086457971662
57 65 1.3591019720968431
57 66 1.1707778864100176
57 67 1.1065503877928387
57 68 1.1447259488118928
57 69 1.3727443105339099
57 70 1.367647578898474
57 71 1.3815673992223363
57 72 1.138845267083736
57 73 1.3534336624715662
57 74 1.3108811066304398
58 59 1.2711224337697362
58 60 1.2112163058051253
58 61 1.0861603252770797
58 62 1.070514187308453
58 63 1.0858052074485796
58 64 1.2333740609964956
58 65 1.118686536821785
58 66 1.1429657956214516
58 67 1.257468144636857
58 68 1.1184420602742198
58 69 1.1699170048247145
58 70 1.427880602999537
58 71 1.2781033029113744
58 72 1.1354839862461514
58 73 1.3467263852375326
58 74 1.4472312863685328
59 60 1.4515518260275093
59 61 1.265221910061031
59 62 1.3167978970371301
59 63 1.40237599924924
59 64 1.4093946644760058
59 65 1.3989200185575688
59 66 1.2092773137691408
59 67 0.7246618457365563
59 68 1.235085100821642
59 69 1.3800127486646594
59 70 1.430520503610369
59 71 1.4187252510522383
59 72 0.935446177440426
59 73 1.4153871834476983
59 74 1.4996247247113845
60 61 1.2340975726220362
60 62 1.1940089408135455
60 63 0.9269246777973161
60 64 1.2842751487023425
60 65 1.3005115944696892
60 66 1.2887669505323218
60 67 1.394515228763432
60 68 1.377591875676608
60 69 0.7118394380788375
60 70 1.2603795759894587
60 71 1.2087722707067041
60 72 1.342715931612782
60 73 1.4158206099029371
60 74 1.4036025180336151
61 62 1.2656354208935088
61 63 1.2138973624294724
61 64 1.2583842408177455
61 65 1.2272815289168761
61 66 1.245222492770654
61 67 1.2385513753848485
61 68 1.234234630600266
61 69 1.2817898706088766
61 70 1.321258394249523
61 71 1.2892646315799854
61 72 1.1587909639447185
61 73 1.434146092976297
61 74 1.2946934976387527
62 63 1.2151886706002593
62 64 1.228124500358545
62 65 1.2142839678384079
62 66 1.1925651335508367
62 67 1.3125280446599452
62 68 1.2029525605964566
62 69 1.2740787133213214
62 70 1.45046086831821
62 71 1.344187344706878
62 72 1.226375296598035
62 73 1.2733471098070737
62 74 1.3598789337064978
63 64 1.3291078521173072
63 65 1.2171945602024659
63 66 1.2491709247808833
63 67 1.4135034254768148
63 68 1.3320480598254896
63 69 0.9298220517863496
63 70 1.345629532945109
63 71 1.278277645913367
63 72 1.3383251329905372
63 73 1.4039192603290778
63 74 1.418810346631896
64 65 1.2506026469794647
64 66 1.3022240363259032
64 67 1.3936828185908887
64 68 1.2800433629919432
64 69 1.2903292148594625
64 70 1.350600701393728
64 71 1.3125091843910608
64 72 1.3277248237118346
64 73 1.2397405347238826
64 74 1.1532875203865611
65 66 1.1265836573759014
65 67 1.4125694840274583
65 68 1.2641823627483566
65 69 1.2706389457643026
65 70 1.2596198709902053
65 71 1.3226088449154962
65 72 1.2362750086393683
65 73 1.3329707930960377
65 74 1.3046046719768067
66 67 1.2215714451449984
66 68 1.1245601277568154
66 69 1.3418639527875809
66 70 1.2332974974410538
66 71 1.2466469335780515
66 72 1.134741145548384
66 73 1.3117467724684768
66 74 1.3722128958927688
67 68 1.2513262991638086
67 69 1.459894180101962
67 70 1.4621828272537858
67 71 1.4258541030589742
67 72 0.9024015639351135
67 73 1.4126555244772707
67 74 1.4029335665342282
68 69 1.4256446855768852
68 70 1.391964758855563
68 71 1.3495948371222495
68 72 1.202945040971761
68 73 1.3102231888628728
68 74 1.462816328637733
69 70 1.2721966998414873
69 71 1.2483389885626814
69 72 1.3833062289415217
69 73 1.4419279231978759
69 74 1.4898813531265938
70 71 1.3589333967220405
70 72 1.4487247539737245
70 73 1.5125832222440867
70 74 1.3718147836363275
71 72 1.408244653059314
71 73 1.4053227502737442
71 74 1.3559938941697345
72 73 1.457960490863893
72 74 1.452489784760492
73 74 1.2393591530240324
