90 0
0 1 1.3807155837141816
0 2 1.3706158898733083
0 3 1.2505230464269437
0 4 1.2564082446415363
0 5 1.2493891250542164
0 6 1.3032730091533453
0 7 1.2586023642270983
0 8 1.1642102187152652
0 9 1.4106498195692652
0 10 1.4370339942101678
0 11 1.2100554272772064
0 12 1.228647336819727
0 13 1.1968212465766999
0 14 1.39031759445907
0 15 1.288658200676162
0 16 1.3345303094016243
0 17 1.3746783972199814
0 18 1.4206693328802353
0 19 1.4667506027692852
0 20 1.3241778452115123
0 21 1.184378249247731
0 22 1.38176682376463
0 23 1.3312363851493902
0 24 1.3363355204465608
0 25 1.2223058369407958
0 26 1.337115877152077
0 27 1.297999274003792
0 28 1.3727048925798506
0 29 1.2435142265321508
0 30 1.3202830883255483
0 31 1.3882790271793921
0 32 1.3603493549140677
0 33 1.3049353512992379
0 34 1.4416819756728758
0 35 1.2657120060983538
0 36 1.2944490033893956
0 37 1.324234445787169
0 38 1.2402029669571395
0 39 1.1894188502446688
0 40 1.3452653525925615
0 41 1.2277503354605295
0 42 1.2221639103111555
0 43 1.2568537261377652
0 44 1.191535406303374
0 45 1.4240580744354996
0 46 1.2233703396935265
0 47 1.3116474928021953
0 48 1.2531568616328543
0 49 1.2554748905281041
0 50 1.29181827759728
0 51 1.2265127055326297
0 52 1.3541654571793424
0 53 1.3144534409892012
0 54 1.2890893963803003
0 55 1.2956203719943342
0 56 1.1238791235014074
0 57 1.3526692662258053
0 58 1.3270915513259145
0 59 1.4129644515060962
0 60 1.2364430071161132
0 61 1.3135412859400877
0 62 1.2064161909540292
0 63 1.3576207066553652
0 64 1.2725296697904482
0 65 1.290415878424664
0 66 1.29611402970763
0 67 1.2567202568807416
0 68 1.432451987783132
0 69 1.235251411665193
0 70 1.142734449137975
0 71 1.3183704209972689
0 72 1.3489626754911634
0 73 1.359930160156316
0 74 1.2207044750940275
0 75 1.3472685664576698
0 76 1.3012915140619867
0 77 1.4101655537112123
0 78 1.3303958448877053
0 79 1.254501051498375
0 80 1.4713954956587938
0 81 1.1994582132950364
0 82 1.250379658732109
0 83 1.3759132478985112
0 84 1.355159040661451
0 85 1.3350845774258384
0 86 1.3644968450914936
0 87 1.3284943563078515
0 88 1.4049043237767442
0 89 1.407524926349305
1 2 1.2578326989623474
1 3 1.4765835602002833
1 4 1.4128048219014997
1 5 1.327636442239044
1 6 1.3633276345229217
1 7 1.327358067417042
1 8 1.4459696272568023
1 9 1.3171917493798848
1 10 1.2871581784780246
1 11 1.33448414832476
1 12 1.3288003487211368
1 13 1.284536477641218
1 14 1.4556702709800817
1 15 1.3935718079850874
1 16 1.1765624040631628
1 17 1.3802010528255155
1 18 1.4979578034670529
1 19 1.3507581960608797
1 20 1.2761438260142415
1 21 1.4283611444189943
1 22 1.4576217266259788
1 23 1.4097299359899629
1 24 1.3960264783499354
1 25 1.3272872645193394
1 26 1.389249765194743
1 27 1.269392533164071
1 28 1.4088492514903068
1 29 1.2270840785849706
1 30 1.329210557614944
1 31 1.2982631792623378
1 32 1.3330463529954264
1 33 1.3463282374458563
1 34 1.233715771348266
1 35 1.2394481342682013
1 36 1.2567520143246587
1 37 1.3989967267009316
1 38 1.3409584691503043
1 39 1.2017980402483992
1 40 1.434940424509417
1 41 1.4797135461610684
1 42 1.3816950002593356
1 43 1.4608942264645541
1 44 1.3683678399370638
1 45 1.4063566333702333
1 46 1.4825811010891685
1 47 1.3466219366340082
1 48 1.3892615845472691
1 49 1.314829720100209
1 50 1.3983662038776417
1 51 1.363437563540397
1 52 1.43331728763169
1 53 1.3332360792649007
1 54 1.3324454458603159
1 55 1.3918202927131018
1 56 1.3386465542017674
1 57 1.3598955594415598
1 58 1.4566698196307815
1 59 1.313471226215984
1 60 1.2601942156011356
1 61 1.4021365263708057
1 62 1.3940790917158894
1 63 1.3415975005556955
1 64 1.3615192739845656
1 65 1.433413473051129
1 66 1.3956890153365453
1 67 1.19757003798497
1 68 1.4142766113503145
1 69 1.3821779590934804
1 70 1.354180348232066
1 71 1.3416819160701798
1 72 1.3571858992033057
1 73 1.3072824572923818
1 74 1.2883480224822752
1 75 1.470150351126283
1 76 1.2795373351961012
1 77 1.3352967591168077
1 78 1.39353625293412
1 79 1.3817897300511122
1 80 1.3363367488042621
1 81 1.4824720394044895
1 82 1.2720193132344333
1 83 1.3716899898988109
1 84 1.4115021377147785
1 85 1.3627659869574342
1 86 1.3463403782648893
1 87 1.394381610322813
1 88 1.2651948940479831
1 89 1.4091713986727972
2 3 1.2748693077652962
2 4 1.3028330716691288
2 5 1.3150801613600915
2 6 1.3420038170728599
2 7 1.3363258578988542
2 8 1.3456758425192943
2 9 1.3883571790868288
2 10 1.380041779169486
2 11 1.3253039466291707
2 12 1.3192830783044756
2 13 1.2883444463628453
2 14 1.2791304113560333
2 15 1.5306177190561323
2 16 1.345871914164646
2 17 1.4112547799932327
2 18 1.3226268834489876
2 19 1.3664858064746785
2 20 1.2829070054761331
2 21 1.2977031452251642
2 22 1.1814412459003696
2 23 1.2896582071451375
2 24 1.4003799289954693
2 25 1.3115281407847066
2 26 1.3913480243458551
2 27 1.243121375224155
2 28 1.3756512071305365
2 29 1.2138799256864592
2 30 1.3319052366717479
2 31 1.4281412252390018
2 32 1.3211596295509618
2 33 1.3177521288058383
2 34 1.3530032923271704
2 35 1.4092982288254754
2 36 1.294568843025923
2 37 1.2810797235588278
2 38 1.4874577477980568
2 39 1.30590387354568
2 40 1.3072139852530917
2 41 1.3280223652034282
2 42 1.3268263510424583
2 43 1.380660885650547
2 44 1.450401632987616
2 45 1.320712843489067
2 46 1.356062203150813
2 47 1.271327807203088
2 48 1.2721404741290756
2 49 1.3155671388949666
2 50 1.2589256416860382
2 51 1.433201083834085
2 52 1.2921603145861467
2 53 1.2269336698189885
2 54 1.2615211800712023
2 55 1.244888826978669
2 56 1.3268994920586863
2 57 1.2844640257587139
2 58 1.3075863045327163
2 59 1.3853414499881374
2 60 1.4238480692168478
2 61 1.3361004661197382
2 62 1.4813137141157504
2 63 1.2670661074662666
2 64 1.2630102348195695
2 65 1.2686751954266957
2 66 1.2369388541938189
2 67 1.380532085155543
2 68 1.3548659262439708
2 69 1.3328357497969399
2 70 1.2970501681784896
2 71 1.323765176517245
2 72 1.3235526940390185
2 73 1.3523079092305184
2 74 1.2935216538655507
2 75 1.2913343958735384
2 76 1.4060255396688608
2 77 1.2190465161720667
2 78 1.3455214321442037
2 79 1.273823105499711
2 80 1.384491382231688
2 81 1.3076459634205906
2 82 1.4039177285797697
2 83 1.4462812087865413
2 84 1.4071474513549547
2 85 1.2856353567918517
2 86 1.3854126622544354
2 87 1.304615613278211
2 88 1.1998743587774696
2 89 1.3083233920756743
3 4 1.065275822447961
3 5 1.292322201565941
3 6 1.0929601660829968
3 7 1.0978140057529484
3 8 0.7470425339770974
3 9 1.4492917560514063
3 10 1.5143156493249983
3 11 1.2085555113530193
3 12 1.0391476112835563
3 13 1.1061165018153836
3 14 1.179181067655395
3 15 1.077670432962826
3 16 1.5008106550453764
3 17 1.3401663021195835
3 18 1.3009323731891105
3 19 1.6200033193879881
3 20 1.3498654189804526
3 21 0.767443381405725
3 22 1.1198271299147586
3 23 1.0700703218241745
3 24 1.1255423699882172
3 25 1.249783611149636
3 26 1.390740339159882
3 27 1.140069370586758
3 28 1.1994804531344125
3 29 1.001576496778629
3 30 1.2961320147861175
3 31 1.3878528846846323
3 32 1.2921214180253107
3 33 1.349458366261244
3 34 1.607196548518233
3 35 1.2072267941637618
3 36 1.387981155559646
3 37 1.1460031820868921
3 38 1.193619983066343
3 39 1.1095632082973632
3 40 1.2780404780349113
3 41 0.7066019080425756
3 42 1.1824404143355938
3 43 1.1588419688115021
3 44 1.2691627163500918
3 45 1.4209909959484108
3 46 1.1987639890596455
3 47 1.265805092813327
3 48 0.8998144825026472
3 49 1.2440874595553932
3 50 0.9390044928502734
3 51 1.2689225257642498
3 52 1.3291548736088452
3 53 1.2967941142689174
3 54 1.032226061242411
3 55 0.9848815377612543
3 56 1.2141244637798525
3 57 1.255163129128835
3 58 1.3275068464914606
3 59 1.5029462233893147
3 60 1.2809998201754929
3 61 1.142051785675305
3 62 1.16002666027512
3 63 1.2089306380753686
3 64 1.199148353123487
3 65 1.1244890993770351
3 66 1.111173863067145
3 67 1.5246091208525192
3 68 1.2050753081148216
3 69 0.8421650921628238
3 70 1.0407779564134059
3 71 1.3029797291694667
3 72 1.1212454087812105
3 73 1.2823947427230806
3 74 1.3006907060191806
3 75 1.1857848472761654
3 76 1.2473959916930035
3 77 1.2025439653869694
3 78 1.2711588460714378
3 79 1.1268333609179841
3 80 1.5677316293076513
3 81 0.7152845886368214
3 82 1.224173096149794
3 83 1.1986369013859983
3 84 1.237865235909496
3 85 1.062350469200114
3 86 1.332950768730434
3 87 1.0557951900378963
3 88 1.16986230969001
3 89 1.3984673016255698
4 5 1.3547636823271032
4 6 1.0375682770577175
4 7 1.1991251659272204
4 8 1.1409510120015969
4 9 1.3428659733619879
4 10 1.3488718254757863
4 11 1.197574651022023
4 12 1.1655674697607288
4 13 1.258303182076664
4 14 1.3007454629138195
4 15 1.2758981510467649
4 16 1.3738424143251489
4 17 1.3665160224927286
4 18 1.233132356936133
4 19 1.4444417189515089
4 20 1.268546829815483
4 21 1.100534869586306
4 22 1.2602383262522472
4 23 1.1933481727708277
4 24 1.25794995117613
4 25 1.2218426644941152
4 26 1.346708204085788
4 27 1.064581807530648
4 28 1.2583961256177676
4 29 1.058878025938504
4 30 1.270990377697351
4 31 1.3102949468841292
4 32 1.3098861538995512
4 33 1.3725996587196492
4 34 1.4017349748558756
4 35 1.333710532564927
4 36 1.255122122783844
4 37 1.1600417344119938
4 38 1.2600808364164184
4 39 1.200567919246162
4 40 1.3539982077648487
4 41 1.1141777181521326
4 42 1.3612641245841763
4 43 1.3076635680442905
4 44 1.3459396249232067
4 45 1.3212177286997766
4 46 1.2200387892861118
4 47 1.2142144920115956
4 48 1.038896258537819
4 49 1.30012617461467
4 50 1.155555531182427
4 51 1.3022123105865844
4 52 1.2308865843024177
4 53 1.2432075694332978
4 54 1.1467054983946807
4 55 1.2060767747287777
4 56 1.265568614734882
4 57 1.3006250183506955
4 58 1.2764363309142739
4 59 1.350102880922421
4 60 1.3399595386483052
4 61 1.192979793535541
4 62 1.2194537167282005
4 63 1.1095009175899886
4 64 1.3471193894379923
4 65 1.0384234313773841
4 66 1.2489933731831906
4 67 1.3619323720133227
4 68 1.2111710034750627
4 69 1.1229598758107198
4 70 1.139453570997958
4 71 1.155763742600773
4 72 1.2452596200663544
4 73 1.2923506734996635
4 74 1.2568070882730178
4 75 1.213824928209534
4 76 1.284519880374672
4 77 1.2618031737354782
4 78 1.278892833833338
4 79 1.2472643455864099
4 80 1.4501498844556864
4 81 1.11257842617143
4 82 1.217184453236171
4 83 1.270261686179056
4 84 1.2516616936398028
4 85 1.2069999617836449
4 86 1.2304788027900555
4 87 1.2093452378308713
4 88 1.1945477508922666
4 89 1.3802227469307522
5 6 1.2584223123359397
5 7 1.2128484504738473
5 8 1.20877133288488
5 9 1.3997798638589203
5 10 1.3709950275928438
5 11 1.2903350492022485
5 12 1.0507854516427815
5 13 1.088434153832864
5 14 1.2561718578132688
5 15 1.277552396075945
5 16 1.2270001845398548
5 17 1.426809261495687
5 18 1.3949122676867696
5 19 1.4131672188836877
5 20 0.977702051934617
5 21 1.2380546826450718
5 22 1.4360854652995816
5 23 1.171865268048981
5 24 1.3492239240727588
5 25 1.0481395591407447
5 26 1.3715037814443396
5 27 1.1900199042096378
5 28 1.401404445617518
5 29 1.2098482823894268
5 30 0.9840201130854986
5 31 1.3127206184929052
5 32 1.1895139195514426
5 33 1.236918413101695
5 34 1.4019470715022184
5 35 0.9453616899373088
5 36 1.28493282491027
5 37 1.3851676506170052
5 38 1.2928430606394308
5 39 1.1292908980498764
5 40 1.3256952967923366
5 41 1.2291782949929428
5 42 0.8287405043005573
5 43 1.3739066818698298
5 44 1.37650552858445
5 45 1.3701366233781291
5 46 1.3592795453810145
5 47 1.2436865719911065
5 48 1.1443184802774706
5 49 0.8775970089442078
5 50 1.1777174927162892
5 51 1.4282714400964907
5 52 1.5031661011113577
5 53 1.2758874870982633
5 54 1.340998263094677
5 55 1.2525128284989149
5 56 1.2543912035233042
5 57 1.3370712089918777
5 58 1.3801914780022988
5 59 1.3700640317044168
5 60 0.9845093690950089
5 61 1.2123352339508202
5 62 1.4354230092507576
5 63 1.1865334780740902
5 64 1.194860715879249
5 65 1.3067029162427062
5 66 1.2648515422175308
5 67 1.1796241850986262
5 68 1.4403214823642776
5 69 1.2197519329942597
5 70 1.0368942921529207
5 71 1.1365671984617802
5 72 1.3614970645690254
5 73 1.2662704116503463
5 74 1.0799837120644475
5 75 1.260300325201356
5 76 1.1349925672231795
5 77 1.3769289580308168
5 78 1.4293311934497737
5 79 1.1928981648770334
5 80 1.430824857351414
5 81 1.1803704194318574
5 82 1.134696674975145
5 83 1.3355431358107392
5 84 1.4190366210423457
5 85 1.359495793284606
5 86 1.3116317009806109
5 87 1.203175358210075
5 88 1.1826103524828386
5 89 1.4169587204376586
6 7 1.1643603566756366
6 8 1.181386554222289
6 9 1.2681337657691483
6 10 1.40222072315996
6 11 1.24538922562317
6 12 1.1195104562422677
6 13 1.2360208336818332
6 14 1.2965603316811933
6 15 1.2505662291701898
6 16 1.341143754641726
6 17 1.3715384795626808
6 18 1.3347569011068323
6 19 1.4565563574123468
6 20 1.2641018941056357
6 21 1.1520419856131912
6 22 1.2356700383866848
6 23 1.1627766284206793
6 24 1.2439512171764247
6 25 1.2724308490908407
6 26 1.3799441055210302
6 27 1.0216723901132942
6 28 1.2974717441068742
6 29 1.0695984741127231
6 30 1.2847665817130358
6 31 1.327105325191462
6 32 1.3857774808591936
6 33 1.3794280065302977
6 34 1.4218789302212553
6 35 1.2542384299917522
6 36 1.330561638761802
6 37 1.2715153721242813
6 38 1.2455566363691946
6 39 1.199100787608484
6 40 1.2420512898854854
6 41 1.135034673838435
6 42 1.2010868908864707
6 43 1.219786845606935
6 44 1.2267355325199962
6 45 1.3309107677165881
6 46 1.232767308266177
6 47 1.2042373645514934
6 48 1.0751451854801772
6 49 1.1833847213640383
6 50 1.0708663716620754
6 51 1.2357120210859611
6 52 1.3232221218459617
6 53 1.3282435106645933
6 54 1.175030048119477
6 55 1.1635135454120717
6 56 1.3100296262571904
6 57 1.239631466874201
6 58 1.3327202236793132
6 59 1.3956986574995156
6 60 1.2155044041953513
6 61 1.1871626859964872
6 62 1.205406492402895
6 63 1.2559639378610543
6 64 1.2731263120956227
6 65 1.2506825744294752
6 66 1.2926872945963888
6 67 1.3969487991683276
6 68 1.3386234476233032
6 69 1.1164699233445814
6 70 1.2153379597805893
6 71 1.22724149928387
6 72 1.27250939255751
6 73 1.4073493453903452
6 74 1.2066903322500635
6 75 1.2405013130400393
6 76 1.218897437218478
6 77 1.2168957985801383
6 78 1.221982409220418
6 79 1.1135524750352426
6 80 1.4812462884952402
6 81 1.1812706753192512
6 82 1.1707894971677897
6 83 1.1957429056170903
6 84 1.3041313666015393
6 85 1.2905153044814826
6 86 1.2621640519206938
6 87 1.153068238883822
6 88 1.1718412048627942
6 89 1.4605089008839354
7 8 1.0585469218225543
7 9 1.3523980831422582
7 10 1.376520181054807
7 11 1.1906742291156909
7 12 1.147670171232964
7 13 1.2145173157485554
7 14 1.145679369879265
7 15 1.0877549751708635
7 16 1.3427262408510428
7 17 1.4093246245515596
7 18 1.269109307863292
7 19 1.4158249890277639
7 20 1.3600210490485236
7 21 1.1460768243202482
7 22 1.299885406085143
7 23 1.077746357167936
7 24 1.2106082321860039
7 25 1.2816831995209652
7 26 1.3758890617173638
7 27 1.0975230489698693
7 28 1.3592184834622743
7 29 1.0723841627613557
7 30 1.244303045147437
7 31 1.3934169483357628
7 32 1.2574478627049148
7 33 1.359847497378449
7 34 1.3874299415020375
7 35 1.1654584023010894
7 36 1.3054903168679397
7 37 1.2898460413572068
7 38 1.133446151865497
7 39 1.1310918658671598
7 40 1.216913139600213
7 41 1.1390507243755141
7 42 1.2492184801594077
7 43 1.208169330320515
7 44 1.1373383481891164
7 45 1.4312661647878624
7 46 1.1107352633449528
7 47 1.2986754843686295
7 48 0.9380061682330841
7 49 1.2015454333065465
7 50 1.0348293595133233
7 51 1.143866162762347
7 52 1.398649313563245
7 53 1.3035848057565127
7 54 1.2007642810488242
7 55 1.0958278550449703
7 56 1.3195163803286165
7 57 1.2811629476777233
7 58 1.3440280176763377
7 59 1.383818714615254
7 60 1.179362604756026
7 61 1.1422725318134115
7 62 1.151486920362381
7 63 1.2031746982697475
7 64 1.1989068815218917
7 65 1.2401852172416425
7 66 1.2310179391204608
7 67 1.3175803246956954
7 68 1.3129862052215457
7 69 1.135741876298234
7 70 1.0517979262800452
7 71 1.2298194889448755
7 72 1.25040249264267
7 73 1.1885897465256505
7 74 1.2973343861212199
7 75 1.0740303645045972
7 76 1.350840553129385
7 77 1.2992071495090594
7 78 1.471998523572047
7 79 1.285976341274116
7 80 1.3924246523372168
7 81 1.0747961371629173
7 82 1.1606224626038328
7 83 1.1868670798784142
7 84 1.2992597248336228
7 85 1.2636214621305517
7 86 1.2667145232889863
7 87 1.0532932995629667
7 88 1.0922311005575716
7 89 1.416898564637991
8 9 1.4720844051756243
8 10 1.5476613218703326
8 11 1.1869681312798646
8 12 1.0535023177578122
8 13 1.1465025235688386
8 14 1.113269958432964
8 15 1.038420305533938
8 16 1.4519837199718248
8 17 1.3386623253395318
8 18 1.411716232344667
8 19 1.635871228486073
8 20 1.3484620893682657
8 21 0.5646782665255775
8 22 1.393143313211458
8 23 1.0724957406429225
8 24 1.1340811064901513
8 25 1.2043589417449518
8 26 1.3281120161413924
8 27 1.2401403610395987
8 28 1.1332928447224648
8 29 1.0019133347025442
8 30 1.2570069774748802
8 31 1.3853804055204022
8 32 1.310077166225676
8 33 1.3425024016293372
8 34 1.6298131893541103
8 35 1.2467183516327993
8 36 1.345543438666751
8 37 1.2058219341076186
8 38 1.100162218233693
8 39 1.0430325937857519
8 40 1.2152990911759949
8 41 0.5504982227839965
8 42 1.1929571369562142
8 43 1.241900644297483
8 44 1.1918288496612035
8 45 1.4160088404313207
8 46 1.1698744942677601
8 47 1.1924954930572216
8 48 0.9172951539788304
8 49 1.2397839902375472
8 50 0.9976638463487965
8 51 1.2172819450345733
8 52 1.2994203487392435
8 53 1.219587882787986
8 54 1.0303267580940676
8 55 1.037123588456569
8 56 1.100751271273783
8 57 1.2925875261747708
8 58 1.3675016574592562
8 59 1.4849253980665276
8 60 1.200781867063591
8 61 1.1262415856285832
8 62 1.090769931973445
8 63 1.2018470817082076
8 64 1.2208119090983351
8 65 1.172354067904644
8 66 1.1098643810371587
8 67 1.336298497053473
8 68 1.2291839357077297
8 69 0.7631204495901608
8 70 0.9871020792185785
8 71 1.2903257510666244
8 72 1.1205995981632713
8 73 1.2949231547595905
8 74 1.276532586572735
8 75 1.1684445225504616
8 76 1.2879544050818508
8 77 1.2802153176773126
8 78 1.3679265014097604
8 79 1.1503188968538554
8 80 1.5959951989533567
8 81 0.4208818035252028
8 82 1.1373947744510446
8 83 1.2345688862212971
8 84 1.281961048127158
8 85 1.1162183848699925
8 86 1.4194501656440275
8 87 0.9958365713736556
8 88 1.1746542391288937
8 89 1.428242003727016
9 10 1.287724842616651
9 11 1.3972642718803832
9 12 1.453510646589096
9 13 1.455769864776987
9 14 1.4210623425842974
9 15 1.4334413149017085
9 16 1.3115228350759165
9 17 1.5113864044356367
9 18 1.3190311805755504
9 19 1.328463717285199
9 20 1.2302234027662002
9 21 1.5306797126121396
9 22 1.4135440797339243
9 23 1.36022785884013
9 24 1.3431815946781935
9 25 1.316324467855971
9 26 1.4241484674122697
9 27 1.3491173979456415
9 28 1.3876067030576738
9 29 1.3216084912750947
9 30 1.411167983819089
9 31 1.2937617721065187
9 32 1.3136925477486179
9 33 1.409303531384602
9 34 1.285531429653977
9 35 1.4847020013770693
9 36 1.2835869756164682
9 37 1.3927493222747733
9 38 1.4394803536783904
9 39 1.3625618027519866
9 40 1.375762579508505
9 41 1.4966187078101216
9 42 1.3501085674830897
9 43 1.3740585883585634
9 44 1.331486859653332
9 45 1.3978113910306016
9 46 1.2173981043904036
9 47 1.323305573729286
9 48 1.3984015557197333
9 49 1.4489466370276105
9 50 1.377975867537948
9 51 1.2905416876473237
9 52 1.4290283830686805
9 53 1.352171969977713
9 54 1.3655264823120452
9 55 1.3536317304415637
9 56 1.4805411917087374
9 57 1.385998722434212
9 58 1.3068679240512306
9 59 1.3319250520609618
9 60 1.4284016834386153
9 61 1.3176527146126598
9 62 1.3103604193110845
9 63 1.3541943550043354
9 64 1.4006510051354215
9 65 1.3933169390512092
9 66 1.4528558482118055
9 67 1.4236661936208197
9 68 1.3267927154204577
9 69 1.4365962317943026
9 70 1.3321822260016496
9 71 1.3773969261274517
9 72 1.3371551132097617
9 73 1.3005698268663195
9 74 1.380050875609102
9 75 1.3881177633565198
9 76 1.2418471487503657
9 77 1.435936276061784
9 78 1.3869242511448718
9 79 1.4418157432741314
9 80 1.2595420332081495
9 81 1.4923199619132135
9 82 1.4251878930222515
9 83 1.3917754068935
9 84 1.366100711968358
9 85 1.3704221118563782
9 86 1.4283115493682232
9 87 1.321126927340746
9 88 1.326565562303857
9 89 1.3700346727226171
10 11 1.305623003024253
10 12 1.3903533109171826
10 13 1.3624782523091687
10 14 1.3291086656529938
10 15 1.4552766955289742
10 16 1.3371641362173465
10 17 1.332517162266533
10 18 1.2227976263629206
10 19 0.7407585257377567
10 20 1.339075568583558
10 21 1.5416010359017767
10 22 1.3759530831289224
10 23 1.4409161684476752
10 24 1.355010258198132
10 25 1.387772657475063
10 26 1.486663264793232
10 27 1.3590717316705403
10 28 1.2700931635015622
10 29 1.2519300248889085
10 30 1.330927897865143
10 31 1.1762485842373394
10 32 1.3505749415218617
10 33 1.4173905733727625
10 34 0.6684425673072236
10 35 1.446232522842312
10 36 1.1317298857919034
10 37 1.2986339327844778
10 38 1.4263244350383701
10 39 1.2845364592672608
10 40 1.4534953405589812
10 41 1.526479666565874
10 42 1.428377759842805
10 43 1.3825287869735203
10 44 1.4044559302380466
10 45 1.2066868309237224
10 46 1.4279179823988504
10 47 1.3803827634464747
10 48 1.3942298385446106
10 49 1.4788839155097226
10 50 1.397942578171605
10 51 1.3148380856005875
10 52 1.5587203437110853
10 53 1.3795594544917997
10 54 1.4062078795161894
10 55 1.428993072056171
10 56 1.4451343198525577
10 57 1.442559164106806
10 58 1.344408895238227
10 59 1.0687378107615093
10 60 1.4697245680787712
10 61 1.4004302955091286
10 62 1.487925617571511
10 63 1.1749322319229172
10 64 1.4048259035980073
10 65 1.3709020498570927
10 66 1.4528373112892576
10 67 1.282898471384765
10 68 1.1916821211049917
10 69 1.4683481925216357
10 70 1.3597636708244105
10 71 1.1722943324712918
10 72 1.191691200870155
10 73 1.3434694918137557
10 74 1.352774084050554
10 75 1.434554020477825
10 76 1.4280387270293515
10 77 1.3852164979061796
10 78 1.389908918136722
10 79 1.4276065052561968
10 80 0.7089175260379075
10 81 1.542242394449627
10 82 1.3270896143592117
10 83 1.3871138401135956
10 84 1.2759117969143285
10 85 1.2283506546320058
10 86 1.4036188071503461
10 87 1.3526074455215673
10 88 1.3140919518621916
10 89 1.3565828471053576
11 12 1.191487130529709
11 13 1.2672859172325983
11 14 1.21579545318282
11 15 1.1307771995853264
11 16 1.3936697765043082
11 17 1.390239448361793
11 18 1.3400465344639438
11 19 1.3285689267771092
11 20 1.3730283936579761
11 21 1.270948623835582
11 22 1.3762923822577715
11 23 1.127849167040921
11 24 1.2508598231019705
11 25 1.3006728173832367
11 26 1.33582444749756
11 27 1.2430007927058302
11 28 1.2817588226519159
11 29 1.2020395234112766
11 30 1.3396197159213687
11 31 1.3675076583035868
11 32 1.256378240359367
11 33 1.3457322563363967
11 34 1.3606445895942396
11 35 1.3781294763466374
11 36 1.3336438447912586
11 37 1.2952750029386475
11 38 1.2133138429997645
11 39 1.103784822053294
11 40 1.2540982814795578
11 41 1.2197175470218944
11 42 1.3541688764338529
11 43 1.181450240003336
11 44 1.0517064318314227
11 45 1.3603215062796912
11 46 1.049690725283171
11 47 1.2636274157654723
11 48 1.1444608578581958
11 49 1.4029334626956829
11 50 1.1550761813343113
11 51 0.9467717503744665
11 52 1.4803822211472937
11 53 1.3451151963999464
11 54 1.180370192176555
11 55 1.1820544750159245
11 56 1.2530589534432222
11 57 1.253118583231762
11 58 1.2535970209081908
11 59 1.2582076485184004
11 60 1.368572069415021
11 61 0.9912978200164556
11 62 1.0541078686418432
11 63 1.1914960276114546
11 64 1.2498347251871769
11 65 1.3035877984997748
11 66 1.2941708448383538
11 67 1.281183897461615
11 68 1.2733834831739697
11 69 1.2600796677905024
11 70 1.2187996134194246
11 71 1.251582667425651
11 72 1.1834719292995923
11 73 1.3010666798852886
11 74 1.3291337008357083
11 75 1.3021374763374045
11 76 1.4226414912715362
11 77 1.4080562840622073
11 78 1.3853981848541093
11 79 1.342308619848932
11 80 1.3684743698735944
11 81 1.202341955325405
11 82 1.2895358583389291
11 83 1.2470540851894187
11 84 1.1192116542925148
11 85 1.1293697463792611
11 86 1.285011349093295
11 87 1.1235075733650852
11 88 1.2186825341445187
11 89 1.2627293718870671
12 13 1.132124294805912
12 14 1.1937832976998703
12 15 1.0749885087646063
12 16 1.3297339944119293
12 17 1.4074925205676534
12 18 1.3688425858399866
12 19 1.4893724047296126
12 20 1.1257149377964797
12 21 1.0899525106086947
12 22 1.3548155068327994
12 23 0.9777993618439028
12 24 1.216542936589171
12 25 1.1792913834240297
12 26 1.4033374191861434
12 27 1.189358639954392
12 28 1.2137468168890762
12 29 1.01675740058693
12 30 1.073365931011765
12 31 1.361496005948133
12 32 1.3610799651237508
12 33 1.2616099527980082
12 34 1.4520108021662896
12 35 1.1139688580927114
12 36 1.2934301248269902
12 37 1.2631479961206868
12 38 1.0701974535539136
12 39 1.0104848271335225
12 40 1.331168298281938
12 41 1.0923177256352983
12 42 1.0659663981394356
12 43 1.209829476918168
12 44 1.2378530710228597
12 45 1.3648707410732348
12 46 1.3781548120019003
12 47 1.219858294161325
12 48 0.9535273806272515
12 49 1.0926425504080928
12 50 0.8991166993258011
12 51 1.3010502138720528
12 52 1.3500692491227129
12 53 1.2196968402683444
12 54 1.1623673065312823
12 55 1.044309315393796
12 56 1.3172806127665335
12 57 1.2903933836983001
12 58 1.33587391256291
12 59 1.3808590234476563
12 60 1.1226909482021923
12 61 1.1461555238829744
12 62 1.2606594976439962
12 63 1.0743135682704053
12 64 1.1967643338597787
12 65 1.1746651807926802
12 66 1.238344335728316
12 67 1.2890191614746023
12 68 1.3055977199624178
12 69 1.077039501028172
12 70 0.9053289368155968
12 71 1.1399566456652266
12 72 1.2843287833579569
12 73 1.296489417224043
12 74 1.107026644235277
12 75 1.149102010318915
12 76 1.2692912792648758
12 77 1.3148227902932113
12 78 1.3638480259697725
12 79 1.1827381309575815
12 80 1.4639511114111055
12 81 1.0106573175656812
12 82 1.023704199017472
12 83 1.1828078597804819
12 84 1.3108025134800905
12 85 1.217426219743297
12 86 1.338708490672326
12 87 1.0337556846688396
12 88 1.0141313372327785
12 89 1.427899433445638
13 14 1.2739511851630476
13 15 1.209886039692924
13 16 1.3657517846957472
13 17 1.3803551393956346
13 18 1.2162377423717419
13 19 1.4609944562327615
13 20 1.1083471799638995
13 21 1.1172222573093304
13 22 1.3342380349100267
13 23 1.1698727807541525
13 24 1.1996908606713017
13 25 1.2420195727885215
13 26 1.383555601515385
13 27 1.1476605248383067
13 28 1.303152108741289
13 29 1.1393181399412968
13 30 1.1900898989143742
13 31 1.3213856847876875
13 32 1.2935593161142849
13 33 1.3499799627117686
13 34 1.4173405526669258
13 35 1.1381412232539465
13 36 1.3258897726004142
13 37 1.2668768964419723
13 38 1.279165098644646
13 39 1.1415100712777482
13 40 1.2818634921007088
13 41 1.1117145690381425
13 42 1.0574127384498215
13 43 1.2814532031754513
13 44 1.4304595899739363
13 45 1.4414134033660633
13 46 1.38627313690545
13 47 1.2905664886672203
13 48 1.1128207486437882
13 49 1.1711910030105146
13 50 1.1198336306129515
13 51 1.3744184318842823
13 52 1.3353471655440043
13 53 1.1167971655392182
13 54 1.2604782016994593
13 55 1.1668961367109913
13 56 1.284826849363069
13 57 1.4042694747255628
13 58 1.4623133439818545
13 59 1.3505860849351685
13 60 1.1844541347003685
13 61 1.2669445065333418
13 62 1.352611730708733
13 63 1.2582720609701632
13 64 1.2580568858856858
13 65 1.248272284525076
13 66 1.3174273012422297
13 67 1.1773294447831044
13 68 1.3413159611420336
13 69 1.1323516148340822
13 70 1.0003113579253866
13 71 1.1459653105671939
13 72 1.2021957736543754
13 73 1.205042943326603
13 74 1.2489287866264585
13 75 1.3312574977953466
13 76 1.2654198126513683
13 77 1.4013061510335616
13 78 1.3515687970965167
13 79 1.137132219043458
13 80 1.3701394619677136
13 81 1.143439624982831
13 82 1.2734982504451582
13 83 1.3249100667196247
13 84 1.3242067995916245
13 85 1.2126502383956834
13 86 1.247138980217391
13 87 1.246197289146935
13 88 1.2227365873988336
13 89 1.4497874360941376
14 15 1.2191981948784165
14 16 1.4022807859553847
14 17 1.4054856542458003
14 18 1.2970652536111718
14 19 1.3600163902599638
14 20 1.3789011606117783
14 21 1.1829278939448817
14 22 1.4306721999473995
14 23 1.0654024435836664
14 24 1.2102858410341362
14 25 1.308715170375719
14 26 1.3851071325405162
14 27 1.240318248560625
14 28 1.103444004692455
14 29 1.1788588016008577
14 30 1.3054081499506052
14 31 1.5140860334819857
14 32 1.2117982962660245
14 33 1.244785130467667
14 34 1.4186426835583343
14 35 1.3181778342459807
14 36 1.3294616110816682
14 37 1.244632387563032
14 38 1.222497045029802
14 39 1.2140391455728516
14 40 1.373660819391068
14 41 1.1387796534499859
14 42 1.263641509635185
14 43 1.262991329092817
14 44 1.2652155586408749
14 45 1.300993035821685
14 46 1.319089654934402
14 47 1.2548513042307343
14 48 1.1574834852834734
14 49 1.335112058737093
14 50 1.1165207146428027
14 51 1.2853441076083654
14 52 1.3082633921464208
14 53 1.3360955701067745
14 54 1.2827322478674035
14 55 1.1946197796799725
14 56 1.2431487946597957
14 57 1.348781222330157
14 58 1.3508017048397993
14 59 1.2783315614569144
14 60 1.3549303289727792
14 61 1.3190480720834266
14 62 1.2980705281441007
14 63 1.1990230215470172
14 64 1.3092152721842056
14 65 1.3200277507672415
14 66 1.3089420227575994
14 67 1.3416128494832291
14 68 1.0737642117158532
14 69 1.1890432253501568
14 70 1.182178239804837
14 71 1.2195898062452866
14 72 1.0563376382063108
14 73 1.1967821130550858
14 74 1.268094601592462
14 75 1.165360849187163
14 76 1.4452578730814682
14 77 1.273655752851849
14 78 1.5679078541633786
14 79 1.3076088802800419
14 80 1.3517843575337705
14 81 1.118096157947281
14 82 1.2054585805736207
14 83 1.3068185974288793
14 84 1.2547779963860508
14 85 1.1787502703953112
14 86 1.4114736212978385
14 87 1.1070861836878765
14 88 1.162858437217316
14 89 1.4726076719181163
15 16 1.4089626238246902
15 17 1.450218227982694
15 18 1.418190420038623
15 19 1.4919426481004259
15 20 1.4556590445203919
15 21 1.1514742639611177
15 22 1.3151150407246814
15 23 1.0534196814715522
15 24 1.260513079640372
15 25 1.230751696331394
15 26 1.3183324927866316
15 27 1.218154197991642
15 28 1.2924508213641317
15 29 1.2147610009343637
15 30 1.3771468486134775
15 31 1.3752267511725467
15 32 1.337155434675127
15 33 1.3066156406224139
15 34 1.495734722951893
15 35 1.2799866887371236
15 36 1.3796686025537392
15 37 1.3097461600143046
15 38 0.9742491765411136
15 39 1.1135249564469043
15 40 1.1723042171601779
15 41 1.1371656247419015
15 42 1.2507361931559637
15 43 1.0937669518949007
15 44 1.0469981605584981
15 45 1.3953250021779828
15 46 1.1632505825219228
15 47 1.3373588947274198
15 48 1.0018018686530203
15 49 1.328476659925057
15 50 1.0893536257596568
15 51 1.112295511135312
15 52 1.3762256311016998
15 53 1.3260472516152253
15 54 1.1777899871375355
15 55 1.0215879469324132
15 56 1.3470880517404171
15 57 1.254229574264634
15 58 1.3677684131701808
15 59 1.4253562670865498
15 60 1.2355200469999845
15 61 1.1193459380735449
15 62 1.0998960059881122
15 63 1.2111997920681632
15 64 1.3366919341925827
15 65 1.265556549434848
15 66 1.313927187841502
15 67 1.4442902422968016
15 68 1.3417954491246806
15 69 1.0994712217056568
15 70 1.1820441286687842
15 71 1.304710352248355
15 72 1.3127509256745964
15 73 1.3663094205466826
15 74 1.3051313753213638
15 75 1.2480200055573836
15 76 1.3828174242857554
15 77 1.3580902922463238
15 78 1.3354073405778648
15 79 1.3919190768300602
15 80 1.4941416740608624
15 81 1.0248789084581982
15 82 1.122636141356158
15 83 1.1156904535612204
15 84 1.1372310610484067
15 85 1.254396019199271
15 86 1.407804135239252
15 87 1.0532103246236808
15 88 1.2090037908772142
15 89 1.3760593629180584
16 17 1.332033623762468
16 18 1.4591406443357677
16 19 1.3515827779955634
16 20 1.2241505493340248
16 21 1.4330428964741155
16 22 1.415899581623542
16 23 1.4094242314183953
16 24 1.4450864988471153
16 25 1.1961567384326954
16 26 1.3693975416515052
16 27 1.269212234848162
16 28 1.4453514137212313
16 29 1.2624794093962688
16 30 1.2715768176153666
16 31 1.3794674222492072
16 32 1.3513073461268361
16 33 1.1856136842482683
16 34 1.2910226820152833
16 35 1.2204719360798988
16 36 1.2269296059563481
16 37 1.277830491409271
16 38 1.372931617115129
16 39 1.170528374283368
16 40 1.3191116782898167
16 41 1.4358379933262264
16 42 1.2864370377413372
16 43 1.4476561236925476
16 44 1.4333901396949835
16 45 1.3570585283300571
16 46 1.4022935400717609
16 47 1.2865784760851264
16 48 1.3812970134951932
16 49 1.169828079185821
16 50 1.3264918858842556
16 51 1.4561974240599163
16 52 1.3203102057367742
16 53 1.25460323895982
16 54 1.4013446702190604
16 55 1.4125077642310453
16 56 1.256902544203852
16 57 1.390801261772508
16 58 1.3459813688331612
16 59 1.195613838290239
16 60 1.1664440808631928
16 61 1.4184364099034734
16 62 1.4719710676895816
16 63 1.261616398743888
16 64 1.3493098028675072
16 65 1.370513473348897
16 66 1.4164745179909348
16 67 1.1826594251321256
16 68 1.401767955105217
16 69 1.3141383320926139
16 70 1.3134663697084565
16 71 1.2799578981762059
16 72 1.3641859023168026
16 73 1.3099694436160887
16 74 1.178229327429195
16 75 1.3076257800129252
16 76 1.3434181677389376
16 77 1.35040699705168
16 78 1.2913944157448938
16 79 1.3623246514510272
16 80 1.3975460285374037
16 81 1.4589187309255
16 82 1.2441239695482715
16 83 1.388440502438454
16 84 1.390314656669085
16 85 1.4367418658849787
16 86 1.2434834986683265
16 87 1.3500206453711703
16 88 1.313460371383292
16 89 1.4175353376632212
17 18 1.4627381837554403
17 19 1.3503898508936611
17 20 1.430661461957014
17 21 1.3225285893725274
17 22 1.4085717481728324
17 23 1.4644927816927817
17 24 1.4148581858224172
17 25 1.4153027278288846
17 26 1.386700699593795
17 27 1.4334700117368067
17 28 1.3604549927448664
17 29 1.3336109979656174
17 30 1.481748348841863
17 31 1.3242907659021153
17 32 1.413657787190076
17 33 1.2957686300192743
17 34 1.3810413865149038
17 35 1.386748571472034
17 36 1.3715136050974386
17 37 1.2764074825025207
17 38 1.442775169987582
17 39 1.3647528535713915
17 40 1.454484089668076
17 41 1.3159918686695715
17 42 1.4010441706743948
17 43 1.4129432387744452
17 44 1.493638763518
17 45 1.3203709539673172
17 46 1.4158301941918874
17 47 1.424126522306081
17 48 1.3806180475142606
17 49 1.4345888292680327
17 50 1.3972115598467856
17 51 1.4135744359069158
17 52 1.2625568803676666
17 53 1.3637681112033007
17 54 1.3542439490757199
17 55 1.465374372806281
17 56 1.1055471888203376
17 57 1.470951737395004
17 58 1.4099431580685426
17 59 1.4098741057641624
17 60 1.3784635905142586
17 61 1.4270636685721667
17 62 1.4484829330985811
17 63 1.2939437430649485
17 64 1.3905664400739581
17 65 1.4015002340019318
17 66 1.1985527401197968
17 67 1.3401011557450622
17 68 1.3424786436623954
17 69 1.4227476938022532
17 70 1.472585137753998
17 71 1.2511084431492985
17 72 1.3085519945775357
17 73 1.4531306916904942
17 74 1.3447873219934374
17 75 1.3973775245280824
17 76 1.3879761689394892
17 77 1.3590923716685088
17 78 1.2157974999091696
17 79 1.3354599713948443
17 80 1.3525033794501518
17 81 1.3603584032243132
17 82 1.3777597601495921
17 83 1.3384006198849467
17 84 1.3964657261081357
17 85 1.3937411204239392
17 86 1.308167361134313
17 87 1.4415860651768448
17 88 1.4077191318587592
17 89 1.3080965142969354
18 19 1.291460016690017
18 20 1.3143001284182305
18 21 1.34807991313579
18 22 1.314552586874658
18 23 1.3656562404835224
18 24 1.3634542616248038
18 25 1.3127534763816
18 26 1.3553970919166114
18 27 1.3348039656911943
18 28 1.3257642414964086
18 29 1.2412158719205302
18 30 1.298763903302057
18 31 1.3707802215602278
18 32 1.340116280207547
18 33 1.4011484541951598
18 34 1.334864500827162
18 35 1.32456120621841
18 36 1.3224357454810203
18 37 1.1896505173676264
18 38 1.3854484009511072
18 39 1.3327680884310436
18 40 1.4675289712170891
18 41 1.35241240869325
18 42 1.326889293808194
18 43 1.3017547032225687
18 44 1.385687420187669
18 45 1.4318633346754306
18 46 1.3146343368489997
18 47 1.3055102981591316
18 48 1.1874037862614197
18 49 1.4088994992354267
18 50 1.2648305341163681
18 51 1.32643534739908
18 52 1.380590121627959
18 53 1.309740680336449
18 54 1.335654514086042
18 55 1.2651350083735986
18 56 1.4977355393380032
18 57 1.337929060373576
18 58 1.276730243486295
18 59 1.2526611430413206
18 60 1.3839776696757904
18 61 1.3763151157350806
18 62 1.4070745008440302
18 63 1.1940341179681226
18 64 1.2910174920354975
18 65 1.1495829754006863
18 66 1.376029807126732
18 67 1.4113846955970804
18 68 1.30048401418011
18 69 1.328505205019961
18 70 1.2834787628278217
18 71 1.2283364840343332
18 72 1.2517718490375425
18 73 1.2286509775529164
18 74 1.294665306011693
18 75 1.3017110629477173
18 76 1.3843033345474693
18 77 1.3457325001199743
18 78 1.3512658213559883
18 79 1.3055496024849513
18 80 1.2074879375833585
18 81 1.3349811754363354
18 82 1.4481567614491087
18 83 1.3091867472971284
18 84 1.2710688546211608
18 85 1.229356897386071
18 86 1.3490759868401443
18 87 1.3142985918021919
18 88 1.3581567865053226
18 89 1.3212930645444572
19 20 1.3790880135711399
19 21 1.6587769888574335
19 22 1.4491508622735347
19 23 1.4898378234596714
19 24 1.4441359811928176
19 25 1.4019505311010703
19 26 1.4710192026918647
19 27 1.4509218007619402
19 28 1.3184629673278365
19 29 1.3251334978598304
19 30 1.367899246534334
19 31 1.1747467648518535
19 32 1.3179560958598746
19 33 1.4276226409660746
19 34 0.5464936505685993
19 35 1.482685448753539
19 36 1.2432120549812946
19 37 1.3600067163516654
19 38 1.4805947305269578
19 39 1.3894792689077196
19 40 1.449597555344142
19 41 1.646331202037137
19 42 1.4657954427939779
19 43 1.4267293610166432
19 44 1.4072748046919439
19 45 1.2574662939272585
19 46 1.430450671373599
19 47 1.4677233335146385
19 48 1.4317061362417183
19 49 1.493601674283375
19 50 1.4491086286377748
19 51 1.3753464642619495
19 52 1.4755942931302417
19 53 1.377561121715354
19 54 1.5028468739608405
19 55 1.48443458044501
19 56 1.4703066758873857
19 57 1.4192794496544285
19 58 1.4059399172915237
19 59 1.089785871930755
19 60 1.4985381088394412
19 61 1.4016693025337508
19 62 1.5020205822216088
19 63 1.2595180536735824
19 64 1.3797444029855268
19 65 1.4512602568405129
19 66 1.436251454431226
19 67 1.2864089057441372
19 68 1.2070051411598546
19 69 1.5890234186423313
19 70 1.4666401885775195
19 71 1.2407648957609734
19 72 1.2618151611793071
19 73 1.2505117925482698
19 74 1.405600106828606
19 75 1.4862114297296456
19 76 1.5372597693791183
19 77 1.4107538112461984
19 78 1.417454529222034
19 79 1.5318557860808062
19 80 0.5683660353851377
19 81 1.654986243705792
19 82 1.3779964541693042
19 83 1.3919149167434786
19 84 1.28575227403803
19 85 1.2955589851415936
19 86 1.4322302442411405
19 87 1.4209494894922574
19 88 1.4074734057613232
19 89 1.360015180261615
20 21 1.3797186510176995
20 22 1.423804798651714
20 23 1.2723872570980683
20 24 1.3642301331644258
20 25 1.0793462394247981
20 26 1.3619802306312436
20 27 1.189883770675842
20 28 1.3621544090275701
20 29 1.159212781777831
20 30 1.0620055835698727
20 31 1.3251288875642964
20 32 1.3355618112606011
20 33 1.2812572384438776
20 34 1.358671175447606
20 35 1.1264070099263845
20 36 1.24914173104641
20 37 1.3153848140340538
20 38 1.3941927861243626
20 39 1.1555795094273569
20 40 1.3067886946183194
20 41 1.36793942476325
20 42 1.1370751705215172
20 43 1.4353890172662747
20 44 1.4912336089695886
20 45 1.45070906481112
20 46 1.5350315563645607
20 47 1.187050841821157
20 48 1.28047371927522
20 49 1.0144816268418855
20 50 1.217854035535547
20 51 1.5201952259224358
20 52 1.3364711454100402
20 53 1.2354741905794304
20 54 1.3109502308905965
20 55 1.2564285514418898
20 56 1.3228324045032225
20 57 1.3968429159976374
20 58 1.368353085428676
20 59 1.4113970597209247
20 60 1.1379736961515567
20 61 1.2532569564245948
20 62 1.4596661050991704
20 63 1.236072597213713
20 64 1.264658741693795
20 65 1.3369040492060986
20 66 1.3893243040242653
20 67 1.1493666289156304
20 68 1.3503537636301326
20 69 1.3192788179364325
20 70 1.0183487475864559
20 71 1.0386714032819413
20 72 1.3266010354888433
20 73 1.214216069681003
20 74 1.2205548391410628
20 75 1.3011153503136725
20 76 1.1957477869777664
20 77 1.4014630094691634
20 78 1.3794816778664851
20 79 1.223448683254835
20 80 1.3874486470874245
20 81 1.353049866771627
20 82 1.1711983679244433
20 83 1.431234969561671
20 84 1.4837798109479745
20 85 1.3406925604889217
20 86 1.2756200956518782
20 87 1.2684607998177413
20 88 1.1971456862186058
20 89 1.4709221700514947
21 22 1.3627669485242015
21 23 1.1288891086368023
21 24 1.2103640654779484
21 25 1.2353784073098921
21 26 1.3356297284544383
21 27 1.2209546061946623
21 28 1.1103940097644698
21 29 1.0743657203320187
21 30 1.2450390583948026
21 31 1.4077216002176767
21 32 1.2870411495088727
21 33 1.3418263049462207
21 34 1.6339814319435912
21 35 1.2466697730222682
21 36 1.408625070155618
21 37 1.186147302069033
21 38 1.1742691426548932
21 39 1.141453346726135
21 40 1.2874518479322332
21 41 0.43541498971971077
21 42 1.147471830339933
21 43 1.2898227396238438
21 44 1.2816420281707308
21 45 1.4529678931389158
21 46 1.234974859894781
21 47 1.1433650613204926
21 48 0.9594003565131363
21 49 1.1885627373584295
21 50 1.0600292326495613
21 51 1.2987128101265977
21 52 1.2980099255298028
21 53 1.281714401854157
21 54 1.0846160524567288
21 55 1.0940583659247476
21 56 1.1673896606198297
21 57 1.3159503021982302
21 58 1.309208197070797
21 59 1.4921710597212838
21 60 1.259500982465741
21 61 1.2338836755433835
21 62 1.1528207826840666
21 63 1.2213602641518164
21 64 1.2620490668325282
21 65 1.0795056364389812
21 66 1.0955635512766315
21 67 1.3756162891493537
21 68 1.2832534974833656
21 69 0.742639136539705
21 70 1.0296418258082027
21 71 1.3003134607658684
21 72 1.144624574054347
21 73 1.309618662716608
21 74 1.2892930386056731
21 75 1.2298451151306136
21 76 1.2677104554029677
21 77 1.2829764094417628
21 78 1.319897584836302
21 79 1.036332949659223
21 80 1.6282350439255
21 81 0.5048067712551036
21 82 1.190316298206485
21 83 1.2520785560922014
21 84 1.2732917991354054
21 85 1.1228324529349127
21 86 1.3613745090109322
21 87 1.098655193892389
21 88 1.2109521284611278
21 89 1.4386298381649374
22 23 1.3688356135335755
22 24 1.4084887596837978
22 25 1.4970253019336872
22 26 1.4464704154444556
22 27 1.2382398284874794
22 28 1.4924083719455086
22 29 1.3201283573078495
22 30 1.4194625797090887
22 31 1.4256446473594642
22 32 1.4744679609244906
22 33 1.3962320869738054
22 34 1.4535714069490302
22 35 1.3291593479522423
22 36 1.3607337943279918
22 37 1.279795235146482
22 38 1.4503847861125247
22 39 1.3444592308458603
22 40 1.3152340269401435
22 41 1.3346743761800337
22 42 1.388504611684945
22 43 1.2853901349058037
22 44 1.42829462111526
22 45 1.361249298019717
22 46 1.2691767129445148
22 47 1.418958585469598
22 48 1.280208583885596
22 49 1.418970470609364
22 50 1.2924100598087713
22 51 1.4284429033151214
22 52 1.3646978861645866
22 53 1.4359333548646664
22 54 1.2589108442324792
22 55 1.2614688058317987
22 56 1.4110033094916485
22 57 1.296035032842872
22 58 1.3780407153870893
22 59 1.4770596125898865
22 60 1.4309776367676554
22 61 1.2940558509560964
22 62 1.3972011365148052
22 63 1.3663641824308623
22 64 1.3965190277725432
22 65 1.2794049922890782
22 66 1.3322508056496625
22 67 1.6949521245148143
22 68 1.3746679500575965
22 69 1.2940930525275633
22 70 1.3749962241289901
22 71 1.4828626206271127
22 72 1.418512808874872
22 73 1.4656384913216982
22 74 1.315770173602536
22 75 1.2716882088329475
22 76 1.4143943818693536
22 77 1.1469536787698484
22 78 1.2298126162867522
22 79 1.2499658123763793
22 80 1.4306187954175769
22 81 1.3520079069119628
22 82 1.442054981829442
22 83 1.3475696389634595
22 84 1.3493765163677975
22 85 1.3230328373679852
22 86 1.2697177677056088
22 87 1.4409674417571363
22 88 1.3214734432422046
22 89 1.3571110133759352
23 24 1.1559207061206456
23 25 1.2032854373574196
23 26 1.4114629263400997
23 27 1.1772387793004442
23 28 1.2090868608961798
23 29 1.1341305107722253
23 30 1.2289576390124881
23 31 1.3787367921888247
23 32 1.3459453405655522
23 33 1.3510755867080704
23 34 1.5201099405839393
23 35 1.303084738697381
23 36 1.3235703679812034
23 37 1.3665371916702929
23 38 1.1814967887379622
23 39 1.0950465432091792
23 40 1.1237780414633256
23 41 1.1312697728491068
23 42 1.1845064400803582
23 43 1.1580476697116544
23 44 1.1120330769000784
23 45 1.3851864540756216
23 46 1.167608955953715
23 47 1.2259415874247215
23 48 0.9761361887093147
23 49 1.228575935502172
23 50 0.8403248148652626
23 51 1.196690129300608
23 52 1.3834036767641182
23 53 1.3204319338258281
23 54 1.22255189581745
23 55 0.9828138385089037
23 56 1.3716322467611366
23 57 1.285967158272667
23 58 1.3368073291564393
23 59 1.360246336567847
23 60 1.2890864611697763
23 61 1.064210990581918
23 62 1.190549384472347
23 63 1.1879288667510088
23 64 1.297346744831021
23 65 1.24501542474445
23 66 1.2853869577096684
23 67 1.3263110381461787
23 68 1.2971088960612964
23 69 1.133678924256319
23 70 1.1323246872998471
23 71 1.2305469292270639
23 72 1.2400114057797258
23 73 1.2840742139250194
23 74 1.1851928298052958
23 75 1.1648924460221253
23 76 1.3533234234393794
23 77 1.3563148584849376
23 78 1.4367140263046272
23 79 1.248466375045023
23 80 1.495570190347521
23 81 1.0794749283781737
23 82 1.120568130994698
23 83 1.2997143192579512
23 84 1.2911066621505332
23 85 1.1397674850253794
23 86 1.355733624908753
23 87 0.8666649685197578
23 88 1.0449413477970733
23 89 1.4270668406723397
24 25 1.3153858096240052
24 26 1.4440768883342847
24 27 1.2422396697615965
24 28 1.1948582836018848
24 29 1.209424151642809
24 30 1.2722325889189992
24 31 1.3085909740432407
24 32 1.3634902096262749
24 33 1.5165310777490069
24 34 1.4046576653845428
24 35 1.3630041589379398
24 36 1.293574828879968
24 37 1.3243492726309145
24 38 1.2402595444305222
24 39 1.243085053843524
24 40 1.279829097001851
24 41 1.1140520825215092
24 42 1.3130506913286675
24 43 1.2021077699696605
24 44 1.3419755100079638
24 45 1.4492332422847187
24 46 1.2788793420294822
24 47 1.3523035500942389
24 48 1.1612943281666892
24 49 1.4933525043220663
24 50 1.1478422287911492
24 51 1.2445730137625084
24 52 1.3136487329950304
24 53 1.299080818518063
24 54 1.2353394301736171
24 55 1.1617211389953168
24 56 1.3010706313536928
24 57 1.4244022609190052
24 58 1.4225167547929616
24 59 1.3868783269516816
24 60 1.3763739554905354
24 61 1.2567736412726218
24 62 1.3453733652819069
24 63 1.3474799900000347
24 64 1.2290376126178955
24 65 1.2977184785106954
24 66 1.3747975177715945
24 67 1.4190896434685747
24 68 1.2789076039778142
24 69 1.1719605547145844
24 70 1.1486680387688937
24 71 1.288173464264857
24 72 1.1815990656245057
24 73 1.303557991805859
24 74 1.3401269626610381
24 75 1.252767543143524
24 76 1.356122255097527
24 77 1.4000815410428111
24 78 1.3653078092895639
24 79 1.3393124335357225
24 80 1.383250937236179
24 81 1.193486868967196
24 82 1.341689596513494
24 83 1.258652120978214
24 84 1.258633253020621
24 85 1.1797352971924506
24 86 1.5153542534151587
24 87 1.1737313049128628
24 88 1.2095124136787612
24 89 1.3185316961290614
25 26 1.3398483548196276
25 27 1.2017771377753412
25 28 1.4111121819273214
25 29 1.124651647087747
25 30 1.1450148448634156
25 31 1.3136812714055093
25 32 1.3095055595426457
25 33 1.229260961313599
25 34 1.3835697834941885
25 35 1.1407094476199984
25 36 1.2727687856286336
25 37 1.195740803387608
25 38 1.2542440644087367
25 39 1.0931014703047452
25 40 1.299436419960766
25 41 1.2352195268520132
25 42 1.0572143351016514
25 43 1.3763333239127673
25 44 1.3264439116513136
25 45 1.3129841822959747
25 46 1.2839127744461631
25 47 1.2256055890383146
25 48 1.186924348707816
25 49 1.0054057599960375
25 50 1.1482778861668392
25 51 1.2804985259644461
25 52 1.3068252716803994
25 53 1.2915062826869983
25 54 1.2405179795355035
25 55 1.1006619975852485
25 56 1.309180053077628
25 57 1.2273806442682462
25 58 1.2947202265440512
25 59 1.425912805892835
25 60 1.1352560268459826
25 61 1.2563025861462536
25 62 1.3028054068934305
25 63 1.2422465832101586
25 64 1.2483787896339384
25 65 1.2272972404524505
25 66 1.2709047653065495
25 67 1.1898964011175404
25 68 1.3716344255588302
25 69 1.1813940400130452
25 70 1.0578935939608243
25 71 1.1511317679351856
25 72 1.337444226929475
25 73 1.3231622853988907
25 74 1.1278831093886055
25 75 1.215971743270396
25 76 1.1842617278833245
25 77 1.4527277267608656
25 78 1.3059208295910278
25 79 1.2073640548703257
25 80 1.4339438222702885
25 81 1.1981393477972004
25 82 1.1320066480108055
25 83 1.3217212107074863
25 84 1.351950422992256
25 85 1.3653226080787402
25 86 1.2432035610605812
25 87 1.1232697201758646
25 88 1.2917354699319121
25 89 1.3932699341496828
26 27 1.3275116420071955
26 28 1.3818336912395541
26 29 1.3837410061568043
26 30 1.356780467383596
26 31 1.3300845035156754
26 32 1.3782120802528486
26 33 1.409004435346552
26 34 1.4201088479830262
26 35 1.4290510950055682
26 36 1.417529272159598
26 37 1.3670425415890746
26 38 1.312202429479042
26 39 1.3516535403092198
26 40 1.2979546736274377
26 41 1.3276557859039801
26 42 1.3829051419403624
26 43 1.380320960988617
26 44 1.356025536528175
26 45 1.3698845175509171
26 46 1.3324440396481902
26 47 1.340598376116365
26 48 1.3138183636973313
26 49 1.2741640930047669
26 50 1.4180754340115622
26 51 1.3453046941815516
26 52 1.3807242415013419
26 53 1.3915652779258383
26 54 1.3286460941302998
26 55 1.4046320289668695
26 56 1.4015998941038683
26 57 1.2463052423455323
26 58 1.3834694358083244
26 59 1.3728079625922445
26 60 1.3670774693168335
26 61 1.3222332896310771
26 62 1.2655967998236326
26 63 1.4364889233754945
26 64 1.3915987651113695
26 65 1.3238152304714104
26 66 1.3781678219267555
26 67 1.3519013755553881
26 68 1.3790127523809539
26 69 1.4531132017593993
26 70 1.4107131713405106
26 71 1.3207340118440423
26 72 1.2978299590678435
26 73 1.2992477728329497
26 74 1.4031005484933305
26 75 1.338780236043488
26 76 1.4272372802035738
26 77 1.234223046326919
26 78 1.3599174299447907
26 79 1.5091492329205853
26 80 1.4508432054698537
26 81 1.3380519369665047
26 82 1.4127979152422834
26 83 1.3991586656615784
26 84 1.3237288385870587
26 85 1.2731633383146457
26 86 1.466975298858064
26 87 1.421907944412168
26 88 1.3279077132741057
26 89 1.4082403034167388
27 28 1.3324025804187487
27 29 1.1680322156428924
27 30 1.2666894270538427
27 31 1.3372111874811277
27 32 1.230265883427144
27 33 1.3291832690761556
27 34 1.4276867561079236
27 35 1.237119798837622
27 36 1.2124054940051365
27 37 1.219831606717633
27 38 1.1563448625186843
27 39 1.1603162569641725
27 40 1.2392312702314805
27 41 1.2399244047866884
27 42 1.2331732179567967
27 43 1.2358565077672692
27 44 1.3951432684868859
27 45 1.4162302440060803
27 46 1.2968393546328898
27 47 1.244302286600481
27 48 1.1079777600202203
27 49 1.1427699533714613
27 50 1.154567789004045
27 51 1.2766210805855678
27 52 1.2688961280781443
27 53 1.283059165746612
27 54 1.2107711535636894
27 55 1.2088260648483635
27 56 1.3189741022101595
27 57 1.2787443107600494
27 58 1.3731256836321508
27 59 1.3176718848667848
27 60 1.289370307913472
27 61 1.2450512690077566
27 62 1.3393116191702146
27 63 1.2081280103835044
27 64 1.2518423860230694
27 65 1.222988576014652
27 66 1.2951705336954238
27 67 1.3332193474156293
27 68 1.269931693421149
27 69 1.162242568914452
27 70 1.1450816466662845
27 71 1.0840753227355286
27 72 1.238694886559149
27 73 1.2266734897435787
27 74 1.2582584886083126
27 75 1.0697744436622334
27 76 1.2140698005642638
27 77 1.1963487767300964
27 78 1.2929238195948092
27 79 1.1913896549130734
27 80 1.423229527348675
27 81 1.2067017709376116
27 82 1.188422179337753
27 83 1.2644189652346975
27 84 1.2545983059697463
27 85 1.2483336489468853
27 86 1.2203368253962206
27 87 1.1483556688286405
27 88 1.059083686533967
27 89 1.4748136604678863
28 29 1.2089847692505296
28 30 1.2424168272731737
28 31 1.2107424604841437
28 32 1.2735508915678069
28 33 1.3591197841736167
28 34 1.3227929975239148
28 35 1.455398839005819
28 36 1.3243430787578818
28 37 1.1899226563657144
28 38 1.282809820989534
28 39 1.2026381985368506
28 40 1.3284095719738334
28 41 1.0313350914367105
28 42 1.3392280455223742
28 43 1.173819573294038
28 44 1.2913751462978937
28 45 1.3824779667927651
28 46 1.3536899952466008
28 47 1.0019234065656766
28 48 1.2362636631599864
28 49 1.406740712046859
28 50 1.1691476994791492
28 51 1.4491410033729581
28 52 1.3924882550237812
28 53 1.2541965701494537
28 54 1.2699485540813342
28 55 1.2387037333210802
28 56 1.3117615173604915
28 57 1.4014011131764224
28 58 1.3783916393198297
28 59 1.2996419294146744
28 60 1.42706423393305
28 61 1.3199143376921343
28 62 1.2951416114611256
28 63 1.1943421187058911
28 64 1.315996412810391
28 65 1.2632945816145156
28 66 1.329152742987144
28 67 1.3212118937672728
28 68 0.9413072906353245
28 69 1.135113481314998
28 70 1.282671102840467
28 71 1.1420052384441313
28 72 0.885045082834858
28 73 1.2432918277905134
28 74 1.2975941805803632
28 75 1.3003950297769773
28 76 1.44952526009179
28 77 1.3778018008893116
28 78 1.4085984444891055
28 79 1.3392804984443982
28 80 1.298273951851877
28 81 1.1278361373478343
28 82 1.231933861943608
28 83 1.4211937942004267
28 84 1.2251195797977916
28 85 1.13522698225883
28 86 1.560469352792754
28 87 1.1503872562139403
28 88 1.2491432933858797
28 89 1.4151751220429818
29 30 1.2862140670291482
29 31 1.2778839447268735
29 32 1.4016222576364996
29 33 1.3140100987866408
29 34 1.301038096903523
29 35 1.151042131420023
29 36 1.2521793776548902
29 37 1.179240800413626
29 38 1.152385234026082
29 39 0.8806938814465445
29 40 1.2211069623788995
29 41 1.0617530374404962
29 42 1.1673717350451078
29 43 1.2642271211182756
29 44 1.2382457480996025
29 45 1.3330508347028216
29 46 1.2561130986993048
29 47 1.2160754091465436
29 48 0.9764859694094443
29 49 1.1989555234300149
29 50 0.916429268641224
29 51 1.1959034767682541
29 52 1.3566042281671726
29 53 1.1344744707050545
29 54 1.101802298355592
29 55 0.9817671252964436
29 56 1.2335814701454229
29 57 1.2994295514984584
29 58 1.296414973468293
29 59 1.264865861926037
29 60 1.1531753277815193
29 61 1.1141166808947303
29 62 1.2146677542707707
29 63 1.0665847994561555
29 64 1.1439517108163095
29 65 1.1989421843684513
29 66 1.1825350799848016
29 67 1.155300214968057
29 68 1.123899959452115
29 69 1.0648652088337491
29 70 0.9739390340677113
29 71 1.0717824757825976
29 72 1.095118237232983
29 73 1.2568226184171045
29 74 1.123853144346271
29 75 1.231682158911494
29 76 1.3062758629639153
29 77 1.2442969858157573
29 78 1.3693660107061008
29 79 1.1687505880182052
29 80 1.3507460835071952
29 81 1.0479358459885477
29 82 1.0639754659352416
29 83 1.2274332248265416
29 84 1.2792942244048744
29 85 1.1201737599189021
29 86 1.2741439372612817
29 87 0.9490701734436028
29 88 1.117598898326228
29 89 1.3933241284678752
30 31 1.3370532275242617
30 32 1.2069015192187935
30 33 1.33937109187176
30 34 1.3185232120943429
30 35 1.1944686453233904
30 36 1.3503638065676087
30 37 1.344489831406863
30 38 1.3351288248300683
30 39 1.2183735601340049
30 40 1.366075350779426
30 41 1.2566689156778024
30 42 1.088047280240444
30 43 1.4140640223482344
30 44 1.3768802982739206
30 45 1.4192074431174242
30 46 1.3397503219568896
30 47 1.2764132588371406
30 48 1.1712888198709144
30 49 1.0078640280272408
30 50 1.2245295503877554
30 51 1.4878915144022276
30 52 1.3759033752526348
30 53 1.1968820714818553
30 54 1.3218859045118054
30 55 1.2208959604649372
30 56 1.316029574422148
30 57 1.3494433432158306
30 58 1.425717538885045
30 59 1.4093899988600231
30 60 1.1830197062777337
30 61 1.2813307735574966
30 62 1.403637417897209
30 63 1.206575628098842
30 64 1.215289732908709
30 65 1.3369616171476426
30 66 1.3809957214109325
30 67 1.2825040682097992
30 68 1.3834286249076289
30 69 1.1961972613739071
30 70 1.085836609025175
30 71 1.0775041109864925
30 72 1.2666491963060262
30 73 1.1871171998356267
30 74 1.1412876422697797
30 75 1.2663132080038986
30 76 1.2282499212494038
30 77 1.4069547363733128
30 78 1.3735076792271315
30 79 1.2088216175738646
30 80 1.3689218163176011
30 81 1.2426842168769614
30 82 1.104850959122064
30 83 1.3399519837075449
30 84 1.443634600696445
30 85 1.257620893070338
30 86 1.3721932263587053
30 87 1.208063678961818
30 88 1.2422499931812208
30 89 1.3781846686923738
31 32 1.3235720325217695
31 33 1.4463998022774074
31 34 1.107170972025987
31 35 1.3970703107916806
31 36 1.2551705457749571
31 37 1.2435488164891468
31 38 1.4179405354342018
31 39 1.2585899226888437
31 40 1.314768404398728
31 41 1.373518000617832
31 42 1.3581462826984512
31 43 1.442860901371665
31 44 1.4257135748700507
31 45 1.3411607863653177
31 46 1.3455749984261816
31 47 1.3554511244527527
31 48 1.3409979718326939
31 49 1.3516131442934818
31 50 1.3707620855829445
31 51 1.3652911634942217
31 52 1.461652492822208
31 53 1.2712213418106642
31 54 1.327724818253063
31 55 1.3664361757465981
31 56 1.390509557546079
31 57 1.1671990599872637
31 58 1.3574648726435654
31 59 1.3719361273698825
31 60 1.3723357838811874
31 61 1.2808743679259185
31 62 1.3888153886798715
31 63 1.2120260814197095
31 64 1.3397929033595415
31 65 1.3626354829679133
31 66 1.3761431758210876
31 67 1.2372941950950216
31 68 1.2527657408943438
31 69 1.3394796568849414
31 70 1.349275828952071
31 71 1.2456165945357482
31 72 1.2068170548213992
31 73 1.2766442211550642
31 74 1.3362526181012662
31 75 1.4071387978979621
31 76 1.3308548441216275
31 77 1.3244128208421826
31 78 1.1980764926927718
31 79 1.3977131955544835
31 80 1.1187967808700674
31 81 1.4350493331672052
31 82 1.3356525401954855
31 83 1.3225412456616605
31 84 1.3681434103539654
31 85 1.3381776357515227
31 86 1.3647251757889687
31 87 1.3951040169999616
31 88 1.261090835835412
31 89 1.416967490965222
32 33 1.3418909297249324
32 34 1.3106867385642251
32 35 1.3047659455067309
32 36 1.3591345650118514
32 37 1.3480446984328913
32 38 1.3834426375883844
32 39 1.292220321326707
32 40 1.430775717982098
32 41 1.292908507657686
32 42 1.34149825737025
32 43 1.3537524663606586
32 44 1.3295864971889133
32 45 1.4104886431915944
32 46 1.3047061668637012
32 47 1.3190084306070629
32 48 1.1976034741899355
32 49 1.3310274637878692
32 50 1.3326809323321243
32 51 1.2953439992293732
32 52 1.419259695312611
32 53 1.2148886432645527
32 54 1.2939395819496509
32 55 1.3815677493743213
32 56 1.356730344769307
32 57 1.3593387343975047
32 58 1.3414320616223943
32 59 1.3124295102119314
32 60 1.36510258539577
32 61 1.362356003973261
32 62 1.3099518127862506
32 63 1.2920446146723694
32 64 1.347623207549805
32 65 1.3610828428971338
32 66 1.3125996284117563
32 67 1.3041857705576743
32 68 1.2567372910340047
32 69 1.3207313948999102
32 70 1.288231329918858
32 71 1.295346349011127
32 72 1.2467096458393556
32 73 1.014457080372968
32 74 1.5216614159146333
32 75 1.2960570330236145
32 76 1.3315427905201243
32 77 1.387987866029099
32 78 1.424622650828907
32 79 1.3859819238516697
32 80 1.2759432657697984
32 81 1.3139487596846342
32 82 1.2961221120433528
32 83 1.34306036558709
32 84 1.2932035529915693
32 85 1.2920888554854775
32 86 1.4400560626358434
32 87 1.2971779803664982
32 88 1.286827803408416
32 89 1.438931200285763
33 34 1.4695180235206657
33 35 1.2170434215467967
33 36 1.4445725507867495
33 37 1.3348321586844791
33 38 1.353673776619443
33 39 1.2790716222247536
33 40 1.4715251844814337
33 41 1.376958934188285
33 42 1.178581361424361
33 43 1.428165133106035
33 44 1.386636617505711
33 45 1.4227439559603972
33 46 1.3645219111900613
33 47 1.2011618512385567
33 48 1.3144274501602735
33 49 1.2178458833472665
33 50 1.3069597966378461
33 51 1.4178537438518959
33 52 1.3336841847613543
33 53 1.3023205522906416
33 54 1.3704847130273332
33 55 1.2857397922887932
33 56 1.226544218574866
33 57 1.3842318765540673
33 58 1.3979680677626332
33 59 1.3988022649755318
33 60 1.250755136515735
33 61 1.4255109429676016
33 62 1.3234097225537012
33 63 1.266677981049869
33 64 1.2924165007523059
33 65 1.3346459936593311
33 66 1.364984346310353
33 67 1.1987338484814751
33 68 1.4211622606322087
33 69 1.3010800152107989
33 70 1.2748746366922474
33 71 1.2681637903238874
33 72 1.3710822982173325
33 73 1.3593832351748212
33 74 1.2628155802577536
33 75 1.3321574142855697
33 76 1.3906338282783108
33 77 1.359248937669053
33 78 1.2894050912440973
33 79 1.415296969715723
33 80 1.48818742908531
33 81 1.295985564027559
33 82 1.2652421818408848
33 83 1.3798977153607872
33 84 1.4464075088339325
33 85 1.4148375731961138
33 86 1.2134487245592582
33 87 1.2962866735247036
33 88 1.4065543013937094
33 89 1.4276097925855842
34 35 1.456857683994762
34 36 1.174288109956054
34 37 1.3667842192220843
34 38 1.4955088733811441
34 39 1.3488333129888095
34 40 1.424402331757626
34 41 1.6241136598778831
34 42 1.462299382411108
34 43 1.4237359819803097
34 44 1.4040198487702318
34 45 1.2285640115543486
34 46 1.4356530934031446
34 47 1.4412671894882467
34 48 1.4222207242170184
34 49 1.4510716243156743
34 50 1.452367738544411
34 51 1.3391353385457931
34 52 1.498984764453232
34 53 1.3382267757698003
34 54 1.4952836505026488
34 55 1.4719852202609265
34 56 1.4672687960642357
34 57 1.390663779307956
34 58 1.409991701116121
34 59 1.121964374643033
34 60 1.4824529671738742
34 61 1.4063921206873813
34 62 1.4746563883423414
34 63 1.2362527993300874
34 64 1.372850783387088
34 65 1.4587737290629987
34 66 1.4703773382729077
34 67 1.2822596157021469
34 68 1.2335809920374925
34 69 1.5635334367709255
34 70 1.415275339843933
34 71 1.2139350307353727
34 72 1.2404558450075271
34 73 1.2565208058259996
34 74 1.377080536271242
34 75 1.4674276052865076
34 76 1.4580414031564015
34 77 1.409208820402
34 78 1.4041891999919913
34 79 1.5009095201625777
34 80 0.6204483423258735
34 81 1.6617457977384567
34 82 1.3292364797366298
34 83 1.383360923765102
34 84 1.3144079262753383
34 85 1.292382091215748
34 86 1.4431959597210822
34 87 1.4150667108727257
34 88 1.3412797830767245
34 89 1.3239614100853558
35 36 1.335841797314298
35 37 1.307083125373223
35 38 1.32079196767875
35 39 1.0403561228635279
35 40 1.4476546112567952
35 41 1.2395367498129612
35 42 1.0843369070769366
35 43 1.3170266167589495
35 44 1.4303439911067162
35 45 1.4928562143608461
35 46 1.408901598653987
35 47 1.3039336669736112
35 48 1.196047351316731
35 49 0.8925834137047833
35 50 1.1701367221632168
35 51 1.4048430165921395
35 52 1.4067816590778774
35 53 1.3629647800759925
35 54 1.3125280446599452
35 55 1.2615517977870787
35 56 1.2406392100678112
35 57 1.3203842617404553
35 58 1.4976081701964807
35 59 1.378824517147472
35 60 0.8170354896427633
35 61 1.3528452209513764
35 62 1.392822128113229
35 63 1.3166041674867015
35 64 1.1746227752014593
35 65 1.317624238061599
35 66 1.2012450066152456
35 67 1.2106561635943216
35 68 1.448058205774833
35 69 1.2512426294562329
35 70 1.110039157328838
35 71 1.256009360573349
35 72 1.4412391932372954
35 73 1.3321405089249478
35 74 1.1229300857037188
35 75 1.3223126781154766
35 76 1.2128955524614793
35 77 1.334961147084775
35 78 1.3808179807527785
35 79 1.224253245185075
35 80 1.501277097546747
35 81 1.2234849887729733
35 82 1.168548256123591
35 83 1.294626678670228
35 84 1.4389198206740426
35 85 1.4842500598815591
35 86 1.132128935888748
35 87 1.2743855930428116
35 88 1.279057291554295
35 89 1.4063189742675108
36 37 1.2280567104740991
36 38 1.375822914982198
36 39 1.1823414517833042
36 40 1.3347848837616927
36 41 1.415722037781284
36 42 1.3858934218442116
36 43 1.3815691800028282
36 44 1.4156513619172273
36 45 1.2219255714630008
36 46 1.4300381737685695
36 47 1.2903950795913082
36 48 1.3235935900684392
36 49 1.3504305194910808
36 50 1.2990660476822071
36 51 1.4051059715374252
36 52 1.4615458872407356
36 53 1.279815598920517
36 54 1.286808349105971
36 55 1.4176803487508038
36 56 1.2110012949899362
36 57 1.4052715677875685
36 58 1.3734724749166893
36 59 1.3024399410541532
36 60 1.3424655484881745
36 61 1.3677439176441102
36 62 1.4232280908272015
36 63 1.1014388694416506
36 64 1.3265678949193545
36 65 1.338318965034908
36 66 1.3672354789723773
36 67 1.3574382975547221
36 68 1.2352622788495347
36 69 1.272006979346031
36 70 1.2814700395083514
36 71 1.2776067820072583
36 72 1.2804757632028516
36 73 1.2774143266604592
36 74 1.3108787218499667
36 75 1.2892044128841396
36 76 1.3098392674345156
36 77 1.1943957653719808
36 78 1.360857051722102
36 79 1.3230189362636493
36 80 1.2168309530639254
36 81 1.375328021944222
36 82 1.3012062137226612
36 83 1.3635333610835667
36 84 1.289293711517505
36 85 1.286000998923442
36 86 1.4881608700964684
36 87 1.3474298965495677
36 88 1.1091158588804444
36 89 1.2817978570212
37 38 1.357532170101742
37 39 1.1078684651645117
37 40 1.3821452905859244
37 41 1.1327040906689663
37 42 1.2370099258338167
37 43 1.3418907720753752
37 44 1.4588465700719107
37 45 1.3663854939541409
37 46 1.355249403151205
37 47 1.2392730640052578
37 48 1.2090866984354047
37 49 1.2460535334437273
37 50 1.1811969616150155
37 51 1.3617143106477276
37 52 1.2612566791716726
37 53 1.1950708601041062
37 54 1.1892550643547344
37 55 1.2148173429095204
37 56 1.2287994005026603
37 57 1.2328138776072959
37 58 1.3513694217676007
37 59 1.3983522550283904
37 60 1.312756401097706
37 61 1.347528180995167
37 62 1.3817555058920266
37 63 1.2229048810692191
37 64 1.2634292863566443
37 65 1.209843292218825
37 66 1.234164992083057
37 67 1.337520560892331
37 68 1.2043726532313068
37 69 1.226793789753296
37 70 1.114925603406539
37 71 1.1474451310513416
37 72 1.1301568338701935
37 73 1.312989730337562
37 74 1.2964330516834364
37 75 1.1354177100154852
37 76 1.2465739794203832
37 77 1.3372418768761094
37 78 1.3277098370457157
37 79 1.183423367398952
37 80 1.33598904107056
37 81 1.2215860023200553
37 82 1.295899353047388
37 83 1.2349892297738816
37 84 1.2260801442741227
37 85 1.255208682624167
37 86 1.2607536627676192
37 87 1.240256208390212
37 88 1.222440198605042
37 89 1.3098412242421609
38 39 1.1119091171013955
38 40 1.2295443649159998
38 41 1.1939346950454155
38 42 1.2694428232535233
38 43 1.2918563899117805
38 44 1.2024594409090699
38 45 1.4194991487503543
38 46 1.3311673317336246
38 47 1.270188468504216
38 48 1.0879189134873042
38 49 1.3966569120550432
38 50 1.2739287745916026
38 51 1.2298775981352357
38 52 1.4497194347403681
38 53 1.3049099401644393
38 54 1.0790583775014169
38 55 1.1702478946483195
38 56 1.4154414464885612
38 57 1.3507348226456006
38 58 1.339245161985388
38 59 1.3299728163017885
38 60 1.268067989371109
38 61 1.1466649362380528
38 62 1.2335763793232184
38 63 1.2246439911176104
38 64 1.427269264310807
38 65 1.180185560673966
38 66 1.2934133081825303
38 67 1.3620688583309275
38 68 1.290345272492049
38 69 1.1523627813445092
38 70 1.2176156910655158
38 71 1.1637385088158776
38 72 1.2997004159342087
38 73 1.3229186016236472
38 74 1.2476071446489427
38 75 1.183251605953541
38 76 1.3244759658720326
38 77 1.2258556897450148
38 78 1.3004543390868721
38 79 1.335643386872149
38 80 1.4759230540828616
38 81 1.0855727988454609
38 82 1.079692142433315
38 83 1.2246122062771547
38 84 1.2653347791972076
38 85 1.2106215015349024
38 86 1.3965207365247774
38 87 1.1116569540711472
38 88 1.2465315201845317
38 89 1.493896201320832
39 40 1.2096999131172839
39 41 1.1519603692591336
39 42 1.1543258994901173
39 43 1.227267045954281
39 44 1.18054994527019
39 45 1.369363036398052
39 46 1.2541564529424933
39 47 1.130106980903909
39 48 1.089111838948343
39 49 1.0757990777193944
39 50 0.9891480131066256
39 51 1.2679313162709374
39 52 1.3724593417402993
39 53 1.126107311902902
39 54 1.0933903918246934
39 55 1.0582416272690427
39 56 1.2160269210285477
39 57 1.292200624776731
39 58 1.3957149416511925
39 59 1.292622597475302
39 60 1.166909740318683
39 61 1.1460319724074186
39 62 1.2395553390527136
39 63 1.180628061491736
39 64 1.2133944412392994
39 65 1.24704826488133
39 66 1.1919788198248589
39 67 1.0935730508086194
39 68 1.2336071553874062
39 69 1.094537087327571
39 70 1.02139565065564
39 71 1.1016013085147864
39 72 1.183957976241202
39 73 1.2385503246465688
39 74 1.150012341350551
39 75 1.1414998497152058
39 76 1.24150486182993
39 77 1.3356602823329544
39 78 1.3680190105207635
39 79 1.2013826599454036
39 80 1.3818515083639165
39 81 1.1034556089643268
39 82 1.023781409753451
39 83 1.280880199142428
39 84 1.2893851014977387
39 85 1.1646622399169424
39 86 1.2789938335048145
39 87 0.9312889391812303
39 88 1.0588909323095073
39 89 1.3490948615515026
40 41 1.2861823434351787
40 42 1.3712212969645117
40 43 1.1738312158159263
40 44 1.1758434854271178
40 45 1.408443502177505
40 46 1.263193118958007
40 47 1.3011696119052396
40 48 1.1626275138314095
40 49 1.3464260250267222
40 50 1.207509451506122
40 51 1.2178223988445485
40 52 1.4551850791879497
40 53 1.280483804925172
40 54 1.2508857117337588
40 55 1.133297424437199
40 56 1.4247208556246242
40 57 1.253822591840544
40 58 1.344638497095159
40 59 1.314444856727847
40 60 1.3297050816449332
40 61 0.8514613127131677
40 62 1.22336142153156
40 63 1.3233745455630925
40 64 1.3733033785349407
40 65 1.3591876385790553
40 66 1.3372553534641796
40 67 1.3009285963475643
40 68 1.351271149548877
40 69 1.2437688427167437
40 70 1.2677739284369827
40 71 1.2900064385240233
40 72 1.2997101803081978
40 73 1.378416652956342
40 74 1.3546334165311917
40 75 1.2083095624228242
40 76 1.4186435949066631
40 77 1.3777847927090645
40 78 1.3845339776958008
40 79 1.3070202344690995
40 80 1.4735393878284622
40 81 1.294191063517821
40 82 1.2883004294455194
40 83 1.3476688171223212
40 84 1.2499795187221439
40 85 1.1989847176254065
40 86 1.364891608333491
40 87 1.1651116320158794
40 88 1.228912772005365
40 89 1.371062167256446
41 42 1.145027296452844
41 43 1.2214647354161523
41 44 1.267035044538777
41 45 1.428261416398636
41 46 1.2294409680382103
41 47 1.1660623766489686
41 48 0.9861688384046358
41 49 1.2279754446427036
41 50 1.0171058011000544
41 51 1.2984706321269104
41 52 1.319136024099461
41 53 1.2679993271012844
41 54 1.063929242082817
41 55 1.0894644334798518
41 56 1.1688737110710032
41 57 1.272376978476133
41 58 1.3274131905169002
41 59 1.4600645884931347
41 60 1.2619433083463598
41 61 1.1918119880425486
41 62 1.1808725335812131
41 63 1.2146990139653218
41 64 1.1888913360813487
41 65 1.1222429654735857
41 66 1.1415844812757159
41 67 1.3843228608351112
41 68 1.1746176414146532
41 69 0.7537441097342727
41 70 1.0272291510757077
41 71 1.2669031844919714
41 72 1.0197477531246528
41 73 1.350017481185448
41 74 1.2806681376558113
41 75 1.2179216984744707
41 76 1.3050803902832162
41 77 1.2898639723282337
41 78 1.3159772638902776
41 79 1.1013199971359164
41 80 1.6120123563451842
41 81 0.5104476850533365
41 82 1.2062891823452937
41 83 1.2662257449321752
41 84 1.209834241339096
41 85 1.0631763470652544
41 86 1.3639838665058424
41 87 1.0878474660084685
41 88 1.1992676663391908
41 89 1.4161187763611507
42 43 1.365324779682858
42 44 1.4357187425368476
42 45 1.4065422379812458
42 46 1.3378948667178823
42 47 1.2767636704891887
42 48 1.1046681498537383
42 49 0.9503610394380221
42 50 1.122364045426746
42 51 1.3519727067007141
42 52 1.4294194165208702
42 53 1.3516549643693756
42 54 1.2516699842649714
42 55 1.195138206344914
42 56 1.2681047157802392
42 57 1.2992843237491791
42 58 1.4213835285880188
42 59 1.4545138757164189
42 60 1.110766782069242
42 61 1.2845682039230062
42 62 1.3694797031553376
42 63 1.2079109923353188
42 64 1.2484658285336234
42 65 1.2517557739008298
42 66 1.3229179859783524
42 67 1.2930004778871909
42 68 1.4055062177887252
42 69 1.1407863408291454
42 70 1.0509179806222302
42 71 1.1642131353768945
42 72 1.29274212675706
42 73 1.2967305789168462
42 74 1.1105825981226822
42 75 1.2704122321688558
42 76 1.1981722736484537
42 77 1.4621608864585827
42 78 1.3768229176925908
42 79 1.1454046691035362
42 80 1.4750644513400175
42 81 1.1448629762792535
42 82 1.2115339875815572
42 83 1.3332158353739667
42 84 1.3646720024328935
42 85 1.3081532926744164
42 86 1.2761239580588961
42 87 1.2079196401739
42 88 1.271655051041572
42 89 1.4384266230032987
43 44 1.1312417776823915
43 45 1.4271042073595002
43 46 1.2612323732517967
43 47 1.3180239443832098
43 48 1.2398778554792707
43 49 1.4083766526202308
43 50 1.1111022405768882
43 51 1.2633337222172527
43 52 1.3941658552734586
43 53 1.3656169505834352
43 54 1.2644537195524712
43 55 1.091245446004036
43 56 1.374296293990304
43 57 1.3191301630897037
43 58 1.359306209246608
43 59 1.3377672902195847
43 60 1.361042098118898
43 61 1.1714709586905907
43 62 1.2720311050223063
43 63 1.3205478892884506
43 64 1.3173056692404026
43 65 1.2971429557496519
43 66 1.3523795376087677
43 67 1.4760412844196236
43 68 1.2373269528736797
43 69 1.281655730277109
43 70 1.3213528974655562
43 71 1.300858249380547
43 72 1.256089173451573
43 73 1.3827886573583814
43 74 1.3395052790883513
43 75 1.2128569849819717
43 76 1.4320508141025035
43 77 1.3726922529420391
43 78 1.330766557127694
43 79 1.360485077007849
43 80 1.4014467563174697
43 81 1.241982327949109
43 82 1.231313068127434
43 83 1.1838649438305766
43 84 1.1532034488728826
43 85 1.282260501781379
43 86 1.479771695241912
43 87 1.1563719765709812
43 88 1.280391349855338
43 89 1.2648612182567753
44 45 1.3295076792012461
44 46 1.0051346472029248
44 47 1.3152205212477805
44 48 1.1635201184568547
44 49 1.4208224448131397
44 50 1.1746133081588308
44 51 0.9475772133800736
44 52 1.512570588872672
44 53 1.358245448042155
44 54 1.3068672998981163
44 55 1.1496251172459
44 56 1.4436327227061374
44 57 1.2130972680695054
44 58 1.265108669795971
44 59 1.323640017922204
44 60 1.3968184660039393
44 61 1.0889911390603162
44 62 0.8917181052243414
44 63 1.3179372359001948
44 64 1.2635191686117522
44 65 1.3242095445874604
44 66 1.414713958665201
44 67 1.3517876151584312
44 68 1.3410878515926299
44 69 1.2745381744758928
44 70 1.3067725128243362
44 71 1.4158000277885905
44 72 1.2634623325054612
44 73 1.3889958618962743
44 74 1.3668149242220562
44 75 1.3804286056302444
44 76 1.4534668770934618
44 77 1.4451759127919193
44 78 1.507919545310741
44 79 1.4231498632751656
44 80 1.3958662380457594
44 81 1.239982700130405
44 82 1.2979316292188725
44 83 1.3215463129457088
44 84 1.2404382894342052
44 85 1.217430706016682
44 86 1.491789864056407
44 87 1.0259152463169543
44 88 1.299346178594801
44 89 1.395389455745972
45 46 1.35571045903577
45 47 1.4218086519004793
45 48 1.3947279221372233
45 49 1.424344556407296
45 50 1.3951321413755498
45 51 1.3841292985763831
45 52 1.431871010362374
45 53 1.4631000973470718
45 54 1.3284589694668338
45 55 1.3863588605119563
45 56 1.364475538299435
45 57 1.3014026335408668
45 58 1.3133895035707166
45 59 1.2704657335635314
45 60 1.4324164874765295
45 61 1.399088900535343
45 62 1.3915626324744315
45 63 1.2652640795228938
45 64 1.4039172216897693
45 65 1.4530117759176815
45 66 1.3474495210438895
45 67 1.4407468701819008
45 68 1.2270565761913765
45 69 1.464838288557667
45 70 1.5117923103966853
45 71 1.4010247267532994
45 72 1.2450357886396575
45 73 1.3688401064371634
45 74 1.387309757697188
45 75 1.40990403121173
45 76 1.5042501755686464
45 77 1.372450403471235
45 78 1.3274839532123792
45 79 1.3426180545851505
45 80 1.2458906131275356
45 81 1.4179447436664605
45 82 1.2736293959270482
45 83 1.3828361088134946
45 84 1.3153572075840718
45 85 1.3003756980882442
45 86 1.4117406951139047
45 87 1.4110870867408682
45 88 1.3652525931254371
45 89 1.381258521077104
46 47 1.2776475430953214
46 48 1.1849113016138235
46 49 1.3619909536684223
46 50 1.134054748136127
46 51 0.9870719640297475
46 52 1.3569727870457455
46 53 1.4015684146008083
46 54 1.2241916784506957
46 55 1.187400196623012
46 56 1.2900741563582199
46 57 1.2246551241598418
46 58 1.225386271098989
46 59 1.4187496113704972
46 60 1.3699278165448507
46 61 1.1451319722040822
46 62 0.9381035716264677
46 63 1.3467447461230109
46 64 1.2062029949606101
46 65 1.3073608689694378
46 66 1.2293446125853167
46 67 1.4509038307773554
46 68 1.3698484857997864
46 69 1.2418103373687615
46 70 1.317756030820661
46 71 1.4457651007746377
46 72 1.2887363634309885
46 73 1.3097757604673246
46 74 1.2936674269192183
46 75 1.3143197954176489
46 76 1.4095703931006824
46 77 1.423991888564623
46 78 1.3654002017440223
46 79 1.3684839682113294
46 80 1.4059115283989871
46 81 1.2094928011042867
46 82 1.3327619743743813
46 83 1.3119480043631289
46 84 1.3129840139594677
46 85 1.3228113201762193
46 86 1.3581265862406429
46 87 1.12697132087519
46 88 1.3622045259112803
46 89 1.3295070728827172
47 48 1.2463471577031944
47 49 1.2218562130015846
47 50 1.2356398602376066
47 51 1.4942245503114204
47 52 1.3396306506463287
47 53 1.2776435683581167
47 54 1.2701593497679928
47 55 1.2839324872664148
47 56 1.3011366957419104
47 57 1.4055866132722548
47 58 1.2317419943233985
47 59 1.4714582685738078
47 60 1.2549547097254385
47 61 1.2768347103724582
47 62 1.2379994427529035
47 63 1.2167803581493395
47 64 1.3755716282944905
47 65 1.2297926601110936
47 66 1.2895453525378882
47 67 1.2447129085972983
47 68 1.3574318184576906
47 69 1.211927071255671
47 70 1.2293531420426826
47 71 1.2058348221968875
47 72 1.2960955750165604
47 73 1.308739380149961
47 74 1.2584679709298483
47 75 1.2562829095882415
47 76 1.2750936460706828
47 77 1.2776293520746858
47 78 1.2944785967822836
47 79 1.302869877972543
47 80 1.4771597180943266
47 81 1.1492327704783938
47 82 1.2924877128987171
47 83 1.461382970476926
47 84 1.4681330649752855
47 85 1.330230364071523
47 86 1.3733343363416302
47 87 1.1763821306600581
47 88 1.176573425294876
47 89 1.38658383861873
48 49 1.2237816085761275
48 50 0.9124273050307011
48 51 1.0828912785976728
48 52 1.355932697076535
48 53 1.2347843458842223
48 54 1.1107973192983271
48 55 0.9890651454131025
48 56 1.3638910800028459
48 57 1.2450077592248288
48 58 1.2810127584351352
48 59 1.3724895572207685
48 60 1.1530478278575087
48 61 1.0110994648973723
48 62 1.105265409780389
48 63 1.1094163486807467
48 64 1.2193618514701607
48 65 0.9720935750889569
48 66 1.252751192592035
48 67 1.3716060281919318
48 68 1.3143813807857831
48 69 0.9890852680490234
48 70 0.986793107419646
48 71 1.151979658216962
48 72 1.2042647791153551
48 73 1.1819514957255637
48 74 1.2203611356579436
48 75 1.0981807610080245
48 76 1.3197714414751893
48 77 1.2552136438739245
48 78 1.2715097139789373
48 79 1.1563683754421394
48 80 1.4167924200375093
48 81 0.9312598899447022
48 82 1.2144987002830352
48 83 1.1554450494843194
48 84 1.2277889730231504
48 85 1.0623441510864289
48 86 1.3310872602068304
48 87 0.9636633425880006
48 88 1.0460633649339361
48 89 1.3958502156752997
49 50 1.1606028655277207
49 51 1.4707384159554915
49 52 1.3072606404132832
49 53 1.2650798265609675
49 54 1.3420282465727684
49 55 1.2207669875214713
49 56 1.2311531673049634
49 57 1.3050151103901404
49 58 1.4501876990672962
49 59 1.4089342475366367
49 60 0.9534916538132975
49 61 1.3197342386249702
49 62 1.4124061279792393
49 63 1.2879198217473489
49 64 1.1961717742915443
49 65 1.3283215571060494
49 66 1.2309550332735837
49 67 1.1498773975442367
49 68 1.482187130254519
49 69 1.2050899055461262
49 70 1.069417221548949
49 71 1.1750906230974778
49 72 1.4091608934669884
49 73 1.3018003398345506
49 74 1.1336854278758526
49 75 1.2626651349168947
49 76 1.1779268888641095
49 77 1.376421912200692
49 78 1.4304426445953362
49 79 1.1538033595441697
49 80 1.5386714818503384
49 81 1.1984249433463274
49 82 1.1164972161433453
49 83 1.3781204183218514
49 84 1.4600176992724148
49 85 1.455414354905239
49 86 1.2018907742969227
49 87 1.2330376107461387
49 88 1.2131259803914183
49 89 1.4355909962178373
50 51 1.1469322304799048
50 52 1.307808920438412
50 53 1.2384566128693797
50 54 1.1487524250750498
50 55 0.9081793060475017
50 56 1.2880986997639143
50 57 1.284840258580852
50 58 1.283503250876031
50 59 1.3672152151110983
50 60 1.2170077911461958
50 61 1.132896229506813
50 62 1.1795885990569126
50 63 1.089262972965804
50 64 1.1240760456530563
50 65 1.0983750344157637
50 66 1.1850814843756594
50 67 1.244416617678398
50 68 1.1967526776432085
50 69 1.085510691204496
50 70 0.9945263533292922
50 71 1.2287471767415807
50 72 1.0950344944028125
50 73 1.2367489542395458
50 74 1.1167657970992784
50 75 1.1573977404727902
50 76 1.328112187616421
50 77 1.3754937813257995
50 78 1.446748200351482
50 79 1.1462527811547385
50 80 1.445358572342303
50 81 1.0254252055880435
50 82 1.1625522070105156
50 83 1.1802681447134145
50 84 1.2746370734076944
50 85 1.0913639200210061
50 86 1.324549240770539
50 87 0.7192462340278252
50 88 1.071539958554495
50 89 1.419590579442328
51 52 1.4917188944415796
51 53 1.4297133132965743
51 54 1.2246652843000552
51 55 1.177573824195284
51 56 1.4253265340629548
51 57 1.2434598815474538
51 58 1.2842331414654387
51 59 1.2828810498650223
51 60 1.4252923197405447
51 61 1.106938476505941
51 62 0.8992316776394907
51 63 1.260277227152691
51 64 1.2739212754973426
51 65 1.3034213771882996
51 66 1.3750460331491898
51 67 1.3154462166484095
51 68 1.3560499704130518
51 69 1.2954129721177254
51 70 1.2428181719428673
51 71 1.3545917457489736
51 72 1.245952322641739
51 73 1.3225079253134526
51 74 1.3855789908261302
51 75 1.3269081079426293
51 76 1.3909899765408928
51 77 1.4615528014685875
51 78 1.4748369433887782
51 79 1.373020752796997
51 80 1.3538981714130442
51 81 1.2764212318290498
51 82 1.3247105280093183
51 83 1.1776736631510272
51 84 1.129801956123289
51 85 1.229529218126702
51 86 1.3345463055353894
51 87 1.096966984654901
51 88 1.2908728882689626
51 89 1.4399615946149316
52 53 1.3069532880682053
52 54 1.409061840207073
52 55 1.3300569546707794
52 56 1.1927612046884681
52 57 1.3517642518547968
52 58 1.5099781539687025
52 59 1.4398009076193066
52 60 1.3772426238989288
52 61 1.550111221590147
52 62 1.5073228991489522
52 63 1.372118100793276
52 64 1.345549145797973
52 65 1.2758586149350655
52 66 1.2811380156945587
52 67 1.3462280710127037
52 68 1.3761345126722984
52 69 1.3449693044401436
52 70 1.3194238043494413
52 71 1.3134727594997848
52 72 1.4013674387073416
52 73 1.3775653137211787
52 74 1.3253761639816255
52 75 1.2767493505459993
52 76 1.296568231823805
52 77 1.3665836969916532
52 78 1.3029925791320098
52 79 1.2971650142277362
52 80 1.4738642331582408
52 81 1.3041182063715073
52 82 1.3633951130275779
52 83 1.294106420614813
52 84 1.3892110438553391
52 85 1.4222275447972306
52 86 1.3087064395926196
52 87 1.3885300098149949
52 88 1.3689411689243478
52 89 1.2773385247521016
53 54 1.2828729911066517
53 55 1.1787554656228445
53 56 1.3021275506135273
53 57 1.334715600509751
53 58 1.4978097273719766
53 59 1.326089811523523
53 60 1.3101888412392042
53 61 1.2635928545425907
53 62 1.3541490794125741
53 63 1.2435373476800315
53 64 1.2520554201610987
53 65 1.3588759480046053
53 66 1.3823430991027683
53 67 1.1405383395796223
53 68 1.3261414343598563
53 69 1.2779733182087942
53 70 1.1367351016666025
53 71 1.119518440133368
53 72 1.2543637981380327
53 73 1.2371531605612758
53 74 1.2604615886294317
53 75 1.286663308479927
53 76 1.3578261892869168
53 77 1.3645250982474417
53 78 1.3601325302659124
53 79 1.276911717272312
53 80 1.3582267696620278
53 81 1.2830530441008645
53 82 1.2145139583000986
53 83 1.3520502074635055
53 84 1.3415093009789978
53 85 1.2349683184039713
53 86 1.3948097432748612
53 87 1.1974170499082877
53 88 1.283134978332056
53 89 1.384047525480398
54 55 1.0466404300950607
54 56 1.3097383878948292
54 57 1.2090424297937692
54 58 1.148433616172126
54 59 1.406151919690011
54 60 1.2721607982636505
54 61 1.1498890771968393
54 62 1.1920745702874618
54 63 1.2383175648451188
54 64 1.2622713745785363
54 65 1.1668503308732163
54 66 1.2721264064873847
54 67 1.3658425655285005
54 68 1.1588549429264299
54 69 1.0849766632975555
54 70 1.1159715297545187
54 71 1.2418179432821022
54 72 1.1544864653758236
54 73 1.3376931316080183
54 74 1.2285291548960349
54 75 1.1425515345065453
54 76 1.3165319957622257
54 77 1.2864711028212823
54 78 1.2516828524185775
54 79 1.197435591784047
54 80 1.5068540263611032
54 81 1.0668242541772113
54 82 1.1863125719026792
54 83 1.1777439057346806
54 84 1.2246222315911621
54 85 1.1612356547478542
54 86 1.368084145283696
54 87 1.1194555637022838
54 88 1.1530981884200728
54 89 1.4429339195870627
55 56 1.332391650308909
55 57 1.1308289746315525
55 58 1.3178028646324222
55 59 1.4516890671311835
55 60 1.2086334776806946
55 61 1.0276894687404772
55 62 1.202950548830391
55 63 1.1084982518884277
55 64 1.1850942120577592
55 65 1.0548341414261664
55 66 1.243925714612547
55 67 1.3136886759838233
55 68 1.293944230043556
55 69 1.018786178641624
55 70 1.0214408921360998
55 71 1.2139611608194627
55 72 1.190803760697073
55 73 1.3350030047786754
55 74 1.1266400255927704
55 75 1.1622215142796726
55 76 1.3293825312396803
55 77 1.4296361130889468
55 78 1.3471774964499215
55 79 1.150045321698486
55 80 1.471789187393831
55 81 1.034119606020184
55 82 1.1131065227839723
55 83 1.1802457988895965
55 84 1.2391222910724349
55 85 1.141776824420239
55 86 1.3126942156796637
55 87 0.8399538385564503
55 88 1.2610333509276677
55 89 1.3298443674847156
56 57 1.3808655773374714
56 58 1.4307144599449038
56 59 1.4274706334871932
56 60 1.214131383491189
56 61 1.404865828263539
56 62 1.3677164915057929
56 63 1.3314504566534975
56 64 1.2236553479765377
56 65 1.369607137682944
56 66 1.1179078171516599
56 67 1.256555596095132
56 68 1.3372897735474318
56 69 1.1614335843926467
56 70 1.261041466849088
56 71 1.3428757129212874
56 72 1.3117223446105453
56 73 1.3921915637184388
56 74 1.2948365819270313
56 75 1.3473692127305967
56 76 1.2977152956310933
56 77 1.3066448496895338
56 78 1.3302086256239583
56 79 1.296873851534342
56 80 1.4889307396897604
56 81 1.1443681808197572
56 82 1.2539015798446957
56 83 1.312861819184458
56 84 1.3623130180893441
56 85 1.355926839709822
56 86 1.345301880587286
56 87 1.3673263149148462
56 88 1.3762232576987954
56 89 1.25199306544467
57 58 1.3221286553496303
57 59 1.4336690873564202
57 60 1.3164815759016824
57 61 1.1558960087459764
57 62 1.2397125992084992
57 63 1.245793922838608
57 64 1.2701283526951022
57 65 1.2693342477227756
57 66 1.341160240621064
57 67 1.411358938970755
57 68 1.319472791498668
57 69 1.2710388250058833
57 70 1.2754967095379035
57 71 1.410020632388554
57 72 1.2875990137011977
57 73 1.4024084271481374
57 74 1.2988093074932616
57 75 1.2737715227289736
57 76 1.4328825872809767
57 77 1.3278997800666856
57 78 1.317757314176753
57 79 1.3222611032530158
57 80 1.3933331071823771
57 81 1.290712152613427
57 82 1.3215084014517966
57 83 1.3312201859522215
57 84 1.22423519117571
57 85 1.2506587355997083
57 86 1.2700163664703885
57 87 1.3034936571343871
57 88 1.3956933973173906
57 89 1.3986845437813085
58 59 1.366373286797563
58 60 1.458826864310558
58 61 1.2653980005629653
58 62 1.3104381310321356
58 63 1.2465255026736042
58 64 1.4907326183388694
58 65 1.201501987101594
58 66 1.3702063876103099
58 67 1.457479594811611
58 68 1.4071190919904535
58 69 1.2762582023752085
58 70 1.3217847028094862
58 71 1.4224437576099052
58 72 1.402102261747858
58 73 1.3831413375358217
58 74 1.340363861658573
58 75 1.2384482260309155
58 76 1.3236471885061827
58 77 1.3348436544832312
58 78 1.3062093541047013
58 79 1.3534686299723582
58 80 1.41087261549166
58 81 1.3082390332870388
58 82 1.4107430692595824
58 83 1.281904257710077
58 84 1.376021270919967
58 85 1.229953022816626
58 86 1.4047024977388236
58 87 1.2406848013419371
58 88 1.3614403472540837
58 89 1.3092087418430993
59 60 1.4306994075936188
59 61 1.3609770467973459
59 62 1.4820436873041918
59 63 1.2905089125816533
59 64 1.3740859397509848
59 65 1.360584151681529
59 66 1.39958627647836
59 67 1.2276440893521532
59 68 1.26326922507328
59 69 1.4364241937289748
59 70 1.3700355426185438
59 71 1.194978950182863
59 72 1.2075799942533199
59 73 1.3149201520035856
59 74 1.3213306217080203
59 75 1.363145607013716
59 76 1.472455769223672
59 77 1.3596910740819523
59 78 1.5247841736691976
59 79 1.5208331123964967
59 80 1.1290131562710728
59 81 1.4712035227723506
59 82 1.3214886814719755
59 83 1.3621738898874192
59 84 1.031209859554612
59 85 1.1917743444499915
59 86 1.3693220389101548
59 87 1.33804158692763
59 88 1.3920990414839196
59 89 1.4377303679012625
60 61 1.2754505543264072
60 62 1.3250650407127182
60 63 1.3171972885593317
60 64 1.1922427262063802
60 65 1.2950217829864408
60 66 1.1655038658665673
60 67 1.1373142657271724
60 68 1.4872255633565339
60 69 1.228556627763606
60 70 1.137971601761476
60 71 1.3041544311195636
60 72 1.4856895609630987
60 73 1.3976872408363161
60 74 1.0952391755106983
60 75 1.3343220749947906
60 76 1.2308222237108115
60 77 1.3443610668187775
60 78 1.403723301614741
60 79 1.2484864877084545
60 80 1.5233970546442068
60 81 1.1939807618243514
60 82 1.1857336488108916
60 83 1.322635156772575
60 84 1.4967660536365477
60 85 1.5596033737059758
60 86 1.2372940240109673
60 87 1.3137265770671613
60 88 1.2925516616867672
60 89 1.4620828207418402
61 62 1.0921993278996929
61 63 1.1783499786851295
61 64 1.3211942040677698
61 65 1.2793273670080645
61 66 1.3060413486966864
61 67 1.3511948056053156
61 68 1.3299902950283844
61 69 1.175883245639556
61 70 1.1699777981569877
61 71 1.232881124020911
61 72 1.2556962799771276
61 73 1.2870225994546112
61 74 1.3016565808828944
61 75 1.1770999735543977
61 76 1.4199898341213804
61 77 1.3233434043228243
61 78 1.3110908941909776
61 79 1.33874801420071
61 80 1.4175701354752526
61 81 1.166615916061664
61 82 1.2459559574606875
61 83 1.3116646521433057
61 84 1.2224095171675076
61 85 1.1146895617091814
61 86 1.2593480266584953
61 87 1.0805517555461137
61 88 1.1790845879492031
61 89 1.3497136271015802
62 63 1.3530952965320493
62 64 1.2513995254769972
62 65 1.3519699405155814
62 66 1.3341991946435483
62 67 1.3821431397805393
62 68 1.3223315018439155
62 69 1.2322579150849629
62 70 1.2457677248086712
62 71 1.4193487935749092
62 72 1.2693418667849288
62 73 1.2884875384155263
62 74 1.4055527193994706
62 75 1.3913104905655422
62 76 1.404160722765806
62 77 1.3857425161768073
62 78 1.4508733727718945
62 79 1.3821123105770814
62 80 1.4783667374816367
62 81 1.1617855332395195
62 82 1.2937090726984037
62 83 1.33254383190333
62 84 1.2399591678856292
62 85 1.2592533872308664
62 86 1.3801874936416219
62 87 1.1461594507522759
62 88 1.2997588790843344
62 89 1.51775774145546
63 64 1.2640820881124748
63 65 1.1017182846730897
63 66 1.3362121491842749
63 67 1.2512650112499653
63 68 1.1794744930309011
63 69 1.0617534149606427
63 70 1.1702461908145867
63 71 1.0734580915813332
63 72 1.1070541596132326
63 73 1.2320120481097812
63 74 1.207040069762913
63 75 1.2076669911282387
63 76 1.326194453612505
63 77 1.275697525943996
63 78 1.3282635133212823
63 79 1.2188741516786723
63 80 1.298337296639405
63 81 1.135105690500892
63 82 1.1485488648365894
63 83 1.28297441853427
63 84 1.1809840489370609
63 85 1.105080513780026
63 86 1.3483628597758368
63 87 1.0670330749513275
63 88 1.1338084604312657
63 89 1.319576223055801
64 65 1.3779832814026358
64 66 1.3435697389916879
64 67 1.2135907814849571
64 68 1.252673842784639
64 69 1.253348608988381
64 70 1.153400164509754
64 71 1.3101207019845835
64 72 1.171257537891621
64 73 1.2869919952896813
64 74 1.2817924446015034
64 75 1.3313473022310012
64 76 1.2955967215985416
64 77 1.391511465680348
64 78 1.4319787903885337
64 79 1.272030790950232
64 80 1.434995113910945
64 81 1.229055957401776
64 82 1.3038178588013147
64 83 1.280835312311725
64 84 1.3032795419423604
64 85 1.2887281195537106
64 86 1.4119993182947064
64 87 1.1834977633730754
64 88 1.2068271615361237
64 89 1.3541171775151861
65 66 1.2733922266395972
65 67 1.3606276358664384
65 68 1.3216975381843423
65 69 1.0770810902256827
65 70 1.1730152270166438
65 71 1.287437502891691
65 72 1.2873778352980159
65 73 1.3158572300612257
65 74 1.1992189826744075
65 75 1.1628184093948037
65 76 1.2979394805395028
65 77 1.3316305363244214
65 78 1.269985136405973
65 79 1.2291419871123832
65 80 1.4440928912422024
65 81 1.0968879300972523
65 82 1.4102684952788778
65 83 1.314746121972749
65 84 1.257833098263047
65 85 1.1847341359225405
65 86 1.3507128825612775
65 87 1.1252222517949217
65 88 1.3169264994846863
65 89 1.314331318082959
66 67 1.3087091774585466
66 68 1.3478867175513185
66 69 1.2254499740838678
66 70 1.2739458871000189
66 71 1.3771056847919538
66 72 1.3373209714643677
66 73 1.3829777686377749
66 74 1.2698181062796108
66 75 1.3059554686656805
66 76 1.2716643822748643
66 77 1.325574711399391
66 78 1.3765169907200034
66 79 1.197858266360715
66 80 1.403902171960864
66 81 1.0608851212528783
66 82 1.2383728253803816
66 83 1.2779121790109909
66 84 1.3823565191963645
66 85 1.3117183107726675
66 86 1.19681551083688
66 87 1.2416516897724639
66 88 1.321674250908179
66 89 1.3656093973536954
67 68 1.338235985518466
67 69 1.4112876795035814
67 70 1.2073873065659526
67 71 1.0566381085841599
67 72 1.2350401231970778
67 73 1.3372780816992877
67 74 1.2216645576692657
67 75 1.4116285624569205
67 76 1.3027135616652061
67 77 1.5397324305572053
67 78 1.5134048000244062
67 79 1.3889208940104723
67 80 1.3773373040353052
67 81 1.3895747302028705
67 82 1.2358609328402
67 83 1.389415958204934
67 84 1.459915863895074
67 85 1.3594243323451016
67 86 1.1959521658854693
67 87 1.1937111494835688
67 88 1.3285892338235374
67 89 1.4731581947475723
68 69 1.2603127108010348
68 70 1.3246681735460955
68 71 1.2132433352999863
68 72 0.7673382599799169
68 73 1.1991590350970291
68 74 1.3275435204527035
68 75 1.343543497452997
68 76 1.5130552821205983
68 77 1.3931020196757455
68 78 1.4033215064336517
68 79 1.4208688690649889
68 80 1.2005299035876131
68 81 1.2549379097137416
68 82 1.2200672597936875
68 83 1.3701752555541367
68 84 1.211506098603423
68 85 1.1041111281635299
68 86 1.4655725308069514
68 87 1.2389143969600633
68 88 1.2096964784333233
68 89 1.4398264418494413
69 70 1.057702928359106
69 71 1.2685589836727547
69 72 1.1973564829899972
69 73 1.333395363165118
69 74 1.2420026257932564
69 75 1.158608560349445
69 76 1.2408353670018186
69 77 1.260241000365659
69 78 1.2965579722217786
69 79 1.0479904977099328
69 80 1.5579818867942463
69 81 0.7094882552189024
69 82 1.1510235238773785
69 83 1.2501289849786452
69 84 1.2315415140279784
69 85 1.1538222978579444
69 86 1.3549437774591542
69 87 1.0837767429807041
69 88 1.2566369803698125
69 89 1.416092089580542
70 71 1.110561678677746
70 72 1.204245158481218
70 73 1.1959868824126068
70 74 1.130608693105722
70 75 1.1069069735131933
70 76 1.1735640729378407
70 77 1.3202341605604344
70 78 1.494385447137592
70 79 1.157569319720648
70 80 1.4078643975847964
70 81 0.9974850345456571
70 82 1.138703721678321
70 83 1.1938952478687597
70 84 1.3195146893995418
70 85 1.1928843450288538
70 86 1.3198460271372263
70 87 1.0265627184324584
70 88 1.0536945750380478
70 89 1.3946329487136266
71 72 1.1075957843476665
71 73 1.2597775014647594
71 74 1.129634810996974
71 75 1.1925944462137335
71 76 1.3002980337315875
71 77 1.3766738089800952
71 78 1.321183093543738
71 79 1.2554172215743211
71 80 1.2803029982045975
71 81 1.2948378794936264
71 82 1.0222993866297136
71 83 1.2596684641101488
71 84 1.2571889501786029
71 85 1.1904064473019675
71 86 1.2000841950935874
71 87 1.1500432446002213
71 88 1.1440223648128744
71 89 1.4051659247903054
72 73 1.1391117721989819
72 74 1.2516780937674097
72 75 1.2835231786871393
72 76 1.4085068127048856
72 77 1.3793107288618982
72 78 1.3822624740702976
72 79 1.3399908886121916
72 80 1.217565709020387
72 81 1.1758504679656336
72 82 1.1829233378314608
72 83 1.2957885294827272
72 84 1.1231828423739265
72 85 0.8832677422471975
72 86 1.4193618000455608
72 87 1.1202351591361086
72 88 1.1745361406534043
72 89 1.4318208071349694
73 74 1.434742804115655
73 75 1.180880272424863
73 76 1.411287031714045
73 77 1.3332141964888202
73 78 1.429901682117191
73 79 1.4008089046316945
73 80 1.1791762108929453
73 81 1.3617120813420105
73 82 1.2526513674701645
73 83 1.3860956844023071
73 84 1.3062516355534373
73 85 1.1548661690599251
73 86 1.4864531076820064
73 87 1.2592957439068926
73 88 1.1760368038067632
73 89 1.4736244656370576
74 75 1.2589828634205507
74 76 1.2374901507834204
74 77 1.3600811795820626
74 78 1.3668630977046918
74 79 1.2349346732819748
74 80 1.4340166594161001
74 81 1.2788292401368744
74 82 1.0845389897707591
74 83 1.2791205871439335
74 84 1.43026260519778
74 85 1.3344551742108344
74 86 1.2810630280197142
74 87 1.177798893974285
74 88 1.2635445347863736
74 89 1.4086882672068408
75 76 1.2563179610004083
75 77 1.2451463682387527
75 78 1.4032162697939266
75 79 1.2522266175314047
75 80 1.4737445005205354
75 81 1.176447148069574
75 82 1.189069497238661
75 83 1.2484113241732666
75 84 1.2004101223537689
75 85 1.2507270658232803
75 86 1.3377188560806574
75 87 1.0975583710797605
75 88 1.0700668939778495
75 89 1.3074169713092907
76 77 1.3138444788070898
76 78 1.3288907292835619
76 79 1.1826721113239667
76 80 1.4927330533058794
76 81 1.2797710261074355
76 82 1.2861593171187133
76 83 1.2869330800472694
76 84 1.4321401039065402
76 85 1.4000327778461057
76 86 1.255764307403282
76 87 1.3054711198841622
76 88 1.22660133636365
76 89 1.273457290806953
77 78 1.298996204624756
77 79 1.3791297810493504
77 80 1.3756075110983452
77 81 1.2680153509363026
77 82 1.339804027352739
77 83 1.2678353450584603
77 84 1.380323904039714
77 85 1.3098055284839412
77 86 1.4211844134312062
77 87 1.4173935946761465
77 88 1.1987559835395627
77 89 1.4235469860053516
78 79 1.2982877073971035
78 80 1.4282316013218082
78 81 1.361053646861267
78 82 1.3777748152466935
78 83 1.3503604846781188
78 84 1.4398304185801996
78 85 1.3267559469048797
78 86 1.3145186753246745
78 87 1.4717222795305143
78 88 1.3758891986076254
78 89 1.2741479865751644
79 80 1.4915546920023481
79 81 1.136156528536676
79 82 1.2835126994308912
79 83 1.2312507356238866
79 84 1.3599062509040512
79 85 1.2764323868301872
79 86 1.2243525671863311
79 87 1.1897753267976725
79 88 1.2638318976371419
79 89 1.4135611269803636
80 81 1.6256932637284198
80 82 1.394385561098817
80 83 1.402698695287802
80 84 1.3379824344550992
80 85 1.2628242878644245
80 86 1.4676381543597392
80 87 1.4326986650990765
80 88 1.379044131281724
80 89 1.402556675622679
81 82 1.1353259339266073
81 83 1.2402029934227092
81 84 1.2597272630377634
81 85 1.1268219078255306
81 86 1.3918248643247402
81 87 1.0009527705800731
81 88 1.192412934700573
81 89 1.3871138589686791
82 83 1.2721639462820653
82 84 1.3083838420139333
82 85 1.217320514527839
82 86 1.2647136744671934
82 87 1.0531852084422046
82 88 1.161336670746991
82 89 1.5028717695990197
83 84 1.2071876385398703
83 85 1.259242585961363
83 86 1.3250340678213346
83 87 1.2079188227392084
83 88 1.2813032805960798
83 89 1.3085505089219385
84 85 1.0441458292200578
84 86 1.375034706873
84 87 1.2456500236632229
84 88 1.3327568422452876
84 89 1.306008252492273
85 86 1.394614373410184
85 87 1.0567206798608528
85 88 1.21706689888777
85 89 1.3461522234078975
86 87 1.4045846231761434
86 88 1.4165069011472071
86 89 1.3799232471840548
87 88 1.08349999407066
87 89 1.3826486172260886
88 89 1.378100430335712
