90 0
0 1 1.2537004025787142
0 2 1.3032652143601793
0 3 1.4190761622126975
0 4 1.374053515728779
0 5 1.4062446910277595
0 6 1.3237831348634004
0 7 1.3474556927417018
0 8 1.3509450429951644
0 9 1.3752302416403834
0 10 1.3883045870389201
0 11 1.3083218490229571
0 12 1.364471417650107
0 13 1.3021787339371242
0 14 1.3725057951538804
0 15 1.2932877214589602
0 16 1.313322499573278
0 17 1.2816502731414752
0 18 1.3393463555050127
0 19 1.3991132007469844
0 20 1.2231616352380184
0 21 1.3608037772574126
0 22 1.2796508253207783
0 23 1.3388897728567142
0 24 1.2962459874997923
0 25 1.3756219681774748
0 26 1.320678425848656
0 27 1.219762489642019
0 28 1.357371300950852
0 29 1.3414204773904086
0 30 1.3313695142463082
0 31 1.4179817711535416
0 32 1.2648767302584818
0 33 1.370291541055119
0 34 1.3472378750114096
0 35 1.3461062980980933
0 36 1.3664503442708134
0 37 1.2814806285781268
0 38 1.2447550808178098
0 39 1.2711606071427866
0 40 1.2997277115713117
0 41 0.9938828243062224
0 42 1.3511008630970203
0 43 1.3466680296155444
0 44 1.4520044327880313
0 45 1.2768603656072504
0 46 1.3271243830285282
0 47 1.4706867498298737
0 48 1.4495967012887718
0 49 1.380277098335819
0 50 1.2726616380977946
0 51 1.329369048639346
0 52 1.3121053156662346
0 53 1.329497264770457
0 54 1.281213587064715
0 55 1.314702054858877
0 56 1.4365041323726242
0 57 1.3557611137366579
0 58 1.3247933514488992
0 59 1.3400366243595128
0 60 1.3071931385809876
0 61 1.3379413448393804
0 62 1.291275011431982
0 63 1.2927384952865364
0 64 1.3520937564905682
0 65 1.3798623251623743
0 66 1.377766660681754
0 67 1.4288510633852924
0 68 1.3007758790767183
0 69 1.2837041496067219
0 70 1.2617637020696904
0 71 1.2523755477407383
0 72 1.2334186841642776
0 73 1.177622111277984
0 74 1.313394042172232
0 75 1.3965166283485473
0 76 1.3461495068254996
0 77 1.2791689656265661
0 78 1.2628992671591959
0 79 1.3985083013277335
0 80 1.2638980507370685
0 81 1.3409467008984222
0 82 1.3347995349732902
0 83 1.3355812081144172
0 84 1.3117668295138656
0 85 1.4567682798873893
0 86 1.3743548067448443
0 87 1.309777865344719
0 88 1.368012369397899
0 89 1.3189586617411813
1 2 1.132621740645592
1 3 1.283387690976301
1 4 1.401492938409017
1 5 1.4176409438661197
1 6 1.2558423283039633
1 7 1.4296880924164155
1 8 1.0544235520972463
1 9 1.4185967270434965
1 10 1.3070380437890687
1 11 1.2456240230060858
1 12 1.360392486899922
1 13 1.4346787931518135
1 14 1.3403155225448897
1 15 1.3517999819597182
1 16 1.321411252774645
1 17 1.218671653817824
1 18 1.232450101347265
1 19 1.4073899740447335
1 20 1.3309530707453443
1 21 1.3184271946625377
1 22 1.1609548227714845
1 23 1.1917785462519412
1 24 1.285318508871259
1 25 1.3797381569828133
1 26 1.0791779482956079
1 27 1.292689085112719
1 28 1.3735589210491443
1 29 1.0866011765846464
1 30 1.2205748487474493
1 31 1.1832612275743146
1 32 1.2885434679086771
1 33 1.5057325632391854
1 34 1.3666098669200089
1 35 1.4814074491166043
1 36 1.2006672365027313
1 37 1.3059427045960557
1 38 1.232103517376366
1 39 1.2233841890205033
1 40 1.3290721627609805
1 41 1.310020540957167
1 42 1.1061968572503764
1 43 1.198873390539966
1 44 1.4199351197998478
1 45 0.9790645402318824
1 46 1.2785477801306835
1 47 1.4090150455844097
1 48 1.4554741361769956
1 49 1.3179684163504652
1 50 1.1441198934043526
1 51 1.3478744256379076
1 52 1.490581770829951
1 53 1.1468698002980453
1 54 1.4497325901490214
1 55 1.198509158976679
1 56 1.2778634316240938
1 57 1.0894478564789445
1 58 1.465623051999724
1 59 0.9944093382345559
1 60 0.9524989994207106
1 61 1.2626338634894057
1 62 1.152792725036745
1 63 1.2378366314468143
1 64 1.4264395784645878
1 65 1.5038402520914484
1 66 1.416739440198849
1 67 1.324762676898337
1 68 1.292653774959395
1 69 1.044189200923897
1 70 1.44556857032511
1 71 1.2742516945171167
1 72 1.3251552948367404
1 73 1.2141246340357883
1 74 1.182717367514901
1 75 1.4380905570577225
1 76 1.3054690146198233
1 77 1.2308505320714225
1 78 1.258195644378924
1 79 1.4425029871317456
1 80 1.2373181650571485
1 81 1.4819039593515062
1 82 1.2381044069795748
1 83 1.214432613404492
1 84 1.3443948232020122
1 85 1.3810421163905364
1 86 1.4060324013842787
1 87 1.4409318415408674
1 88 1.3080999245210063
1 89 1.3703148246428065
2 3 1.313229614056209
2 4 1.2701977908618067
2 5 1.3199657865759225
2 6 1.0811709372541165
2 7 1.401112874836155
2 8 1.2039695808702275
2 9 1.3939123857163047
2 10 1.1726357274785841
2 11 1.2032903109483892
2 12 1.35126939467881
2 13 1.4358708759381706
2 14 1.2312232857578589
2 15 1.2046780252805698
2 16 1.3348072907560107
2 17 1.2343368419017242
2 18 1.173078792398548
2 19 1.3444905916390222
2 20 1.156217804923217
2 21 1.0675992009667108
2 22 1.0314665430020302
2 23 1.1741499023103132
2 24 1.1746188924899412
2 25 1.2801188719971202
2 26 1.0043377922990737
2 27 1.2470809421031153
2 28 1.2567070653423706
2 29 1.1500320666423633
2 30 0.9470768459269735
2 31 1.1457195917962195
2 32 1.3081654822944244
2 33 1.377419878180983
2 34 1.2168702211098035
2 35 1.2195405096447132
2 36 1.136186923697411
2 37 1.1284669181654883
2 38 1.1279400362392777
2 39 1.2045229232961907
2 40 1.3519051469829046
2 41 1.219373096376946
2 42 1.1563943353184598
2 43 1.0076330737750585
2 44 1.342515845438271
2 45 1.0617370290201336
2 46 1.2351033394289275
2 47 1.3558550804865626
2 48 1.331383687398834
2 49 1.3005794859940745
2 50 1.0458142002947073
2 51 1.330301544650844
2 52 1.4216442004617937
2 53 0.9347284007044505
2 54 1.3628305204284643
2 55 1.2338412983911953
2 56 1.2200285619353322
2 57 1.3776535993918122
2 58 1.3875020863052694
2 59 1.0973492342761288
2 60 1.174960645620859
2 61 1.1917358892451435
2 62 1.1408865996061706
2 63 1.4022411492624338
2 64 1.4134058213839034
2 65 1.308164428455047
2 66 1.224345737853733
2 67 1.262006461115128
2 68 1.4198900661359923
2 69 1.2966415016645763
2 70 1.385684644357815
2 71 1.145052422869249
2 72 1.2867131306845128
2 73 1.2230236678917072
2 74 1.061362864744836
2 75 1.217146519290828
2 76 1.1105442844984377
2 77 1.2598810407648184
2 78 1.2215010150775365
2 79 1.3095941036620988
2 80 1.0662264241433086
2 81 1.3341248533872903
2 82 1.1748569208897122
2 83 1.2788013148063957
2 84 1.3433622362228432
2 85 1.3247724488340267
2 86 1.5295147448075617
2 87 1.3627145870994908
2 88 1.248703648730989
2 89 1.3057645793488706
3 4 1.3966694819953176
3 5 1.3578027161084334
3 6 1.3729600098262866
3 7 1.393159027379316
3 8 1.4075769570345664
3 9 1.188950065316776
3 10 1.2084911575378636
3 11 1.408159903039117
3 12 1.369226888790136
3 13 1.363287853628152
3 14 1.4112047047937046
3 15 1.386353563095004
3 16 1.2035675081197628
3 17 1.4329670973037059
3 18 1.2994205580443272
3 19 1.2676956622430693
3 20 1.3104566559185904
3 21 1.3113083008366873
3 22 1.3276313331698968
3 23 1.3249141939879951
3 24 1.3366730094239623
3 25 1.0821961537121683
3 26 1.2471842655017973
3 27 1.3454457634123973
3 28 1.2531951277154936
3 29 1.3707145291207057
3 30 1.3421781644122541
3 31 1.3552249784657937
3 32 1.4131845473183613
3 33 1.4363828778836365
3 34 1.3330139150540503
3 35 1.3699472307662848
3 36 1.1027759246107691
3 37 1.3168361293660447
3 38 1.3000389442023605
3 39 1.330826875734901
3 40 1.388253720996963
3 41 1.2358047158248162
3 42 1.2897331752572143
3 43 1.3456360683012014
3 44 1.1086734217571235
3 45 1.3892476364238506
3 46 1.3919270863433582
3 47 1.314847047155527
3 48 1.3736746998423945
3 49 1.2551368657559145
3 50 1.3291024385317198
3 51 1.2725496574109356
3 52 1.4628573078338827
3 53 1.145026907611709
3 54 1.3783611937387148
3 55 1.3689454053946364
3 56 1.3602540125813218
3 57 1.412720031798121
3 58 1.4084155532084959
3 59 1.337864364261113
3 60 1.3563000719024627
3 61 1.3097260249024893
3 62 1.1666773096017808
3 63 1.3908229797415526
3 64 1.448287059933954
3 65 1.4076420566781433
3 66 1.2773579684852603
3 67 1.230836693538121
3 68 1.4344255780705848
3 69 1.3464378310451046
3 70 1.4353093469551794
3 71 1.2895155983326243
3 72 1.3332620910093966
3 73 1.2042264205860163
3 74 1.1845177135605718
3 75 1.374060303429419
3 76 1.2724358008351315
3 77 1.3949932040403654
3 78 1.2376830163914427
3 79 1.3939850101383748
3 80 1.2452899082908055
3 81 1.3581260293397972
3 82 1.3627990061340953
3 83 1.1833735768322953
3 84 1.3801286271757345
3 85 1.3214258563866805
3 86 1.2036451103843169
3 87 1.4106468674650778
3 88 1.4162490415231261
3 89 1.392666436762996
4 5 1.2300172115857324
4 6 1.4831320691674978
4 7 1.2047596281893438
4 8 1.3758634198763107
4 9 1.2030210331099993
4 10 1.382599882402797
4 11 1.416986515982792
4 12 1.3086788652563515
4 13 1.3353128211110339
4 14 1.2393056440510968
4 15 1.0871867256860945
4 16 1.440100126290047
4 17 1.2153307426285889
4 18 1.2758075435658855
4 19 1.3812670493426287
4 20 1.3726585438802463
4 21 1.282128688971408
4 22 1.3502895859487998
4 23 1.3427887597436636
4 24 1.060403933525157
4 25 1.2614782637138997
4 26 1.22009500826943
4 27 1.2676012314914433
4 28 1.2779997600492645
4 29 1.3453844125646988
4 30 1.3769538510799055
4 31 1.3765166001206945
4 32 1.3985089861441973
4 33 1.269861633807962
4 34 1.4349515111266762
4 35 1.4029970367402427
4 36 1.4414314613532926
4 37 1.2338503557070986
4 38 1.285407942326988
4 39 1.3190271195346497
4 40 1.0402121777503985
4 41 1.3999409184285392
4 42 1.3893518599807317
4 43 1.423984856796061
4 44 1.3676183853832584
4 45 1.3429797328894564
4 46 1.3840201373264611
4 47 1.2701697685100903
4 48 1.3317005289056603
4 49 1.2689012052588573
4 50 1.2679106672262097
4 51 1.3225327711762327
4 52 1.2815648672450697
4 53 1.2298682432436385
4 54 1.325410687993554
4 55 1.3899670468906893
4 56 1.2792457083410274
4 57 1.344107156830144
4 58 1.4061531608581155
4 59 1.2790728078804074
4 60 1.2847612916212714
4 61 1.4083026324917471
4 62 1.3951514184997031
4 63 1.4355337069356577
4 64 1.2502371178551337
4 65 1.2724335784394587
4 66 1.3053743505863837
4 67 1.290274277460329
4 68 1.4707329722804396
4 69 1.313123311483752
4 70 1.2080910315598203
4 71 1.3706494621110175
4 72 1.3957869409398265
4 73 1.3306082624450213
4 74 1.2141593696991573
4 75 1.3703717242700544
4 76 1.2773353462132697
4 77 1.3455438018417978
4 78 1.3163428060680205
4 79 1.3275730296637431
4 80 1.3216005078596484
4 81 1.204930069824965
4 82 1.3759567225383127
4 83 1.5301385525859812
4 84 0.9564868010790566
4 85 1.2036122706812766
4 86 1.3671973327464535
4 87 1.3474370868890582
4 88 1.2401845671178906
4 89 1.2341766821667426
5 6 1.445237618679709
5 7 1.2261767199357563
5 8 1.5072520502503801
5 9 1.2071040884529354
5 10 1.1593569259188286
5 11 1.5049287739597768
5 12 1.2716087948100694
5 13 1.290631161292167
5 14 1.177189655800196
5 15 1.1599895704761507
5 16 1.3591050695417688
5 17 1.361354778882514
5 18 1.303067688254307
5 19 1.2630881900091457
5 20 1.3504864982394813
5 21 1.229548138468725
5 22 1.3740928205068699
5 23 1.4200619891789843
5 24 1.163081933880423
5 25 1.2632161969401772
5 26 1.3395309588539495
5 27 1.3969860162444294
5 28 1.2623926880706287
5 29 1.378011390997303
5 30 1.3698826316730286
5 31 1.4797046628211272
5 32 1.4853331803808933
5 33 0.8165927978968194
5 34 1.3643341674587677
5 35 1.3567908208850739
5 36 1.3031434646995796
5 37 1.2660428657085572
5 38 1.4229887778289145
5 39 1.4101512412138708
5 40 1.2474372559509375
5 41 1.4115683110163715
5 42 1.3900642241018717
5 43 1.414571389771031
5 44 1.1520226755873122
5 45 1.4819679833057682
5 46 1.340584566019623
5 47 1.1913597762000558
5 48 1.2993816096812016
5 49 0.7558135189811408
5 50 1.2884810280529737
5 51 1.3658455089592927
5 52 1.1335549077278635
5 53 1.205658881560604
5 54 1.2291041943112118
5 55 1.4058769166002023
5 56 1.3869565815320866
5 57 1.483842232214858
5 58 1.3437467186783139
5 59 1.4077223544240782
5 60 1.4786495576344758
5 61 1.3933960921037603
5 62 1.4156732642885845
5 63 1.3682915334688768
5 64 1.1106673611782807
5 65 1.1968914544933955
5 66 1.2891877249937873
5 67 1.3819599769002104
5 68 1.3113586341861059
5 69 1.2831450186027193
5 70 1.2213601412166812
5 71 1.3439038110703723
5 72 1.3828019117307888
5 73 1.3226360785395304
5 74 1.3554192266124117
5 75 1.2928797758077548
5 76 1.375601216168625
5 77 1.2724763070393008
5 78 1.3038903116982146
5 79 1.2521632351237229
5 80 1.340488741474823
5 81 1.1588850439294143
5 82 1.3897435624458887
5 83 1.3629147753632143
5 84 1.290163855773534
5 85 1.228263589315563
5 86 1.2409760158939942
5 87 1.2039462326116752
5 88 1.2405819545120866
5 89 1.1248077093970341
6 7 1.521408729376182
6 8 1.2827657844510338
6 9 1.3868824780405684
6 10 1.217881098809466
6 11 1.2704662153967263
6 12 1.2770904490908883
6 13 1.6177945608393525
6 14 1.2820776593015728
6 15 1.36247237994985
6 16 1.2122081532057396
6 17 1.394312014072295
6 18 1.2150628746410241
6 19 1.3026075188404307
6 20 1.0461530169641884
6 21 1.1085044907948172
6 22 1.1310576017734468
6 23 1.236915258762045
6 24 1.2634802364846314
6 25 1.3984356597463343
6 26 1.1795081000092782
6 27 1.4460605961273658
6 28 1.2936332366397711
6 29 1.2505349748226875
6 30 0.6427421280919324
6 31 1.1225348469099647
6 32 1.2968444846219498
6 33 1.5818110934926684
6 34 1.2459647215871288
6 35 1.1853035104835936
6 36 1.2104157222674823
6 37 1.242487584719396
6 38 1.1743524334465192
6 39 1.2311985443319613
6 40 1.4626432680185153
6 41 1.2758301344737464
6 42 1.3182257414860925
6 43 0.5106418393739167
6 44 1.3917661306564988
6 45 1.2622421924837288
6 46 1.0409817773219996
6 47 1.4292431805980264
6 48 1.2307517857766126
6 49 1.3738836518801334
6 50 1.2417474702122495
6 51 1.489017792524729
6 52 1.665397926135479
6 53 1.1607918817196106
6 54 1.3220532183100067
6 55 1.2474723604466773
6 56 1.2548132908871321
6 57 1.3532079224246072
6 58 1.2662795200466326
6 59 1.3486337006879001
6 60 1.2587582176407908
6 61 1.2211891856732042
6 62 1.1005248770029836
6 63 1.349049067273009
6 64 1.6148801192748556
6 65 1.5604869749396568
6 66 1.2471718947129384
6 67 1.3967878494492987
6 68 1.3989339069475681
6 69 1.2869888292408123
6 70 1.587516628426977
6 71 1.104434870813107
6 72 1.3541527231280714
6 73 1.2923811265424907
6 74 1.1614115015546147
6 75 1.1028129499488688
6 76 0.9614348796596544
6 77 1.3077721066609937
6 78 1.1772111872572206
6 79 1.2089326865098609
6 80 1.2485735720680768
6 81 1.5619724357579046
6 82 1.1648191731634452
6 83 1.342341833990646
6 84 1.4760656989654861
6 85 1.4618472554434272
6 86 1.456546021817006
6 87 1.5704611308196896
6 88 1.4056940525800479
6 89 1.4816575209827574
7 8 1.3673625593107643
7 9 1.2510558140191275
7 10 1.2952594646407987
7 11 1.336796428511329
7 12 1.2360916457638986
7 13 1.2398672806985511
7 14 1.3510849032476364
7 15 1.2559793086091737
7 16 1.465014336385258
7 17 1.3015696334434501
7 18 1.3728124081386242
7 19 1.3085037591836721
7 20 1.3137021777972504
7 21 1.366235485202422
7 22 1.3739136615225063
7 23 1.3853605192582623
7 24 1.3056828142163082
7 25 1.4371713053819486
7 26 1.2718741906267137
7 27 1.3784506312113698
7 28 1.2005046114299986
7 29 1.4005145330149587
7 30 1.418457248736827
7 31 1.419925966002026
7 32 1.2851565250943908
7 33 1.2463266681866503
7 34 1.353408533216752
7 35 1.345629532945109
7 36 1.417912418986071
7 37 1.3355891705211491
7 38 1.3884529358640723
7 39 1.2640601796227973
7 40 1.1055864983879835
7 41 1.4086274674743342
7 42 1.370464345369359
7 43 1.4495675482850285
7 44 1.3253291533568727
7 45 1.357327157318564
7 46 1.4750817382048753
7 47 1.3925515458002686
7 48 1.239657211484684
7 49 1.2932837734586395
7 50 1.2332974974410538
7 51 1.353940305699728
7 52 1.0383291877829117
7 53 1.330331857487601
7 54 1.1785051695349928
7 55 1.2851145314286208
7 56 1.3800714671551646
7 57 1.4601083630185845
7 58 1.2994953414539254
7 59 1.3260131487338402
7 60 1.4348942939013558
7 61 1.4058119086402494
7 62 1.4298119753200504
7 63 1.3733140012632234
7 64 1.2427776794735852
7 65 1.21454741863539
7 66 1.3161843000352333
7 67 1.4163258339304323
7 68 1.361600005214162
7 69 1.287616405477722
7 70 1.1119563787014866
7 71 1.4227322902639417
7 72 1.4663561491256774
7 73 1.4273181981453735
7 74 1.3613190667627915
7 75 1.2662388431092273
7 76 1.412256994559392
7 77 1.2959769714877392
7 78 1.3001157555225722
7 79 1.2524808529216274
7 80 1.3717911412431123
7 81 0.9983111730718722
7 82 1.338947622367005
7 83 1.4776313359162074
7 84 1.2728888079406389
7 85 1.2945218834546133
7 86 1.3718147836363275
7 87 1.0525743467328674
7 88 1.0954942384935793
7 89 1.3128851091096498
8 9 1.4384906699693492
8 10 1.4379906022742481
8 11 1.282928774698721
8 12 1.4442024410708814
8 13 1.4155028540145158
8 14 1.321287977758129
8 15 1.3390736035176332
8 16 1.3995783914460573
8 17 1.2562855154509915
8 18 1.3052383650267847
8 19 1.3608314118305378
8 20 1.3275390616627758
8 21 1.2375823653681917
8 22 1.192865870455579
8 23 1.3148675968428736
8 24 1.3328456866792515
8 25 1.460219137325019
8 26 1.1926373777086623
8 27 1.2832978972068099
8 28 1.4380975353886127
8 29 1.0504064705099643
8 30 1.2786266702902063
8 31 1.198091297105888
8 32 1.2079906775931364
8 33 1.579582175863361
8 34 1.3369309226070232
8 35 1.4750063901973027
8 36 1.2361429822279624
8 37 1.3235701317754516
8 38 1.1356487464503553
8 39 1.3153688005319382
8 40 1.3177284167195402
8 41 1.3495994783345613
8 42 1.2394750689614826
8 43 1.2477919370264718
8 44 1.4877574225141044
8 45 1.103980451176211
8 46 1.3823502922597053
8 47 1.4603589021718568
8 48 1.4644662859882638
8 49 1.4995441433746264
8 50 1.2758431867231985
8 51 1.3611729807077115
8 52 1.4206225294336945
8 53 1.344325811474217
8 54 1.5261128867638638
8 55 1.2426884432817993
8 56 1.2764738302130585
8 57 1.0662277865841796
8 58 1.4424139212958866
8 59 1.0731463723630301
8 60 1.0370804189352918
8 61 1.3246470285805283
8 62 1.2268646621780726
8 63 1.3179947435177655
8 64 1.4780364961370167
8 65 1.332235713290106
8 66 1.4448569002734106
8 67 1.36161583547011
8 68 1.2375377614559975
8 69 1.265033602545824
8 70 1.459770347480388
8 71 1.3538744493543264
8 72 1.2350681556633183
8 73 1.3006237437617374
8 74 1.2821138210407874
8 75 1.494119918607468
8 76 1.2957754022449675
8 77 1.2972433170634965
8 78 1.2295820355626712
8 79 1.4382475404232011
8 80 1.1784189068762998
8 81 1.4052651410023673
8 82 1.2623463476960628
8 83 1.3471089054874221
8 84 1.3870489340075127
8 85 1.2918788613368126
8 86 1.4797192417879217
8 87 1.4122406648909414
8 88 1.2797813378124727
8 89 1.380300456546378
9 10 1.2284825567840854
9 11 1.4295850565804695
9 12 1.1522437950751323
9 13 1.4204496070703365
9 14 1.1818795634852337
9 15 1.2085415384133038
9 16 1.2190119013975116
9 17 1.4393819740034342
9 18 1.2908638119329878
9 19 1.2708344395678295
9 20 1.2570797914958602
9 21 1.2595976504042843
9 22 1.3989284766211298
9 23 1.3523753527498863
9 24 1.1148230162397978
9 25 1.2413241379896987
9 26 1.3677299166434556
9 27 1.4041849659554881
9 28 1.1963003848119604
9 29 1.3367236525513373
9 30 1.339787420508836
9 31 1.267425152758721
9 32 1.3548406048754287
9 33 1.2315323583908298
9 34 1.373817203078264
9 35 1.3666956920113338
9 36 1.2916198320460295
9 37 1.2315017879154218
9 38 1.311932076866015
9 39 1.424074380181588
9 40 1.294697342549448
9 41 1.2798369832883947
9 42 1.366809017663085
9 43 1.397895908654389
9 44 1.0899826159810604
9 45 1.4922905409299867
9 46 1.418469758273301
9 47 1.3372804712940611
9 48 1.311197851221141
9 49 1.1594829366744013
9 50 1.2611024088576908
9 51 1.3974076955531507
9 52 1.3325449642788882
9 53 1.2381038884756133
9 54 1.2188484442153276
9 55 1.3548108919849267
9 56 1.3539208292071332
9 57 1.3866717863504248
9 58 1.363338296084891
9 59 1.4340880258374593
9 60 1.438911477912556
9 61 1.3335707937587717
9 62 1.32340415534777
9 63 1.217751496222719
9 64 1.2998179760130604
9 65 1.2445958281216647
9 66 1.2565967453097802
9 67 1.283049282532422
9 68 1.3452821005760094
9 69 1.359050653732912
9 70 1.2933066640991422
9 71 1.3237084508746504
9 72 1.2999050659107956
9 73 1.3065288389526415
9 74 1.1957800042481483
9 75 1.2803080394584325
9 76 1.2861079103470077
9 77 1.226706580475097
9 78 1.3277065950838993
9 79 1.218761664380919
9 80 1.4011633298494586
9 81 1.2183500095357747
9 82 1.343564421971362
9 83 1.2741056083840847
9 84 1.3646548766838156
9 85 1.3345349396822257
9 86 1.2581574613895283
9 87 1.2853841656160285
9 88 1.3593967709277577
9 89 1.4042507235823514
10 11 1.3440556946697835
10 12 1.2594018941474836
10 13 1.5320232579541537
10 14 1.2430405684722272
10 15 1.2571176556136854
10 16 1.3765341409327718
10 17 1.3601266296243473
10 18 1.171153944382403
10 19 1.2338975622849804
10 20 1.2613174750980631
10 21 1.1415299572467144
10 22 1.1752042448513351
10 23 1.2625886148193077
10 24 1.1924141922216647
10 25 1.1593338260057433
10 26 1.2241388455521904
10 27 1.2897943618850836
10 28 1.127327839599198
10 29 1.3529900989929167
10 30 1.1765167704367068
10 31 1.2495677117165493
10 32 1.3666711158424407
10 33 1.2570868698076154
10 34 1.2813375257620414
10 35 1.1676124237799088
10 36 1.0861312717556657
10 37 1.127530089700988
10 38 1.3142012403179275
10 39 1.3823209422427625
10 40 1.3854259267920892
10 41 1.3398474017824602
10 42 1.156086858393594
10 43 1.1929249982345942
10 44 1.2320341079221884
10 45 1.3144689311481215
10 46 1.3124744752906943
10 47 1.339473878176177
10 48 1.2259875715879303
10 49 1.1254049158024124
10 50 1.1099465123706889
10 51 1.4175443729419595
10 52 1.41872077937078
10 53 1.0876548900564509
10 54 1.2199479756939056
10 55 1.3036764023761598
10 56 1.2398795328733283
10 57 1.4380713118633741
10 58 1.2876073635381422
10 59 1.3534610302362136
10 60 1.4585834822041526
10 61 1.2495671192748754
10 62 1.2012294069586442
10 63 1.3814767959124028
10 64 1.3874788039930603
10 65 1.3324407115984827
10 66 1.2579154952119098
10 67 1.2971288945267039
10 68 1.4222403742548095
10 69 1.308142966844792
10 70 1.328737499583158
10 71 1.2688899885690357
10 72 1.416159049421024
10 73 1.3913420761060102
10 74 1.1373730730964793
10 75 1.1393366454745146
10 76 1.2868888758595118
10 77 1.2372477420819719
10 78 1.2695656451570072
10 79 1.2712419734770395
10 80 1.2580824449300423
10 81 1.319484217427009
10 82 1.2126170768263544
10 83 1.2410496283837205
10 84 1.40144557013955
10 85 1.289616318945344
10 86 1.3229757419502526
10 87 1.2688114019531993
10 88 1.330331036081297
10 89 1.3001361269087177
11 12 1.3988685661879257
11 13 1.5058082020041554
11 14 1.3744374182087569
11 15 1.2882257955623373
11 16 1.2887704494608125
11 17 1.2995165661553476
11 18 1.3823561243424005
11 19 1.3448164651633434
11 20 1.2295186959074496
11 21 1.2088685260349947
11 22 1.1951457336148663
11 23 1.1573293863225713
11 24 1.2575414348434875
11 25 1.437654008299309
11 26 1.189240151361714
11 27 1.317354827579568
11 28 1.2917664940455345
11 29 1.2736247447098425
11 30 1.162575496160459
11 31 1.2107138881515422
11 32 1.3474625475754463
11 33 1.5350166417398088
11 34 1.3059753448996176
11 35 1.275117886085373
11 36 1.2591434708172582
11 37 1.292188008708197
11 38 1.2909591434832053
11 39 1.1259521326946225
11 40 1.4505982691939694
11 41 1.2751353614651375
11 42 1.2375610798681909
11 43 1.204056468119308
11 44 1.330296407224327
11 45 1.2566025380433974
11 46 1.246906724006329
11 47 1.3591885720830101
11 48 1.3488284105618777
11 49 1.5236055868228042
11 50 1.2760315774091804
11 51 1.3042026262475204
11 52 1.4540106102975787
11 53 1.2944979570437407
11 54 1.4107389416432077
11 55 1.26205416381582
11 56 1.2909573015425015
11 57 1.2919663597211695
11 58 1.3737138975557484
11 59 1.2455693757383877
11 60 1.3009230517525843
11 61 1.2718674776550265
11 62 1.1846410240791378
11 63 1.3248282838455583
11 64 1.495800158086172
11 65 1.4899094635010592
11 66 1.234291588095198
11 67 1.3377385027988697
11 68 1.4137166902115987
11 69 1.248758290009947
11 70 1.4544665603699485
11 71 1.1563166988246143
11 72 1.3717501393574323
11 73 1.3394865269705762
11 74 1.2877135356675313
11 75 1.3186281873532923
11 76 1.1508871421785165
11 77 1.286552831082955
11 78 1.303217708419723
11 79 1.3687367635033583
11 80 1.2477281933452589
11 81 1.4108784395806888
11 82 1.3989310949830964
11 83 1.3614525849723174
11 84 1.3840910656337484
11 85 1.3573878412883171
11 86 1.4555438247757622
11 87 1.4323466299116154
11 88 1.331488220826255
11 89 1.4256649039781548
12 13 1.2978601476547231
12 14 1.1472995129439614
12 15 1.3274218047869626
12 16 1.34960878989145
12 17 1.384708551993529
12 18 1.3269081079426293
12 19 1.3217869187379703
12 20 1.322304377142697
12 21 1.3022123105865844
12 22 1.3014837196935498
12 23 1.2265127055326297
12 24 1.260277227152691
12 25 1.3800763009069026
12 26 1.3131457422171742
12 27 1.4561974240599163
12 28 0.9467717503744665
12 29 1.3760720796379382
12 30 1.2715362933778487
12 31 1.2971796188249114
12 32 1.394419587749492
12 33 1.2607672264582326
12 34 1.2557953304108984
12 35 1.0029506852919046
12 36 1.2893253428782632
12 37 1.2023529330618064
12 38 1.3856719572079312
12 39 1.289262052462567
12 40 1.2882377161653005
12 41 1.4300230990553928
12 42 1.3855789908261302
12 43 1.266799052931041
12 44 1.3567095508564941
12 45 1.3336094569089298
12 46 1.4057939310472305
12 47 1.429112459466561
12 48 0.9464340733307939
12 49 1.264681132393079
12 50 1.242658926237986
12 51 1.3624706926158505
12 52 1.4181833158785828
12 53 1.2744151597341333
12 54 0.9477032103976304
12 55 1.3137412874478016
12 56 1.246421087904939
12 57 1.3653885185163819
12 58 0.8844924960832586
12 59 1.3608051714307667
12 60 1.4151596199376844
12 61 1.3162429218712195
12 62 1.3677967766513137
12 63 1.1676368246165651
12 64 1.3537701373943285
12 65 1.4161434308705383
12 66 1.0629938121494522
12 67 1.413304548757146
12 68 1.274582239182639
12 69 1.2693202254137996
12 70 1.2576285194568615
12 71 1.3451630822841576
12 72 1.4465109396653297
12 73 1.436171046804087
12 74 1.1720638098176082
12 75 0.9323011630865348
12 76 1.2857464411390103
12 77 1.1278085580990287
12 78 1.2382978358191234
12 79 0.6673223672357202
12 80 1.4244118994888286
12 81 1.2586308970778968
12 82 1.3419104631104402
12 83 1.3345463055353894
12 84 1.3700444629683137
12 85 1.2130982776860697
12 86 1.402968520613283
12 87 1.364794113273188
12 88 1.2780952368665743
12 89 1.2770329633043507
13 14 1.3797913566280915
13 15 1.4610414067877195
13 16 1.4444475750136412
13 17 1.4915896905035986
13 18 1.4075720954198276
13 19 1.4506028578975065
13 20 1.4762232851121353
13 21 1.511449856568119
13 22 1.436672590088322
13 23 1.3700384724663461
13 24 1.4779049036606917
13 25 1.4752392092313593
13 26 1.3188569056519868
13 27 1.3564025014100496
13 28 1.3779884207520119
13 29 1.491922977642701
13 30 1.6331034309033763
13 31 1.4746983250417893
13 32 1.4273400744953015
13 33 1.225157004633614
13 34 1.4076567417329289
13 35 1.4566182287280982
13 36 1.417447455962861
13 37 1.3777233374813227
13 38 1.4558635213719908
13 39 1.3270794403493225
13 40 1.2246733294450507
13 41 1.3795156618216884
13 42 1.4933484372616472
13 43 1.6316060838561466
13 44 1.4402752123825613
13 45 1.3881654612337067
13 46 1.539299475475721
13 47 1.4364069154440036
13 48 1.3353613222671128
13 49 1.314952647873009
13 50 1.4429069094482836
13 51 1.2615457221650257
13 52 1.2266333635987083
13 53 1.4182370456588465
13 54 1.3157931378442853
13 55 1.4727675304637373
13 56 1.334646763854854
13 57 1.398992547882971
13 58 1.2984141465733121
13 59 1.3555389661918649
13 60 1.3936384997943627
13 61 1.3742378105407878
13 62 1.441788863649232
13 63 1.4052254555517985
13 64 1.1871436021300743
13 65 1.3429511935129022
13 66 1.3767561811671156
13 67 1.4177348947439383
13 68 1.393410647815273
13 69 1.3786582090806458
13 70 1.2223932362561287
13 71 1.4354931505063129
13 72 1.3101276869438927
13 73 1.3420450555683785
13 74 1.4813067521454948
13 75 1.3916863805775344
13 76 1.5457822352802484
13 77 1.4148703806200813
13 78 1.404264344235148
13 79 1.3046250727949196
13 80 1.3939864424191515
13 81 1.2778865536122825
13 82 1.4929338530469964
13 83 1.4246786812414458
13 84 1.2968225113564844
13 85 1.2563885633354497
13 86 1.411105069028714
13 87 1.287999916120265
13 88 1.2864748724686519
13 89 1.3505326234801074
14 15 1.3060497072838195
14 16 1.2978361640662932
14 17 1.4384879597447344
14 18 1.2228794678682717
14 19 1.3626306722539099
14 20 1.2615412059186193
14 21 1.2144108207567377
14 22 1.2229757503671579
14 23 1.3265848711806572
14 24 1.2361335692864637
14 25 1.3257584858823703
14 26 1.2717207147872542
14 27 1.427673017398055
14 28 1.2672038093073126
14 29 1.2084559596746218
14 30 1.2546069834540252
14 31 1.280472672457113
14 32 1.3719666878550463
14 33 1.2671879417383967
14 34 1.337240726264827
14 35 1.2970441309826959
14 36 1.3020205102874123
14 37 1.1802284648266714
14 38 1.340791374600234
14 39 1.3482644330813538
14 40 1.2655342797208415
14 41 1.3628465267383416
14 42 1.4670068320600151
14 43 1.2977169233917205
14 44 1.3810478661386152
14 45 1.3760775131886864
14 46 1.2805311386427067
14 47 1.240610846911256
14 48 1.3507251988742828
14 49 1.2205494048654462
14 50 1.2392255852638123
14 51 1.475739537632049
14 52 1.3168571207461983
14 53 1.2598585474246107
14 54 1.252929682756622
14 55 1.2480877418532945
14 56 1.3004372630531014
14 57 1.3681910653487743
14 58 1.3256925823703252
14 59 1.4005792514903204
14 60 1.4206356293423443
14 61 1.2648055781579
14 62 1.3600611663653637
14 63 1.1334891154630724
14 64 1.2793152017766827
14 65 1.247135772182174
14 66 1.2646647063166774
14 67 1.393816107887207
14 68 1.2852858364091757
14 69 1.3026428709134534
14 70 1.342902247563897
14 71 1.3406010167071842
14 72 1.3230986216986824
14 73 1.2879190325000691
14 74 1.250169787185285
14 75 1.2960846204041159
14 76 1.239579232938372
14 77 1.1407267238284506
14 78 1.1975597491842132
14 79 1.2472103699573112
14 80 1.342581878721698
14 81 1.3047927186988109
14 82 1.2308764227559632
14 83 1.3554036817111532
14 84 1.332415698657859
14 85 1.2378401239105625
14 86 1.3134043012268564
14 87 1.2691598860876554
14 88 1.1284628636492233
14 89 1.3127325488065096
15 16 1.3296080513829145
15 17 1.2195524566583453
15 18 1.2291590621661082
15 19 1.2811214867274454
15 20 1.290974027771817
15 21 1.1341419351175275
15 22 1.121372457398379
15 23 1.3893655969504821
15 24 0.6144589822471204
15 25 1.303337813297012
15 26 1.126277960507025
15 27 1.2272287822923411
15 28 1.27434986780415
15 29 1.2059361818756507
15 30 1.1998224179719408
15 31 1.2438975773166565
15 32 1.2695138220423032
15 33 1.2280276909098657
15 34 1.2319807180792657
15 35 1.3640242087861965
15 36 1.2301516257584617
15 37 1.2179446110201553
15 38 1.186381638920966
15 39 1.3174758533891051
15 40 1.207377637919126
15 41 1.3665276882122286
15 42 1.283917335259233
15 43 1.275217058596483
15 44 1.2216990608874918
15 45 1.1972835544737095
15 46 1.3002076340900266
15 47 1.3038113787871595
15 48 1.37884396055677
15 49 1.297198143185714
15 50 1.0821127968798168
15 51 1.4262570844131826
15 52 1.2549960399853832
15 53 1.2281948279836945
15 54 1.2767574091254568
15 55 1.3117579618208837
15 56 1.3322775808054153
15 57 1.3142422640046432
15 58 1.3790065982438422
15 59 1.2074376953990151
15 60 1.2889921903277628
15 61 1.4646587026116467
15 62 1.3025336003781214
15 63 1.4100941864987564
15 64 1.2908279855009686
15 65 1.272070155879282
15 66 1.1716523210265242
15 67 1.203254788244079
15 68 1.3393525563352862
15 69 1.217725232863247
15 70 1.2050492776960304
15 71 1.2666039641738776
15 72 1.4001037798378368
15 73 1.398880777365052
15 74 1.271936215068413
15 75 1.2600112072472924
15 76 1.2621277780286302
15 77 1.2004855209066914
15 78 1.2455732329003515
15 79 1.3906824735250107
15 80 1.1341903098583621
15 81 1.1934810816974275
15 82 1.2515740417188055
15 83 1.3458273519169317
15 84 1.0909325999870607
15 85 1.210343069826309
15 86 1.370016085151736
15 87 1.296990439252384
15 88 1.2514032669911441
15 89 1.2537092192468893
16 17 1.4121157627746717
16 18 1.3095321973649954
16 19 1.3665348847440657
16 20 1.2423454496376023
16 21 1.3200735032515611
16 22 1.3133183060948976
16 23 1.3132829478981713
16 24 1.338692979784356
16 25 1.3858629981110808
16 26 1.3832316220989846
16 27 1.4461792022724989
16 28 1.2586924193977926
16 29 1.3449890167847833
16 30 1.107089022326537
16 31 1.3054267144630236
16 32 1.2711387158763392
16 33 1.4174749004073597
16 34 1.2495534828846735
16 35 1.2687121413851712
16 36 1.3012641659573192
16 37 1.2786007581607595
16 38 1.2462710051556667
16 39 1.2654626479507993
16 40 1.4063358123416396
16 41 1.1884836238002088
16 42 1.3767012522641868
16 43 1.2383233073090527
16 44 1.162373145628817
16 45 1.358290466821807
16 46 1.298209701021542
16 47 1.3126168096583355
16 48 1.2704657335289142
16 49 1.3515416959505593
16 50 1.3909093203230292
16 51 1.309833455237962
16 52 1.5354752346626492
16 53 1.318745853142482
16 54 1.3198651638728713
16 55 1.398499349697842
16 56 1.427661281041373
16 57 1.4447065040904126
16 58 1.3229208802071724
16 59 1.3994382879896596
16 60 1.3624973478714677
16 61 1.44185194687232
16 62 1.1295262091302187
16 63 1.3243610228230331
16 64 1.5208861361855501
16 65 1.3811001595666086
16 66 1.264035198969055
16 67 1.351176476299615
16 68 1.3905774395074015
16 69 1.2483299769183869
16 70 1.4984055443209523
16 71 1.2154240360243476
16 72 1.3230004798503012
16 73 1.226356224244136
16 74 1.3178678250546794
16 75 1.2970508846135456
16 76 1.1321162518515353
16 77 1.3456785895342547
16 78 1.271846435384382
16 79 1.2891948920034912
16 80 1.3878602631801291
16 81 1.455322784276068
16 82 1.3755505291532113
16 83 1.3298971172041976
16 84 1.394056261516873
16 85 1.4154755157432937
16 86 1.30530633505338
16 87 1.527533481340379
16 88 1.3701160798708867
16 89 1.5135958446119946
17 18 1.1836062242550296
17 19 1.3678114009765754
17 20 1.2898995391884067
17 21 1.3338653088018741
17 22 1.2960689945515067
17 23 1.3588129873078458
17 24 1.2990196983407192
17 25 1.4122956491958851
17 26 1.2234212741134693
17 27 1.2671546010339252
17 28 1.3434934810760986
17 29 1.3060058013621754
17 30 1.3300964800051283
17 31 1.3823303023517133
17 32 1.3210050678423926
17 33 1.3867662353031063
17 34 1.447238625267864
17 35 1.3916598750817297
17 36 1.3642856919904314
17 37 1.4891646898988777
17 38 1.3017425095163466
17 39 1.3109421151671048
17 40 1.365726119088717
17 41 1.3993960784075385
17 42 1.2215466415574254
17 43 1.3261083513196044
17 44 1.4159266894150593
17 45 1.2139740876884815
17 46 1.3504416176628515
17 47 1.3735281102144972
17 48 1.3557830329586482
17 49 1.4133047674799195
17 50 1.2973126537351192
17 51 1.3502644564544946
17 52 1.3362676576301444
17 53 1.3076695200032804
17 54 1.330327639955346
17 55 1.3007134271535945
17 56 1.4184220699179588
17 57 1.2812088504334485
17 58 1.3540395906937743
17 59 1.2366547373912358
17 60 1.2472046711501927
17 61 1.3328501018978827
17 62 1.2925287810352677
17 63 1.4342408178433004
17 64 1.3234929323290734
17 65 1.364936966037174
17 66 1.3940776731732143
17 67 1.3818303274695871
17 68 1.2791026274814254
17 69 1.1431480927474376
17 70 1.3613388772940258
17 71 1.503169601369718
17 72 1.375774325266157
17 73 1.3202638232615427
17 74 1.2119924952405252
17 75 1.3480921485746182
17 76 1.3615081632046553
17 77 1.349597726844023
17 78 1.2384519611766485
17 79 1.3981838189832856
17 80 1.2896240910139913
17 81 1.3342676537999336
17 82 1.1765721282995907
17 83 1.4025220114335177
17 84 1.2619993431706875
17 85 1.2846088294098654
17 86 1.460738201725125
17 87 1.3591891971857193
17 88 1.3096477640604498
17 89 1.1386700362023612
18 19 1.2579050006154455
18 20 1.3388065936072453
18 21 1.213824928209534
18 22 1.112402694263726
18 23 1.3472685664576698
18 24 1.2076669911282387
18 25 1.1961655692603068
18 26 1.1258948303073906
18 27 1.3076257800129252
18 28 1.3021374763374045
18 29 1.304078513224376
18 30 1.1767201792318835
18 31 1.2544387957040029
18 32 1.2564369033308918
18 33 1.4181968848983753
18 34 1.1652449255206112
18 35 1.291810533915594
18 36 1.1474788676864882
18 37 1.2135350862831387
18 38 1.250280116513554
18 39 1.3690488681211213
18 40 1.2966478930206133
18 41 1.3310782951152067
18 42 1.2589828634205507
18 43 1.1843121930296945
18 44 1.3324740496895644
18 45 1.217561092459699
18 46 1.2969957321252987
18 47 1.3063113867946854
18 48 1.3755602310322526
18 49 1.3286817430181428
18 50 1.132968078835936
18 51 1.404338452173071
18 52 1.456731880153477
18 53 1.128341661845542
18 54 1.3454840497431695
18 55 1.3162133714209738
18 56 1.3991828810164753
18 57 1.376053730165939
18 58 1.4171516779065954
18 59 1.2994864180155699
18 60 1.3476248998707343
18 61 1.3171604638683967
18 62 1.1730906742368028
18 63 1.3585509915263991
18 64 1.378341185881844
18 65 1.4083714016754343
18 66 1.2520115205470945
18 67 1.3262919421160126
18 68 1.3712324877592477
18 69 1.1655035527585964
18 70 1.4701863598195342
18 71 1.298099587315011
18 72 1.3598378738345147
18 73 1.267893233396896
18 74 1.0926759913085935
18 75 1.3791988371833828
18 76 1.1902430183479829
18 77 1.2593306652211909
18 78 1.2528065173256855
18 79 1.3931105285403147
18 80 1.2128790095795599
18 81 1.4605013944946836
18 82 1.1006785401953887
18 83 1.3377188560806574
18 84 1.3163228138895124
18 85 1.294243758931461
18 86 1.3130596328517705
18 87 1.43877509631814
18 88 1.2808888167719343
18 89 1.3033017853909072
19 20 1.30772492023946
19 21 1.2604315707835867
19 22 1.239255790421831
19 23 1.3713591342564044
19 24 1.2437434378798697
19 25 1.2377680000541398
19 26 1.3149343867707275
19 27 1.3641693142362448
19 28 1.2222888542799653
19 29 1.3946780242082006
19 30 1.2739032052151034
19 31 1.3390393898719206
19 32 1.340811707329482
19 33 1.3520408533451274
19 34 1.301459777112742
19 35 1.3668846853653307
19 36 1.2796669319387994
19 37 1.4079076629450096
19 38 1.3113669885702228
19 39 1.366472279903809
19 40 1.3899772488542728
19 41 1.3667618713562513
19 42 1.3431137922066312
19 43 1.2755177595521485
19 44 1.230576393823521
19 45 1.3919158463681585
19 46 1.345417774855334
19 47 1.2345197028838792
19 48 1.2401956423697207
19 49 1.3463053287946893
19 50 1.3379588809132106
19 51 1.3886728356646556
19 52 1.4237909715160646
19 53 1.3069631026607873
19 54 1.3223862347574862
19 55 1.3868084633523383
19 56 1.3757195013252748
19 57 1.4063124394165736
19 58 1.2468567293064015
19 59 1.3872899128253706
19 60 1.4399992634517758
19 61 1.2961575271728276
19 62 1.2367673887957935
19 63 1.4423042633488627
19 64 1.4479431629815218
19 65 1.3588594070022126
19 66 1.306208204871679
19 67 1.341732185448631
19 68 1.2778095882914944
19 69 1.3693114135040696
19 70 1.4419129365324244
19 71 1.3080171105752945
19 72 1.3522477347903747
19 73 1.3756672542239272
19 74 1.3164963199849506
19 75 1.3200952974601166
19 76 1.2545883585102955
19 77 1.3341639447717628
19 78 1.221394715564417
19 79 1.3313549842235044
19 80 1.337532384360708
19 81 1.2871903512776859
19 82 1.3439181622376406
19 83 1.4200079553815452
19 84 1.4177572589473766
19 85 1.344488798287883
19 86 1.310584534162442
19 87 1.4418658662383885
19 88 1.3589450830958731
19 89 1.2773606280918461
20 21 1.2116404134052798
20 22 1.1877898337784614
20 23 1.380202292139687
20 24 1.2165942843165782
20 25 1.4093742101412352
20 26 1.2412967723533623
20 27 1.4237363344659981
20 28 1.2315350685788709
20 29 1.240162178217069
20 30 0.9509007120222854
20 31 1.243206636951371
20 32 1.3592964091570903
20 33 1.3969120063367992
20 34 1.2543244889516074
20 35 1.2549728279216654
20 36 1.1628318808566451
20 37 1.3311533148844827
20 38 1.1783230420213282
20 39 1.2737007514949745
20 40 1.44113641044681
20 41 1.2137593933122446
20 42 1.3690139764183848
20 43 1.0190365437598234
20 44 1.258863519577998
20 45 1.3063274948336043
20 46 1.199396484441412
20 47 1.3942463702530268
20 48 1.2417080818527486
20 49 1.3299240758367794
20 50 1.2779788753122812
20 51 1.3675627644770496
20 52 1.4285810456368206
20 53 1.2115458908937973
20 54 1.2134949893646314
20 55 1.3288498616115483
20 56 1.346805900809436
20 57 1.346239131857272
20 58 1.2839330399277094
20 59 1.422567604254941
20 60 1.3530794190469793
20 61 1.2989935450772443
20 62 1.233682210067223
20 63 1.382701873766219
20 64 1.497658981224773
20 65 1.3596192746884737
20 66 1.1070752629672338
20 67 1.2568283909435685
20 68 1.3160229489494113
20 69 1.2845470148951237
20 70 1.4215496332149804
20 71 1.2388268510737102
20 72 1.359196838776682
20 73 1.336606598256652
20 74 1.2248919862005088
20 75 1.229814964316331
20 76 1.1443227098935762
20 77 1.3005920360695198
20 78 1.22165815294399
20 79 1.254990224876505
20 80 1.251838134973891
20 81 1.348976931622888
20 82 1.1502796424387256
20 83 1.3768416033938724
20 84 1.393388622998235
20 85 1.4139266397130434
20 86 1.3234229639478927
20 87 1.4006303611281368
20 88 1.323909715512614
20 89 1.3568059528333383
21 22 1.1961367311478288
21 23 1.2564082446415363
21 24 1.1095009175899886
21 25 1.2131370079224297
21 26 1.1717162885235162
21 27 1.3738424143251489
21 28 1.197574651022023
21 29 1.216650694246318
21 30 1.0291288832397538
21 31 1.2422424610571154
21 32 1.39605676159371
21 33 1.248490889538987
21 34 1.3060101774967419
21 35 1.2917082990315494
21 36 1.1863642684449396
21 37 1.1249050590440086
21 38 1.1889701425971406
21 39 1.3591486597857767
21 40 1.3527684710288956
21 41 1.3420706495345731
21 42 1.2568070882730178
21 43 1.0980263903681118
21 44 1.107935284396432
21 45 1.2613852292460732
21 46 1.2489162984437012
21 47 1.3512295612922267
21 48 1.244001869624751
21 49 1.2401622590988644
21 50 1.1435485203406597
21 51 1.3917684441250204
21 52 1.4688647724396735
21 53 1.1244346545327133
21 54 1.3134400615751756
21 55 1.3310826555217141
21 56 1.2652086787970622
21 57 1.3662421018661017
21 58 1.3068073739918382
21 59 1.308091470282908
21 60 1.3214790676549013
21 61 1.257045028657921
21 62 1.202129806844115
21 63 1.3497455989950045
21 64 1.4174357263357138
21 65 1.3055736163243803
21 66 1.1937253764111402
21 67 1.2927049000694806
21 68 1.4030997603293767
21 69 1.2528315142557196
21 70 1.4157009795717543
21 71 1.1048309330792372
21 72 1.2661696626818675
21 73 1.3244025266529897
21 74 1.1830055798583954
21 75 1.2255239709351862
21 76 1.0426718506746369
21 77 1.2448972008399641
21 78 1.0411288262742693
21 79 1.2645430216850337
21 80 1.196019816631884
21 81 1.3269944978640358
21 82 1.1981480748874804
21 83 1.2304788027900555
21 84 1.4058958293647568
21 85 1.293236759721415
21 86 1.3217265666667026
21 87 1.4090795959644844
21 88 1.3178774108754217
21 89 1.3792125772008919
22 23 1.290335799905125
22 24 1.0965156270113083
22 25 1.3162068889850733
22 26 1.0364136151788714
22 27 1.201125297790627
22 28 1.2265021718113918
22 29 1.106506502578664
22 30 1.0451303242267138
22 31 1.0160758540326815
22 32 1.2430639424550591
22 33 1.3840380559774377
22 34 1.161200420965698
22 35 1.215075565947169
22 36 1.0184812496238207
22 37 1.139882406185008
22 38 1.1467597090996595
22 39 1.2402924842627316
22 40 1.3189251711850454
22 41 1.2487651902376797
22 42 1.1720907814344237
22 43 1.0682594928769775
22 44 1.371173725679786
22 45 1.0021714860081459
22 46 1.1870140041126653
22 47 1.3565189317735888
22 48 1.3159065687717577
22 49 1.3673112644356749
22 50 1.0383840753487839
22 51 1.3279398188302627
22 52 1.45670584757385
22 53 1.1759954016924692
22 54 1.2534905602750164
22 55 1.2589860427105029
22 56 1.3577835144747052
22 57 1.2562025718284189
22 58 1.320169426689115
22 59 1.0224815270725178
22 60 1.1727204909653
22 61 1.2231490450901608
22 62 1.1280163711067812
22 63 1.3519045222918091
22 64 1.414610737087342
22 65 1.4131720350156245
22 66 1.1207438419981015
22 67 1.286181437713871
22 68 1.2690396397191204
22 69 1.1938125055490016
22 70 1.383334528955545
22 71 1.1194837124195007
22 72 1.3621153021278427
22 73 1.2930027130003106
22 74 1.1832506694437475
22 75 1.2405563440071348
22 76 1.1093548570345002
22 77 1.1796254369194397
22 78 1.113240502614651
22 79 1.2981025513814788
22 80 1.0353209113433803
22 81 1.3755129830964434
22 82 1.1717650101317978
22 83 1.3570487543537715
22 84 1.3188352433233759
22 85 1.2577237635549054
22 86 1.441653499469069
22 87 1.3919572059300018
22 88 1.2849432849637408
22 89 1.3624137568205126
23 24 1.3576207066553652
23 25 1.3995564099602258
23 26 1.242916387501662
23 27 1.3345303094016243
23 28 1.2100554272772064
23 29 1.3289924010581982
23 30 1.2037934342017382
23 31 1.1950302249981153
23 32 1.4474683887903437
23 33 1.4403875486395321
23 34 1.3689355377637156
23 35 1.3130721950039377
23 36 1.211080501677968
23 37 1.2213412460477495
23 38 1.2916527893248997
23 39 1.313857238982932
23 40 1.3524465225644975
23 41 1.2490810668144314
23 42 1.2207044750940275
23 43 1.1937349008647122
23 44 1.3205270198095325
23 45 1.2026108848895922
23 46 1.315557080640006
23 47 1.4426726865649417
23 48 1.265655569319227
23 49 1.3653862208686824
23 50 1.3319101404064189
23 51 1.420053769407625
23 52 1.5124653085445015
23 53 1.1953636593280592
23 54 1.3070071274719002
23 55 1.323102953662257
23 56 1.0505294028085865
23 57 1.4041572806296063
23 58 1.3104754944999055
23 59 1.197060724260705
23 60 1.2968609300508254
23 61 1.1827817201818687
23 62 1.1614102810743545
23 63 1.2855015594504047
23 64 1.4364685215863549
23 65 1.418148331551608
23 66 1.3873113752260455
23 67 1.305742265025533
23 68 1.463411512049201
23 69 1.2269296468496922
23 70 1.4127710219718081
23 71 1.2239516180466075
23 72 1.3253274807698754
23 73 1.2080417670008219
23 74 1.2162216921621365
23 75 1.2635011780085714
23 76 1.2758335025812881
23 77 1.361362955788835
23 78 1.3260488073157275
23 79 1.2263697111836964
23 80 1.3242686992745023
23 81 1.4253107861854069
23 82 1.3349412277155932
23 83 1.3644968450914936
23 84 1.3873073344908782
23 85 1.3363624466414328
23 86 1.592806026952978
23 87 1.4137271656481736
23 88 1.3235242404121512
23 89 1.4246436729252996
24 25 1.2547662140952072
24 26 1.0846249522895701
24 27 1.261616398743888
24 28 1.1914960276114546
24 29 1.1995090118115597
24 30 1.098073108434107
24 31 1.1462805575093076
24 32 1.2815733687342676
24 33 1.2577884107511708
24 34 1.2297984050329187
24 35 1.3549154539540706
24 36 1.1810416185445891
24 37 1.1357916648004571
24 38 1.167864610722105
24 39 1.2280201509360362
24 40 1.2117101031926272
24 41 1.3280015767691837
24 42 1.207040069762913
24 43 1.1659542182168499
24 44 1.1811625450746843
24 45 1.2004374150985622
24 46 1.2686930683072244
24 47 1.2960655149524323
24 48 1.359449383706292
24 49 1.2535083117394892
24 50 1.0837717604353292
24 51 1.3914094096319511
24 52 1.3146076536930733
24 53 1.1660698997734658
24 54 1.254082137290654
24 55 1.278591005200121
24 56 1.257078996446573
24 57 1.3041910800712828
24 58 1.3800515849054893
24 59 1.2222680442818719
24 60 1.2796614319788457
24 61 1.3046133170432206
24 62 1.2195903402832589
24 63 1.3416728542801464
24 64 1.3511062271416423
24 65 1.321838607952991
24 66 1.1664580451009912
24 67 1.1812422373156215
24 68 1.326857641342294
24 69 1.242957449866933
24 70 1.198076691103204
24 71 1.1278907884715705
24 72 1.411290389679849
24 73 1.3485032039574354
24 74 1.1891912558995763
24 75 1.2505046460742633
24 76 1.1606905925195758
24 77 1.124385768822841
24 78 1.24521953454959
24 79 1.3362831131844481
24 80 1.0715337170644084
24 81 1.2158359390769897
24 82 1.267432030015425
24 83 1.3483628597758368
24 84 1.1575727593195688
24 85 1.241412404875556
24 86 1.3814969928611207
24 87 1.299760606594231
24 88 1.2903129255856294
24 89 1.282198669619168
25 26 1.2661047516771053
25 27 1.2991499138994944
25 28 1.2863708235570153
25 29 1.4069195794091793
25 30 1.3813341759798923
25 31 1.347397132170037
25 32 1.41256855797522
25 33 1.3372743680888788
25 34 1.2639097828283774
25 35 1.394111554296017
25 36 1.2521949472093554
25 37 1.2338574236078685
25 38 1.215905480499843
25 39 1.4326178353997876
25 40 1.410564561224743
25 41 1.327547773779542
25 42 1.2913816110369234
25 43 1.3860987460485923
25 44 1.1073541175731911
25 45 1.4233198830120894
25 46 1.4374913681373638
25 47 1.2524367669623908
25 48 1.3822430709221885
25 49 1.3337683470871957
25 50 1.265935239924169
25 51 1.2527338632444003
25 52 1.427055297521294
25 53 1.1211413071993026
25 54 1.3497793698989737
25 55 1.418500762428897
25 56 1.382397713594551
25 57 1.440783755712096
25 58 1.3615016109320712
25 59 1.403337151736969
25 60 1.4864597512521969
25 61 1.3209971374803344
25 62 1.3254608347203065
25 63 1.4401428094285758
25 64 1.3439179249554445
25 65 1.4269525685737265
25 66 1.2675551535121734
25 67 1.2946156921281138
25 68 1.470610927182642
25 69 1.402835817222323
25 70 1.3285511657215752
25 71 1.2711817252935962
25 72 1.3540282275636288
25 73 1.257824882900246
25 74 1.2352164419494185
25 75 1.4790506731079984
25 76 1.3217351162399813
25 77 1.2918502276796233
25 78 1.2131374466229254
25 79 1.4006093522505243
25 80 1.3215576233150512
25 81 1.3227153514171301
25 82 1.3278324893973907
25 83 1.2830153135582556
25 84 1.3739206886734356
25 85 1.2705796213152298
25 86 0.9722904305059976
25 87 1.4480652892800538
25 88 1.4164395967390426
25 89 1.3597251585357026
26 27 1.1882702167986883
26 28 1.2106138511183802
26 29 1.2008056863745047
26 30 1.0986435054143209
26 31 1.1652277097607255
26 32 1.1761364239881587
26 33 1.3652752179102279
26 34 1.2585977319771953
26 35 1.324563089560635
26 36 1.247719885669258
26 37 1.222675063508341
26 38 1.2184877133693948
26 39 1.1760606147259136
26 40 1.1919775060467364
26 41 1.33277005554676
26 42 1.1769127431039414
26 43 1.145321418894298
26 44 1.3018840780377827
26 45 0.9785796472539002
26 46 1.2412168001947814
26 47 1.347054991344218
26 48 1.3626935083356007
26 49 1.3292316068941257
26 50 1.0995667910583347
26 51 1.3354062558613247
26 52 1.3481411904458
26 53 1.1516891511756313
26 54 1.3783793887763367
26 55 1.241102118154453
26 56 1.192504592932312
26 57 1.2480746140266405
26 58 1.349449912519266
26 59 1.0421302361597198
26 60 1.1246694626960063
26 61 1.13896843665867
26 62 1.1694652843381876
26 63 1.3644000046860627
26 64 1.3535760388003077
26 65 1.3099612789838864
26 66 1.2381672627738776
26 67 1.2699705969530437
26 68 1.3640641094644166
26 69 1.1849637406288687
26 70 1.2974716273272093
26 71 1.1523150503701638
26 72 1.3678031879148944
26 73 1.2641653125170518
26 74 1.154905436419019
26 75 1.27021187192288
26 76 1.1514104388440616
26 77 1.072465249898149
26 78 1.1730518311385867
26 79 1.3226178378556857
26 80 1.0645216350274198
26 81 1.2517171161304368
26 82 1.1439555809825352
26 83 1.2345518302073757
26 84 1.175470462987114
26 85 1.2955400198538323
26 86 1.40437597665133
26 87 1.3519410469815443
26 88 1.1580172898933394
26 89 1.2210409522148582
27 28 1.3936697765043082
27 29 1.277264907633569
27 30 1.4299159082095207
27 31 1.399010259046825
27 32 1.3210685203827204
27 33 1.3679290496280705
27 34 1.4357024390130961
27 35 1.4172465432983345
27 36 1.3247850220944541
27 37 1.3756200233634828
27 38 1.211614578927485
27 39 1.3361772058208043
27 40 1.322551961674738
27 41 1.3267972168989277
27 42 1.178229327429195
27 43 1.4546905181023615
27 44 1.3450435654478707
27 45 1.0627101461385822
27 46 1.3876877109163466
27 47 1.3688519980075373
27 48 1.5453512864901748
27 49 1.3804066906055663
27 50 1.2411358962398225
27 51 1.3925745418775526
27 52 1.3628016877728473
27 53 1.2498623492741123
27 54 1.4095993321126088
27 55 1.3341110329510788
27 56 1.3623039576853078
27 57 1.2629015004833555
27 58 1.4638046815061743
27 59 1.0982635014377542
27 60 1.18160309188849
27 61 1.348708494864357
27 62 1.2488143620246828
27 63 1.3363447707708307
27 64 1.3393790414529732
27 65 1.3621425746690259
27 66 1.4324109457227419
27 67 1.297076620358928
27 68 1.429694526865889
27 69 1.3436286213074773
27 70 1.24248528546173
27 71 1.3797178754052495
27 72 1.310194586096585
27 73 1.245373656338804
27 74 1.3349946336341492
27 75 1.4749294978536152
27 76 1.3887116117415508
27 77 1.436025534501569
27 78 1.3315005203828916
27 79 1.4746665919164894
27 80 1.297192333302177
27 81 1.3080128483042417
27 82 1.226291971917121
27 83 1.2434834986683265
27 84 1.3146384326611533
27 85 1.3483718082940201
27 86 1.3969375580117434
27 87 1.4398189949960936
27 88 1.3486825162043397
27 89 1.2124158563320202
28 29 1.3442123130215355
28 30 1.2065017073394146
28 31 1.2826309782944563
28 32 1.2905087555218273
28 33 1.2694870499425595
28 34 1.233327798859922
28 35 1.0374761589361916
28 36 1.2213993356176727
28 37 1.1681457532714161
28 38 1.3114681095987244
28 39 1.2408525508770727
28 40 1.352731164452857
28 41 1.343591141322426
28 42 1.3291337008357083
28 43 1.2124878083020987
28 44 1.2183639881342818
28 45 1.3347178341240358
28 46 1.3584696829363083
28 47 1.444003601693496
28 48 0.9542298903357647
28 49 1.230754898735439
28 50 1.2566271969805287
28 51 1.2404406528400722
28 52 1.4562930651915684
28 53 1.2232957079929832
28 54 0.971530982223152
28 55 1.3533201740680305
28 56 1.2522192085808972
28 57 1.3495703228723785
28 58 0.9498920120954949
28 59 1.3371264972352712
28 60 1.4015375461401753
28 61 1.23314974687943
28 62 1.247563056154608
28 63 1.3608430827584261
28 64 1.3673851780541333
28 65 1.348290150033143
28 66 0.9798096324421901
28 67 1.3272337457814096
28 68 1.3373839099692548
28 69 1.2401019180514703
28 70 1.3408186067444923
28 71 1.2235804710578617
28 72 1.3347067172356666
28 73 1.3785512158259576
28 74 1.1851220113634824
28 75 0.9628324637150064
28 76 1.105908200006079
28 77 1.25829323025461
28 78 1.2703752823101717
28 79 0.9267273309303311
28 80 1.354958567905096
28 81 1.2307043650172582
28 82 1.3839430944279711
28 83 1.285011349093295
28 84 1.2960794164014162
28 85 1.238189296967124
28 86 1.3983715727966246
28 87 1.2853223054368152
28 88 1.2181802577951841
28 89 1.2296291130511259
29 30 1.1391843022475792
29 31 1.1034682218485667
29 32 1.3185651592824994
29 33 1.4097093159335174
29 34 1.390779539190394
29 35 1.39485637437392
29 36 1.1576319571458822
29 37 1.1933693565731747
29 38 1.2432541914415283
29 39 1.3206667029484254
29 40 1.298355154758883
29 41 1.3332243050598842
29 42 1.0471530032411625
29 43 1.1860148983095873
29 44 1.3305494350869431
29 45 1.0489520551409597
29 46 1.2525221682084473
29 47 1.3092476841323306
29 48 1.4257540554552741
29 49 1.3788792438013215
29 50 1.0754163199178168
29 51 1.4570978107345145
29 52 1.3917216544652544
29 53 1.1781092559165944
29 54 1.4602435020873423
29 55 1.3238069704656865
29 56 1.3740787394484546
29 57 1.0913008706953735
29 58 1.4490569939998708
29 59 1.0871776842081364
29 60 0.9727769818892089
29 61 1.3376828384990558
29 62 1.140785409501419
29 63 1.2720413405657587
29 64 1.4267527032964342
29 65 1.4239301955533987
29 66 1.2630394840426238
29 67 1.209492553046713
29 68 1.2214988412450143
29 69 1.1320228492244866
29 70 1.3903695960116873
29 71 1.2472296257218882
29 72 1.2341732305153144
29 73 1.3088466818134035
29 74 1.1717705346780474
29 75 1.3545774923379932
29 76 1.159571816891404
29 77 1.2345536576727312
29 78 1.1919062504407825
29 79 1.3867300053096656
29 80 1.236661308402544
29 81 1.3721074100693464
29 82 1.1125300780423082
29 83 1.2481498443538774
29 84 1.3675467904379601
29 85 1.417835727940042
29 86 1.3513855438857616
29 87 1.403949370484924
29 88 1.2305222274569358
29 89 1.3881519673912515
30 31 1.0411503813904308
30 32 1.2695286576088372
30 33 1.4933072567311674
30 34 1.1724394547051609
30 35 1.1364790074514886
30 36 1.128376016982871
30 37 1.1075570886457393
30 38 1.108380733260999
30 39 1.1673401110503443
30 40 1.378232334637697
30 41 1.242587408918919
30 42 1.226141576542055
30 43 0.5903616097450786
30 44 1.253508043233576
30 45 1.2103440173218247
30 46 0.9840291142448955
30 47 1.3359969448087716
30 48 1.209478873265591
30 49 1.3098031723177146
30 50 1.1693844569642267
30 51 1.4421866195413737
30 52 1.586774005216618
30 53 1.004287439311493
30 54 1.293635089173997
30 55 1.2279419131962594
30 56 1.2270180569722253
30 57 1.386361062882759
30 58 1.2632968627637695
30 59 1.3162267051553995
30 60 1.2423654141712606
30 61 1.2545517984822065
30 62 1.0439353959542428
30 63 1.320686434696529
30 64 1.599657780237826
30 65 1.474717129611454
30 66 1.133260298100646
30 67 1.28000341126312
30 68 1.3451782285209042
30 69 1.1833856509222882
30 70 1.5340243465177554
30 71 0.9764804192818134
30 72 1.359839717986222
30 73 1.2756946726216518
30 74 1.0588717847927045
30 75 1.0945831798516004
30 76 0.8284128457097419
30 77 1.276080264482328
30 78 1.1563584703568035
30 79 1.2047424211881277
30 80 1.147688095110104
30 81 1.4495889390459458
30 82 1.1163970321587127
30 83 1.3979305999916385
30 84 1.3438141438294178
30 85 1.412077484481236
30 86 1.428435283891629
30 87 1.472974775093018
30 88 1.309499171110283
30 89 1.435899172206152
31 32 1.371961827066332
31 33 1.4618235825051165
31 34 1.3026092137043292
31 35 1.2320090892841415
31 36 1.0615024316715274
31 37 1.1750690041810872
31 38 1.288422538973905
31 39 1.2204646333455842
31 40 1.4062524021988572
31 41 1.2811293467274714
31 42 1.1357508348303564
31 43 1.0511365132577486
31 44 1.3586306172567921
31 45 1.128718004729432
31 46 1.244870482783681
31 47 1.4564774796481716
31 48 1.2475577466919792
31 49 1.4448966184901024
31 50 1.1559624291013322
31 51 1.353764356527029
31 52 1.589485803009399
31 53 1.1133059355736672
31 54 1.3546069137363106
31 55 1.2007035135435227
31 56 1.248383428317305
31 57 1.1353800755846097
31 58 1.35352535435506
31 59 1.0893581827133256
31 60 1.1851169178744543
31 61 1.2748797084784866
31 62 1.1492628688395372
31 63 1.3110405787590458
31 64 1.5301837159064753
31 65 1.4611880850453314
31 66 1.2435324499312317
31 67 1.2247258572071549
31 68 1.2934161690908408
31 69 1.2238913808186322
31 70 1.5103276660636595
31 71 1.1434059708339075
31 72 1.3650418748598196
31 73 1.2985517910757192
31 74 1.1172066342758162
31 75 1.2800299645050315
31 76 1.116179841050176
31 77 1.2659692946287886
31 78 1.2208074342714976
31 79 1.2556363799357795
31 80 1.1019979646499398
31 81 1.4242925959775607
31 82 1.2389797661144235
31 83 1.322635248170425
31 84 1.418574094799955
31 85 1.4143112305310368
31 86 1.4053262519987255
31 87 1.4791267514489106
31 88 1.3983705026126596
31 89 1.4968000405825255
32 33 1.544146798346269
32 34 1.2458581430802347
32 35 1.336654510827427
32 36 1.3262693353276733
32 37 1.347555574836616
32 38 1.2815806003386678
32 39 1.3001389355754998
32 40 1.3444488646062658
32 41 1.3728706643105804
32 42 1.3540533372060672
32 43 1.2826606045947289
32 44 1.4031097872009064
32 45 1.228153443976797
32 46 1.3950737523305512
32 47 1.4209922571686855
32 48 1.3852449514812142
32 49 1.5172169778940472
32 50 1.2570473613515936
32 51 1.3459441221421613
32 52 1.360829795109704
32 53 1.354643331619753
32 54 1.3422025984717456
32 55 1.2810742804255102
32 56 1.3572330863474724
32 57 1.3614570181521088
32 58 1.3758324262856618
32 59 1.3052709040805974
32 60 1.2452222653404763
32 61 1.3706412011267002
32 62 1.314595439182356
32 63 1.329958840327589
32 64 1.5151129723184489
32 65 1.4498740839616269
32 66 1.3038569009583179
32 67 1.4255218901945081
32 68 1.3648968193117597
32 69 1.3797908025885604
32 70 1.3491480949622656
32 71 1.303301301530138
32 72 1.3395887284816705
32 73 1.4161785585170736
32 74 1.3150386524007651
32 75 1.4066554760350318
32 76 1.2821115063323671
32 77 1.2853461829517636
32 78 1.3559075492449133
32 79 1.3962713047163953
32 80 1.2377523398200905
32 81 1.348435389973943
32 82 1.3448853986941889
32 83 1.3506384327680463
32 84 1.2980680633278228
32 85 1.3448722765539831
32 86 1.4068922382462805
32 87 1.350292656318262
32 88 1.3177472861390833
32 89 1.4480915893818156
33 34 1.4501159923736888
33 35 1.3280343393387806
33 36 1.3975633185291345
33 37 1.2537638988192268
33 38 1.4995259445132696
33 39 1.4647321658000279
33 40 1.2452390069319315
33 41 1.3940013229352601
33 42 1.439960142713466
33 43 1.5618535176622532
33 44 1.2333421411647008
33 45 1.436212455085469
33 46 1.4459316702048843
33 47 1.313358651990105
33 48 1.3012934095933233
33 49 1.014866727934293
33 50 1.301953492457489
33 51 1.3328371348475379
33 52 1.0691466972580481
33 53 1.3439253900450339
33 54 1.2269538828767443
33 55 1.4108089483177644
33 56 1.4567145494363984
33 57 1.4031455853713777
33 58 1.3261272853933601
33 59 1.3806885827222712
33 60 1.4901025281431544
33 61 1.4065816843712267
33 62 1.5035455110064666
33 63 1.3610859258046328
33 64 0.9639567703257191
33 65 1.1486312715403604
33 66 1.3517901275878497
33 67 1.349646552939202
33 68 1.3891405857401948
33 69 1.33870784880071
33 70 1.1504654192578254
33 71 1.392336459844836
33 72 1.4068958236483833
33 73 1.4292998003725725
33 74 1.4119401343407598
33 75 1.331846379017701
33 76 1.4676945356241204
33 77 1.2950724128993263
33 78 1.343494227307735
33 79 1.2602864855564608
33 80 1.336034162986875
33 81 1.0850991507440042
33 82 1.3771834447989606
33 83 1.3467576474653595
33 84 1.3042964540267363
33 85 1.3663923576022325
33 86 1.32338271900154
33 87 1.1657127105709264
33 88 1.2951678570464886
33 89 1.172425042617027
34 35 1.1701242920232233
34 36 1.1333826952977115
34 37 1.1597279297709404
34 38 1.356065359454371
34 39 1.2638996319956033
34 40 1.4084695284085693
34 41 1.3329615128717134
34 42 1.3500806395184437
34 43 1.2006865235935837
34 44 1.283525611665548
34 45 1.2699509116419752
34 46 1.4170860521259252
34 47 1.397888092085799
34 48 1.2559359654803806
34 49 1.4428249723725395
34 50 1.269666326899014
34 51 1.3740440590859488
34 52 1.467454571384595
34 53 1.2680094831767958
34 54 1.1671613111507906
34 55 1.323287705633041
34 56 1.3333962092331622
34 57 1.378721631683511
34 58 1.216938698225673
34 59 1.3552191675911358
34 60 1.385788697743413
34 61 1.4191013234442205
34 62 1.3486423145453579
34 63 1.4636563331581491
34 64 1.4473176635982277
34 65 1.3708376732299234
34 66 0.8840048824020723
34 67 1.4141762155332223
34 68 1.3686247344989289
34 69 1.3472554863367807
34 70 1.4525058475423358
34 71 1.1872502276965515
34 72 1.411194323728166
34 73 1.4552496392034395
34 74 1.2547208446689084
34 75 1.2731304098850942
34 76 1.2222173117902504
34 77 1.2981500683482325
34 78 1.2826111369781745
34 79 1.2351454098744215
34 80 1.2195966546882626
34 81 1.417326633588796
34 82 1.2821218742804361
34 83 1.4354709352146404
34 84 1.342266307705647
34 85 1.3299892193216436
34 86 1.3609498886009932
34 87 1.4047776452133518
34 88 1.270660762643558
34 89 1.4324954463904624
35 36 1.2643813086616351
35 37 1.1787684943214527
35 38 1.3453429163203903
35 39 1.2584770908619196
35 40 1.37212262088211
35 41 1.295257261372633
35 42 1.3550725727727928
35 43 1.1640072750275767
35 44 1.3161924866861232
35 45 1.3768535709870344
35 46 1.2883584084656607
35 47 1.469472651330963
35 48 1.0149708848823495
35 49 1.371769242271679
35 50 1.2491709247808833
35 51 1.2852701204333865
35 52 1.4579892108424284
35 53 1.2144329125707412
35 54 1.0587153710342512
35 55 1.3265583770710865
35 56 1.2957419583879735
35 57 1.420532040341987
35 58 1.0285873627738982
35 59 1.3742885019585058
35 60 1.4097234514236394
35 61 1.3130815211596132
35 62 1.3621465883804473
35 63 1.3603654357939272
35 64 1.4150791514389296
35 65 1.466047816924263
35 66 0.9976950303923564
35 67 1.3902830272041624
35 68 1.405993865603456
35 69 1.3740252021271169
35 70 1.358464923035933
35 71 1.2215837473999462
35 72 1.4169443552300485
35 73 1.3973027067708002
35 74 1.1569890014474258
35 75 0.9296356642022107
35 76 1.1135878004800548
35 77 1.3808789278297469
35 78 1.2533582388549331
35 79 0.8822430270835714
35 80 1.345841622411188
35 81 1.2946212747154173
35 82 1.3575996514636584
35 83 1.3372535907655454
35 84 1.3069996057612818
35 85 1.2429198522184326
35 86 1.418810346631896
35 87 1.4179446264863564
35 88 1.290538282872233
35 89 1.2536938458812605
36 37 1.1227790531168715
36 38 1.298656647542254
36 39 1.3003026771169142
36 40 1.3737646355534059
36 41 1.3327619849462404
36 42 1.1613514502844444
36 43 1.184864323096214
36 44 1.2869157164888083
36 45 1.189594210000256
36 46 1.2815214458738942
36 47 1.3358644488868496
36 48 1.2788494082909085
36 49 1.2875776419614733
36 50 1.1349084331083
36 51 1.383088320005106
36 52 1.4559394957005196
36 53 1.0617797862837373
36 54 1.3307349985798054
36 55 1.3284240009021475
36 56 1.2679764268497522
36 57 1.2471300963753498
36 58 1.2786845171671848
36 59 1.1873808680010962
36 60 1.2254049123697348
36 61 1.3205331407168783
36 62 1.1142915940106786
36 63 1.2939021149172212
36 64 1.4210471596951095
36 65 1.3983758573417897
36 66 1.0850960862432408
36 67 1.1366323775488032
36 68 1.3555031184992232
36 69 1.1652279905989684
36 70 1.4044663772834554
36 71 1.1644988913423218
36 72 1.3490914217182797
36 73 1.3546090872304424
36 74 1.1216776921980207
36 75 1.3007100343270115
36 76 1.2172664765061838
36 77 1.2671136588873861
36 78 1.214453992693101
36 79 1.2480981777494073
36 80 1.1148837825248792
36 81 1.3784027977308322
36 82 1.1327333551677472
36 83 1.3122346861200203
36 84 1.4468192465666982
36 85 1.2758082045649728
36 86 1.3601666135437809
36 87 1.4144666680667457
36 88 1.345941479162457
36 89 1.4105646229212376
37 38 1.2611415273536057
37 39 1.2580450417547737
37 40 1.2188000794523506
37 41 1.2395551353072614
37 42 1.271894717071369
37 43 1.1850688267283338
37 44 1.2827808011861583
37 45 1.2555500664551584
37 46 1.2752452018284965
37 47 1.3029889360161637
37 48 1.2171876147185297
37 49 1.2980423021157625
37 50 1.1340945488473149
37 51 1.265383478035682
37 52 1.4265689416104361
37 53 1.1258192075469182
37 54 1.2114358910236294
37 55 1.2588908789284978
37 56 1.2455497654741257
37 57 1.3215458416040744
37 58 1.2643465932707352
37 59 1.2778581966466316
37 60 1.3495781152254265
37 61 1.2324342691894332
37 62 1.2527634233196996
37 63 1.329988971510393
37 64 1.2931546173349986
37 65 1.3124909923702746
37 66 1.151939218253242
37 67 1.3259401244849043
37 68 1.372176310992208
37 69 1.2190845906923677
37 70 1.3395757303271543
37 71 1.040125262099108
37 72 1.3153712686891457
37 73 1.2884836399843125
37 74 1.1544232076761964
37 75 1.1758234242462189
37 76 1.0617902720110008
37 77 1.2297486425455857
37 78 1.231193634456634
37 79 1.223430700603493
37 80 1.1843239792701745
37 81 1.327250730365979
37 82 1.2839522777476045
37 83 1.3823263497351466
37 84 1.2757479514282382
37 85 1.2111388524312163
37 86 1.3437899376590965
37 87 1.2984939365603443
37 88 1.1995927792805605
37 89 1.4452559114453372
38 39 1.2809497096952664
38 40 1.289468337527287
38 41 1.245739317186853
38 42 1.3752805677450681
38 43 1.1571047369020087
38 44 1.2401851736041414
38 45 1.2306863012925322
38 46 1.2755194452566234
38 47 1.3480356666103521
38 48 1.399194534934864
38 49 1.416908990936676
38 50 1.2305675381992243
38 51 1.3322764348072733
38 52 1.4523051413780153
38 53 1.114470768478049
38 54 1.349089611229083
38 55 1.255138205139588
38 56 1.2774998122146823
38 57 1.3850130812400436
38 58 1.388177561023251
38 59 1.2557765332766533
38 60 1.2413171781205
38 61 1.2451380704654007
38 62 1.2468666761389429
38 63 1.4083946098375386
38 64 1.4423724736175294
38 65 1.3094958473006415
38 66 1.3770849917167978
38 67 1.2848660017664124
38 68 1.3309994755140486
38 69 1.3072820760923205
38 70 1.3035287644412628
38 71 1.2141413681957527
38 72 1.2447505443146474
38 73 1.1734789127239897
38 74 1.2494981692437153
38 75 1.3910310097254985
38 76 1.2386123938213525
38 77 1.3158614771404034
38 78 1.2896863381753907
38 79 1.3951415597350323
38 80 1.2381251206050186
38 81 1.336746424345314
38 82 1.2746154338328834
38 83 1.3256552691360106
38 84 1.3130434169523444
38 85 1.3429481226349609
38 86 1.3920680359840092
38 87 1.4610234974791714
38 88 1.3078079782380891
38 89 1.3996680416317833
39 40 1.2514594949246034
39 41 1.2502292430414927
39 42 1.238687891011734
39 43 1.1980829787234037
39 44 1.3627966301536698
39 45 1.2566276429187648
39 46 1.2556266366632176
39 47 1.3923173703523124
39 48 1.296236807066719
39 49 1.4400558432514683
39 50 1.2378499059358257
39 51 1.043834697556408
39 52 1.4771185769076034
39 53 1.1583157783240474
39 54 1.3462837103987286
39 55 1.2777422639202167
39 56 1.2960057863200112
39 57 1.373590217655985
39 58 1.3313092228860979
39 59 1.1442328760474592
39 60 1.217405395836663
39 61 1.1951007363267403
39 62 1.2496314752059747
39 63 1.2373428017449173
39 64 1.4490720614584136
39 65 1.4666798697142431
39 66 1.2179521351699736
39 67 1.3679065941610444
39 68 1.3077017625427916
39 69 1.2055274336908013
39 70 1.4357012896491534
39 71 1.0957072716879146
39 72 1.402379145243388
39 73 1.3170210450933637
39 74 1.076801161269057
39 75 1.3096951201351597
39 76 1.0245071582748717
39 77 1.240579383511276
39 78 1.2348292649800952
39 79 1.3447781717214804
39 80 1.094491174356979
39 81 1.3691531885776098
39 82 1.5401654112218792
39 83 1.3695019450080386
39 84 1.273323796018332
39 85 1.3206772344382367
39 86 1.446840177406184
39 87 1.432693849862074
39 88 1.2654054110426394
39 89 1.3619470061245547
40 41 1.457918774911885
40 42 1.34056294296751
40 43 1.4696130506335907
40 44 1.324573553691288
40 45 1.292208089628828
40 46 1.3610713837693267
40 47 1.2874393452018924
40 48 1.3961054673558575
40 49 1.307585821586093
40 50 1.161411376269269
40 51 1.330225550764222
40 52 1.0368845090732561
40 53 1.2625507219546466
40 54 1.3312112033949484
40 55 1.3845276374696525
40 56 1.2962526575984072
40 57 1.3867388474017277
40 58 1.3988909927523137
40 59 1.256024941901904
40 60 1.2158995456985602
40 61 1.3545888732833045
40 62 1.3917427940382285
40 63 1.3210530360994255
40 64 1.1343235152222164
40 65 1.219249138809954
40 66 1.3607480419873832
40 67 1.260958651342088
40 68 1.342556920352505
40 69 1.3023055134041082
40 70 1.0369103172651097
40 71 1.2961978666959821
40 72 1.4677449920669283
40 73 1.3565973526313482
40 74 1.2732842843057501
40 75 1.4059671890060985
40 76 1.3006706113521411
40 77 1.208865874380832
40 78 1.335132560975051
40 79 1.3671860301856686
40 80 1.2457970611250249
40 81 1.0365343971331613
40 82 1.3566093125330825
40 83 1.4348876210338202
40 84 1.1130665745512531
40 85 1.2564822006461311
40 86 1.472339077400444
40 87 1.1489465757870547
40 88 1.0361961388829222
40 89 1.2171711017709819
41 42 1.3290369516635163
41 43 1.2666855113717383
41 44 1.3537037936503808
41 45 1.4039335491438032
41 46 1.3107826932851503
41 47 1.3639731771053762
41 48 1.4408167684706135
41 49 1.3845925000196653
41 50 1.3086179127216966
41 51 1.261755636606988
41 52 1.4542737414211988
41 53 1.2459672617658197
41 54 1.3932665436556824
41 55 1.2619643822679238
41 56 1.3722139329925493
41 57 1.41399273170218
41 58 1.411921066225435
41 59 1.2965457954151902
41 60 1.351797516122772
41 61 1.3520883683005473
41 62 1.2140255611777644
41 63 1.3391059748177159
41 64 1.4464116744926612
41 65 1.4274308722657845
41 66 1.341131798246703
41 67 1.3247897402997544
41 68 1.3838255259822985
41 69 1.3420825166375425
41 70 1.4105103980062919
41 71 1.2211419077416337
41 72 1.196825619707704
41 73 0.8409908094836246
41 74 1.2324706575204083
41 75 1.3983832048381057
41 76 1.2929466039725814
41 77 1.3788081870509625
41 78 1.2901408255248445
41 79 1.4398789573831172
41 80 1.2462380977821754
41 81 1.413978872841219
41 82 1.3888227759939955
41 83 1.3045499846464217
41 84 1.3896812036498989
41 85 1.3809933813123143
41 86 1.3108511710220727
41 87 1.4261607220197285
41 88 1.4445898743206298
41 89 1.3905391626226098
42 43 1.2589953088688444
42 44 1.259067536681889
42 45 1.0498512904716621
42 46 1.3442463692209823
42 47 1.353805933927689
42 48 1.4357263609817945
42 49 1.3959154504299442
42 50 1.0341917287115443
42 51 1.3905972146881698
42 52 1.4394303769603822
42 53 1.1634916912518072
42 54 1.4165785948648033
42 55 1.3901713994126286
42 56 1.2968460075781356
42 57 1.2049496485729025
42 58 1.4283591293098608
42 59 1.053710791588427
42 60 1.1721568417567254
42 61 1.259369362884489
42 62 0.9777800737502453
42 63 1.3052377287476231
42 64 1.4359367793087694
42 65 1.4561560153252042
42 66 1.3720754556609644
42 67 1.2429422364195806
42 68 1.3182255175637585
42 69 1.1820495003844453
42 70 1.3815262841905536
42 71 1.2630991434200882
42 72 1.4243965515919559
42 73 1.2863520622829638
42 74 1.1517973887532627
42 75 1.418683307699011
42 76 1.2286521795804022
42 77 1.237179671638126
42 78 1.2182520303403994
42 79 1.4358455188494263
42 80 1.1895602332346382
42 81 1.345814565207406
42 82 1.2101590306070298
42 83 1.2810630280197142
42 84 1.3465412043370653
42 85 1.3496893090973603
42 86 1.3694153531505098
42 87 1.453412633957065
42 88 1.3974333049865342
42 89 1.3856889375624868
43 44 1.3530233483889544
43 45 1.1831696986325346
43 46 1.0552350185212187
43 47 1.3906174850287638
43 48 1.2186326794656417
43 49 1.3532764504430552
43 50 1.2120036717110318
43 51 1.4679266113168496
43 52 1.6245375949753598
43 53 1.122487302436086
43 54 1.3009433413931675
43 55 1.222234199434693
43 56 1.2251200513150646
43 57 1.3162537666883891
43 58 1.2325009521647996
43 59 1.2525550153248455
43 60 1.2163154861879324
43 61 1.2017702764708145
43 62 1.0407272812557047
43 63 1.4071137328153305
43 64 1.602145447910848
43 65 1.5530735869903685
43 66 1.2089799697500252
43 67 1.3420164089945965
43 68 1.361860331501042
43 69 1.1984031738362035
43 70 1.5436026161008434
43 71 1.0795124588073153
43 72 1.325488488291609
43 73 1.3165111501790294
43 74 1.0903529009893531
43 75 1.0908666615477043
43 76 0.9234905895704179
43 77 1.31683791438823
43 78 1.2234537440250266
43 79 1.2034825578785242
43 80 1.1636512259574787
43 81 1.4996686064895985
43 82 1.1333606174139417
43 83 1.3670572038515565
43 84 1.4013804455968328
43 85 1.4422877080212815
43 86 1.4701230116362303
43 87 1.5114984137766512
43 88 1.3321592794768315
43 89 1.4231161723011767
44 45 1.4367472226962195
44 46 1.3227100190978096
44 47 1.247222914878697
44 48 1.3175991589975147
44 49 1.2853248001029738
44 50 1.3020502754856464
44 51 1.3330304839105358
44 52 1.356182308858708
44 53 1.1551381703449735
44 54 1.2713207241868045
44 55 1.475615584512556
44 56 1.3852941059285424
44 57 1.5474149666533064
44 58 1.3972298629083029
44 59 1.4458967954225626
44 60 1.4398649634622975
44 61 1.3210664906021738
44 62 1.3080221292393457
44 63 1.3772715938273528
44 64 1.418419099421803
44 65 1.3583460986415403
44 66 1.2113809175255774
44 67 1.167619002908072
44 68 1.3408160503019244
44 69 1.3165286137906385
44 70 1.3568384925052537
44 71 1.235590066119307
44 72 1.4118104237247309
44 73 1.3034019510194212
44 74 1.2412955227750655
44 75 1.2942465208822085
44 76 1.2275869587914368
44 77 1.3136734383647188
44 78 1.2410236450465804
44 79 1.3297952395376176
44 80 1.3161305690683323
44 81 1.2145528372949865
44 82 1.3725573828857314
44 83 1.2753458924784626
44 84 1.381976173525215
44 85 1.400648196052677
44 86 1.208961131077169
44 87 1.4039041336247502
44 88 1.2745207243224776
44 89 1.3767009877027998
45 46 1.29039180245938
45 47 1.4631526006399007
45 48 1.399714482055942
45 49 1.430222602408478
45 50 1.0994284156840128
45 51 1.43758816721745
45 52 1.492874948241118
45 53 1.2335281580768178
45 54 1.3475015529176988
45 55 1.283909438100786
45 56 1.2275985406399794
45 57 1.0242327346743993
45 58 1.3541767860390679
45 59 0.8282922751398475
45 60 0.8884114360502536
45 61 1.2980220993253617
45 62 1.0815922810066325
45 63 1.2998287060594458
45 64 1.4415660543765652
45 65 1.3780128700927394
45 66 1.2868587419719837
45 67 1.2717489157830881
45 68 1.3210780709613303
45 69 1.1403400685650125
45 70 1.389564710930363
45 71 1.2830550775083938
45 72 1.432333752169518
45 73 1.4194854807340054
45 74 1.225301035002695
45 75 1.372495455538036
45 76 1.271276475595301
45 77 1.2003462319374023
45 78 1.2846651112139393
45 79 1.354099372158237
45 80 1.1977471329682532
45 81 1.4034851726077893
45 82 1.1033879026682056
45 83 1.2050545181623926
45 84 1.3104398524424896
45 85 1.3670431443576518
45 86 1.4832550025624172
45 87 1.5157960030758688
45 88 1.2962667070857614
45 89 1.3515609936845705
46 47 1.341040254425175
46 48 1.473979348955558
46 49 1.3482534681696807
46 50 1.257922793832798
46 51 1.41731620107774
46 52 1.526081302946539
46 53 1.1521738658514622
46 54 1.4819453881170768
46 55 1.282622103562583
46 56 1.3186608932043893
46 57 1.3828273777627023
46 58 1.4506051921045848
46 59 1.3173476688404626
46 60 1.30046774642081
46 61 1.287282701144184
46 62 1.2725361417614942
46 63 1.0672794236151086
46 64 1.5024262065116805
46 65 1.4995950814223193
46 66 1.2949820261681542
46 67 1.3479801629336046
46 68 1.4198914231747664
46 69 1.2150795418918128
46 70 1.4715052371005015
46 71 1.1674568294220797
46 72 1.485855982825728
46 73 1.3437617159796347
46 74 1.1878362647189733
46 75 1.3237313152102312
46 76 1.126192668185987
46 77 1.195340195283683
46 78 1.3311906458704938
46 79 1.4215046259301627
46 80 1.2857000649767534
46 81 1.4751023994663586
46 82 1.2779585394619084
46 83 1.3748664590570765
46 84 1.32766204565673
46 85 1.393998497647296
46 86 1.4034230282198241
46 87 1.4628189460943886
46 88 1.2945117577417589
46 89 1.408670357971039
47 48 1.3612181912055652
47 49 1.310831363981336
47 50 1.4749077067206817
47 51 1.3658161366952273
47 52 1.3049452206555407
47 53 1.3194227224261588
47 54 1.485852862378079
47 55 1.3199770109243825
47 56 1.4687403423218082
47 57 1.4641125524870822
47 58 1.4277848842917842
47 59 1.4286315989722802
47 60 1.4043512568638397
47 61 1.3071372747337746
47 62 1.3539482261845417
47 63 1.46603595769065
47 64 1.358287737662611
47 65 1.4072719140134635
47 66 1.4019823640558153
47 67 1.2049018466968122
47 68 1.3417834379763005
47 69 1.310110624337571
47 70 1.366079383387215
47 71 1.2988121788876008
47 72 1.4089204173140673
47 73 1.2186774204849087
47 74 1.3346993985059576
47 75 1.4335126609530238
47 76 1.2879181166901972
47 77 1.3556055351790512
47 78 1.3580141989665457
47 79 1.4316790662816168
47 80 1.3023788717310514
47 81 1.3981090353292698
47 82 1.3129968797585287
47 83 1.4173675592473567
47 84 1.387710043360327
47 85 1.2897118237845562
47 86 1.2726925488289882
47 87 1.4942292090507914
47 88 1.1612049061509395
47 89 1.3402144983220419
48 49 1.3368126248146184
48 50 1.3761670442598959
48 51 1.307423824487231
48 52 1.5195239994888494
48 53 1.3062694136203945
48 54 0.9300429988069782
48 55 1.35352560003242
48 56 1.2507203818136932
48 57 1.4132320437267403
48 58 0.7964711882223063
48 59 1.3982785993411335
48 60 1.4365621418427361
48 61 1.3184623843733512
48 62 1.3912339350770446
48 63 1.5336212960333995
48 64 1.4576971844887439
48 65 1.3813377961222086
48 66 1.074515555116238
48 67 1.3943405785470984
48 68 1.398611910627996
48 69 1.3370259302606107
48 70 1.4155683224066928
48 71 1.3411522710125754
48 72 1.404250474007324
48 73 1.4556573871431193
48 74 1.2550150444517683
48 75 0.841127755124511
48 76 1.174671079047128
48 77 1.4702484692254099
48 78 1.2419853570065944
48 79 0.7247032654809494
48 80 1.3518534137054232
48 81 1.3722697759109943
48 82 1.4049572264164407
48 83 1.4456830863866286
48 84 1.3595148790054417
48 85 1.2008409907983544
48 86 1.4684210744666633
48 87 1.4798853953865276
48 88 1.2336450642957806
48 89 1.375127283918549
49 50 1.3167681604192025
49 51 1.377378680918982
49 52 1.2714566560526568
49 53 1.2138964071155778
49 54 1.2951536457505841
49 55 1.3782214483242294
49 56 1.3468121504364088
49 57 1.397583143918815
49 58 1.3405415670171188
49 59 1.3860047912374631
49 60 1.4139790689606964
49 61 1.4037388430669593
49 62 1.3353509053871302
49 63 1.3497490247711634
49 64 1.153448540425878
49 65 1.1969251816283724
49 66 1.3487923973412173
49 67 1.4193578111724878
49 68 1.3160128646381755
49 69 1.2423215044839133
49 70 1.3032594400428976
49 71 1.2929566099696699
49 72 1.2952166949812747
49 73 1.2449197356040111
49 74 1.3260568934919243
49 75 1.2708481271535355
49 76 1.3720367945657568
49 77 1.3355553705678607
49 78 1.3416138560971103
49 79 1.2629592790735036
49 80 1.3448138803085836
49 81 1.234490287279142
49 82 1.4055944057722074
49 83 1.299472967109167
49 84 1.2685718197114157
49 85 1.2892936148318024
49 86 1.3254483410447206
49 87 1.215040950818412
49 88 1.3510938152121834
49 89 1.1691217189934937
50 51 1.3873145266353448
50 52 1.2916237180453094
50 53 1.0048952197908865
50 54 1.2548074743075643
50 55 1.2936258540311305
50 56 1.2710592108319179
50 57 1.2675319137839145
50 58 1.3513966187889088
50 59 0.9804005809409835
50 60 1.2176232397145819
50 61 1.358635429843323
50 62 1.176142599146195
50 63 1.2293220263900433
50 64 1.276386950050168
50 65 1.4163461749493396
50 66 1.1792901335576798
50 67 1.3123290829627992
50 68 1.3491795021052413
50 69 1.2909403279909915
50 70 1.186301630930691
50 71 1.2937911761985714
50 72 1.392943343491621
50 73 1.3373116790256097
50 74 1.1303635016032776
50 75 1.257988652667455
50 76 1.3137856358608744
50 77 1.0447999224955782
50 78 1.1468401282980625
50 79 1.3488688830916395
50 80 1.036140703348677
50 81 1.2179582254111492
50 82 1.192470737778146
50 83 1.2819041892023104
50 84 1.2457439418597598
50 85 1.3139010463580783
50 86 1.3722128958927688
50 87 1.2646803621998841
50 88 1.250492104605673
50 89 1.3345093745847632
51 52 1.4536092530863938
51 53 1.3369606510935448
51 54 1.3925438660734188
51 55 1.3915055021578766
51 56 1.3201841158509457
51 57 1.3436945272572236
51 58 1.3809800919512216
51 59 1.274571490092392
51 60 1.3726777883039982
51 61 1.3069036842504536
51 62 1.474837179542728
51 63 1.3598362286418963
51 64 1.3038489324017082
51 65 1.4006394906777266
51 66 1.2970129194252111
51 67 1.3406623276359226
51 68 1.3291949657805644
51 69 1.3648109280002323
51 70 1.4445029193032264
51 71 1.2065213700597714
51 72 1.3368088568621128
51 73 1.2610569832329557
51 74 1.3404582054532324
51 75 1.3808774131644967
51 76 1.2588692518346505
51 77 1.3137859220586252
51 78 1.2867173346795626
51 79 1.3755150093630448
51 80 1.1887592099172153
51 81 1.372471048163171
51 82 1.6641924589686388
51 83 1.3494691759017885
51 84 1.2812932004640745
51 85 1.2677411260305054
51 86 1.290494006449156
51 87 1.4204257138628233
51 88 1.3500650476880887
51 89 1.3438548354932787
52 53 1.4235602668789316
52 54 1.3892211492097692
52 55 1.4430089425915646
52 56 1.5217690067340872
52 57 1.4566076631352163
52 58 1.467771238361856
52 59 1.43419967795602
52 60 1.4266152999932005
52 61 1.4699290573532082
52 62 1.509877180139328
52 63 1.4582903855531175
52 64 1.0030011447527694
52 65 1.1985108986753321
52 66 1.4564338107077155
52 67 1.3732306899880375
52 68 1.3569788957806512
52 69 1.4698401058191837
52 70 0.8167823097431557
52 71 1.4753022300764136
52 72 1.4649658045132212
52 73 1.3875046759241316
52 74 1.5191813758075743
52 75 1.4446361981124871
52 76 1.5560307549949695
52 77 1.260738390677674
52 78 1.4366351089977294
52 79 1.448263495202953
52 80 1.4133168007325507
52 81 0.841379233925011
52 82 1.3762249151445023
52 83 1.4399813774358214
52 84 1.2608598873706094
52 85 1.360504101607089
52 86 1.3914175099424286
52 87 0.7853426284591385
52 88 1.141036700210414
52 89 1.1481920918662658
53 54 1.2716495882317145
53 55 1.263209369827989
53 56 1.1927420162796862
53 57 1.3782416029066065
53 58 1.3404817110370044
53 59 1.1711415647079886
53 60 1.2746464167333686
53 61 1.1964869253178694
53 62 1.1223763948678842
53 63 1.2932036618901492
53 64 1.4109522923325302
53 65 1.3832180567345187
53 66 1.1665598144356533
53 67 1.268646727020467
53 68 1.4172037249392582
53 69 1.2484349326453303
53 70 1.36208915904469
53 71 1.1460108012072383
53 72 1.2887128282701215
53 73 1.1992267300154458
53 74 0.9499136594476286
53 75 1.2549238496701505
53 76 1.1229842374660406
53 77 1.3175880626992134
53 78 1.1496420783511276
53 79 1.2587133350197401
53 80 1.150436737976555
53 81 1.3329084064267802
53 82 1.2642699263668289
53 83 1.3238186165991404
53 84 1.3020258126870305
53 85 1.3650200367181062
53 86 1.3202277808048322
53 87 1.319488029449743
53 88 1.3033854765696569
53 89 1.3299433768523408
54 55 1.3577356642194915
54 56 1.3926358920956565
54 57 1.4424894955144394
54 58 0.9237013378729693
54 59 1.4377037651844844
54 60 1.4625163990467895
54 61 1.3886163455538523
54 62 1.3510108119836055
54 63 1.426730257977592
54 64 1.3235441144031648
54 65 1.3120441807265262
54 66 1.0007102866380813
54 67 1.435782214329464
54 68 1.28065342424985
54 69 1.3423742050860448
54 70 1.2586797314846594
54 71 1.3490160434803762
54 72 1.4265807406453026
54 73 1.4575726877272013
54 74 1.3134052238383518
54 75 0.9309905126674597
54 76 1.313481832620687
54 77 1.3945014158720657
54 78 1.2000466783868078
54 79 0.9348949901038673
54 80 1.3765786118982555
54 81 1.2155006163530673
54 82 1.3239755565504208
54 83 1.43146121033227
54 84 1.3137678678171851
54 85 1.2515538074130883
54 86 1.4221944294119975
54 87 1.2779094827075288
54 88 1.3172422139710218
54 89 1.306771747967586
55 56 1.2494225860782961
55 57 1.2193461393335774
55 58 1.3534022039144262
55 59 1.2345362038967962
55 60 1.219435644913178
55 61 1.2270460002834807
55 62 1.3603691898729218
55 63 1.314176004232665
55 64 1.424328842209316
55 65 1.3848297489453445
55 66 1.3896750923552283
55 67 1.4361262860705213
55 68 1.246430026642082
55 69 1.2788635137276148
55 70 1.4321069677379359
55 71 1.3502126885677066
55 72 1.2998500922979315
55 73 1.2212489114553986
55 74 1.2690300872928795
55 75 1.3391324635781294
55 76 1.3649038939858382
55 77 1.3367735962767249
55 78 1.314457490952365
55 79 1.340283926049078
55 80 1.159060630803386
55 81 1.431402423340321
55 82 1.3258749770931977
55 83 1.2885439658569804
55 84 1.494032178659631
55 85 1.3648186060875824
55 86 1.48968372509555
55 87 1.3569923018895826
55 88 1.3349696438858767
55 89 1.3124648045828102
56 57 1.2750597217842148
56 58 1.2819519070727545
56 59 1.178664870531511
56 60 1.2380547879530324
56 61 1.235765236225749
56 62 1.3191787934332053
56 63 1.3414927130600034
56 64 1.462175093445212
56 65 1.4026676092289179
56 66 1.285540674199504
56 67 1.3497205696229977
56 68 1.4535047589075571
56 69 1.449123194121289
56 70 1.39480840558114
56 71 1.271537534049872
56 72 1.3436786882399938
56 73 1.3347059666750585
56 74 1.2765714029008537
56 75 1.2386793188082086
56 76 1.3036920085020722
56 77 1.3543232592464307
56 78 1.340835934963283
56 79 1.1964435890025242
56 80 1.2337968669913986
56 81 1.4050626415134653
56 82 1.4031650810737537
56 83 1.3486945300523563
56 84 1.317720900788216
56 85 1.2511126850536456
56 86 1.5209439810318837
56 87 1.4103955340145178
56 88 1.2961065246609484
56 89 1.3462482050770495
57 58 1.3560229659446665
57 59 0.9779415677236539
57 60 0.855008656570297
57 61 1.3596898517467289
57 62 1.2631410665123914
57 63 1.3158792209643106
57 64 1.3545789336111616
57 65 1.4188972766651475
57 66 1.3189955397208737
57 67 1.3182172898629685
57 68 1.2236946510556617
57 69 1.1398441913219712
57 70 1.4106456129937675
57 71 1.3745725593267828
57 72 1.3156312899111884
57 73 1.33077870377123
57 74 1.3333960687122748
57 75 1.4589537113471922
57 76 1.3386088196477057
57 77 1.3677828385839836
57 78 1.313942311240957
57 79 1.4022760790525812
57 80 1.3178124054199856
57 81 1.4265849105729413
57 82 1.2721209811551923
57 83 1.2342646441267608
57 84 1.348792611181072
57 85 1.3905904651729768
57 86 1.314235449051173
57 87 1.4477496701312127
57 88 1.4238055189101082
57 89 1.2973668416948656
58 59 1.3806071304068643
58 60 1.4372306271451651
58 61 1.3487759980406127
58 62 1.3044039230619007
58 63 1.4689247796012228
58 64 1.4214176224334318
58 65 1.3719530070903558
58 66 1.103397364253458
58 67 1.4443110840458415
58 68 1.249997254210921
58 69 1.3858200726314664
58 70 1.3649692083895042
58 71 1.3982321522487413
58 72 1.3191697185972173
58 73 1.4507329239978473
58 74 1.2590487587625219
58 75 1.0022871888685068
58 76 1.30382864721272
58 77 1.3946667290146655
58 78 1.2922184220642534
58 79 0.7811376140965275
58 80 1.366977173852685
58 81 1.349305682238553
58 82 1.300876638353177
58 83 1.3978426705913491
58 84 1.347762015897529
58 85 1.179905243816971
58 86 1.4045254352515617
58 87 1.4128139402544422
58 88 1.2440442966097818
58 89 1.324370602528891
59 60 0.8710033399587499
59 61 1.2689591483743614
59 62 1.182730863583146
59 63 1.2956243328089188
59 64 1.3578627782262247
59 65 1.3936086130049163
59 66 1.3458396265386074
59 67 1.3270039001421265
59 68 1.3332540842180498
59 69 1.148025567639167
59 70 1.3334637525894362
59 71 1.3443828262041444
59 72 1.3216844880554293
59 73 1.2593582024990817
59 74 1.1765319764444118
59 75 1.4139032530423281
59 76 1.363599796697583
59 77 1.2413704681100373
59 78 1.2705998905315494
59 79 1.382656076492771
59 80 1.03043232255322
59 81 1.3521524131068157
59 82 1.2844041002863
59 83 1.2180147487005104
59 84 1.272532883649041
59 85 1.318847319610814
59 86 1.5086533701958682
59 87 1.4637959245132923
59 88 1.3044504656389122
59 89 1.3483831242505713
60 61 1.281867033551277
60 62 1.1769826510476717
60 63 1.3387815872447009
60 64 1.4357798026770368
60 65 1.4437288042859842
60 66 1.3160361139531969
60 67 1.3087700370570783
60 68 1.2155392890829153
60 69 1.090759387188802
60 70 1.4073420778719652
60 71 1.2762391453818052
60 72 1.3709774230735106
60 73 1.2793400042950374
60 74 1.2230584297933103
60 75 1.404757445278078
60 76 1.248556663966078
60 77 1.353642403138796
60 78 1.335947083491375
60 79 1.4175678708318622
60 80 1.2073614886450743
60 81 1.420345593546481
60 82 1.232989743405012
60 83 1.1852193377721403
60 84 1.3567533044064484
60 85 1.386789300814271
60 86 1.4914177739874863
60 87 1.465783372703685
60 88 1.3090424318267757
60 89 1.3029893331030231
61 62 1.2047537936272852
61 63 1.3505703470312875
61 64 1.3741941722149693
61 65 1.4078858906382288
61 66 1.3474028608132536
61 67 1.3234268371428348
61 68 1.3512310661208993
61 69 1.250517308037195
61 70 1.4102157424685202
61 71 1.231497518382657
61 72 1.3455213430228155
61 73 1.2881594196624382
61 74 1.1640601777830317
61 75 1.323766541311447
61 76 1.1396210806657756
61 77 1.2679758640930758
61 78 1.3293221339412045
61 79 1.3289680859353037
61 80 1.1973326297174696
61 81 1.4252256478290468
61 82 1.3496422302990836
61 83 1.34248578201235
61 84 1.44269166913833
61 85 1.3279382584549857
61 86 1.5533454620371199
61 87 1.3730014717895302
61 88 1.2752944615377297
61 89 1.362985901950999
62 63 1.3706150460072362
62 64 1.511736587895955
62 65 1.3992477873091844
62 66 1.310112096488078
62 67 1.2473438177258767
62 68 1.3334622146900827
62 69 1.1890488716816894
62 70 1.4665619992270764
62 71 1.1521810719722858
62 72 1.3310048438850555
62 73 1.2658806889481542
62 74 1.1313844166476186
62 75 1.3352660577304345
62 76 1.1173988674216908
62 77 1.277063618062239
62 78 1.2337994796279088
62 79 1.370949122835519
62 80 1.2308245041714803
62 81 1.407871734829964
62 82 1.142936441628594
62 83 1.2997655476201204
62 84 1.357328013655152
62 85 1.406020497258021
62 86 1.3878280572156059
62 87 1.4321690324572294
62 88 1.3974890543316483
62 89 1.4520883619895038
63 64 1.3780958452446774
63 65 1.4287300601435104
63 66 1.381412363364942
63 67 1.4272974050505163
63 68 1.3522935329385382
63 69 1.2742413325093869
63 70 1.425237819432251
63 71 1.351360131513234
63 72 1.3976930527957858
63 73 1.3538069748745574
63 74 1.2416769535532002
63 75 1.469337999232046
63 76 1.333308758605523
63 77 1.0485077231740723
63 78 1.3269145284054562
63 79 1.3658190899545926
63 80 1.3741590051229813
63 81 1.4030089507163988
63 82 1.3970899120210942
63 83 1.203368863444439
63 84 1.4007145280862205
63 85 1.3503649587026394
63 86 1.3073895124218673
63 87 1.4043422528039093
63 88 1.3714271521393255
63 89 1.4330105038661094
64 65 1.1943290806162963
64 66 1.4350867643932392
64 67 1.4386132279722743
64 68 1.3966071317015807
64 69 1.3186344561168886
64 70 1.120066231573095
64 71 1.4361622983745408
64 72 1.3940892803269742
64 73 1.371709486398751
64 74 1.433168058287796
64 75 1.3928871649199546
64 76 1.476285645498173
64 77 1.2789591532427542
64 78 1.400983570275102
64 79 1.418151262557685
64 80 1.3288632555774207
64 81 1.1503539797863842
64 82 1.3803662999516164
64 83 1.4323330900918252
64 84 1.2397728550590617
64 85 1.2889734213393058
64 86 1.3763237807058533
64 87 1.1408591639535166
64 88 1.2892043182713966
64 89 1.1197204017076863
65 66 1.3587345176664882
65 67 1.4228492172362768
65 68 1.3262585938473357
65 69 1.3835151128200305
65 70 1.2843445783041711
65 71 1.4391520670975824
65 72 1.3943358358676126
65 73 1.4111692418921176
65 74 1.4569158065314123
65 75 1.4118994977133072
65 76 1.4418058566532335
65 77 1.3467351432188859
65 78 1.398233599320439
65 79 1.3607040460208748
65 80 1.3484443228062328
65 81 1.117652858177346
65 82 1.3664506488954096
65 83 1.420898654343002
65 84 1.297373449555549
65 85 1.3809736315924341
65 86 1.4693914582792198
65 87 1.193252198982057
65 88 1.2810071428618193
65 89 1.3163053993244322
66 67 1.3102225361519253
66 68 1.3504858694254407
66 69 1.2554760378786805
66 70 1.3743564333384233
66 71 1.1369524763847638
66 72 1.4290171226739838
66 73 1.4540790635522112
66 74 1.2062782594435484
66 75 1.0333302988699486
66 76 1.0695001557156225
66 77 1.2277598838944719
66 78 1.1428270904116589
66 79 1.031201230495638
66 80 1.2929026669979014
66 81 1.273104703173551
66 82 1.3089609954175827
66 83 1.3846664196104532
66 84 1.2939029380070008
66 85 1.2050688161846934
66 86 1.2731178049799765
66 87 1.3709181846827603
66 88 1.318802414084599
66 89 1.296138864719031
67 68 1.4324629155197137
67 69 1.3466513192897251
67 70 1.2959082584093775
67 71 1.2422258889688063
67 72 1.415375523963111
67 73 1.3038730461015686
67 74 1.283670964274201
67 75 1.4434267030819503
67 76 1.2906627084206082
67 77 1.3550874525784737
67 78 1.4054929539562544
67 79 1.4175374760182076
67 80 1.275042574160333
67 81 1.3308258344482178
67 82 1.2796365457536314
67 83 1.3072147283433655
67 84 1.350506653225411
67 85 1.427981668732401
67 86 1.3368341045994057
67 87 1.4586903265794473
67 88 1.3141516722247713
67 89 1.3047599451781444
68 69 1.2533377344484904
68 70 1.4282764262225305
68 71 1.370376963105648
68 72 1.2928510360923984
68 73 1.292807796709852
68 74 1.316197089944342
68 75 1.3797812694696616
68 76 1.3581226394658887
68 77 1.276000151743691
68 78 1.3698716512635332
68 79 1.3392706074370375
68 80 1.2522642925963037
68 81 1.3374106412266848
68 82 1.3272342032672897
68 83 1.3041649692448791
68 84 1.480295135925154
68 85 1.320825006827334
68 86 1.3925276402763342
68 87 1.3913888522471756
68 88 1.3034292751616823
68 89 1.313280087651073
69 70 1.401418993689919
69 71 1.2490367540272134
69 72 1.3923967098345413
69 73 1.2551963463016174
69 74 1.1952826945989605
69 75 1.335117437444866
69 76 1.1752893280062047
69 77 1.2550261085658374
69 78 1.2871094830205594
69 79 1.382135860592722
69 80 1.311829180455279
69 81 1.3932333311733176
69 82 1.1845251723084043
69 83 1.3590031695574747
69 84 1.3042234383633378
69 85 1.3069986169104006
69 86 1.4005494689879192
69 87 1.4456968359258888
69 88 1.2985817881362296
69 89 1.277151833214054
70 71 1.3497863200524463
70 72 1.4931486799544735
70 73 1.3954040836280766
70 74 1.4546304504800824
70 75 1.3586401428993986
70 76 1.5455923947384915
70 77 1.2348322617458118
70 78 1.4428850266905886
70 79 1.325721324307983
70 80 1.3828441114970382
70 81 0.7741943884968671
70 82 1.3651924339808126
70 83 1.4697766026905674
70 84 1.2248036077297757
70 85 1.2757631257002782
70 86 1.4205305181306895
70 87 0.9962621224834577
70 88 1.237880648679577
70 89 1.1429115917535604
71 72 1.3720369149721232
71 73 1.2861069451521074
71 74 1.182455978601165
71 75 1.2583116694472893
71 76 0.8322861225214048
71 77 1.2317405200048177
71 78 1.2475037937054305
71 79 1.3335912978606084
71 80 1.177235522917831
71 81 1.3296355779371378
71 82 1.412991292209982
71 83 1.4144178159711802
71 84 1.2588238299068908
71 85 1.3516235379434374
71 86 1.3480769695264698
71 87 1.3632981978222747
71 88 1.2727849789128718
71 89 1.406747223237134
72 73 1.0799649045886717
72 74 1.3199802361750017
72 75 1.4399625077819584
72 76 1.3458171263571335
72 77 1.4788343740927672
72 78 1.290475576660995
72 79 1.421966442521667
72 80 1.31406481062226
72 81 1.4474943773276723
72 82 1.3281596383107934
72 83 1.1941948030858645
72 84 1.3713645655464235
72 85 1.3766339675515276
72 86 1.3846019538246734
72 87 1.4125539237846103
72 88 1.4006955726727102
72 89 1.352621240659652
73 74 1.2723719324310905
73 75 1.44741405354964
73 76 1.2904153541600654
73 77 1.3947648653955818
73 78 1.2665013220148111
73 79 1.476052398401149
73 80 1.286109027490115
73 81 1.4291537472687492
73 82 1.3705525409354122
73 83 1.2304740587593497
73 84 1.396780236811479
73 85 1.3176058239953745
73 86 1.2846869622412806
73 87 1.4171559150306077
73 88 1.3274309744573816
73 89 1.3221459066829215
74 75 1.2354335902344613
74 76 1.0101677966404183
74 77 1.3068800656580324
74 78 1.2215495297503578
74 79 1.2443357948211697
74 80 1.1201342855720173
74 81 1.4267852726279353
74 82 1.2228319659486386
74 83 1.267377983340767
74 84 1.317638744144166
74 85 1.254490945508059
74 86 1.3479147228560204
74 87 1.4161042517918758
74 88 1.2138840700543472
74 89 1.3449160380989569
75 76 1.1319738834117774
75 77 1.3728855067738348
75 78 1.2401574165653986
75 79 0.767505267714273
75 80 1.358281965864922
75 81 1.3245594568185315
75 82 1.346293027694016
75 83 1.3994967299873595
75 84 1.33841863734111
75 85 1.2947605799481505
75 86 1.4909735465919691
75 87 1.32795822656858
75 88 1.2550595093200922
75 89 1.3066692943689044
76 77 1.287642652696089
76 78 1.1570585205290211
76 79 1.2280087437054894
76 80 1.2398695616694997
76 81 1.4187085577193173
76 82 1.3049274029231293
76 83 1.3582107470026594
76 84 1.2668324248364795
76 85 1.3240440636736532
76 86 1.3441443782385014
76 87 1.4856072604725734
76 88 1.2365017580610902
76 89 1.378132817753662
77 78 1.277391774112662
77 79 1.3700351568018325
77 80 1.2684160007885608
77 81 1.198984445978904
77 82 1.3255763331889856
77 83 1.2428961749886827
77 84 1.318386713003509
77 85 1.324574997551929
77 86 1.2978476420683152
77 87 1.2881442045127331
77 88 1.242759508134181
77 89 1.3095095937897847
78 79 1.2417125621674856
78 80 1.183788325287846
78 81 1.3695604371652135
78 82 1.2411411517680735
78 83 1.2901006369170134
78 84 1.338336055684499
78 85 1.258315790946906
78 86 1.214137893874845
78 87 1.4294113622033964
78 88 1.3062815826896663
78 89 1.404463875407537
79 80 1.3906750720561252
79 81 1.2706839608481384
79 82 1.32695921142454
79 83 1.359712382512081
79 84 1.4243517919864528
79 85 1.2422542632763107
79 86 1.4495784237649914
79 87 1.416718419464976
79 88 1.272762257457208
79 89 1.3241215828189479
80 81 1.346371204016843
80 82 1.3217808644019244
80 83 1.3010669128406818
80 84 1.267002302467108
80 85 1.293949888790493
80 86 1.488287252900676
80 87 1.3710444515855056
80 88 1.2923522134542127
80 89 1.329963380525371
81 82 1.3841842130268993
81 83 1.4461025846581552
81 84 1.1874736814034639
81 85 1.3073933360255292
81 86 1.3865251857262684
81 87 0.9329118393719043
81 88 1.2800289365950772
81 89 1.0671839616753023
82 83 1.3104873409526863
82 84 1.4039935335595262
82 85 1.3841658278065734
82 86 1.3594880458685898
82 87 1.4298070523023592
82 88 1.301139593220744
82 89 1.3848488066937592
83 84 1.577185958024082
83 85 1.402755518298989
83 86 1.2594463011903743
83 87 1.4977261987439257
83 88 1.406199120424835
83 89 1.3859094473455624
84 85 1.165134530477708
84 86 1.366580010899666
84 87 1.259755777416978
84 88 1.158033363268875
84 89 1.2655190477661915
85 86 1.3145244532920215
85 87 1.397358038899368
85 88 1.1341435483663533
85 89 1.2626231615934869
86 87 1.4425079640248686
86 88 1.4372230937877846
86 89 1.3767138795058687
87 88 1.2086327543033402
87 89 1.2201335731776817
88 89 1.3216258837871235
