75 0
0 1 1.2583247953144872
0 2 1.367069030227878
0 3 1.4344460611391292
0 4 1.2213486143881527
0 5 1.343203368004004
0 6 1.382032129603997
0 7 1.3188829759335372
0 8 1.1702230510876825
0 9 1.43175441629939
0 10 1.2669948379375107
0 11 1.33076806323192
0 12 1.3954675942205075
0 13 1.3874752623932787
0 14 1.31803848224612
0 15 1.2383359396009346
0 16 1.319796352048701
0 17 1.2831587480488136
0 18 1.2488103055155446
0 19 1.046607958941027
0 20 1.2521638555127603
0 21 1.3810501197633052
0 22 1.1904545364280068
0 23 1.222554082737916
0 24 1.3961707437790325
0 25 1.160826524783727
0 26 1.3844260809399438
0 27 1.2825547822770518
0 28 1.2647097216832441
0 29 1.215053503899674
0 30 1.449497634581839
0 31 1.3099271708041378
0 32 1.2739384116650043
0 33 1.3525310086153888
0 34 1.1842764589964938
0 35 1.3049564843996604
0 36 1.3241565376344395
0 37 1.3366844190422524
0 38 1.238809921308083
0 39 1.347139211344192
0 40 1.2843572456951524
0 41 1.3834607973332669
0 42 1.4389468605484217
0 43 1.3786894188296426
0 44 1.2776955296298895
0 45 1.4282685318185562
0 46 1.3614713053346132
0 47 1.1141476504540881
0 48 1.2922005080910002
0 49 1.296648928250579
0 50 1.4396813026699642
0 51 1.266658241731001
0 52 1.177938533385899
0 53 1.3159114815781714
0 54 1.3879918246784417
0 55 1.4718950825374733
0 56 1.1339390495474697
0 57 1.400376929156799
0 58 1.3077141603965534
0 59 1.4781487887180427
0 60 1.3422328423642698
0 61 1.2526643716224068
0 62 1.2848964633577167
0 63 1.5113167801161813
0 64 1.3314429462302146
0 65 1.317359943067559
0 66 1.1235548806638496
0 67 1.2098100981792927
0 68 1.301445267402516
0 69 1.306856471120501
0 70 1.2194708597019501
0 71 1.4187973528057825
0 72 1.4268769856819508
0 73 1.2867649332130824
0 74 1.3030266016541212
1 2 1.3071627944716935
1 3 1.2483336489468853
1 4 1.1603162569641725
1 5 1.2615469069696224
1 6 1.3563727970741475
1 7 1.2968393546328898
1 8 1.1496930988026732
1 9 1.421655440499901
1 10 1.188426354066388
1 11 1.2524569480620507
1 12 1.2450512690077566
1 13 1.2777094444572776
1 14 1.2399244047866884
1 15 1.189358639954392
1 16 1.2718525284508284
1 17 1.3071058380583416
1 18 1.1659970805896456
1 19 1.1427699533714613
1 20 1.256402664251739
1 21 1.2289051522830496
1 22 1.220283502264013
1 23 1.3338491483242478
1 24 1.4777432636595618
1 25 1.189852845083694
1 26 1.2530745845930669
1 27 1.2362797003586345
1 28 1.303934644527156
1 29 1.267553093956799
1 30 1.4017173123517497
1 31 1.3257061664369236
1 32 1.1651971855577756
1 33 1.2266734897435787
1 34 1.2229599020360167
1 35 1.2400029597389515
1 36 1.2828024843446462
1 37 1.2107711535636894
1 38 1.269212234848162
1 39 1.344878428766275
1 40 1.046882170264268
1 41 1.3115633950748355
1 42 1.2520725560833563
1 43 1.2696349917473877
1 44 1.1396591732536294
1 45 1.322306774876614
1 46 1.2589123214139475
1 47 1.304108851885213
1 48 1.1913896549130734
1 49 1.2755930916132578
1 50 1.2755529527978435
1 51 1.0697744436622334
1 52 1.1450816466662845
1 53 1.2688961280781443
1 54 1.2766210805855678
1 55 1.041314018980685
1 56 1.289370307913472
1 57 1.174155148719304
1 58 1.120207194715619
1 59 1.2395226661078054
1 60 1.1619538639181877
1 61 1.2064529993934336
1 62 1.1927210445642222
1 63 1.3372111874811277
1 64 1.358903524021555
1 65 1.1785523172852532
1 66 1.2110039066503682
1 67 1.219831606717633
1 68 1.2294869756738669
1 69 1.3176718848667848
1 70 1.1223081889370312
1 71 1.4334700117368067
1 72 1.299028007453022
1 73 1.1888705241605977
1 74 1.2922049675028155
2 3 1.344166556651156
2 4 1.390301287486021
2 5 1.162682565821515
2 6 1.254559447156655
2 7 1.3821025798434474
2 8 1.3121086102212047
2 9 1.4328824609441968
2 10 1.3197147874428192
2 11 1.400390719796045
2 12 1.4175497351120503
2 13 1.2706181174137474
2 14 1.34301127651551
2 15 1.3515874727264687
2 16 1.4035305483340892
2 17 1.2706967515238237
2 18 1.2871320497150065
2 19 1.3565011313162507
2 20 1.343599854287607
2 21 1.3715709711080843
2 22 1.392018213583255
2 23 1.419646006021066
2 24 1.287324245631571
2 25 1.3634903422964244
2 26 1.3658827661198176
2 27 1.2747528156942893
2 28 1.3322388738634097
2 29 1.4121340264263593
2 30 1.4195579578429545
2 31 1.3081883416625701
2 32 1.3899604533724357
2 33 1.3201134964439998
2 34 1.2870439210855409
2 35 1.249788710122336
2 36 1.3410564160497853
2 37 1.3138104507260884
2 38 1.2766909319465496
2 39 1.2876143480009727
2 40 1.3193800197625187
2 41 1.4493246026431055
2 42 1.226794653831519
2 43 1.2918138431769675
2 44 1.322075220911897
2 45 1.3919631858806745
2 46 1.3413755717594749
2 47 1.4259751750338332
2 48 1.4880918730359518
2 49 1.3778047838294538
2 50 1.3556536337562353
2 51 1.3632639012620342
2 52 1.3297808013051902
2 53 1.4084836563078904
2 54 1.4097695100223988
2 55 1.2997422207754634
2 56 1.3516012953489251
2 57 1.3744880600625622
2 58 1.4927527646625627
2 59 1.306369041666
2 60 1.2220284777684378
2 61 1.308477895696603
2 62 1.3264648802282044
2 63 1.1474816571167192
2 64 1.2971038449043144
2 65 1.4143406316735383
2 66 1.3097822562940047
2 67 1.316476222963401
2 68 1.3440368503749247
2 69 1.2183035786622345
2 70 1.3805510601752908
2 71 1.4216713354723851
2 72 1.2223002616825094
2 73 1.3080093029491273
2 74 1.3591180720573017
3 4 1.1646622399169424
3 5 1.3399800333268872
3 6 1.2067356661498119
3 7 1.3228113201762193
3 8 1.117239050366293
3 9 1.306086510663404
3 10 1.394726931429515
3 11 1.2577475680348302
3 12 1.1146895617091814
3 13 1.1515845389123756
3 14 1.0631763470652544
3 15 1.217426219743297
3 16 1.331440315675946
3 17 1.2605613373221387
3 18 1.1788700109261587
3 19 1.455414354905239
3 20 1.3495093491009906
3 21 1.2917138369153467
3 22 1.4148504692136479
3 23 1.4397741983732255
3 24 1.32008820877918
3 25 1.1745958324363241
3 26 1.2941247121294268
3 27 1.1908280475153403
3 28 1.2871482266702703
3 29 1.3387032295589407
3 30 1.2711578696019683
3 31 1.2320344972870403
3 32 1.2601550318426156
3 33 1.1548661690599251
3 34 1.0459806519874222
3 35 1.2429587827544593
3 36 1.3679402028167824
3 37 1.1612356547478542
3 38 1.4367418658849787
3 39 1.3530180583837612
3 40 1.0723737216439626
3 41 1.37945454137079
3 42 1.1926679129569353
3 43 1.2520678626244424
3 44 1.3140047175161533
3 45 1.245750924931939
3 46 1.3154849956226597
3 47 1.3678696680197275
3 48 1.2764323868301872
3 49 1.242657588469426
3 50 1.230231190468694
3 51 1.2507270658232803
3 52 1.1928843450288538
3 53 1.4222275447972306
3 54 1.229529218126702
3 55 1.3190209171641325
3 56 1.5596033737059758
3 57 1.183291253632858
3 58 1.3523195675133888
3 59 1.171564783445652
3 60 1.3592897339763619
3 61 1.1493424784659094
3 62 0.9485834275419284
3 63 1.3381776357515227
3 64 1.4071269624672509
3 65 1.1936007539643871
3 66 1.3805778660391796
3 67 1.255208682624167
3 68 1.2738248727115258
3 69 1.1917743444499915
3 70 1.0794282564857915
3 71 1.3937411204239392
3 72 1.1879848050994395
3 73 1.1857483131783317
3 74 1.3838324430917064
4 5 1.2833350262166712
4 6 1.2874916388447708
4 7 1.2541564529424933
4 8 1.1470110051336386
4 9 1.3289990211645024
4 10 1.1584256675658668
4 11 1.1417546385628115
4 12 1.1460319724074186
4 13 1.316468283686338
4 14 1.1519603692591336
4 15 1.0104848271335225
4 16 1.007607375015128
4 17 1.0454347225186564
4 18 1.1164871909328382
4 19 1.0757990777193944
4 20 1.1940121832532828
4 21 1.3160401572075575
4 22 1.1343256023030905
4 23 1.2534475379301195
4 24 1.3429659527850488
4 25 1.08078516545186
4 26 1.384996963690511
4 27 1.189500984666853
4 28 1.1824718728194186
4 29 1.2828034815438967
4 30 1.2822871808227525
4 31 1.311665203002589
4 32 1.0968682637909957
4 33 1.2385503246465688
4 34 1.075289034039248
4 35 1.1733817686160524
4 36 1.163476210136703
4 37 1.0933903918246934
4 38 1.170528374283368
4 39 1.3848993626781212
4 40 0.8760797859820958
4 41 1.4149987193478233
4 42 1.2928979325348746
4 43 1.3547016309156348
4 44 1.2383611848548546
4 45 1.256507254630007
4 46 1.4073619299027544
4 47 1.1516856056405342
4 48 1.2013826599454036
4 49 1.2719831432708897
4 50 1.2387887426296056
4 51 1.1414998497152058
4 52 1.02139565065564
4 53 1.3724593417402993
4 54 1.2679313162709374
4 55 1.2305804780230112
4 56 1.166909740318683
4 57 1.1062562530863949
4 58 1.204991561292633
4 59 1.356541051415837
4 60 1.2963474277225022
4 61 1.228769170060052
4 62 1.1704789333531045
4 63 1.2585899226888437
4 64 1.2688588287035654
4 65 1.1512740765375835
4 66 0.9944736393122177
4 67 1.1078684651645117
4 68 1.2944514255614012
4 69 1.292622597475302
4 70 1.0169740393701152
4 71 1.3647528535713915
4 72 1.2487737530602676
4 73 1.2860710358971523
4 74 1.2537082646747424
5 6 1.212395267626406
5 7 1.2994743120506063
5 8 1.263072555464681
5 9 1.3990973253881431
5 10 1.2856478322509723
5 11 1.3977271989708633
5 12 1.335817844549626
5 13 1.338130350341081
5 14 1.3316010212127614
5 15 1.3667554329840554
5 16 1.2870093125814415
5 17 1.275122318469603
5 18 1.338810933494811
5 19 1.3208294957179236
5 20 1.3848382411339493
5 21 1.4138486208616456
5 22 1.3841204250266186
5 23 1.393056120738322
5 24 1.228420982859857
5 25 1.3684845647118815
5 26 1.320494487330944
5 27 1.2374528422939532
5 28 1.1534666833815836
5 29 1.3406064307425225
5 30 1.334679693179634
5 31 1.3662773054302764
5 32 1.3682171790255575
5 33 1.3299407472492697
5 34 1.3657387613343375
5 35 1.3280634508055007
5 36 1.2935690416509715
5 37 1.4049256205121705
5 38 1.3050483648076885
5 39 1.401551992428993
5 40 1.2792000498636447
5 41 1.38323491155309
5 42 1.3512262580572698
5 43 1.2788539308476299
5 44 1.170638332811671
5 45 1.2786335852911683
5 46 1.20835898204756
5 47 1.3218102447856541
5 48 1.4523518071820996
5 49 1.3159063025460092
5 50 1.298294334772213
5 51 1.377343727004362
5 52 1.302133203395324
5 53 1.3703831739543764
5 54 1.2981223234207846
5 55 1.317691046673203
5 56 1.3265399817286632
5 57 1.2531265300500924
5 58 1.3855131189202683
5 59 1.4233529649567942
5 60 1.3272528439679971
5 61 1.359030786370036
5 62 1.276603356287989
5 63 1.0049187480203483
5 64 1.3428878953568746
5 65 1.3304302043813636
5 66 1.2503452337866459
5 67 1.2369881332344312
5 68 1.3602297042324905
5 69 1.3303841696786178
5 70 1.3034725207419382
5 71 1.4173517949310144
5 72 1.2955801219689846
5 73 1.2868511905071474
5 74 1.3778278714959276
6 7 1.4230845704407473
6 8 1.3671914205316114
6 9 1.4609307498451587
6 10 1.4136703841870704
6 11 1.3601488720913488
6 12 1.3642696896680668
6 13 1.2991360231517164
6 14 1.5789034682513998
6 15 1.383758919451119
6 16 1.4455784827797746
6 17 1.3678632191890217
6 18 1.3351048758173691
6 19 1.4824615675478332
6 20 1.4022492792871692
6 21 1.3283201067336452
6 22 1.4451507773085601
6 23 1.4021838151630894
6 24 0.5865086854127476
6 25 1.2395934176804662
6 26 1.2633018196630958
6 27 1.3882014087815362
6 28 1.1290848222628658
6 29 1.2659820518708036
6 30 1.4295885829456667
6 31 1.1646566849491269
6 32 1.3969516683894196
6 33 1.245039638190452
6 34 1.274906587404047
6 35 1.3465830843519275
6 36 1.4092924118658596
6 37 1.3889000226211525
6 38 1.3464332199725781
6 39 1.406691098449901
6 40 1.2517161688532439
6 41 1.2183050706904086
6 42 1.3798116877785707
6 43 1.1103277654809824
6 44 1.1830897130564415
6 45 1.345680430331752
6 46 1.197816233817962
6 47 1.4750510923139293
6 48 1.4535904361299243
6 49 1.3873318446047704
6 50 1.398483285514656
6 51 1.4498828873424776
6 52 1.3985703737906092
6 53 1.4575543462322644
6 54 1.301892751024155
6 55 1.4349481476585697
6 56 1.4650315557627318
6 57 1.341613027381067
6 58 1.478949445376325
6 59 1.300363531857993
6 60 1.4003578603464983
6 61 1.2964909958844926
6 62 1.297380603251551
6 63 1.1234017649966495
6 64 1.3339410452667568
6 65 1.3910887925731832
6 66 1.4368985164403096
6 67 1.2918902102312497
6 68 1.3922275549043708
6 69 1.1152544838341876
6 70 1.3998136340576597
6 71 1.374080866121634
6 72 1.3232693271019609
6 73 1.2121124387957942
6 74 1.3427142176091034
7 8 1.3638696597851874
7 9 1.170326918723953
7 10 1.3697584664106268
7 11 1.2392013130713253
7 12 1.1451319722040822
7 13 1.241487746833968
7 14 1.2294409680382103
7 15 1.3781548120019003
7 16 1.319486924198353
7 17 1.4029801773772048
7 18 1.3725453972747947
7 19 1.3619909536684223
7 20 1.3150650459483642
7 21 1.2699777493189714
7 22 1.3860501384872834
7 23 1.3269655239152538
7 24 1.4444202879763604
7 25 1.3321891636011944
7 26 1.3287128980538465
7 27 1.3661424684236128
7 28 1.4047364360117331
7 29 1.3781538390672183
7 30 0.9249694504215252
7 31 1.3421485771851627
7 32 1.284629772485404
7 33 1.3097757604673246
7 34 1.2973196909739753
7 35 1.3008335170057048
7 36 1.3142568891136683
7 37 1.2241916784506957
7 38 1.4022935400717609
7 39 1.2653977374008865
7 40 1.2957531193962726
7 41 1.4123624903379581
7 42 1.276055031655173
7 43 1.3664806982116287
7 44 1.3885067373430773
7 45 0.9186812381398985
7 46 1.4090386146558047
7 47 1.2981151527700878
7 48 1.3684839682113294
7 49 1.307567935057221
7 50 1.190618405023878
7 51 1.3143197954176489
7 52 1.317756030820661
7 53 1.3569727870457455
7 54 0.9870719640297475
7 55 1.2584348882144472
7 56 1.3699278165448507
7 57 1.317482679264291
7 58 1.1532057156832942
7 59 1.395025319798068
7 60 1.419426590641859
7 61 1.441067195226539
7 62 1.1770812250059342
7 63 1.3455749984261816
7 64 1.450401592922015
7 65 1.1064628021754028
7 66 1.3823664801274091
7 67 1.355249403151205
7 68 1.3617028248474352
7 69 1.4187496113704972
7 70 1.1083143619355194
7 71 1.4158301941918874
7 72 1.3618957106916165
7 73 1.3504559483698348
7 74 1.2825725507692576
8 9 1.3480128453615512
8 10 1.234467200273314
8 11 1.2295859695122828
8 12 1.306196053019414
8 13 1.2705816118217599
8 14 1.1262515986418737
8 15 1.123930300726723
8 16 1.2243793072225306
8 17 1.270251908318001
8 18 0.7801106541420071
8 19 1.2061370117276164
8 20 1.3268251192230767
8 21 1.3929164138072907
8 22 1.1846950117268564
8 23 1.435089180104711
8 24 1.3829454418675042
8 25 1.1342388513089765
8 26 1.3215665879146479
8 27 1.2343442599379848
8 28 1.198335321227103
8 29 1.290341920044016
8 30 1.3741834058982336
8 31 1.2791215057961858
8 32 1.3115492400243627
8 33 1.3163427343970462
8 34 1.0241819270129608
8 35 1.2173266816839463
8 36 1.2613300357703023
8 37 1.2972501413986564
8 38 1.303103703547149
8 39 1.324662658105206
8 40 1.0742432992718147
8 41 1.3942540544002575
8 42 1.268244022447483
8 43 1.3433807849001766
8 44 1.142986664081119
8 45 1.411821779469753
8 46 1.2098904906868142
8 47 1.267981409070194
8 48 1.2029123974026161
8 49 1.272560945609962
8 50 1.2886878621412727
8 51 1.2449135038375203
8 52 1.1369944162142402
8 53 1.287348746080232
8 54 1.4083097165232952
8 55 1.2991172392315136
8 56 1.2523643820577381
8 57 1.147645506181167
8 58 1.3255650951893503
8 59 1.2568597962630668
8 60 1.3281583714842167
8 61 1.2426872742380946
8 62 1.1396467683277405
8 63 1.3162014911045272
8 64 1.2448431716420234
8 65 1.1935383012305845
8 66 1.1783976032054184
8 67 1.2737958309335686
8 68 1.2598822107761556
8 69 1.2843333920969562
8 70 1.182524363046059
8 71 1.4385238943699017
8 72 1.2611135979927215
8 73 1.2275919021156032
8 74 1.2877760800108784
9 10 1.4637691518077316
9 11 1.2216369194093626
9 12 1.1671004836593566
9 13 1.368142912827586
9 14 1.2840350979155664
9 15 1.2509881909494047
9 16 1.4002816889775849
9 17 1.282800348501857
9 18 1.285999937500772
9 19 1.406607481719623
9 20 1.3095915504332385
9 21 1.4410878679513441
9 22 1.3881870425079914
9 23 1.5142396654067705
9 24 1.4511328804285348
9 25 1.4214895613193934
9 26 1.3637119323602793
9 27 1.3037753830654166
9 28 1.452915460520199
9 29 1.447078931268324
9 30 0.8887017700785428
9 31 1.338330431547728
9 32 1.372852527366439
9 33 1.40966771183713
9 34 1.313366146946541
9 35 1.4792604584424411
9 36 1.4111587689962717
9 37 1.3231614836728434
9 38 1.4717744488889721
9 39 1.3614850898342312
9 40 1.3724238781343947
9 41 1.4142960920209156
9 42 1.3882405831486773
9 43 1.462379159591248
9 44 1.4360030774935324
9 45 0.9378317947634038
9 46 1.4575654294261424
9 47 1.5142605464553371
9 48 1.389247314788645
9 49 1.2864300269679503
9 50 1.3636266131631334
9 51 1.3204685685506357
9 52 1.3389250688446304
9 53 1.4893905366069033
9 54 1.0208436025707344
9 55 1.3799236140997622
9 56 1.461288553760844
9 57 1.4399940244120573
9 58 1.1744038977792566
9 59 1.3580624072815903
9 60 1.4135708962487528
9 61 1.4554337132554107
9 62 1.2379949802038321
9 63 1.4251115602476288
9 64 1.37478935195967
9 65 1.1475701963846823
9 66 1.514243100160685
9 67 1.4257225321670752
9 68 1.4000257461521097
9 69 1.3940387971902661
9 70 1.2357791898273343
9 71 1.4097905693985284
9 72 1.3975351047212938
9 73 1.378410475846825
9 74 1.268824216772475
10 11 1.2523758472922142
10 12 1.4052502051023892
10 13 1.4085544996520112
10 14 1.2509929920224194
10 15 1.2127959840598237
10 16 1.049745306419912
10 17 1.2143300070983776
10 18 1.2868512963585546
10 19 1.0760450440424942
10 20 1.2076123760193564
10 21 1.281255823614232
10 22 1.0236453382749633
10 23 1.2654544232754015
10 24 1.4631365097205191
10 25 1.2690977413928795
10 26 1.3537469477838933
10 27 1.2746163408576865
10 28 1.3486896648334108
10 29 1.3172913200356997
10 30 1.4892172263944112
10 31 1.3369810945308378
10 32 1.1726107974098756
10 33 1.3415129849690717
10 34 1.3252007867266773
10 35 1.1637552206178547
10 36 1.1485684294970266
10 37 1.3596923233203886
10 38 1.2076820134282251
10 39 1.331493023334355
10 40 1.2730590082523598
10 41 1.4459404546256382
10 42 1.3122642582668818
10 43 1.3021034448918025
10 44 1.2984266512953502
10 45 1.4126171853575409
10 46 1.4264895422515513
10 47 1.223940992987307
10 48 1.2406588655101884
10 49 1.2910878836710402
10 50 1.3549723113985717
10 51 1.268316830846798
10 52 1.0967408244260628
10 53 1.2045485085474257
10 54 1.3560951810153967
10 55 1.2699368702753289
10 56 1.0823365578779947
10 57 1.287694867501961
10 58 1.28443672877203
10 59 1.3583072151902849
10 60 1.2515324176378462
10 61 1.2598562027956912
10 62 1.4011905767862103
10 63 1.3370974987258173
10 64 1.3064222390792346
10 65 1.2114040533352313
10 66 1.0516423793921865
10 67 1.2271354059557695
10 68 1.2476869710062848
10 69 1.3392733462693374
10 70 1.328950043192866
10 71 1.3699073249045264
10 72 1.3619643825401768
10 73 1.2679142043537195
10 74 1.2991733292671999
11 12 1.182203512740114
11 13 1.446172398834502
11 14 1.3354205903422507
11 15 1.217579292118531
11 16 1.2778125108798188
11 17 1.2314955864631625
11 18 1.2247607984876359
11 19 1.2692573735355102
11 20 1.319213339992156
11 21 1.3823576691089703
11 22 1.4023065936485106
11 23 1.3643611053242433
11 24 1.359808100903106
11 25 1.2634009515177538
11 26 1.31929379314584
11 27 1.341997691696387
11 28 1.3802095436717963
11 29 1.3779048949942996
11 30 1.2433565018530643
11 31 1.2986803796349742
11 32 1.137582115241855
11 33 1.258566386807277
11 34 1.2396404551417703
11 35 1.3060116800629302
11 36 1.421972427489862
11 37 1.2751483991422987
11 38 1.3104225647636893
11 39 1.377888361584049
11 40 1.1709493112264118
11 41 1.3816101122569935
11 42 1.3448324261565006
11 43 1.244859750797328
11 44 1.3629407765098995
11 45 1.2028163382226122
11 46 1.3952918158372054
11 47 1.3010647105156274
11 48 1.2882872780805086
11 49 1.2670184371144082
11 50 1.3179220015612982
11 51 1.2638249782349469
11 52 1.2694410388518615
11 53 1.4035993373819247
11 54 1.1935658835631076
11 55 1.2523030306037983
11 56 1.3088676835401691
11 57 1.3627916472107577
11 58 1.1681062297081335
11 59 1.3531077231782642
11 60 1.4580131733264003
11 61 1.286353582497804
11 62 1.233525988381462
11 63 1.3119821789635444
11 64 1.382609388384165
11 65 1.0676810167636868
11 66 1.318401944463824
11 67 1.3222310996329456
11 68 1.3092486610602698
11 69 1.3854096151956727
11 70 1.2564220729216813
11 71 1.4487865814161383
11 72 1.4108672479151219
11 73 1.1936888849052578
11 74 1.3555761854353057
12 13 1.2026099780968038
12 14 1.1918119880425486
12 15 1.1461555238829744
12 16 1.2430364844055117
12 17 1.2522046015724413
12 18 1.2768379707476376
12 19 1.3197342386249702
12 20 1.340991791808686
12 21 1.1938046022025985
12 22 1.3762217235068006
12 23 1.311352992643443
12 24 1.4351584068177186
12 25 1.2855158933292163
12 26 1.3132864140046088
12 27 1.2153233417110678
12 28 1.2678122589027716
12 29 1.353467386137869
12 30 1.015943993545425
12 31 1.333792653690897
12 32 1.1930587396774421
12 33 1.2870225994546112
12 34 1.2418430526445374
12 35 1.230825032899021
12 36 1.291489662614659
12 37 1.1498890771968393
12 38 1.4184364099034734
12 39 1.3167118404441207
12 40 1.0771573923463944
12 41 1.4625685795783363
12 42 1.195051012989158
12 43 1.27762575342317
12 44 1.338730204803574
12 45 1.0292748308129016
12 46 1.3776539621806614
12 47 1.3846657122036532
12 48 1.33874801420071
12 49 1.3375519850405015
12 50 1.2827489105437984
12 51 1.1770999735543977
12 52 1.1699777981569877
12 53 1.550111221590147
12 54 1.106938476505941
12 55 1.2810836393751928
12 56 1.2754505543264072
12 57 1.2194207347777586
12 58 1.1755423894867612
12 59 1.3092084186451134
12 60 1.3763181709102226
12 61 1.2556021862836224
12 62 1.0550329243992491
12 63 1.2808743679259185
12 64 1.3738152835197306
12 65 1.0363232901567823
12 66 1.3092930792049515
12 67 1.347528180995167
12 68 1.3596578530552381
12 69 1.3609770467973459
12 70 1.091329447679555
12 71 1.4270636685721667
12 72 1.233626639747785
12 73 1.2320726729402305
12 74 1.3387855070898833
13 14 1.3235744042465616
13 15 1.3444063975289018
13 16 1.389098623967318
13 17 1.3067123612157825
13 18 1.2388741887782957
13 19 1.4621076269839492
13 20 1.4250706678973641
13 21 1.1086734217571235
13 22 1.4199351197998478
13 23 1.3369078940304895
13 24 1.3328562901274337
13 25 1.3545829103751088
13 26 1.2123945471261228
13 27 1.2672018142749737
13 28 1.4256592020576322
13 29 1.4520044327880313
13 30 1.2552228809287262
13 31 1.3834832881447436
13 32 1.2796991011990988
13 33 1.3871929146126212
13 34 1.2673071338738495
13 35 1.2796334930083533
13 36 1.3336690071835064
13 37 1.260715951787287
13 38 1.3450435654478707
13 39 1.2596470745609
13 40 1.2897750359432787
13 41 1.387201491140042
13 42 1.0083507303911523
13 43 1.269700244365495
13 44 1.3676183853832584
13 45 1.3297952395376176
13 46 1.2576217012549509
13 47 1.3047894594446385
13 48 1.2995270145409579
13 49 1.2275790429965776
13 50 1.308396639106355
13 51 1.3324740496895644
13 52 1.3684046101224698
13 53 1.3552499282898591
13 54 1.3567095508564941
13 55 1.3329405316579799
13 56 1.457490250229414
13 57 1.1974519921207833
13 58 1.4187696425045415
13 59 1.143801461055718
13 60 1.266633644510541
13 61 1.3404173742761663
13 62 1.2798525259040159
13 63 1.2991512451757732
13 64 1.291674560469927
13 65 1.3210718129325567
13 66 1.4398649634622975
13 67 1.2806611177676699
13 68 1.2936474694741456
13 69 1.3408869883720127
13 70 1.3043844492205365
13 71 1.3466118706254062
13 72 0.7832074635222193
13 73 1.3052438125389214
13 74 1.3569287537922543
14 15 1.0923177256352983
14 16 1.1500004397837174
14 17 1.286258969042989
14 18 1.1414183332262204
14 19 1.2279754446427036
14 20 1.2608458586443054
14 21 1.3529763496782963
14 22 1.1764251540947868
14 23 1.3218933319640556
14 24 1.6276334996190918
14 25 1.226296577718589
14 26 1.3900849155135673
14 27 1.1460604171201538
14 28 1.4478769313118676
14 29 1.3136840093056428
14 30 1.2134091054592255
14 31 1.4489944901847356
14 32 1.241301186389192
14 33 1.350017481185448
14 34 1.0666655097902336
14 35 1.2143166469839086
14 36 1.235137964138006
14 37 1.063929242082817
14 38 1.4358379933262264
14 39 1.3301714831860967
14 40 1.0433521911794859
14 41 1.5205976749023657
14 42 1.2533745339398623
14 43 1.447592174621409
14 44 1.4580514958287059
14 45 1.2116381034020955
14 46 1.49628125176466
14 47 1.2204285408475977
14 48 1.1013199971359164
14 49 1.2271802023394403
14 50 1.1546571644051287
14 51 1.2179216984744707
14 52 1.0272291510757077
14 53 1.319136024099461
14 54 1.2984706321269104
14 55 1.2187267104173523
14 56 1.2619433083463598
14 57 1.09231802622289
14 58 1.262579772511272
14 59 1.296087408201608
14 60 1.3468003639341362
14 61 1.2656464489473338
14 62 0.8346043652450663
14 63 1.373518000617832
14 64 1.4169088341635723
14 65 1.0882446170557452
14 66 1.2209540337437175
14 67 1.1327040906689663
14 68 1.2876607790432837
14 69 1.4600645884931347
14 70 1.1453894800381241
14 71 1.3159918686695715
14 72 1.3492282999933456
14 73 1.3455690167762224
14 74 1.335357383233182
15 16 1.1402818624844884
15 17 1.1696491603276253
15 18 1.1179992195926705
15 19 1.0926425504080928
15 20 1.219549142464945
15 21 1.3740360209150833
15 22 1.1637428022693477
15 23 1.3181165912028585
15 24 1.426945459610774
15 25 1.1153861906037177
15 26 1.4500653687113294
15 27 1.0333699719075
15 28 1.3443727618037997
15 29 1.3843527652830727
15 30 1.280531919350457
15 31 1.4096072179323633
15 32 1.1747261968926044
15 33 1.296489417224043
15 34 1.217600510823759
15 35 1.1035611948193385
15 36 1.248815484524605
15 37 1.1623673065312823
15 38 1.3297339944119293
15 39 1.1987802088373918
15 40 0.9422689669598747
15 41 1.5102784348356098
15 42 1.1939006291840468
15 43 1.3568096531792149
15 44 1.3739508460414025
15 45 1.2641082686807237
15 46 1.4610872083317967
15 47 1.3463873008991711
15 48 1.1827381309575815
15 49 1.1851647680437227
15 50 1.1754639497021961
15 51 1.149102010318915
15 52 0.9053289368155968
15 53 1.3500692491227129
15 54 1.3010502138720528
15 55 1.2672388546043902
15 56 1.1226909482021923
15 57 1.206344490070492
15 58 1.0948218071156717
15 59 1.38515126767857
15 60 1.3210372011022935
15 61 1.1915163003094555
15 62 1.0541875953665927
15 63 1.361496005948133
15 64 1.3410353873908036
15 65 0.968692989783966
15 66 1.203238142081566
15 67 1.2631479961206868
15 68 1.1968789472767434
15 69 1.3808590234476563
15 70 1.0665761652927397
15 71 1.4074925205676534
15 72 1.2102455166484476
15 73 1.2886602731423935
15 74 1.30891074175566
16 17 1.2216848105936786
16 18 1.2581707394882542
16 19 1.0266842514820347
16 20 1.17300384106501
16 21 1.3671983828355827
16 22 1.1205817605714112
16 23 1.284755545259704
16 24 1.509566536018724
16 25 1.2950136955084577
16 26 1.4218001601934114
16 27 1.3087082942645882
16 28 1.3081122190147574
16 29 1.417782458781306
16 30 1.276506961264476
16 31 1.4141272841494898
16 32 1.1854428627352944
16 33 1.3004283928598797
16 34 1.2684947543537837
16 35 1.2537267771255565
16 36 1.069976915405231
16 37 1.3788743967164774
16 38 1.3134940921528881
16 39 1.4071894154140128
16 40 1.1220389152589203
16 41 1.4857226736190157
16 42 1.3230577939993036
16 43 1.4268940251109838
16 44 1.3668494585238156
16 45 1.3259817359357626
16 46 1.5028477490036234
16 47 1.1936432177220482
16 48 1.2839488176693679
16 49 1.3679445942840154
16 50 1.3200174009134522
16 51 1.248327883378507
16 52 0.9935508435419458
16 53 1.2637930953262808
16 54 1.3783780824284535
16 55 1.2676688686644992
16 56 1.1029350253471788
16 57 1.288406011023841
16 58 1.2616212149078168
16 59 1.3642591935513788
16 60 1.4665444794478972
16 61 1.2639766122135219
16 62 1.2547391036339424
16 63 1.2967440647174158
16 64 1.374527559304695
16 65 1.202566570821759
16 66 0.9758118008140705
16 67 1.2170255000241217
16 68 1.2948575147728496
16 69 1.4608647254784004
16 70 1.21083983894099
16 71 1.38397299677783
16 72 1.3733454570129895
16 73 1.3406331631147819
16 74 1.2778748782308367
17 18 1.2879497577749723
17 19 1.1686882309443813
17 20 1.1430747232578877
17 21 1.315219248444529
17 22 1.2081699995893118
17 23 1.2435163821867605
17 24 1.401640918625508
17 25 1.3154563981041287
17 26 1.370367870882596
17 27 1.136231613761676
17 28 1.3039864420521918
17 29 1.3040800426588168
17 30 1.3734612256657355
17 31 1.400013471336104
17 32 1.224314074672078
17 33 1.3599274813631486
17 34 1.2186829863498254
17 35 1.2634996150657067
17 36 1.1948350920898492
17 37 1.2415812283184708
17 38 1.1909813276621968
17 39 1.1844350969562425
17 40 1.1477030357398084
17 41 1.5399454474335557
17 42 1.2347740395803322
17 43 1.3792485934235714
17 44 1.4180073151470385
17 45 1.3940579515711806
17 46 1.5248424289983378
17 47 1.2237441790804644
17 48 1.309049836968805
17 49 1.2802401549174849
17 50 1.3573596856408754
17 51 1.2575101103213004
17 52 1.1735515915419448
17 53 1.3757288810192123
17 54 1.3940219234833473
17 55 1.3836044099022191
17 56 1.2536585088075856
17 57 1.277025596527928
17 58 1.3933924756779585
17 59 1.310421796671524
17 60 1.4042602617661621
17 61 1.2818918291938937
17 62 1.2907460061432194
17 63 1.3362173688952061
17 64 1.3617782309682158
17 65 1.2704704020689004
17 66 1.187371833584403
17 67 1.237775663930563
17 68 1.331277852131023
17 69 1.3420786730436225
17 70 1.2286309739606192
17 71 1.3727519023157448
17 72 1.202925065976639
17 73 1.4066226490294262
17 74 1.2911404454263777
18 19 1.2681054707665034
18 20 1.2781432830327022
18 21 1.3698838370405166
18 22 1.1770085846324683
18 23 1.4075828350121704
18 24 1.3431910827169362
18 25 1.0622073820711926
18 26 1.2739688574503152
18 27 1.1579536402871533
18 28 1.2359487125554542
18 29 1.234989536467571
18 30 1.350063187743794
18 31 1.285320084348191
18 32 1.2400575738555308
18 33 1.3150241003699952
18 34 1.1176838446915967
18 35 1.2808365627579121
18 36 1.2504337334937559
18 37 1.1378060376083725
18 38 1.3434870700763115
18 39 1.3841100376390953
18 40 1.0505692562532323
18 41 1.2840628038771218
18 42 1.2842266969918565
18 43 1.3156844687851075
18 44 1.1980915137809525
18 45 1.3355705053630145
18 46 1.2516920692153746
18 47 1.2663106252293879
18 48 1.2033372195524434
18 49 1.3135114282708902
18 50 1.2400713715243998
18 51 1.1764643581320287
18 52 1.173712055271849
18 53 1.3363474611055166
18 54 1.3082828885414093
18 55 1.246195325284759
18 56 1.3229373876118233
18 57 1.1325710844361958
18 58 1.2990706029180794
18 59 1.1766875016429952
18 60 1.3054033633695594
18 61 1.2549314106831473
18 62 1.120277522367865
18 63 1.2985907444473068
18 64 1.1730089910758457
18 65 1.1586334708414892
18 66 1.2268067300724448
18 67 1.2012078465613933
18 68 1.3067104455767584
18 69 1.3123559003829517
18 70 1.1784124043177913
18 71 1.325545800459457
18 72 1.3101984455080788
18 73 1.2283687688305742
18 74 1.231376297292444
19 20 1.102109744895093
19 21 1.3768878518179644
19 22 0.9236287401065557
19 23 1.2037496068744709
19 24 1.570165630319778
19 25 1.2255404720722398
19 26 1.4767068996522892
19 27 1.3080926141652012
19 28 1.3565212302087832
19 29 1.3261086060644218
19 30 1.4404952246827833
19 31 1.3850530935706642
19 32 1.09430510784999
19 33 1.3018003398345506
19 34 1.2976209618552488
19 35 1.2170080523032456
19 36 1.1333690652463193
19 37 1.3420282465727684
19 38 1.169828079185821
19 39 1.3327737634314867
19 40 1.1082488650330473
19 41 1.532616807280534
19 42 1.3931196327132036
19 43 1.4906585648882593
19 44 1.39640732251743
19 45 1.4515723436458432
19 46 1.510698935190683
19 47 1.1578527440816457
19 48 1.1538033595441697
19 49 1.3679108809871123
19 50 1.3607581281281929
19 51 1.2626651349168947
19 52 1.069417221548949
19 53 1.3072606404132832
19 54 1.4707384159554915
19 55 1.267097446117839
19 56 0.9534916538132975
19 57 1.370749829764685
19 58 1.2512256861577737
19 59 1.4601758262314488
19 60 1.3678520486920782
19 61 1.239036109349924
19 62 1.3325374425984076
19 63 1.3516131442934818
19 64 1.352521435476607
19 65 1.248335798358693
19 66 0.9439996539341081
19 67 1.2460535334437273
19 68 1.354282028670656
19 69 1.4089342475366367
19 70 1.2123828153805651
19 71 1.4345888292680327
19 72 1.344455923180055
19 73 1.4281284086529766
19 74 1.3285994314983174
20 21 1.4384903770073658
20 22 1.0524098887258235
20 23 1.209961256909388
20 24 1.5309169574007893
20 25 1.2474513066663864
20 26 1.5235372009385557
20 27 1.2382837754074187
20 28 1.3777557714579094
20 29 1.3029584740148554
20 30 1.375217896127103
20 31 1.4012956732408939
20 32 1.1892438053190926
20 33 1.3809799333039783
20 34 1.2284237215467952
20 35 1.2604412693491904
20 36 1.1458649015205797
20 37 1.1595004982831718
20 38 1.2437157098626561
20 39 1.2135354907370157
20 40 1.190525841432489
20 41 1.4395898641539309
20 42 1.4053642899928556
20 43 1.5088808383645633
20 44 1.4573266595696142
20 45 1.3617589160996606
20 46 1.587071083565499
20 47 1.2025635830336876
20 48 1.2736165513674536
20 49 1.3312348064963202
20 50 1.4220438506105386
20 51 1.2911743765628854
20 52 1.1613415131424416
20 53 1.3440609322705876
20 54 1.3708752994335407
20 55 1.310852098841604
20 56 1.210428778196309
20 57 1.374090251826089
20 58 1.335047336454956
20 59 1.3821750858156625
20 60 1.3577918374202116
20 61 1.3144193424266348
20 62 1.2799336902372003
20 63 1.3818224458111001
20 64 1.385879619657997
20 65 1.2781118012321595
20 66 1.186382715493044
20 67 1.232096115794936
20 68 1.2764820014037324
20 69 1.4089875252539656
20 70 1.1978782460856647
20 71 1.4294621669195462
20 72 1.4222313203981547
20 73 1.5100577143193001
20 74 1.317318920296039
21 22 1.283387690976301
21 23 1.2829603300066497
21 24 1.4281247648060498
21 25 1.367323884660944
21 26 1.279088283659951
21 27 1.3053916325106822
21 28 1.4573296256787966
21 29 1.4190761622126975
21 30 1.3656839172247357
21 31 1.4326751102274822
21 32 1.3147396055810343
21 33 1.4557291355468913
21 34 1.3664825309256212
21 35 1.3664961206368667
21 36 1.4407209923004427
21 37 1.2551114403806354
21 38 1.3454457634123973
21 39 1.2748738337790975
21 40 1.3353089535927938
21 41 1.5142323580345196
21 42 1.1156128637968223
21 43 1.3227983164702464
21 44 1.3966694819953176
21 45 1.3939850101383748
21 46 1.4427417126476645
21 47 1.3039962042955535
21 48 1.2893779425697212
21 49 1.3248098448349355
21 50 1.3297542274720604
21 51 1.2994205580443272
21 52 1.3369343689972533
21 53 1.3566557836928934
21 54 1.369226888790136
21 55 1.2797781491585822
21 56 1.2986762147576503
21 57 1.2414139776332211
21 58 1.3116236238572525
21 59 1.1516569736524833
21 60 1.2349283029716909
21 61 1.3314595068693365
21 62 1.3665308776571525
21 63 1.4238293011357575
21 64 1.4107500832444921
21 65 1.2868182261226515
21 66 1.3563000719024627
21 67 1.356755795071283
21 68 1.324399293269348
21 69 1.400746272453353
21 70 1.3043553333025732
21 71 1.4506217685962248
21 72 1.0799109815084516
21 73 1.3647127853664571
21 74 1.5161434841087784
22 23 1.3032767584604492
22 24 1.4957923711084626
22 25 1.2146997301493412
22 26 1.404131997069521
22 27 1.2464936626297025
22 28 1.3036987170229357
22 29 1.2537004025787142
22 30 1.4822602788454582
22 31 1.3681851863644572
22 32 1.1840580333335915
22 33 1.3394940887848332
22 34 1.2792860554093297
22 35 1.2781784668451666
22 36 1.139720236185146
22 37 1.2580884213039494
22 38 1.292689085112719
22 39 1.301285916047996
22 40 1.1375819106560734
22 41 1.5047842008572332
22 42 1.3298838714345327
22 43 1.428310073826431
22 44 1.401492938409017
22 45 1.4425029871317456
22 46 1.4889325000677789
22 47 1.1608708489639008
22 48 1.2023847020594802
22 49 1.3407891803220917
22 50 1.3840380763382378
22 51 1.232450101347265
22 52 1.0695115950773884
22 53 1.3258748108852925
22 54 1.360392486899922
22 55 1.2412348842899006
22 56 1.1276121971992414
22 57 1.3459841684324476
22 58 1.3011077950401366
22 59 1.3048568300523022
22 60 1.324504317910388
22 61 1.2981181915068958
22 62 1.2808743594519605
22 63 1.3199790333976569
22 64 1.3390636086437875
22 65 1.3058347510937185
22 66 0.9524989994207106
22 67 1.1990007589048384
22 68 1.4229710613133884
22 69 1.316201797549337
22 70 1.2706721826302163
22 71 1.356530655780353
22 72 1.3711437990775623
22 73 1.3884564056577384
22 74 1.307980955068137
23 24 1.4293230947718685
23 25 1.283720822670359
23 26 1.5016825038176447
23 27 1.3412882771574568
23 28 1.3215420928801536
23 29 1.1877757804431253
23 30 1.4122666823336913
23 31 1.4452095798581632
23 32 1.1793925303575423
23 33 1.3845785550802208
23 34 1.3044991678249482
23 35 1.2397905718117779
23 36 1.1136614150248856
23 37 1.2877969344581495
23 38 1.2572531910695306
23 39 1.3808395324689722
23 40 1.2252573210263553
23 41 1.3988129762447443
23 42 1.357628572826847
23 43 1.309016924347112
23 44 1.3683638246144296
23 45 1.4205367002957363
23 46 1.4387041206808044
23 47 1.1069990264698295
23 48 1.238728082826851
23 49 1.413336474103692
23 50 1.3323722887768132
23 51 1.4113772100860222
23 52 1.2664155355184514
23 53 1.3913459599779399
23 54 1.4210110367571014
23 55 1.3709003596206186
23 56 1.1589376808669225
23 57 1.307573924719526
23 58 1.3872014823955912
23 59 1.4170911206477865
23 60 1.3595014691660825
23 61 1.253100328445997
23 62 1.4019906533735684
23 63 1.3606847841540726
23 64 1.3291499329508218
23 65 1.3916937251724546
23 66 1.1864923906931104
23 67 1.2733596827088445
23 68 1.3934222722929406
23 69 1.462838517681611
23 70 1.2614744251263887
23 71 1.3715652588594673
23 72 1.3486969773760533
23 73 1.3478523162676253
23 74 1.3660160271048896
24 25 1.2507493841115314
24 26 1.271470720600014
24 27 1.41971656048029
24 28 1.1206137751975658
24 29 1.2830757196540168
24 30 1.4370258391092219
24 31 1.1752779827781474
24 32 1.4899176455097767
24 33 1.2556936492585071
24 34 1.3222896686766576
24 35 1.366910968360454
24 36 1.432571685853372
24 37 1.4498002414471214
24 38 1.348252749247636
24 39 1.4284210532123398
24 40 1.316499352252243
24 41 1.2140133362227858
24 42 1.4540319707512412
24 43 1.1268351128009761
24 44 1.2124920531112457
24 45 1.363583991706428
24 46 1.1722718967589398
24 47 1.4879101067185792
24 48 1.5137190283163218
24 49 1.4177756317767813
24 50 1.3975041140194664
24 51 1.4693633461580573
24 52 1.4500484655015224
24 53 1.5164222288542415
24 54 1.3065056864676838
24 55 1.5063112029536938
24 56 1.4798661062031573
24 57 1.3820907582735336
24 58 1.4896707748506581
24 59 1.3702458196135756
24 60 1.462744331970595
24 61 1.3653253365614941
24 62 1.360571378415716
24 63 1.1490417473474575
24 64 1.3204797766572467
24 65 1.4955935332986632
24 66 1.4530864579777454
24 67 1.3502808569635427
24 68 1.440703213200976
24 69 1.131714902792445
24 70 1.4650472366773224
24 71 1.3903200073969908
24 72 1.367753568168815
24 73 1.2229548228455511
24 74 1.3098999600983567
25 26 1.4921710867396554
25 27 1.2657224992950142
25 28 1.2089967763509408
25 29 1.077262470521696
25 30 1.5003822486932086
25 31 1.2492682000682063
25 32 1.245889320614072
25 33 1.122455927240742
25 34 1.1212833755278104
25 35 1.1280255642781982
25 36 1.2975378500477923
25 37 1.189601119057464
25 38 1.174018381269952
25 39 1.4830165468729746
25 40 0.9789594537778494
25 41 1.3919243363056577
25 42 1.426110355915399
25 43 1.3186333835055493
25 44 1.3560990083721987
25 45 1.4403924837720803
25 46 1.371615829851077
25 47 1.22267875752803
25 48 1.1973311963688726
25 49 1.3203246911519209
25 50 1.1836323951051828
25 51 1.1981648681907038
25 52 1.2302118742881545
25 53 1.3410324276330334
25 54 1.4162613422222348
25 55 1.3584410995681149
25 56 1.266825720474216
25 57 1.2727673316205943
25 58 1.3642798058651195
25 59 1.3710410821081485
25 60 1.340621942696335
25 61 1.1196295691504907
25 62 1.1719177196116752
25 63 1.3364690142616336
25 64 1.407922840096685
25 65 1.3087890030785085
25 66 1.1274254617737245
25 67 1.1926775623596608
25 68 1.3234621655932461
25 69 1.315470952188221
25 70 1.1496705925615887
25 71 1.2802619086149412
25 72 1.3759594332697125
25 73 1.2600084398057916
25 74 1.2911865981614266
26 27 1.2511948682693326
26 28 1.384771677189358
26 29 1.437712426033891
26 30 1.2786462122171633
26 31 1.2493132576893107
26 32 1.3850582867654924
26 33 1.4207507897356242
26 34 1.3079976735484389
26 35 1.4504582793856655
26 36 1.3803524056787293
26 37 1.4008669154847058
26 38 1.4210773350128025
26 39 1.3435018657285007
26 40 1.4284472316072978
26 41 1.1825288795301605
26 42 1.2733625367975898
26 43 1.0683768193250152
26 44 1.2524641336253344
26 45 1.232077183961479
26 46 1.2529896551793234
26 47 1.378877882918339
26 48 1.2874985220189368
26 49 1.2897177784629974
26 50 1.3436226636270208
26 51 1.3360395544046235
26 52 1.3799682930174302
26 53 1.4272301926920106
26 54 1.2722294025399312
26 55 1.339244112280491
26 56 1.5403382326222486
26 57 1.372125168840246
26 58 1.3408623560831563
26 59 1.2010448507592493
26 60 1.2859926893438305
26 61 1.4027000485033063
26 62 1.3124219992863524
26 63 1.3347731844457786
26 64 1.3702201365541509
26 65 1.327273843586499
26 66 1.4765935061822788
26 67 1.2522495897244557
26 68 1.3704947427633851
26 69 1.2197782307656624
26 70 1.432149146977316
26 71 1.3882112901049297
26 72 1.2858490758458099
26 73 0.9902210148786205
26 74 1.3704479848820088
27 28 1.4401274790222098
27 29 1.394251267912264
27 30 1.2782733052807655
27 31 1.3825693295625172
27 32 1.2102079952820257
27 33 1.3346443212918289
27 34 1.2266092515776748
27 35 1.1937652748745948
27 36 1.3227722385111973
27 37 1.0608289125942139
27 38 1.3791441391488388
27 39 1.2132472705101387
27 40 1.1230343522782957
27 41 1.4841154949433688
27 42 1.145899539771411
27 43 1.333212933046862
27 44 1.3319970140120132
27 45 1.2500992031128626
27 46 1.4106187057063175
27 47 1.2619549852995902
27 48 1.255107910391007
27 49 1.0864026884789164
27 50 1.2549523278806844
27 51 1.1939317442305704
27 52 1.047968263233601
27 53 1.3411700531442436
27 54 1.2735925880115482
27 55 1.3130121980059275
27 56 1.3338717245317264
27 57 1.1537095106556017
27 58 1.2508706773631189
27 59 1.2582040682985265
27 60 1.2771486551503783
27 61 1.3015865728777722
27 62 1.1215477936984133
27 63 1.3119471590662317
27 64 1.3966164405453758
27 65 1.1094774107585559
27 66 1.3494592033595105
27 67 1.1189912240747186
27 68 1.147539559708433
27 69 1.3353621870294432
27 70 1.124057876286012
27 71 1.3842528619974557
27 72 1.1755486111932156
27 73 1.2575132221520453
27 74 1.342685289414343
28 29 1.2454766040219674
28 30 1.4302588890419474
28 31 1.265922540315361
28 32 1.3806388334900475
28 33 1.237654432982408
28 34 1.2279658042494066
28 35 1.3134840681250062
28 36 1.2105422377037078
28 37 1.358519367849866
28 38 1.2711313464547602
28 39 1.5001603243330086
28 40 1.1792753081862806
28 41 1.2758215557462085
28 42 1.5297194234174798
28 43 1.2743300177145334
28 44 1.0623389910139003
28 45 1.3421241777242232
28 46 1.136580295682673
28 47 1.4145668306899688
28 48 1.5297673763212927
28 49 1.4413104487395616
28 50 1.3856181940561045
28 51 1.368295084137285
28 52 1.2534441969794317
28 53 1.4989363092625625
28 54 1.3032035317131097
28 55 1.36041275356701
28 56 1.2742759626299676
28 57 1.3010483031771407
28 58 1.4214552562023286
28 59 1.4003348392832908
28 60 1.4313921355206554
28 61 1.2377251269912932
28 62 1.2360713667339094
28 63 1.2356737775853857
28 64 1.248558357887603
28 65 1.3913978919086654
28 66 1.153239804932135
28 67 1.2793500699307436
28 68 1.4411289612784886
28 69 1.187544515170791
28 70 1.2681985591738625
28 71 1.4557187765985276
28 72 1.4741303560668333
28 73 1.2345043315770137
28 74 1.2883425973585432
29 30 1.4648234161960496
29 31 1.292960526028842
29 32 1.2568470800381666
29 33 1.3351887016396438
29 34 1.2316192302815945
29 35 1.3649378146740403
29 36 1.359160995637804
29 37 1.3298391360744055
29 38 1.219762489642019
29 39 1.4464021348835179
29 40 1.3299171203634927
29 41 1.369192709124347
29 42 1.4789003175278777
29 43 1.3041858106812185
29 44 1.374053515728779
29 45 1.3985083013277335
29 46 1.4036348896828228
29 47 1.2257352404864528
29 48 1.2537131496448246
29 49 1.3888921665749678
29 50 1.361607722128903
29 51 1.3393463555050127
29 52 1.3952147698608646
29 53 1.2435972653036325
29 54 1.364471417650107
29 55 1.4230312359252901
29 56 1.3632945743491178
29 57 1.322657597350972
29 58 1.4570424713024053
29 59 1.32793954507574
29 60 1.3801040293687135
29 61 1.3073264002799818
29 62 1.296948881549173
29 63 1.3679994944462694
29 64 1.3719363371524287
29 65 1.3929445993234357
29 66 1.3071931385809876
29 67 1.1911690296961408
29 68 1.4312324937614
29 69 1.3171499020624982
29 70 1.3102592195653013
29 71 1.1220498303667663
29 72 1.5455263499060399
29 73 1.2519090535026975
29 74 1.3507305156467946
30 31 1.3728341804479414
30 32 1.3165680747577488
30 33 1.399194915824767
30 34 1.2942740062722398
30 35 1.437335051056919
30 36 1.3157352528282928
30 37 1.2683930199273974
30 38 1.4604022720477778
30 39 1.2788970886054598
30 40 1.3468929189393002
30 41 1.4507831611775193
30 42 1.2469815667058834
30 43 1.3413254676890247
30 44 1.3513410613198655
30 45 0.7375336494157547
30 46 1.3673281775888086
30 47 1.4833666504681309
30 48 1.375908076000874
30 49 1.3694518929642217
30 50 1.2526125197285405
30 51 1.4146144467942472
30 52 1.309822494158358
30 53 1.5249922964777927
30 54 0.9611419170928978
30 55 1.301119519159255
30 56 1.382617763727648
30 57 1.393607923958942
30 58 1.1656162171150541
30 59 1.3226389087915424
30 60 1.4040619864078125
30 61 1.5053512036829806
30 62 1.13202619230829
30 63 1.3857055408774588
30 64 1.3767775868850554
30 65 1.0711453690447563
30 66 1.4500978119348555
30 67 1.4029774121782692
30 68 1.43121396324908
30 69 1.439174667594287
30 70 1.1776599868888156
30 71 1.4284871357158366
30 72 1.3039605624971264
30 73 1.2853490143319362
30 74 1.3175259086589253
31 32 1.4391211933311492
31 33 1.326092155406062
31 34 1.2799698371612507
31 35 1.351229973549879
31 36 1.3686160779033127
31 37 1.4223869989703917
31 38 1.1893077717831328
31 39 1.4083395159870749
31 40 1.321303209621065
31 41 1.0777551512772152
31 42 1.360005442354349
31 43 1.1753607190840176
31 44 1.341184718871915
31 45 1.3180129369588034
31 46 1.304404521100092
31 47 1.4446508048844973
31 48 1.4191433259192783
31 49 1.3879389762638197
31 50 1.3650556821499769
31 51 1.3056860179692593
31 52 1.3996232089034293
31 53 1.4413303853328294
31 54 1.2181267114510816
31 55 1.3427671295029637
31 56 1.425165296587792
31 57 1.415405450437756
31 58 1.3792220634694223
31 59 1.2966418468012522
31 60 1.4468437661945623
31 61 1.3018089975540978
31 62 1.3560690167643548
31 63 1.4311718764833885
31 64 1.4559861440075137
31 65 1.3920405442639767
31 66 1.327201652393149
31 67 1.3831685740425828
31 68 1.4423295818688269
31 69 0.7045165306596212
31 70 1.3101621336911118
31 71 1.4000861555656239
31 72 1.4129352085239915
31 73 1.0882370389039728
31 74 1.4075366427835512
32 33 1.3205265661697931
32 34 1.295338680744189
32 35 1.2722248669854375
32 36 1.2214119151294127
32 37 1.261556827248016
32 38 1.257703948121694
32 39 1.3530609425501123
32 40 1.1395863280384635
32 41 1.4913525567224033
32 42 1.2180551053714603
32 43 1.3353157335331034
32 44 1.2968494924657006
32 45 1.3505772114085959
32 46 1.4159107860397373
32 47 1.209432683850273
32 48 1.2055112529361665
32 49 1.2364901701003943
32 50 1.2727139070494569
32 51 1.2386070548390258
32 52 1.1200079498458297
32 53 1.3388959337812592
32 54 1.3085223049613222
32 55 1.2477707931704034
32 56 1.3289734409814313
32 57 1.2839853715613112
32 58 1.3170925234538002
32 59 1.274569663701538
32 60 1.3445164930530848
32 61 1.3592644200708264
32 62 1.1967740778760794
32 63 1.3254460336182565
32 64 1.3221291485882058
32 65 1.1497723447632526
32 66 1.1923733029647512
32 67 1.171912468581867
32 68 1.3657566605240934
32 69 1.3903743184247987
32 70 1.1887326339160351
32 71 1.3607512920425258
32 72 1.2741100198433986
32 73 1.2821150045643825
32 74 1.4118961108759855
33 34 1.313057832028571
33 35 1.2280998790264435
33 36 1.306928883828441
33 37 1.3376931316080183
33 38 1.3099694436160887
33 39 1.4596052352711464
33 40 1.0937841613496706
33 41 1.3568454097515468
33 42 1.450668431607451
33 43 1.2604684923796798
33 44 1.2588364840152353
33 45 1.3404206167655408
33 46 1.3295097035777868
33 47 1.347188216030013
33 48 1.4008089046316945
33 49 1.355855450079749
33 50 1.308227468853545
33 51 1.180880272424863
33 52 1.1959868824126068
33 53 1.3775653137211787
33 54 1.3225079253134526
33 55 1.3619192919885017
33 56 1.3976872408363161
33 57 1.3959209891092579
33 58 1.3304505801338298
33 59 1.4503120902230038
33 60 1.4189152556230362
33 61 1.2219990310554183
33 62 1.1977041231605023
33 63 1.2766442211550642
33 64 1.4435155780202973
33 65 1.292222802457895
33 66 1.303933982823527
33 67 1.312989730337562
33 68 1.3292653349183556
33 69 1.3149201520035856
33 70 1.3096516971402388
33 71 1.4531306916904942
33 72 1.4089019911692167
33 73 1.2397779701404938
33 74 1.188546374170776
34 35 1.1416780836866178
34 36 1.1919086151735594
34 37 1.1288542385122062
34 38 1.314584468328046
34 39 1.3732790070447511
34 40 1.0433394510262983
34 41 1.3369741888177813
34 42 1.3848259660629645
34 43 1.2871783234878276
34 44 1.2716819077508759
34 45 1.3461140367659354
34 46 1.310715335891213
34 47 1.2858685891906596
34 48 1.2206261930439284
34 49 1.2421167398662643
34 50 1.1937791099996322
34 51 1.3062362932249962
34 52 1.123841014681089
34 53 1.3619590340884355
34 54 1.318701456380834
34 55 1.2705292504844352
34 56 1.370154487682607
34 57 1.2658457198992423
34 58 1.330876732426604
34 59 1.3055103156832488
34 60 1.3865494595329269
34 61 1.1929287102002148
34 62 1.029977819543398
34 63 1.351596000617608
34 64 1.3148580193425619
34 65 1.2357723355639263
34 66 1.2603368044905072
34 67 1.1545161929573964
34 68 1.2438686394548708
34 69 1.283946257593157
34 70 1.0856890980419693
34 71 1.3391584527545806
34 72 1.3401982848490954
34 73 1.2458514158154348
34 74 1.3008300725050843
35 36 1.277492423860622
35 37 1.201543505764049
35 38 1.279464457022556
35 39 1.3068259652455916
35 40 1.0574103473010965
35 41 1.4085907139021543
35 42 1.2833268193070484
35 43 1.350577020241001
35 44 1.321737603397451
35 45 1.3825436013376198
35 46 1.3986137258227502
35 47 1.3379064792954416
35 48 1.2729532870040425
35 49 1.2932959533501245
35 50 1.2079405268917884
35 51 1.2585924046118153
35 52 1.0794278832428748
35 53 1.4030076931555169
35 54 1.3358080547624946
35 55 1.254022260477847
35 56 1.2424551032947935
35 57 1.233771538408869
35 58 1.3551880387050301
35 59 1.5763336925046858
35 60 1.4022869059482586
35 61 1.1335526107697975
35 62 1.19009898483852
35 63 1.2614563168108044
35 64 1.3714340541962835
35 65 1.2320571130337157
35 66 1.1617425861563306
35 67 1.2499562310884995
35 68 1.2665328317849565
35 69 1.3319547746522564
35 70 1.182831483633768
35 71 1.4789692434196104
35 72 1.2337729733318663
35 73 1.358157839705968
35 74 1.329490234729537
36 37 1.280647439082196
36 38 1.2902840122668942
36 39 1.3527019093719943
36 40 1.1576177982929396
36 41 1.3848941663844403
36 42 1.3771653036570621
36 43 1.3520585729752173
36 44 1.3227511248335093
36 45 1.3849286591880667
36 46 1.3648467826174875
36 47 1.3131956851874063
36 48 1.241053623726658
36 49 1.4438145371394193
36 50 1.270886233456475
36 51 1.3428970350020832
36 52 1.1427288006209775
36 53 1.3932912956113221
36 54 1.4377759001476504
36 55 1.3359838026479336
36 56 1.2460284165671816
36 57 1.3061976022139856
36 58 1.4049746457317362
36 59 1.3695037300313249
36 60 1.3988495712458826
36 61 1.198906476444334
36 62 1.2768319179836303
36 63 1.3323988150826782
36 64 1.321224969597298
36 65 1.3403415843117903
36 66 1.1432192856926169
36 67 1.2815438921523588
36 68 1.4236249338119915
36 69 1.3870289811781484
36 70 1.2042525682108007
36 71 1.4168952512803765
36 72 1.3455774429292136
36 73 1.3560035063705522
36 74 1.293125163544559
37 38 1.4013446702190604
37 39 1.2494053332514599
37 40 1.044567228573141
37 41 1.4442454876544197
37 42 1.228124500358545
37 43 1.3225465638254554
37 44 1.3240019183004326
37 45 1.2377869238748649
37 46 1.420827008578692
37 47 1.223323367272856
37 48 1.197435591784047
37 49 1.178178654057806
37 50 1.2142839678384079
37 51 1.1425515345065453
37 52 1.1159715297545187
37 53 1.409061840207073
37 54 1.2246652843000552
37 55 1.168000933044073
37 56 1.2721607982636505
37 57 1.1217199521400503
37 58 1.281013133124805
37 59 1.263728621608665
37 60 1.297435651807758
37 61 1.2922479791512274
37 62 1.0603211717513135
37 63 1.327724818253063
37 64 1.35302035449884
37 65 1.1341485736626622
37 66 1.3211073429870597
37 67 1.1892550643547344
37 68 1.2605660547132773
37 69 1.406151919690011
37 70 1.0627838204400113
37 71 1.3542439490757199
37 72 1.3152958177389091
37 73 1.3458080215772712
37 74 1.2930406472839657
38 39 1.4399745310335483
38 40 1.2406158079221627
38 41 1.3182961837294256
38 42 1.3838022377352655
38 43 1.3658872883629294
38 44 1.2676012314914433
38 45 1.4746665919164894
38 46 1.336470480594265
38 47 1.186077950185383
38 48 1.3623246514510272
38 49 1.3796359559370348
38 50 1.3538228976218551
38 51 1.3076257800129252
38 52 1.3134663697084565
38 53 1.3203102057367742
38 54 1.4561974240599163
38 55 1.3422323141734156
38 56 1.1664440808631928
38 57 1.3894366350013936
38 58 1.4107126680412108
38 59 1.3675242322759786
38 60 1.327163997127849
38 61 1.3295470039325896
38 62 1.4850340954800616
38 63 1.3794674222492072
38 64 1.151161066219646
38 65 1.4274822053350869
38 66 1.18160309188849
38 67 1.277830491409271
38 68 1.4766037273250026
38 69 1.195613838290239
38 70 1.4092719097866284
38 71 1.332033623762468
38 72 1.2943252506547414
38 73 1.3198950886873788
38 74 1.3735407593091344
39 40 1.3740448358245074
39 41 1.4971950185057146
39 42 1.222428867982022
39 43 1.3429997366099746
39 44 1.38609126016018
39 45 1.2896805834322111
39 46 1.4813836128575804
39 47 1.363906583401897
39 48 1.3249521419131753
39 49 1.185748365648084
39 50 1.2976017165802134
39 51 1.3496126340707972
39 52 1.2565499503323039
39 53 1.445077486797432
39 54 1.287315072446615
39 55 1.3614160920595437
39 56 1.301613058294787
39 57 1.3195942025591185
39 58 1.3879524469570315
39 59 1.3369389142121724
39 60 1.417650559597276
39 61 1.3592027152289927
39 62 1.2959226911726023
39 63 1.4446160429606543
39 64 1.4319391699744668
39 65 1.2493984636738755
39 66 1.3793966608092612
39 67 1.4010204716641252
39 68 1.2142674208609436
39 69 1.3575684522688036
39 70 1.285711688105182
39 71 1.461885873617346
39 72 1.157575160002473
39 73 1.449817959231772
39 74 1.4060599116100319
40 41 1.4080175739976526
40 42 1.2595532603550874
40 43 1.3306672923875267
40 44 1.2322791808921734
40 45 1.3044846008212776
40 46 1.3743551265200202
40 47 1.173141004189601
40 48 1.1622408983705654
40 49 1.2401850916934987
40 50 1.0931955172779435
40 51 1.0669174755963966
40 52 0.9369411111718203
40 53 1.361413923125398
40 54 1.3102856344504696
40 55 1.1465482545674712
40 56 1.1768323308707236
40 57 1.089803057742074
40 58 1.168519784330707
40 59 1.3053494862283426
40 60 1.3210916638785017
40 61 1.0332434787880345
40 62 0.9048746760097574
40 63 1.1779153024106233
40 64 1.320656531296422
40 65 1.0376085518738287
40 66 1.1206383073835342
40 67 1.1515598921316965
40 68 1.2319015329042557
40 69 1.3239035784725959
40 70 0.9517965653444492
40 71 1.334639941547121
40 72 1.2239626538384656
40 73 1.3063006562606594
40 74 1.2369403791630544
41 42 1.490487688582381
41 43 1.1838304758279257
41 44 1.1920791733285312
41 45 1.3542921009889914
41 46 1.085225279052191
41 47 1.4511978596449058
41 48 1.395866930120177
41 49 1.4425717699597598
41 50 1.4456084932989701
41 51 1.3758012005309204
41 52 1.5290888706412873
41 53 1.4603256069337711
41 54 1.3021431654797777
41 55 1.3851196029619852
41 56 1.509164507980043
41 57 1.4493395948740493
41 58 1.4219672961561376
41 59 1.4086136713157746
41 60 1.3864311575532042
41 61 1.261543205087775
41 62 1.3881566705465327
41 63 1.3869711130936158
41 64 1.2946222712768554
41 65 1.4913586593587302
41 66 1.4190001812638549
41 67 1.4175155858380577
41 68 1.4473556537016627
41 69 1.1306467738444779
41 70 1.376330527967802
41 71 1.4950521208758547
41 72 1.4734351397886203
41 73 1.1467935195256866
41 74 1.3996700314043196
42 43 1.2521474551753724
42 44 1.378312521066892
42 45 1.34899439329454
42 46 1.3884142210112667
42 47 1.307399205226213
42 48 1.1808504860620055
42 49 1.3277984412433128
42 50 1.2506026469794647
42 51 1.2357010123228391
42 52 1.2904130004591
42 53 1.395098003157642
42 54 1.3498612047301062
42 55 1.2950900630597473
42 56 1.4082998440818375
42 57 1.2143781850180548
42 58 1.3187007899132368
42 59 1.0809936460388427
42 60 1.2625140430873083
42 61 1.3521307031409837
42 62 1.2495262243773835
42 63 1.3283053351349805
42 64 1.3739877731044403
42 65 1.1966342260743907
42 66 1.40560789128303
42 67 1.287852577791834
42 68 1.3287808589572068
42 69 1.3396563022304
42 70 1.3142342277841323
42 71 1.432477206969409
42 72 0.8957344205781401
42 73 1.2164063722865472
42 74 1.447187716911976
43 44 1.3063113937643955
43 45 1.3156543057073449
43 46 1.1331193148635545
43 47 1.4702290052861287
43 48 1.3576915954675526
43 49 1.4107051550078424
43 50 1.2599925049501173
43 51 1.3415144797921608
43 52 1.3714448801468546
43 53 1.3896367254448836
43 54 1.2875579403759985
43 55 1.3221012368030984
43 56 1.4177664592686454
43 57 1.348052213815368
43 58 1.3947631303987584
43 59 1.3407948500509124
43 60 1.3024009536939578
43 61 1.2579406718704915
43 62 1.3028080955578027
43 63 1.3175618767280377
43 64 1.3982976970814187
43 65 1.3853177608074028
43 66 1.4025445819521027
43 67 1.2851625349682942
43 68 1.3991357632307024
43 69 1.135077301531011
43 70 1.3647514791492263
43 71 1.4272772227203072
43 72 1.299036399753592
43 73 0.6931723201560485
43 74 1.3503028110177844
44 45 1.3275730296637431
44 46 0.8783368633187569
44 47 1.3078640962616292
44 48 1.442000117914268
44 49 1.3633053120097607
44 50 1.3397156147204203
44 51 1.2758075435658855
44 52 1.184809473236126
44 53 1.4324810305774616
44 54 1.3086788652563515
44 55 1.2485687135672057
44 56 1.3680902568892717
44 57 1.2668002867737564
44 58 1.3161081900018377
44 59 1.3218976525154562
44 60 1.2860099781895835
44 61 1.362483177591359
44 62 1.2800679608526937
44 63 1.2975504321923383
44 64 1.0771830990712608
44 65 1.2514349964202955
44 66 1.2847612916212714
44 67 1.2868557189766028
44 68 1.3711854217113728
44 69 1.2640507308334143
44 70 1.272712650891578
44 71 1.4216492081659344
44 72 1.3290430515326612
44 73 1.2594504132480846
44 74 1.29262860744661
45 46 1.3474445645339275
45 47 1.4677955830916796
45 48 1.3410077356352814
45 49 1.2797850707384364
45 50 1.2902565856059942
45 51 1.3931105285403147
45 52 1.2479637667611418
45 53 1.513276553597692
45 54 0.6673223672357202
45 55 1.3305754924235607
45 56 1.372488592752339
45 57 1.2898327664923148
45 58 1.104431627296499
45 59 1.381967451021335
45 60 1.391882249235292
45 61 1.413391312237351
45 62 1.1331213783992682
45 63 1.369051085153236
45 64 1.4309901181416587
45 65 1.0329628053115731
45 66 1.4175678708318622
45 67 1.3684134188257098
45 68 1.311304303641856
45 69 1.3584060436019876
45 70 1.157503417264086
45 71 1.483781982292283
45 72 1.4054649081525155
45 73 1.2401497473642928
45 74 1.285324793111087
46 47 1.4758397037141757
46 48 1.4209563494175872
46 49 1.4499555883986608
46 50 1.384262345541534
46 51 1.4056693427288376
46 52 1.440963213856312
46 53 1.4663199246766838
46 54 1.3260104225729068
46 55 1.3586566273723621
46 56 1.484075443648901
46 57 1.3299487174606022
46 58 1.3844612279493689
46 59 1.3261286602054911
46 60 1.3828123441631877
46 61 1.4032183875235256
46 62 1.3203700377274934
46 63 1.3152651964018882
46 64 1.0945593445605986
46 65 1.4079428480051865
46 66 1.3976549945576375
46 67 1.3529913999787817
46 68 1.5226956631887096
46 69 1.2911112898779709
46 70 1.360908954095437
46 71 1.4399907565786592
46 72 1.347513787326709
46 73 1.1281738448890952
46 74 1.3072454020530953
47 48 1.1721372786236852
47 49 1.3648921137409722
47 50 1.4041787539789021
47 51 1.234716252721619
47 52 1.192210682640755
47 53 1.241939652810575
47 54 1.4483627331539788
47 55 1.3100703673143728
47 56 1.239299841129015
47 57 1.2518040216289743
47 58 1.398121198534093
47 59 1.2896935342670985
47 60 1.3576067739620934
47 61 1.3159584792336292
47 62 1.2790066321229419
47 63 1.3016487605889
47 64 1.3051607802157543
47 65 1.335679931369746
47 66 1.1383065570964337
47 67 1.1903314904212756
47 68 1.373966897595828
47 69 1.4800813166436206
47 70 1.2509436327698538
47 71 1.2815688050823648
47 72 1.3231761322878877
47 73 1.4404736981592665
47 74 1.3962544940052852
48 49 1.2345805171471382
48 50 1.243675081531196
48 51 1.2522266175314047
48 52 1.157569319720648
48 53 1.2971650142277362
48 54 1.373020752796997
48 55 1.4054264007621056
48 56 1.2484864877084545
48 57 1.2524648898187039
48 58 1.3286578759180707
48 59 1.2728759614476746
48 60 1.40480732015757
48 61 1.2390372019582
48 62 1.1770822543117456
48 63 1.3977131955544835
48 64 1.4009049833934724
48 65 1.2185679398159475
48 66 1.3566206766304933
48 67 1.183423367398952
48 68 1.2507934956345155
48 69 1.5208331123964967
48 70 1.2331527145490737
48 71 1.3354599713948443
48 72 1.3010856382808846
48 73 1.2923514168356056
48 74 1.370064222613007
49 50 1.1802662707080072
49 51 1.255487657657558
49 52 1.1728958164540029
49 53 1.2857852251021462
49 54 1.1950115189358952
49 55 1.3318597408383452
49 56 1.3431264243758072
49 57 1.2109805057616563
49 58 1.3011961450598932
49 59 1.2758079894701067
49 60 1.3231639724985256
49 61 1.3755834538656317
49 62 1.2032772318494398
49 63 1.337240449910356
49 64 1.407395371185565
49 65 1.1025903848061402
49 66 1.4574131806364667
49 67 1.2110302673737725
49 68 0.8724362831434477
49 69 1.355215578932521
49 70 1.224978091706453
49 71 1.3306182819730636
49 72 1.2222052550451217
49 73 1.3100345999944618
49 74 1.3139182815909927
50 51 1.2856836243569978
50 52 1.2291393383770444
50 53 1.3393939606069616
50 54 1.3240685142021353
50 55 1.2420535829712034
50 56 1.398430615975915
50 57 1.267883575359927
50 58 1.3766530457910064
50 59 1.3134767912097176
50 60 1.3799992096304734
50 61 1.358698192585775
50 62 1.1528119098129088
50 63 1.3305515653491027
50 64 1.3984494444279958
50 65 1.2461626308204299
50 66 1.412083089668825
50 67 1.2793219535058276
50 68 1.2462993245912968
50 69 1.4018833443085825
50 70 1.1560648335960069
50 71 1.4012024870701763
50 72 1.2679997560901783
50 73 1.2249805251190047
50 74 1.3094442198472587
51 52 1.1069069735131933
51 53 1.2767493505459993
51 54 1.3269081079426293
51 55 1.174021687958037
51 56 1.3343220749947906
51 57 1.1734656573759468
51 58 1.1524911143641856
51 59 1.283268876265265
51 60 1.3331088902015344
51 61 1.2664610379428387
51 62 1.1814335991562963
51 63 1.4071387978979621
51 64 1.3466968707648377
51 65 1.0987107652299153
51 66 1.3476248998707343
51 67 1.1354177100154852
51 68 1.2412463401304197
51 69 1.363145607013716
51 70 1.136212497550462
51 71 1.3973775245280824
51 72 1.3357360599975445
51 73 1.2440679774444936
51 74 1.273927204699274
52 53 1.3194238043494413
52 54 1.2428181719428673
52 55 1.2035293112464247
52 56 1.137971601761476
52 57 1.2285288612443999
52 58 1.17593411758959
52 59 1.3603544542851778
52 60 1.437103454448656
52 61 1.237863328871149
52 62 1.0386647783233542
52 63 1.349275828952071
52 64 1.3774466210094574
52 65 1.0288603056242738
52 66 1.1124395463651404
52 67 1.114925603406539
52 68 1.1651650039026573
52 69 1.3700355426185438
52 70 1.1025371237918522
52 71 1.472585137753998
52 72 1.3030796295262792
52 73 1.3376785486546319
52 74 1.3129035221240068
53 54 1.4917188944415796
53 55 1.3871635531824507
53 56 1.3772426238989288
53 57 1.3170057095846037
53 58 1.3930211369540662
53 59 1.3524917306135968
53 60 1.3999777474708823
53 61 1.3216562609898126
53 62 1.3790589147475691
53 63 1.461652492822208
53 64 1.468555189748162
53 65 1.3458248647901816
53 66 1.3579238737982027
53 67 1.2612566791716726
53 68 1.2845821404496738
53 69 1.4398009076193066
53 70 1.3524727043341196
53 71 1.2625568803676666
53 72 1.4511701270214439
53 73 1.3599179506044337
53 74 1.3926929878458223
54 55 1.2772001572970457
54 56 1.4252923197405447
54 57 1.3053624201918008
54 58 1.086079122462389
54 59 1.3513701279096657
54 60 1.3982488007711156
54 61 1.4013396788865762
54 62 1.1639043307709849
54 63 1.3652911634942217
54 64 1.3736396896182688
54 65 1.0664898591000915
54 66 1.4151596199376844
54 67 1.3617143106477276
54 68 1.3003704830452125
54 69 1.2828810498650223
54 70 1.1817125926920697
54 71 1.4135744359069158
54 72 1.4359439135357586
54 73 1.207312849935499
54 74 1.2709469591528333
55 56 1.3245631947391827
55 57 1.1854550297357491
55 58 1.230494095281559
55 59 1.301960070007553
55 60 1.2392971652195317
55 61 1.3311306452446072
55 62 1.263245731116374
55 63 1.299336865657722
55 64 1.3528967201048292
55 65 1.1186342334004966
55 66 1.3109862358990172
55 67 1.3204445207576458
55 68 1.3232343477796513
55 69 1.3894206339536097
55 70 1.07952511515466
55 71 1.4885783766943015
55 72 1.304377490366809
55 73 1.3641502196053774
55 74 1.3279542731541554
56 57 1.331938858216796
56 58 1.273507127769214
56 59 1.4605693199690821
56 60 1.3102545436919424
56 61 1.301409647961928
56 62 1.3647044945140354
56 63 1.3723357838811874
56 64 1.3229568117776247
56 65 1.2654259730130835
56 66 0.9933607367473042
56 67 1.312756401097706
56 68 1.295243754032551
56 69 1.4306994075936188
56 70 1.3002155965711097
56 71 1.3784635905142586
56 72 1.4043139067403452
56 73 1.3995161609858444
56 74 1.3936684486839943
57 58 1.2808907047615612
57 59 1.2938914002181723
57 60 1.30666291127888
57 61 1.2247767753767498
57 62 1.176362889931505
57 63 1.2388468110791788
57 64 1.3512023424098072
57 65 1.1362116639913393
57 66 1.4070962113367789
57 67 1.1393755065260196
57 68 1.1724211176913504
57 69 1.4082836677846244
57 70 1.1316064948910778
57 71 1.371266743526139
57 72 1.1807860312795064
57 73 1.3376339945440332
57 74 1.2731248920102092
58 59 1.3429439278187154
58 60 1.3201723556513665
58 61 1.3579686602340386
58 62 1.2450288255824327
58 63 1.491902517301573
58 64 1.338615269316178
58 65 0.938209699329865
58 66 1.3254291277578916
58 67 1.3065751224479991
58 68 1.2953008596338202
58 69 1.4358248186392117
58 70 1.193871435066997
58 71 1.3874038022282076
58 72 1.3843009190305924
58 73 1.3107509044228485
58 74 1.2324663030226515
59 60 1.1606353133837166
59 61 1.4471252136306112
59 62 1.244670467995998
59 63 1.3906763428058375
59 64 1.3199159281833233
59 65 1.284277284071587
59 66 1.4194681405229477
59 67 1.2751857794216896
59 68 1.36846407231091
59 69 1.2995143631060875
59 70 1.3156100653615102
59 71 1.3427666100137494
59 72 1.2035765799580196
59 73 1.2689589340684069
59 74 1.4844942795518712
60 61 1.3419462715156971
60 62 1.4210611242120414
60 63 1.3828151968401206
60 64 1.3594639930743508
60 65 1.3274298338508603
60 66 1.3642171675438337
60 67 1.3639331711659326
60 68 1.2303512995421635
60 69 1.3323308256721056
60 70 1.3078230632257761
60 71 1.457250568555842
60 72 1.2531521785314084
60 73 1.2920014469551189
60 74 1.3419370135514077
61 62 1.2482894497367352
61 63 1.330901462863743
61 64 1.4475825309931298
61 65 1.2643949521963411
61 66 1.2697581696012499
61 67 1.2633412913603534
61 68 1.2576796113774367
61 69 1.3570937217084267
61 70 1.1662096910435378
61 71 1.3735746569794554
61 72 1.2053985071656657
61 73 1.2499759191705788
61 74 1.3570306907512504
62 63 1.2534269510527931
62 64 1.3794721575706153
62 65 1.027956475673772
62 66 1.333446087056612
62 67 1.1819096217322815
62 68 1.2820774415476293
62 69 1.3241479939933645
62 70 1.0516305205424648
62 71 1.3227148336092063
62 72 1.320438292088651
62 73 1.2566260600741082
62 74 1.3285114209568059
63 64 1.2524408029265521
63 65 1.4019853224443182
63 66 1.3129964722428853
63 67 1.2435488164891468
63 68 1.3830812831572408
63 69 1.3719361273698825
63 70 1.423143862566726
63 71 1.3242907659021153
63 72 1.29352240116061
63 73 1.3450442235581637
63 74 1.2805877497470697
64 65 1.4006589619950949
64 66 1.281841548907064
64 67 1.3817175538689348
64 68 1.4457001083707393
64 69 1.4103154952049752
64 70 1.4378467984776246
64 71 1.3530176646116086
64 72 1.3394030072898075
64 73 1.3683150633521812
64 74 1.261227716431626
65 66 1.4298958664094783
65 67 1.239102709562227
65 68 1.1438787031192525
65 69 1.460285064598072
65 70 0.9724450735343592
65 71 1.3607530439854125
65 72 1.2801498233383959
65 73 1.3209695716208583
65 74 1.2171058511391197
66 67 1.2536408763176725
66 68 1.4456168818200656
66 69 1.272011649565869
66 70 1.2804902140056154
66 71 1.425636715661144
66 72 1.4040330088091655
66 73 1.3487053912030225
66 74 1.4152123329020105
67 68 1.3224752831477957
67 69 1.3983522550283904
67 70 1.249660755916341
67 71 1.2764074825025207
67 72 1.3440386535136495
67 73 1.240563507166737
67 74 1.2605326057453992
68 69 1.4262611263222624
68 70 1.179133626582192
68 71 1.4801480952057242
68 72 1.268153754513392
68 73 1.3354875731216747
68 74 1.2765132939978372
69 70 1.3359649497936221
69 71 1.4098741057641624
69 72 1.331036165994041
69 73 1.1162635431453205
69 74 1.4705428457290075
70 71 1.4803843966618755
70 72 1.2924320953299633
70 73 1.307370890435933
70 74 1.3213198993233917
71 72 1.4401061312574719
71 73 1.415449422253692
71 74 1.3005471108832622
72 73 1.3121675557492083
72 74 1.4524159354650432
73 74 1.3027179201381123
