90 0
0 1 1.201658830606729
0 2 1.2873674390460181
0 3 1.2042429516351696
0 4 1.4229710613133884
0 5 0.8816561120861445
0 6 1.4988418836691166
0 7 1.2273913502321878
0 8 1.2283686750177865
0 9 1.3402904728862912
0 10 1.3171473422561815
0 11 1.22216771730094
0 12 1.3065706986661996
0 13 1.3199384640188725
0 14 1.331277852131023
0 15 1.3647665463037348
0 16 1.335450119288238
0 17 1.2873967440822498
0 18 1.2414143888654137
0 19 1.3977706515710124
0 20 1.4133270827648414
0 21 1.334151479573981
0 22 1.2296371469089962
0 23 1.252561562558466
0 24 1.2765132939978372
0 25 1.1499932714550565
0 26 1.2518248183366854
0 27 1.3922275549043708
0 28 1.2071069744917584
0 29 1.3504603151221484
0 30 1.2856573006977259
0 31 1.24804859078305
0 32 1.3003704830452125
0 33 1.2703293629568895
0 34 1.3179704338307328
0 35 1.3246984041762142
0 36 1.4544100707434116
0 37 1.3316806793531628
0 38 1.289085419627501
0 39 1.1841494594345627
0 40 1.194110065432689
0 41 1.3258998291862847
0 42 1.2609424868218895
0 43 1.2883359226933406
0 44 1.4423295818688269
0 45 1.2769999642059318
0 46 1.2845821404496738
0 47 1.3711854217113728
0 48 1.4057709127185773
0 49 1.2732826470769407
0 50 1.2911293139161932
0 51 1.2319015329042557
0 52 1.3971203003574584
0 53 1.3148445944094627
0 54 1.3323790862931142
0 55 1.38211498705987
0 56 1.5226956631887096
0 57 1.353605992036574
0 58 1.3145806240612627
0 59 1.313092474517052
0 60 1.307535613764188
0 61 1.1934295111577817
0 62 1.2576796113774367
0 63 1.2197191266136977
0 64 1.2800134696238172
0 65 1.3829723139045382
0 66 1.4448434530000305
0 67 1.4456168818200656
0 68 1.2200704861636984
0 69 1.3798787134739388
0 70 1.3035388700498431
0 71 1.1733667264076126
0 72 1.3017326679966974
0 73 1.275341856945207
0 74 1.439066473931818
0 75 1.3476249431222385
0 76 1.3491600341430143
0 77 1.4766037273250026
0 78 1.3979207216788672
0 79 1.4457001083707393
0 80 1.3134422363102958
0 81 1.2364844926341796
0 82 1.296053047278531
0 83 1.2628367291778546
0 84 1.2901368211671018
0 85 1.4055363810333477
0 86 1.311304303641856
0 87 1.2043297489864835
0 88 1.2748027123636976
0 89 1.2494084035791133
1 2 1.3127949447718321
1 3 1.367943463691185
1 4 1.3503113986132278
1 5 1.119532574014754
1 6 1.4399108590056429
1 7 1.29501858922323
1 8 1.1685049977796038
1 9 1.3452166290918777
1 10 1.4014015651058862
1 11 1.1926812559943054
1 12 1.295232324490813
1 13 1.2627401839891417
1 14 1.308394051681445
1 15 1.4327357707746895
1 16 1.1989252165053392
1 17 1.3720501733129973
1 18 1.2619861816679074
1 19 1.4216720370079332
1 20 1.3546626337390815
1 21 1.3017626778585307
1 22 1.2223100129016689
1 23 1.2980462887790833
1 24 1.5056138665044174
1 25 1.1382503300468578
1 26 1.221113919589316
1 27 1.372104345863311
1 28 1.2338913364974076
1 29 1.2506450996129415
1 30 1.2766872987631461
1 31 1.2499956114932036
1 32 1.2651846693934459
1 33 1.23632046008719
1 34 1.2267719557632417
1 35 1.3107909930179296
1 36 1.3267731967915677
1 37 1.3162850640769113
1 38 1.233562193056243
1 39 1.1763549293282083
1 40 1.1655980942967084
1 41 1.2426162971541048
1 42 1.2453451695992805
1 43 1.2533918987419579
1 44 1.3239551582883933
1 45 1.2537944327004258
1 46 1.380174362972668
1 47 1.3529430381299616
1 48 1.3170242875274356
1 49 1.2860472639119158
1 50 1.3737703774023917
1 51 1.1798926600243411
1 52 1.3229033056189474
1 53 1.2915636554336904
1 54 1.3019787638084321
1 55 1.3589320956115287
1 56 1.4061197003607575
1 57 1.337111983866706
1 58 1.2121203493319257
1 59 1.2438219931697148
1 60 1.3244271691109473
1 61 1.1786693447425136
1 62 1.2480196391270095
1 63 1.1923246029097034
1 64 1.2636310123805135
1 65 1.2635596940287965
1 66 1.3932538983939482
1 67 1.3885876806441906
1 68 1.1805692452363443
1 69 1.3713477894091068
1 70 1.3231401473371918
1 71 1.1686389778284882
1 72 1.277344707902208
1 73 1.2580780848782749
1 74 1.4619496923701496
1 75 1.2693322712473534
1 76 1.231127009505021
1 77 1.4106424751843678
1 78 1.324181230008869
1 79 1.4096652409933284
1 80 1.1911107878166487
1 81 1.1034803158004998
1 82 1.407229594504455
1 83 1.1605741698261243
1 84 1.351974459280151
1 85 1.2662884692295242
1 86 1.3527041950329861
1 87 1.2397781095198823
1 88 1.4437751334710218
1 89 1.3155083091164699
2 3 1.32062159171198
2 4 1.3425367094723475
2 5 1.3355829837648538
2 6 1.398797659003574
2 7 1.2780083389493795
2 8 1.2594687763491412
2 9 1.3677921970457454
2 10 1.4236385211133589
2 11 1.2959670095957476
2 12 1.277216036358308
2 13 1.4221587120382493
2 14 1.3469448704674865
2 15 1.407621618368482
2 16 1.3253237824740876
2 17 1.3630731753645988
2 18 1.3014079347602936
2 19 1.3796722536383923
2 20 1.459692830103036
2 21 1.354643065925633
2 22 1.2654306303006837
2 23 1.307252994712112
2 24 1.4203276899539454
2 25 1.215929061187673
2 26 1.118787726241417
2 27 1.3987706569669611
2 28 1.2002053865898947
2 29 1.2682645936739745
2 30 1.3415073954050827
2 31 1.1796640119993123
2 32 1.3243005008678355
2 33 1.2156067547987754
2 34 1.4056405152095763
2 35 1.2858126035307418
2 36 1.3631109041126397
2 37 1.2973658807776105
2 38 1.3522381469600038
2 39 1.1844276777866947
2 40 1.1969201350925573
2 41 1.4496160634168211
2 42 1.2375646946208905
2 43 1.2303519809211407
2 44 1.3311827122305113
2 45 1.397516769025791
2 46 1.4655017587890218
2 47 1.3983588612802873
2 48 1.3858583508019413
2 49 1.2445709606559807
2 50 1.361792698205912
2 51 1.2330041686943862
2 52 1.321529603191349
2 53 1.2909564786367094
2 54 1.3061504830190533
2 55 1.3424413247129492
2 56 1.3891319589426399
2 57 1.4029794936771935
2 58 1.158856098483663
2 59 1.1981411095419547
2 60 1.3490832930817334
2 61 1.241842442879439
2 62 1.359344038641338
2 63 1.3009460395403545
2 64 1.3395435631529067
2 65 1.39903636873764
2 66 1.4173508026313089
2 67 1.2737579234860346
2 68 1.300815769867332
2 69 1.3359498926753355
2 70 1.406586733305017
2 71 1.3839679892759449
2 72 1.2682125243169877
2 73 1.247464325934774
2 74 1.406195947457291
2 75 1.2826405044739702
2 76 1.3541294104221797
2 77 1.361661053204877
2 78 1.3690381781169492
2 79 1.4521051694706828
2 80 1.3953316915356824
2 81 1.17355793789913
2 82 1.351613269825532
2 83 1.3665194986303175
2 84 1.3527235065374366
2 85 1.310862614137853
2 86 1.2153313660760292
2 87 1.2025007903829992
2 88 1.4508894063345152
2 89 1.3542185310526316
3 4 1.3885273886285687
3 5 1.262082462315204
3 6 1.3507555917193905
3 7 1.2484870644052901
3 8 1.0969091138367375
3 9 1.4191167554835242
3 10 1.3841689070139018
3 11 1.1454352388180884
3 12 1.327932806204249
3 13 1.3122818449501952
3 14 1.3161306252107807
3 15 1.3926313497094136
3 16 1.3025793602214162
3 17 1.5165691111850088
3 18 1.2524325061165271
3 19 1.3875896747631125
3 20 1.3216713471777033
3 21 1.4117985686079215
3 22 1.2429885332878092
3 23 1.2919230685115357
3 24 1.1889506975803488
3 25 1.2207068407132253
3 26 1.218038034918237
3 27 1.4902642267975283
3 28 1.1904390238496447
3 29 1.283559598746321
3 30 1.3690021242257975
3 31 1.3488902793714046
3 32 1.3487396029369234
3 33 1.1215756050454284
3 34 1.3551777542448713
3 35 1.3705698241111564
3 36 1.1523866131339529
3 37 1.3033032022487694
3 38 1.204206619758032
3 39 1.1115020032377732
3 40 1.0960573928654325
3 41 1.3668652661423184
3 42 1.2125335242806403
3 43 1.269584866344096
3 44 1.4257065117264667
3 45 1.339833797610181
3 46 1.1549023885275924
3 47 1.2908649311435676
3 48 1.3710307025061907
3 49 1.336855852985977
3 50 1.2810525772225305
3 51 1.2424829597368823
3 52 1.3007130775448854
3 53 1.3226684764203414
3 54 1.2741392331752663
3 55 1.3329811610540723
3 56 1.3041886119605124
3 57 1.3980888664888709
3 58 1.33784686959895
3 59 1.1481978777005724
3 60 1.1916475887907183
3 61 1.2194047504781567
3 62 1.2423996366351555
3 63 1.252415409737907
3 64 1.2493553064253706
3 65 1.3243127023856853
3 66 1.485480374896257
3 67 1.353972794656432
3 68 1.3015593212904741
3 69 1.339605594355974
3 70 1.3170811904579098
3 71 1.16007084942092
3 72 1.4511510500268128
3 73 1.290756897815676
3 74 1.3514068908554597
3 75 1.3171100337294777
3 76 1.304322334496054
3 77 1.35003195684907
3 78 1.2785461481397042
3 79 1.3146460125424582
3 80 1.2105733510163021
3 81 1.281157699567019
3 82 1.3200268473678762
3 83 1.382391159303568
3 84 1.275051694193778
3 85 1.263473650072623
3 86 1.3391937205645146
3 87 1.2479709494254267
3 88 1.2162767550423101
3 89 1.2411499039691312
4 5 1.3526212933904667
4 6 1.2600071640043249
4 7 1.376687302119501
4 8 1.179643255187624
4 9 1.3294677505209307
4 10 1.3354100398045086
4 11 1.3513237588013463
4 12 0.9534995057814383
4 13 1.2376620599444665
4 14 1.2081699995893118
4 15 1.2707400613657147
4 16 1.2760409545129066
4 17 1.3251552948367404
4 18 1.3788788305052533
4 19 1.2854524832027698
4 20 1.4067235015469475
4 21 1.133293482451796
4 22 1.2844870325538518
4 23 1.1839163605908565
4 24 1.307980955068137
4 25 1.334782294444204
4 26 1.132621740645592
4 27 1.4451507773085601
4 28 1.2372838627330887
4 29 1.1917785462519412
4 30 1.1566585442768051
4 31 1.1609608930127253
4 32 1.360392486899922
4 33 1.204979967897176
4 34 1.1866340026701947
4 35 1.4270477547995266
4 36 1.3371723417368606
4 37 0.9984274019225444
4 38 1.2922214640628997
4 39 1.1604994167290457
4 40 1.2222412690147983
4 41 1.2620890228171462
4 42 1.1089362079895149
4 43 1.3015509217972387
4 44 1.3681851863644572
4 45 1.291122213443435
4 46 1.3258748108852925
4 47 1.401492938409017
4 48 1.2867968221681498
4 49 1.2302353926612957
4 50 1.2459708931683424
4 51 1.1375819106560734
4 52 1.3897174033440098
4 53 0.9790645402318824
4 54 1.0122332141860273
4 55 1.4327773435808686
4 56 1.4889325000677789
4 57 1.3582062504433388
4 58 1.264672418758945
4 59 1.2446030539937236
4 60 1.1048271117268458
4 61 1.1910111666735859
4 62 1.2981181915068958
4 63 1.1222966040463327
4 64 1.1833096390092257
4 65 1.320964116147837
4 66 1.499208868284623
4 67 0.9524989994207106
4 68 1.1908642619939485
4 69 1.534967986716783
4 70 1.2847336743005304
4 71 1.167724689490215
4 72 1.4279628853179727
4 73 1.1813820063070528
4 74 1.1224528404645011
4 75 1.3833468756952747
4 76 1.1982618406524685
4 77 1.292689085112719
4 78 1.324762676898337
4 79 1.3390636086437875
4 80 1.233941050380418
4 81 1.208346797248778
4 82 1.2917140831824319
4 83 1.32468119053943
4 84 1.470852318003212
4 85 1.2960737868620895
4 86 1.4425029871317456
4 87 1.2597014180872026
4 88 1.3810421163905364
4 89 1.3150525325368694
5 6 1.4328881018181163
5 7 1.2320744770681575
5 8 1.2194718467717909
5 9 1.4179002041181963
5 10 1.3249034083106197
5 11 1.2069449697374393
5 12 1.2996076578380509
5 13 1.2913615337903017
5 14 1.2819967658060194
5 15 1.2771411998282731
5 16 1.269280933437035
5 17 1.2950958985479406
5 18 1.2443952489280992
5 19 1.4206765393999177
5 20 1.4046127901642342
5 21 1.431234969561671
5 22 1.2060709428873329
5 23 1.1918582320078364
5 24 1.3245083205224908
5 25 1.1416557350076029
5 26 1.2881576959180077
5 27 1.3675030856669903
5 28 1.2130189421083777
5 29 1.3759132478985112
5 30 1.3399519837075449
5 31 1.2641415301074597
5 32 1.1776736631510272
5 33 1.2520785560922014
5 34 1.3427573518762164
5 35 1.3570863802407032
5 36 1.4783631512808524
5 37 1.3332158353739667
5 38 1.2176878118150056
5 39 1.1815136768503285
5 40 1.2501289849786452
5 41 1.3772990954331477
5 42 1.2145193817582667
5 43 1.2246122062771547
5 44 1.390176956348324
5 45 1.2559921773981717
5 46 1.294106420614813
5 47 1.3713388065062466
5 48 1.2499180700045533
5 49 1.3023749211286095
5 50 1.312861819184458
5 51 1.2573522208431962
5 52 1.3503604846781188
5 53 1.334853246670268
5 54 1.3257995379048693
5 55 1.3538182598864652
5 56 1.4327412812608813
5 57 1.3535910223120662
5 58 1.2657258084270477
5 59 1.2840801906430446
5 60 1.3519920850024987
5 61 1.2274332248265416
5 62 1.376656181157427
5 63 1.2560834894516855
5 64 1.3420426698432346
5 65 1.2243678157741658
5 66 1.4193173266284895
5 67 1.4538665892584057
5 68 1.287289911673362
5 69 1.3501725811800178
5 70 1.3421864431584567
5 71 1.2081627634612575
5 72 1.2975277958850724
5 73 1.2654837924621447
5 74 1.4044219018247697
5 75 1.331117652737621
5 76 1.3244752527720334
5 77 1.388440502438454
5 78 1.3204904243646314
5 79 1.4009737823779438
5 80 1.165904262947202
5 81 1.25462055215598
5 82 1.230091682902425
5 83 1.2268190418153029
5 84 1.2448252524646204
5 85 1.461382970476926
5 86 1.2683650106342752
5 87 1.2513271641894506
5 88 1.3778489371211717
5 89 1.2661399197746084
6 7 1.4539824959258618
6 8 1.3094243990788763
6 9 1.4388983786560674
6 10 1.407045570689753
6 11 1.4215071973109006
6 12 1.429591716944543
6 13 1.3703702863075153
6 14 1.2103707131354495
6 15 1.196443137876488
6 16 1.5224501132043782
6 17 1.1582002987368627
6 18 1.3555895864495116
6 19 1.3132450024637645
6 20 1.5450768333685205
6 21 1.3357480574943932
6 22 1.5543616123340636
6 23 1.3306798410613898
6 24 1.4252448834503193
6 25 1.429273629752464
6 26 1.3581880797642336
6 27 1.522977989172789
6 28 1.3959457061848224
6 29 1.2582592199883675
6 30 1.4923635182574646
6 31 1.3054092264311066
6 32 1.4721415571512126
6 33 1.3040153007233894
6 34 1.341284100491521
6 35 1.5091393309374788
6 36 1.4708921760142533
6 37 1.2644482460507418
6 38 1.3575502885783204
6 39 1.33787898552093
6 40 1.3679864910889412
6 41 1.426965567970907
6 42 1.3306221073874407
6 43 1.434818540134993
6 44 1.4204126038280822
6 45 1.4748153916553566
6 46 1.16880357743908
6 47 1.4600928323838294
6 48 1.4310061023513585
6 49 1.3563190984480666
6 50 1.1392487000950062
6 51 1.4608196133190268
6 52 1.3404991347995714
6 53 1.339021471153507
6 54 1.3197971472064656
6 55 1.4671747440904312
6 56 1.5829834059012549
6 57 1.3688907590208104
6 58 1.260666384309199
6 59 1.315102165046809
6 60 1.3380415236654906
6 61 1.3586654665143432
6 62 1.4208344888138136
6 63 1.3140622152469628
6 64 1.342272935845878
6 65 1.4266428705050238
6 66 1.5364933389847686
6 67 1.195541943874265
6 68 1.382946658101297
6 69 1.5000401951138327
6 70 1.471657192255723
6 71 1.3654292367570495
6 72 1.5091678099444932
6 73 1.2242458292562988
6 74 1.3017164997781554
6 75 1.4896186036948083
6 76 1.4610070402163453
6 77 1.192092596890044
6 78 1.352930172965838
6 79 1.3569794097499108
6 80 1.2630721580625448
6 81 1.4464890365918819
6 82 1.3066590732584678
6 83 1.4231699311012966
6 84 1.5166221997296423
6 85 1.2529992805456334
6 86 1.4856633805072765
6 87 1.4637991879678318
6 88 1.3574168543481762
6 89 1.290297900955274
7 8 1.1934314339548788
7 9 1.2046228029585777
7 10 1.3408610254570643
7 11 1.0459978499745728
7 12 1.2864031910873992
7 13 1.2758255002418462
7 14 1.3200847056498934
7 15 1.4126797688595072
7 16 1.2602911681682525
7 17 1.3165391663473505
7 18 1.3084509374550406
7 19 1.3438031346642911
7 20 1.2172717067510948
7 21 1.2797990875917649
7 22 0.9497628044580799
7 23 1.354955336279644
7 24 1.233144021616081
7 25 1.2394277344079563
7 26 1.1528075990571658
7 27 1.420820319689536
7 28 1.1203886810708135
7 29 1.253501278789154
7 30 1.3017118489448367
7 31 1.2406511903216797
7 32 1.0458561675825075
7 33 1.21339269576739
7 34 1.1914061369857158
7 35 1.04038445099339
7 36 1.3510479008460161
7 37 1.2409551209173708
7 38 1.3679077633215826
7 39 1.1677854267935956
7 40 1.2134719838728891
7 41 1.1916647690906763
7 42 1.1312066601218442
7 43 1.2456544997886285
7 44 1.3627967347537273
7 45 1.3610003265241548
7 46 1.3315375029461043
7 47 1.196050560260751
7 48 1.3799712986308104
7 49 1.1055756728492392
7 50 1.3474732478495868
7 51 1.169031875776776
7 52 1.320063099466047
7 53 1.3274277187182042
7 54 1.1973226434472386
7 55 1.097790124462563
7 56 1.2937230988268307
7 57 1.4011878909603044
7 58 1.321679329833981
7 59 1.1890092175489266
7 60 1.265036335712295
7 61 1.2299131722974448
7 62 1.3239475420762155
7 63 1.399226793757721
7 64 1.1923179461625146
7 65 1.2357549812135733
7 66 1.468831349339256
7 67 1.3647848933482254
7 68 1.1644652727185287
7 69 1.3339620777679202
7 70 1.3598792579494843
7 71 1.3123293520267423
7 72 1.1468653633655788
7 73 1.1244766158437973
7 74 1.40054303608333
7 75 1.0973740975132253
7 76 1.072720528135398
7 77 1.4172654397460647
7 78 1.3719996070344773
7 79 1.339427765101669
7 80 1.3877673560482489
7 81 1.1432984484584212
7 82 1.305240756210482
7 83 1.3032215722317366
7 84 1.3281812178922519
7 85 1.3247982513946532
7 86 1.085429112931781
7 87 1.1783065320817725
7 88 1.1473074908997827
7 89 1.3968078771822625
8 9 1.3472558054883583
8 10 1.3494790413100954
8 11 1.045426336299842
8 12 1.159763055313357
8 13 1.2467055968003626
8 14 1.287085267529626
8 15 1.3978715692720813
8 16 1.3198469470342091
8 17 1.3179838735154235
8 18 1.2771754146775394
8 19 1.5144594315674829
8 20 1.27684727689738
8 21 1.3926606621166049
8 22 1.0840437130283496
8 23 1.2062155834373929
8 24 1.3567801224411538
8 25 1.1106910882982803
8 26 1.0716107081065567
8 27 1.5968324576139323
8 28 0.9600575002482322
8 29 1.2233957647108225
8 30 1.303864457480364
8 31 1.1689509264929943
8 32 1.2708302583834836
8 33 0.7019729687389471
8 34 1.1609629426232773
8 35 1.2415829631718844
8 36 1.3824226887507374
8 37 1.163547224826448
8 38 1.190279751389862
8 39 0.6002828258197036
8 40 0.8205084323898602
8 41 1.2281791149242973
8 42 1.0383188295919403
8 43 1.07818091883021
8 44 1.4800953226837508
8 45 1.1791560337230846
8 46 1.295569779269082
8 47 1.41045224156781
8 48 1.333829150661836
8 49 1.2171212810084142
8 50 1.1582420737349701
8 51 1.079332853824709
8 52 1.25149602042389
8 53 1.2417039929056108
8 54 1.2297275924901148
8 55 1.2211850903211607
8 56 1.542529838262348
8 57 1.4409423845319413
8 58 1.2088474192968268
8 59 0.7041680261970285
8 60 1.1844852219421855
8 61 1.1274686958752707
8 62 1.254905743140644
8 63 1.2497966648405556
8 64 1.1091668653032758
8 65 1.3206354347062823
8 66 1.6383616253171043
8 67 1.2706662098528418
8 68 1.0910198299585887
8 69 1.4895372326721759
8 70 1.2970629195479784
8 71 1.1417552604887742
8 72 1.3093505518026884
8 73 1.0609455253935258
8 74 1.335949857832398
8 75 1.2139419000179996
8 76 1.211258817924454
8 77 1.4686047485135467
8 78 1.2986126911467806
8 79 1.435281802406855
8 80 1.1042950726466885
8 81 0.9105602120328553
8 82 1.2769755399956708
8 83 1.3140567461787844
8 84 1.4318064109488242
8 85 1.2149847330192525
8 86 1.2210586231403737
8 87 1.1976010397913577
8 88 1.4060962875799214
8 89 1.1740657645061916
9 10 1.3162435368809569
9 11 1.2833889122265916
9 12 1.2375636013361422
9 13 1.2867092903337352
9 14 1.3612238860876056
9 15 1.3839783673776307
9 16 1.2761366713017024
9 17 1.4722548783258718
9 18 1.4641844572207408
9 19 1.3384001349993255
9 20 1.216502352899546
9 21 1.3241268188555848
9 22 1.162922753575168
9 23 1.3779772775529169
9 24 1.3464228050602849
9 25 1.3624619516058991
9 26 1.242071019898302
9 27 1.2664844438068543
9 28 1.3525844670996436
9 29 1.3205619448093164
9 30 1.2759817103233895
9 31 1.2051327331484118
9 32 1.2306875882145827
9 33 1.3207448869582619
9 34 1.2836457499627334
9 35 1.3525168300374124
9 36 1.3490928751685993
9 37 1.3128888003483854
9 38 1.3139833783136743
9 39 1.2646799664372033
9 40 1.2853877920575523
9 41 1.2193890494442314
9 42 1.2089273450994138
9 43 1.2521432568963697
9 44 1.3246744240321873
9 45 1.3534579357638767
9 46 1.4450531732181522
9 47 1.3212554345313812
9 48 1.3918437760945477
9 49 1.2494099579817526
9 50 1.3921964534594158
9 51 1.1750270757898216
9 52 1.4420418699044988
9 53 1.2441665238522754
9 54 1.3006775682727454
9 55 1.284650998212953
9 56 1.3997994965430374
9 57 1.383034396583947
9 58 1.2404695709156264
9 59 1.3416897604786526
9 60 1.2528245220024727
9 61 1.249785856930296
9 62 1.2940060406814355
9 63 1.2719670586068348
9 64 1.4188771880906283
9 65 1.2806842593014143
9 66 1.3119762660262573
9 67 1.288052504787596
9 68 1.2634113564118878
9 69 1.333781604260876
9 70 1.3530566260570804
9 71 1.3619700089509195
9 72 1.348035724578321
9 73 1.1770456419443354
9 74 1.260095765962358
9 75 1.2000180903554318
9 76 1.281423769832706
9 77 1.3779560543504945
9 78 1.336706598301538
9 79 1.3962432292067932
9 80 1.300058765807914
9 81 1.236485173580996
9 82 1.3850424822439162
9 83 1.4442804461241836
9 84 1.4756120266456723
9 85 1.3460604007057182
9 86 1.2636807096330072
9 87 1.295816885917462
9 88 1.2912521413082325
9 89 1.4381048477796627
10 11 1.3680190022427003
10 12 1.3967730044889821
10 13 1.3068858645797747
10 14 1.3369372000929474
10 15 1.3920435313408177
10 16 1.3331029625219606
10 17 1.3483163381552228
10 18 1.2448599887018879
10 19 1.24204266400914
10 20 1.2752214960030959
10 21 1.3294429032708048
10 22 1.2268452910060825
10 23 1.3402567027723697
10 24 1.3022194804391491
10 25 1.2880311530646664
10 26 1.2955856936559158
10 27 1.2267480646647038
10 28 1.3583346666131138
10 29 1.3548448402010926
10 30 1.4259896044497953
10 31 1.2663053434913503
10 32 1.2167222777330282
10 33 1.340639937760501
10 34 1.277853890895832
10 35 1.2888105962068328
10 36 1.2867229577191746
10 37 1.4442594630498942
10 38 1.4040978060869662
10 39 1.3704733672701361
10 40 1.3236896981061719
10 41 1.263225916966411
10 42 1.2436086380437477
10 43 1.3298532409935406
10 44 1.3112137485638466
10 45 1.2892293540713713
10 46 1.516250078255142
10 47 1.2197725237501842
10 48 1.366994836763097
10 49 1.3466426401235165
10 50 1.3991825062848315
10 51 1.1929121467677797
10 52 1.3874892062824913
10 53 1.302252078941691
10 54 1.4156305773342925
10 55 1.258016434371626
10 56 1.2911563570193396
10 57 1.178013587761905
10 58 1.2913270245803115
10 59 1.3107761182444226
10 60 1.355267034891478
10 61 1.1260870696108705
10 62 1.3014173870260073
10 63 1.1224741340900737
10 64 1.2309859435274
10 65 1.2446929080122655
10 66 1.2392064072082098
10 67 1.322787911046992
10 68 1.3623395610250129
10 69 1.2380416490260473
10 70 1.1695912295761697
10 71 1.3782762405304851
10 72 1.2278195085113104
10 73 1.2691973478269702
10 74 1.4161582996482394
10 75 1.1784153820889565
10 76 1.376813033618752
10 77 1.327004966059244
10 78 1.363108656666887
10 79 1.337305095185
10 80 1.389056686125651
10 81 1.349897175928527
10 82 1.238845405861565
10 83 1.3729246497109926
10 84 1.2862849978107238
10 85 1.3118521022345597
10 86 1.2670353195284652
10 87 1.3057079549315314
10 88 1.1618662456360027
10 89 1.2787263418755392
11 12 1.2476286904476213
11 13 1.1366311936576972
11 14 1.2694394133817675
11 15 1.4412750139347557
11 16 1.2560872426605005
11 17 1.3836625112209042
11 18 1.3060253503493275
11 19 1.4522787302773266
11 20 1.3265514012350386
11 21 1.2913610851725512
11 22 0.9750470632494683
11 23 1.295625280961788
11 24 1.3546244682254973
11 25 1.1480654395224428
11 26 1.0532226079500073
11 27 1.4432359992882617
11 28 1.1298975550353285
11 29 1.2678551171500765
11 30 1.2046766979157868
11 31 1.2526375240024252
11 32 1.2133567785919503
11 33 1.07283701498836
11 34 1.0953288475461627
11 35 1.1662258929529712
11 36 1.2952901271270467
11 37 1.2870028375475995
11 38 1.1881408319691829
11 39 1.0186535977359379
11 40 1.0743285294191276
11 41 1.0308586865424911
11 42 1.0018050878274412
11 43 1.167797321537252
11 44 1.4178843584328016
11 45 1.3455682904465476
11 46 1.13049848663536
11 47 1.3021096035757809
11 48 1.367668149171127
11 49 1.2012753657792132
11 50 1.2993280520911825
11 51 1.0032999822376438
11 52 1.3037646014210655
11 53 1.3397341624119241
11 54 1.3061606678844424
11 55 1.2120011253223821
11 56 1.3850835834366644
11 57 1.4099859780207435
11 58 1.268924720038886
11 59 1.062643489411296
11 60 1.262463584815794
11 61 1.1279197034181412
11 62 1.175601780403966
11 63 1.3758189901606568
11 64 1.19457102315067
11 65 1.2956086558999675
11 66 1.5523946757950158
11 67 1.358124864878401
11 68 1.012910743074193
11 69 1.3702194573028428
11 70 1.3161847110108371
11 71 1.1457252666148088
11 72 1.2264067496610656
11 73 1.112162917287124
11 74 1.4150991722145077
11 75 1.1815457855175868
11 76 1.1122183310895928
11 77 1.4248449147218034
11 78 1.2739792747434475
11 79 1.5492898340482397
11 80 1.3027458578924827
11 81 1.077946536590037
11 82 1.2723472887417082
11 83 1.2820045337652408
11 84 1.3723885304329522
11 85 1.2345220280960991
11 86 1.1795977698706106
11 87 1.1310110852392323
11 88 1.2536509657294137
11 89 1.3267464381278713
12 13 1.304706943214943
12 14 1.259974467469507
12 15 1.2863332079494165
12 16 1.1971887288335241
12 17 1.499219302385979
12 18 1.3904977363817594
12 19 1.354726767701859
12 20 1.3655474320702499
12 21 0.9883247457223154
12 22 1.1193513390581469
12 23 1.2895993660593603
12 24 1.37909957040115
12 25 1.2617736811021623
12 26 1.0614371102705797
12 27 1.4484913797790517
12 28 1.1615074259433986
12 29 1.2777984695526525
12 30 0.9472943760709742
12 31 1.2172883450666385
12 32 1.4165607516849739
12 33 1.1306946329254004
12 34 1.2431469898821588
12 35 1.3806320071422964
12 36 1.2233779367234208
12 37 0.8998808607142236
12 38 1.2624463884069574
12 39 1.0701598713345934
12 40 1.1109627476395825
12 41 1.2078076631388612
12 42 0.9580123110109162
12 43 1.2108709962431117
12 44 1.3880634078353378
12 45 1.2421890458492684
12 46 1.3914158553321392
12 47 1.2905062795308246
12 48 1.2687796800004358
12 49 1.1667147336719512
12 50 1.3063703355868819
12 51 0.9614236553959683
12 52 1.441154471632272
12 53 0.9478841154775085
12 54 0.8586853303912797
12 55 1.3833062289415217
12 56 1.4184664824235185
12 57 1.3362329450269668
12 58 1.2237962943818892
12 59 1.202274163973406
12 60 1.1888798049895204
12 61 1.1279653283092448
12 62 1.2323475463915905
12 63 1.1920765288144735
12 64 1.24754014883759
12 65 1.297205371081538
12 66 1.528123877781427
12 67 0.9479978504206295
12 68 1.1083174021758129
12 69 1.5492660501857525
12 70 1.3777602180755604
12 71 1.1756960955489886
12 72 1.4421307104482664
12 73 1.2275759728406745
12 74 1.3181516541650546
12 75 1.3406494197257293
12 76 1.1444893497114845
12 77 1.2773642892462302
12 78 1.3356151640619782
12 79 1.3476583805526652
12 80 1.2823965235633181
12 81 1.1101247558749094
12 82 1.368516894328304
12 83 1.392778949883498
12 84 1.4963058273514562
12 85 1.1904368936897496
12 86 1.3885331394628522
12 87 1.1587909639447185
12 88 1.4059919082631112
12 89 1.245342988544173
13 14 1.3258371160892632
13 15 1.3698057855081056
13 16 1.326083097075666
13 17 1.4535854134595922
13 18 1.2644278169028238
13 19 1.2823360643627177
13 20 1.4049248799010685
13 21 1.32861707296582
13 22 1.2747590162041076
13 23 1.4497554166182247
13 24 1.3129942764768663
13 25 1.3367200098991026
13 26 1.1886827062175995
13 27 1.4018879384708136
13 28 1.3564334228460588
13 29 1.3141252470296803
13 30 1.2856162525868355
13 31 1.2627251764628726
13 32 1.3068453268629336
13 33 1.3358363704306073
13 34 0.7989990739630296
13 35 1.397153698011508
13 36 1.2748305603081644
13 37 1.2581758217864571
13 38 1.253460314058378
13 39 1.2179689442095916
13 40 1.2368710829917915
13 41 0.6443553329178889
13 42 1.2068743386525083
13 43 1.1295474648183126
13 44 1.3815122587804596
13 45 1.3210622420520561
13 46 1.3865655783539355
13 47 1.2480653854507662
13 48 1.3824916686961062
13 49 1.2708076144712344
13 50 1.3861489330915735
13 51 1.2035072614395539
13 52 1.183629617525534
13 53 1.2144346864642017
13 54 1.2591518471598695
13 55 1.3660382911506652
13 56 1.4318851616801074
13 57 1.379034634604865
13 58 1.3900981592312087
13 59 1.2696195562595012
13 60 1.3546083859936957
13 61 1.2849854209390412
13 62 1.33049216176292
13 63 1.274639033911634
13 64 1.1757217021811803
13 65 1.287639493526605
13 66 1.4693727789163187
13 67 1.3462044701184197
13 68 1.211661666991835
13 69 1.2692729536889347
13 70 1.2496152391874655
13 71 1.2047100308386656
13 72 1.3367916567587106
13 73 1.2830055361959853
13 74 1.297035542861637
13 75 1.2442301150587838
13 76 1.1452874070138834
13 77 1.2621280842862785
13 78 1.2568297223584568
13 79 1.3301418486595882
13 80 1.2486055064051063
13 81 1.2828168397465258
13 82 1.2456422759075978
13 83 1.354837259355357
13 84 1.349244845229855
13 85 1.3219815181144738
13 86 1.3585307100968094
13 87 1.40965379307901
13 88 1.2949290702735308
13 89 1.3930551902738062
14 15 1.1617270435178686
14 16 1.3487229826530125
14 17 1.2862532967200944
14 18 1.1968264606341044
14 19 1.3888318894798446
14 20 1.5240713338479495
14 21 1.1863655818040875
14 22 1.2699558721470314
14 23 1.0949417082983894
14 24 1.2911404454263777
14 25 1.2962499720014162
14 26 1.2853710773609792
14 27 1.3678632191890217
14 28 1.1951934209928077
14 29 1.2548293789893021
14 30 1.2330990303842693
14 31 1.3995969254884366
14 32 1.3940219234833473
14 33 1.2633024417941607
14 34 1.3141769545115507
14 35 1.445779141375517
14 36 1.3388824554679517
14 37 1.1645850702968479
14 38 1.2390331064664841
14 39 1.1979046157840452
14 40 1.2949157042290675
14 41 1.3442496137313193
14 42 1.1062019938235268
14 43 1.2169205104411382
14 44 1.400013471336104
14 45 1.418358367764125
14 46 1.3757288810192123
14 47 1.4180073151470385
14 48 1.2841194673374965
14 49 1.262338182769983
14 50 1.2995104148298604
14 51 1.1477030357398084
14 52 1.3591177870939322
14 53 1.1975549892440944
14 54 1.1984331538429873
14 55 1.3878029652288384
14 56 1.5248424289983378
14 57 1.3554979516372094
14 58 1.2636093884605915
14 59 1.31142919541713
14 60 1.218923096158785
14 61 1.227184951360656
14 62 1.2818918291938937
14 63 1.226222670587307
14 64 1.2412718177847857
14 65 1.3420065110894888
14 66 1.4719483285511434
14 67 1.187371833584403
14 68 1.2779737714606865
14 69 1.3928945174324012
14 70 1.272057797244372
14 71 1.2432515817714587
14 72 1.3449057514586706
14 73 1.155286210771216
14 74 1.1745988290033338
14 75 1.4335727658504196
14 76 1.2166938663956464
14 77 1.1909813276621968
14 78 1.3404799761020034
14 79 1.3617782309682158
14 80 1.2030979646066724
14 81 1.2581117950686793
14 82 1.2717773530678427
14 83 1.244289225001816
14 84 1.4627240621246653
14 85 1.1628713182768151
14 86 1.3940579515711806
14 87 1.2981929075903207
14 88 1.2897497711386017
14 89 1.3091310404695553
15 16 1.3846867366413311
15 17 1.3144037818915562
15 18 1.2818915745289514
15 19 1.3413731309609485
15 20 1.4389958977684036
15 21 1.304688820676933
15 22 1.3338020274461428
15 23 1.2865062511931544
15 24 1.379100493482734
15 25 1.4719603223001518
15 26 1.3107074966596635
15 27 1.496178346049273
15 28 1.444037600901643
15 29 1.335274707801271
15 30 1.3729492192719324
15 31 1.3628623875942347
15 32 1.3975764033619662
15 33 1.398765792361991
15 34 1.4550325235741595
15 35 1.4474743721209267
15 36 1.382477200074075
15 37 1.318555347438039
15 38 1.4392521345845035
15 39 1.390180505088429
15 40 1.4323930158491829
15 41 1.4427677247083113
15 42 1.1666933630534855
15 43 1.4476463246537519
15 44 1.4740608411807818
15 45 1.4151337554745305
15 46 1.3751159588380877
15 47 1.3884430351688146
15 48 1.3070035152404909
15 49 1.3321688828535583
15 50 1.3631745678110425
15 51 1.3134539127756368
15 52 1.3769039854801601
15 53 1.0819504040990062
15 54 1.3184808735136837
15 55 1.3921151905274138
15 56 1.539178327019575
15 57 1.3798444360974416
15 58 1.3808280128900743
15 59 1.4256009184782157
15 60 1.2668956672517404
15 61 1.2459125382163128
15 62 1.4739281004341132
15 63 1.2975093813774001
15 64 1.4434537378329189
15 65 1.4052358598655013
15 66 1.5201992937334254
15 67 1.0696315309154671
15 68 1.4299992253006657
15 69 1.4145362201664726
15 70 1.4988487955832395
15 71 1.4299518250606285
15 72 1.4254045205201538
15 73 1.3221900670661402
15 74 1.2064829107488455
15 75 1.391700280584951
15 76 1.4608252865316584
15 77 1.2424197351487465
15 78 1.3397526349498625
15 79 1.3299067658200432
15 80 1.2947903575987354
15 81 1.372106322513342
15 82 1.268351351437297
15 83 1.3421271287713281
15 84 1.5568439413797892
15 85 1.361392518158855
15 86 1.3973019410393432
15 87 1.2847758744477549
15 88 1.4232635260143982
15 89 1.2674364368222721
16 17 1.4266063296841403
16 18 1.2222750704286782
16 19 1.3121302591114614
16 20 1.3096618859490945
16 21 1.2521834410848325
16 22 1.1877282290062219
16 23 1.3337026877313212
16 24 1.493168424804279
16 25 1.3583792791700844
16 26 1.1814822230917137
16 27 1.2912762495265682
16 28 1.2697083628892623
16 29 1.285259236287517
16 30 1.1965362050511255
16 31 1.2840763977898755
16 32 1.2968583604420743
16 33 1.2581411158579046
16 34 1.2679969992460283
16 35 1.3045122230360657
16 36 1.195230607004579
16 37 1.2617572837307296
16 38 1.3381203648043305
16 39 1.26519012641327
16 40 1.2643678555647764
16 41 1.2699070182012246
16 42 1.2161258640599952
16 43 1.294902915512606
16 44 1.307384113210936
16 45 1.3555484701732783
16 46 1.3633730117478204
16 47 1.2868002315705616
16 48 1.196801342264133
16 49 1.287039921944172
16 50 1.4372901130308056
16 51 1.1864764699795936
16 52 1.2173325182702917
16 53 1.2185772353294768
16 54 1.2406265588371501
16 55 1.3676823636740096
16 56 1.1302477573083334
16 57 1.27078788609799
16 58 1.223077691517685
16 59 1.302704899509617
16 60 1.278412510621949
16 61 1.203915598143801
16 62 1.2251693312979803
16 63 1.1035956395580886
16 64 1.2682654701990737
16 65 1.287262186410607
16 66 1.3639332520961227
16 67 1.2130798576281354
16 68 1.2746812576545739
16 69 1.2756003128109052
16 70 1.1659842040881476
16 71 1.1549081013648301
16 72 1.3260095566537937
16 73 1.2800123149016305
16 74 1.3150116998318857
16 75 1.3245824605979406
16 76 1.1336346318870822
16 77 1.2605849921642194
16 78 1.30569523563165
16 79 1.2724837175690118
16 80 1.2285837212348585
16 81 1.3081762781702335
16 82 1.3511934451931424
16 83 1.30237678471682
16 84 1.3581509616701704
16 85 1.2551804701650005
16 86 1.3415027785346638
16 87 1.3439220205145714
16 88 1.3329038068076489
16 89 1.3458013741852857
17 18 1.332876022128846
17 19 1.339001182475635
17 20 1.4366996694695782
17 21 1.3714660598409218
17 22 1.4821746451442526
17 23 1.221897275884677
17 24 1.280750809374892
17 25 1.341041808165042
17 26 1.2867131306845128
17 27 1.3738370493057117
17 28 1.319842953701356
17 29 1.3253274807698754
17 30 1.4581869269292584
17 31 1.276192248268922
17 32 1.4465109396653297
17 33 1.3239332946050557
17 34 1.407228581592699
17 35 1.4305366947554903
17 36 1.5017674109375352
17 37 1.3949104934893033
17 38 1.3473429913375956
17 39 1.3184467220901526
17 40 1.3833047741741091
17 41 1.4530675682456633
17 42 1.317965566023877
17 43 1.4321303235059146
17 44 1.3872898800502187
17 45 1.4176443130495708
17 46 1.3660409225930723
17 47 1.3957869409398265
17 48 1.3988332035017508
17 49 1.2007582017475125
17 50 1.0881895147671106
17 51 1.3839820360627049
17 52 1.304422930023375
17 53 1.432333752169518
17 54 1.3771990025314738
17 55 1.4412393043956477
17 56 1.4904801904595188
17 57 1.3619726446603175
17 58 1.3463802904816193
17 59 1.3585289408929537
17 60 1.2711710139118895
17 61 1.251108175623741
17 62 1.3336440635767033
17 63 1.3637540796791985
17 64 1.3858127422739557
17 65 1.4464608642709988
17 66 1.467504232666805
17 67 1.3709774230735106
17 68 1.3575839248085289
17 69 1.5018041928318195
17 70 1.431675486232824
17 71 1.3800796739463832
17 72 1.4054957077853691
17 73 1.3182305981970794
17 74 1.2972547657475397
17 75 1.4391669666499032
17 76 1.3661400640929622
17 77 1.310194586096585
17 78 1.415375523963111
17 79 1.4099847310751834
17 80 1.3404038050674512
17 81 1.3366014329623446
17 82 1.2665697633368767
17 83 1.3379070564037514
17 84 1.3756843860324
17 85 1.339707366268551
17 86 1.421966442521667
17 87 1.3264911177690275
17 88 1.3766339675515276
17 89 1.3564118957904527
18 19 1.3420210053902268
18 20 1.3840937602418313
18 21 1.353554307835481
18 22 1.319384038748864
18 23 1.2640597196159387
18 24 1.3851943318133049
18 25 1.2843703006205878
18 26 1.272289231252211
18 27 1.3380019188906345
18 28 1.327144536255871
18 29 1.3397613031329823
18 30 1.3159057572666295
18 31 1.3087777296139955
18 32 1.3392821324227173
18 33 1.302381392812833
18 34 1.2086223113637673
18 35 1.2611389046858947
18 36 1.2174549295507382
18 37 1.3737499045132027
18 38 1.3433592393568972
18 39 1.2539001716492317
18 40 1.3022836566208313
18 41 1.259129820228457
18 42 1.2696149956751794
18 43 1.3169203053813807
18 44 1.425382276070678
18 45 1.2876863708723691
18 46 1.4129353995449623
18 47 1.3150207870570128
18 48 1.1033586676624245
18 49 1.3736916010341187
18 50 1.4411853585850891
18 51 1.3083708263606277
18 52 1.2345323558312609
18 53 1.4082734224186113
18 54 1.3580332364484329
18 55 1.3163496594616144
18 56 1.3720423773668289
18 57 1.2970874918864
18 58 1.322917117513967
18 59 1.3410574328160143
18 60 1.3719685396895798
18 61 1.228494065710882
18 62 1.379410754396166
18 63 1.2494064247196464
18 64 1.1151369249223504
18 65 1.338879217257989
18 66 1.4423743734380121
18 67 1.392456689630996
18 68 1.2762930115791926
18 69 1.2549148730571364
18 70 1.106834230002943
18 71 1.2411967613036137
18 72 1.1812535344597546
18 73 1.251147820690176
18 74 1.3862583873717178
18 75 1.3370695002901478
18 76 1.3112746368052381
18 77 1.3058206931135452
18 78 1.1710784402507
18 79 1.246780967392055
18 80 1.2871579313190937
18 81 1.2976535070550896
18 82 1.215925913420158
18 83 1.1628929533820576
18 84 1.3134574960168668
18 85 1.183367566771478
18 86 1.3141438198686706
18 87 1.309296096845522
18 88 1.3263690621029347
18 89 1.132812607907584
19 20 1.3277089533796111
19 21 1.2688709027115008
19 22 1.3871299294959074
19 23 1.367731410251143
19 24 1.2579085885478767
19 25 1.3977019435737819
19 26 1.2644651288853355
19 27 1.1036372482251597
19 28 1.4915187919581876
19 29 1.2833779920435142
19 30 1.3671456373633053
19 31 1.2374181800599817
19 32 1.303092004490483
19 33 1.5072808426155502
19 34 1.2512091353537826
19 35 1.4123403948755937
19 36 1.297957224652954
19 37 1.333322576661229
19 38 1.3549395919611278
19 39 1.49354345216
19 40 1.4561936725703961
19 41 1.3003921700320658
19 42 1.3455590097330805
19 43 1.4277992226596847
19 44 1.209971554293
19 45 1.4111404150353406
19 46 1.3358440484210612
19 47 1.1807116898362857
19 48 1.3497875821743737
19 49 1.352732092882254
19 50 1.3480762495269034
19 51 1.3266537262618283
19 52 1.359635806176123
19 53 1.2503617199204757
19 54 1.339642829580577
19 55 1.3239400031165638
19 56 1.251005848257229
19 57 1.2613343191046413
19 58 1.3047548126533308
19 59 1.522087290883525
19 60 1.3008355124250732
19 61 1.2706040856285947
19 62 1.3381803547119255
19 63 1.1666978056624293
19 64 1.2968643590680686
19 65 1.1084503418316225
19 66 1.1853295636115209
19 67 1.2192616873124629
19 68 1.2863248754237466
19 69 1.2177030124167358
19 70 1.3825675751551274
19 71 1.2670111276463016
19 72 1.3548029777577189
19 73 1.3941279035947545
19 74 1.364921293770656
19 75 1.2880123187436203
19 76 1.3804662975970905
19 77 1.1682745821525427
19 78 1.3684637433354054
19 79 1.2062020560910325
19 80 1.3240188245558009
19 81 1.4855186836665197
19 82 1.2964857026289036
19 83 1.4646133749573391
19 84 1.250533040701369
19 85 1.369915566508926
19 86 1.2871564704460443
19 87 1.2892443516194196
19 88 1.3065702323625479
19 89 1.3667949716789447
20 21 1.387228745778556
20 22 1.1504353837945787
20 23 1.3357228731583266
20 24 1.3084288799757635
20 25 1.3237246072050413
20 26 1.3629918940512002
20 27 1.355189635119054
20 28 1.3824159229705917
20 29 1.318817687529899
20 30 1.3711467576282894
20 31 1.4235910443349318
20 32 1.1279329524669148
20 33 1.3165897580276125
20 34 1.4073357949251952
20 35 1.1142920862997896
20 36 1.259993719777321
20 37 1.4422885395320966
20 38 1.3128369129808501
20 39 1.2914183021519001
20 40 1.3762506940690085
20 41 1.391313279647434
20 42 1.3367930929321998
20 43 1.3558627554542342
20 44 1.297665133582389
20 45 1.3319877201310049
20 46 1.395800703856424
20 47 1.3350981371212878
20 48 1.4360142474355004
20 49 1.3631625348213203
20 50 1.3781643098739322
20 51 1.3294761408430666
20 52 1.4958817643050726
20 53 1.320283582692163
20 54 1.4443779980638272
20 55 1.0542895607540599
20 56 1.3350407192447453
20 57 1.3234190600316853
20 58 1.430357470218138
20 59 1.3195114246508293
20 60 1.3277979200349663
20 61 1.2641318188450925
20 62 1.349978533189911
20 63 1.4402008365841006
20 64 1.3954315533320996
20 65 1.3143672982466656
20 66 1.3987211405090039
20 67 1.3834863769114811
20 68 1.3531354460003933
20 69 1.3107318681743476
20 70 1.4594094165701461
20 71 1.3613183094392667
20 72 1.1254057667528352
20 73 1.3415668697752838
20 74 1.4408153093347873
20 75 0.9421107874080683
20 76 1.3773340057937533
20 77 1.4782206379482346
20 78 1.412900061190426
20 79 1.3679193724857646
20 80 1.3737560675788985
20 81 1.2193773522797022
20 82 1.436322159200439
20 83 1.3919024979140948
20 84 1.312688633147857
20 85 1.4073785530637786
20 86 1.0457804873732912
20 87 1.2687660218196744
20 88 1.226492680798912
20 89 1.4097991384527933
21 22 1.2969863005408635
21 23 1.3122466433890971
21 24 1.366104339181933
21 25 1.269381082984097
21 26 1.113505433721592
21 27 1.3568214590609942
21 28 1.3364571136307466
21 29 1.3241778452115123
21 30 1.0620055835698727
21 31 1.1707093168416516
21 32 1.5201952259224358
21 33 1.3797186510176995
21 34 1.2524614002686576
21 35 1.4310425985801913
21 36 1.2690677331355864
21 37 1.1370751705215172
21 38 1.2341348713519342
21 39 1.3683647069277853
21 40 1.3192788179364325
21 41 1.2516877259878518
21 42 1.1079662685206482
21 43 1.3941927861243626
21 44 1.3942250041462474
21 45 1.413313880429447
21 46 1.3364711454100402
21 47 1.2738102588436966
21 48 1.3280911399510889
21 49 1.303842692241764
21 50 1.3228324045032225
21 51 1.0295005567894158
21 52 1.3794816778664851
21 53 1.0300868224353423
21 54 1.0293230382530871
21 55 1.5075433678085692
21 56 1.3726311918571616
21 57 1.3223218859263717
21 58 1.2744885905453958
21 59 1.3884998657172822
21 60 1.3124035601072561
21 61 1.159212781777831
21 62 1.137091318513762
21 63 1.1445786789031236
21 64 1.2234428884468331
21 65 1.4572808655520162
21 66 1.4458178039173286
21 67 1.0987135777219568
21 68 1.2090140055751037
21 69 1.4990835578104325
21 70 1.3461837822465754
21 71 1.255094019723091
21 72 1.4317560381739423
21 73 1.3032247741005918
21 74 1.2772836893252204
21 75 1.4496683208917094
21 76 1.1298413600557706
21 77 1.2241505493340248
21 78 1.2950851122705052
21 79 1.3139744688557846
21 80 1.4625700624677547
21 81 1.3132549024418523
21 82 1.2897080395958302
21 83 1.401797251541132
21 84 1.5340348787566498
21 85 1.187050841821157
21 86 1.5056139550345005
21 87 1.1502431759606302
21 88 1.3134793141615313
21 89 1.3322154385700653
22 23 1.327309300149514
22 24 1.2741937978091287
22 25 1.1107981281953152
22 26 1.050957912472997
22 27 1.360395078353489
22 28 1.0390690949024282
22 29 1.280597794607401
22 30 1.2351121269298488
22 31 1.237145377968708
22 32 0.948227769300108
22 33 1.0927807885078478
22 34 1.1840196219822159
22 35 0.9073354588289143
22 36 1.289816181480115
22 37 1.1566988298160228
22 38 1.293925728383519
22 39 1.050769727618942
22 40 1.0522514470961295
22 41 1.1739192917559795
22 42 1.0272804686351176
22 43 1.1598656834601566
22 44 1.3274341175506033
22 45 1.285103104611763
22 46 1.4574111216645433
22 47 1.271674456468394
22 48 1.4472676810063019
22 49 0.9950572299904015
22 50 1.3843062366459917
22 51 0.9244748388422395
22 52 1.3807352549873433
22 53 1.21046997924112
22 54 1.201142694260957
22 55 0.9709750967641568
22 56 1.3182280576219905
22 57 1.3830646964310072
22 58 1.2674903804358406
22 59 1.0445257905384002
22 60 1.1289028064410287
22 61 1.0076366869750328
22 62 1.2552474317722004
22 63 1.2500873057505766
22 64 1.2277128969078492
22 65 1.1207234833932052
22 66 1.4399727722360258
22 67 1.2875852724827217
22 68 1.1221934241091656
22 69 1.3165047728044719
22 70 1.2745250553429979
22 71 1.159956751399448
22 72 0.9957107671030927
22 73 1.1246460523602024
22 74 1.378023722690991
22 75 0.8586530217319817
22 76 1.118175025900139
22 77 1.3862160307713334
22 78 1.3226574746678639
22 79 1.3942824721034073
22 80 1.2715835090991348
22 81 1.0103343080322693
22 82 1.2653926786924914
22 83 1.2689397975036878
22 84 1.3349643926895978
22 85 1.2572221323784367
22 86 0.8905409153832247
22 87 1.0412502912988442
22 88 1.2257863615268099
22 89 1.3326970440123818
23 24 1.3194075202541131
23 25 1.2467613436841003
23 26 1.2656143519349605
23 27 1.2878124851785655
23 28 1.252558903541252
23 29 1.2814108747350097
23 30 1.2783932676995264
23 31 1.252415872200625
23 32 1.3521858942161835
23 33 1.24885443170163
23 34 1.3938912361500986
23 35 1.3193782909312755
23 36 1.3697886914624928
23 37 1.2553914919773292
23 38 1.2317382516084527
23 39 1.2475778914642979
23 40 1.2665097671309589
23 41 1.4598946121310337
23 42 1.2071718487114833
23 43 1.4023867063249147
23 44 1.3796835047491793
23 45 1.2442976941889634
23 46 1.20242429412618
23 47 1.3390446885886722
23 48 1.3147262000506723
23 49 1.3300527752760485
23 50 1.1728851068178932
23 51 1.2084935045757776
23 52 1.263955521284225
23 53 1.2573384990208114
23 54 1.3410717998821793
23 55 1.3699690135398261
23 56 1.425226468720323
23 57 1.3863531451231177
23 58 1.2689426101040886
23 59 1.295265399963868
23 60 1.0730841850853665
23 61 1.1677038032377431
23 62 1.302734418911934
23 63 1.2066605132947288
23 64 1.350382151777897
23 65 1.365762051844014
23 66 1.3846551883891105
23 67 1.2615789703042615
23 68 1.2742653245700364
23 69 1.381921625374429
23 70 1.4010474340151273
23 71 1.2898155911442382
23 72 1.3456066278207008
23 73 1.2913208136246277
23 74 1.159218694882197
23 75 1.3869179382567318
23 76 1.317614056485952
23 77 1.2616407058311365
23 78 1.3813458689687321
23 79 1.3478654880435017
23 80 1.2715231357750179
23 81 1.2531520785955628
23 82 1.2064267955759522
23 83 1.2489591173868297
23 84 1.368000086317996
23 85 1.3642870672238046
23 86 1.3767848169181571
23 87 1.2382487971713498
23 88 1.3846295915716988
23 89 1.2189434202327276
24 25 1.2581161698512204
24 26 1.329846256193886
24 27 1.3427142176091034
24 28 1.323449121372117
24 29 1.3343277892162995
24 30 1.335859234482762
24 31 1.2329230285179051
24 32 1.2709469591528333
24 33 1.3409389761257235
24 34 1.2935312377817276
24 35 1.2734738670793808
24 36 1.2619023510670297
24 37 1.3684769874389777
24 38 1.3512576079995646
24 39 1.3424432576696237
24 40 1.3448387804943434
24 41 1.3099872818720517
24 42 1.2985629001150376
24 43 1.3634568571824393
24 44 1.4075366427835512
24 45 1.3692277665867345
24 46 1.3926929878458223
24 47 1.29262860744661
24 48 1.4757286666068445
24 49 1.277604400740233
24 50 1.2635546487014977
24 51 1.2369403791630544
24 52 1.4086837487367663
24 53 1.3249641864320019
24 54 1.337112820401747
24 55 1.308934714758004
24 56 1.3072454020530953
24 57 1.3977269811283095
24 58 1.303487807524156
24 59 1.3725309255490163
24 60 1.2414343565985984
24 61 1.2975219290280486
24 62 1.3570306907512504
24 63 1.314619231467703
24 64 1.357118958734078
24 65 1.3108024401275213
24 66 1.3742390683429169
24 67 1.4152123329020105
24 68 1.3319458650913474
24 69 1.299153257781482
24 70 1.3513565263814284
24 71 1.3428179544062662
24 72 1.3849561554490655
24 73 1.330362882433407
24 74 1.3145888869587268
24 75 1.219279770792948
24 76 1.2616309949080606
24 77 1.3735407593091344
24 78 1.401347264482544
24 79 1.261227716431626
24 80 1.358808705832844
24 81 1.3663221703713648
24 82 1.180761478774223
24 83 1.5060962559764566
24 84 1.2961921385306407
24 85 1.364199552081171
24 86 1.285324793111087
24 87 1.262506164358372
24 88 1.1516063544772577
24 89 1.4344973114277264
25 26 1.0364166586576404
25 27 1.2198104385989896
25 28 1.1075826579836487
25 29 1.3321162738045724
25 30 1.2259506319287445
25 31 1.2285615602239286
25 32 1.2721635674598284
25 33 1.046165820290739
25 34 1.2778030549439137
25 35 1.198255659030237
25 36 1.2920599142831495
25 37 1.2906712050736726
25 38 1.1128927897549616
25 39 1.042899693586249
25 40 1.0934884242166267
25 41 1.3023745159042144
25 42 1.139967467512461
25 43 1.2080243657199268
25 44 1.4159644734719818
25 45 1.265860240563261
25 46 1.307954071564697
25 47 1.328850864651088
25 48 1.3723540362012459
25 49 1.2583365678417124
25 50 1.2627484806556093
25 51 1.0329395543120912
25 52 1.3405279961885865
25 53 1.2946475583387997
25 54 1.2810479416340446
25 55 1.1988389577755871
25 56 1.364598091165357
25 57 1.346116659724566
25 58 1.1490397205834402
25 59 1.028395357419084
25 60 1.1771854153037238
25 61 1.0643778804607456
25 62 1.1512961098708931
25 63 1.2370641947574539
25 64 1.2398223851596253
25 65 1.3716588978527426
25 66 1.3551864861739984
25 67 1.3591408155368554
25 68 1.0956064381967816
25 69 1.324618804656891
25 70 1.3084073393032778
25 71 1.1875838228811528
25 72 1.1258960239170142
25 73 1.2291270221150004
25 74 1.3602963821494694
25 75 1.2520536983620834
25 76 1.2319994173735802
25 77 1.398444078652879
25 78 1.2830595111828103
25 79 1.4126086969091989
25 80 1.2688391699898676
25 81 1.0089535662282774
25 82 1.2536421775248434
25 83 1.3385610325447073
25 84 1.385867824340571
25 85 1.2286366241230875
25 86 1.2115610055411032
25 87 1.1654765092546482
25 88 1.4059252416375672
25 89 1.195590936147485
26 27 1.3447787967673852
26 28 1.0657350040204798
26 29 1.1741499023103132
26 30 1.1301033079536897
26 31 0.9367749078198693
26 32 1.35126939467881
26 33 1.0360872390077824
26 34 1.1494108684164057
26 35 1.2724350621290554
26 36 1.2089944575414944
26 37 1.105963751601877
26 38 1.1458564718462687
26 39 1.044009518540295
26 40 1.0999056066983333
26 41 1.1506632181168472
26 42 0.9176636603035419
26 43 1.1558280061239776
26 44 1.3687568368733014
26 45 1.2800512040669638
26 46 1.3217923745798463
26 47 1.2701977908618067
26 48 1.305495114664447
26 49 1.136383110940674
26 50 1.2071457948288615
26 51 0.9374600322267885
26 52 1.2950944442593784
26 53 1.0617370290201336
26 54 1.0853238400784633
26 55 1.3107129026689515
26 56 1.3901864725307207
26 57 1.3532676609290333
26 58 1.1444994526343253
26 59 1.0385550868587046
26 60 1.0292324082023472
26 61 0.9790624984883753
26 62 1.0905807490004562
26 63 1.0920960839389333
26 64 1.1271115922701322
26 65 1.349402099961046
26 66 1.4268141275493467
26 67 1.174960645620859
26 68 0.9786986409487706
26 69 1.3502689010243023
26 70 1.3099860884115102
26 71 1.144346350316516
26 72 1.2841024702542767
26 73 1.1446517592457452
26 74 1.2692643593618052
26 75 1.2666180975810946
26 76 1.0503077181345515
26 77 1.2470809421031153
26 78 1.262006461115128
26 79 1.412932634753885
26 80 1.2802397333463307
26 81 1.067794915827513
26 82 1.2922502858715985
26 83 1.283288043974275
26 84 1.4174035145556105
26 85 1.1266802287167232
26 86 1.3095941036620988
26 87 1.1379530042767407
26 88 1.3247724488340267
26 89 1.1504001216231752
27 28 1.478095027990191
27 29 1.4505473322102505
27 30 1.324647177463785
27 31 1.359636021635004
27 32 1.301892751024155
27 33 1.5884873311791239
27 34 1.4195980806727275
27 35 1.3447273958197297
27 36 1.2812776788367104
27 37 1.4386793909595132
27 38 1.3712809713543128
27 39 1.5635392596778648
27 40 1.5281501782838012
27 41 1.38621932650781
27 42 1.381066278391064
27 43 1.3880952279080168
27 44 1.1646566849491269
27 45 1.3287739358631665
27 46 1.4575543462322644
27 47 1.1830897130564415
27 48 1.3573792407940413
27 49 1.4224696082022803
27 50 1.4419257318227858
27 51 1.2517161688532439
27 52 1.3961901064528681
27 53 1.4359376207665548
27 54 1.4196685134723823
27 55 1.3628235271285445
27 56 1.197816233817962
27 57 1.195294995277026
27 58 1.2672591779911404
27 59 1.6003516066545496
27 60 1.2950208902011127
27 61 1.24303719830791
27 62 1.2964909958844926
27 63 1.1857009901647564
27 64 1.4245657718441493
27 65 1.288176334798215
27 66 0.613384377851214
27 67 1.4368985164403096
27 68 1.3306485461538606
27 69 1.1524458337412509
27 70 1.2981726067743724
27 71 1.3049391992069006
27 72 1.2994528047851803
27 73 1.4828701325114513
27 74 1.340055700128278
27 75 1.3802370487817028
27 76 1.313640783587724
27 77 1.3464332199725781
27 78 1.2761292447312051
27 79 1.3339410452667568
27 80 1.4497829879725201
27 81 1.4428544834471546
27 82 1.3719796158937934
27 83 1.4012043202543782
27 84 1.2293634369144153
27 85 1.4355647271143421
27 86 1.345680430331752
27 87 1.3298587522584036
27 88 1.3393258637626835
27 89 1.3486719511865022
28 29 1.2632691469294468
28 30 1.2348720786344356
28 31 1.2815388558881988
28 32 1.283108767919499
28 33 0.7843457138615492
28 34 1.2274438569167212
28 35 1.261754938981317
28 36 1.3943246337225432
28 37 1.1810743188900263
28 38 1.250562334107166
28 39 0.9124494211539519
28 40 0.923613131089898
28 41 1.3208217526410366
28 42 1.1178190948444797
28 43 1.1325173198889196
28 44 1.4303956834660498
28 45 1.2080875459271563
28 46 1.3566896794165313
28 47 1.4015538598121753
28 48 1.354621236041311
28 49 1.2421539090352658
28 50 1.3170298265625335
28 51 1.0443242504660657
28 52 1.3048264859562404
28 53 1.2884501232616958
28 54 1.1897893152918284
28 55 1.2582953596724142
28 56 1.4845947636911694
28 57 1.411409525225477
28 58 1.3091444628311335
28 59 0.8943398735072224
28 60 1.2015269823656858
28 61 1.1618877237792509
28 62 1.134320197914986
28 63 1.2493645755871905
28 64 1.2063471874370795
28 65 1.2833041820904083
28 66 1.5568131528683655
28 67 1.321325722578505
28 68 1.1914282882693628
28 69 1.4436490663228698
28 70 1.283636454857196
28 71 1.229238778135607
28 72 1.2776451396054997
28 73 1.0950555792098469
28 74 1.3130808347136063
28 75 1.285513832316104
28 76 1.1313288320440926
28 77 1.4324205312792027
28 78 1.3831580202469491
28 79 1.439296915113803
28 80 1.240527602292522
28 81 1.0069302828261455
28 82 1.3007536750397555
28 83 1.2539568662065355
28 84 1.2912639053633568
28 85 1.2230723714203648
28 86 1.247265467084269
28 87 1.2450114063749296
28 88 1.3655583541763212
28 89 1.217968358065118
29 30 1.3202830883255483
29 31 1.3298206433806496
29 32 1.2265127055326297
29 33 1.184378249247731
29 34 1.3257703111982102
29 35 1.3044312150948512
29 36 1.3155867639144605
29 37 1.2221639103111555
29 38 1.2649095421678365
29 39 1.206235100146065
29 40 1.235251411665193
29 41 1.373811595693811
29 42 1.2650247731777295
29 43 1.2402029669571395
29 44 1.4095870249656715
29 45 1.3664233210898982
29 46 1.3541654571793424
29 47 1.3427887597436636
29 48 1.3742717646687383
29 49 1.2534381556188308
29 50 1.1238791235014074
29 51 1.3465736237072976
29 52 1.3303958448877053
29 53 1.2026108848895922
29 54 1.2820826058827994
29 55 1.2272996848129891
29 56 1.432418454449897
29 57 1.2853679706346477
29 58 1.3362286581572331
29 59 1.1969290004563702
29 60 1.275410629334753
29 61 1.2435142265321508
29 62 1.3891987049941834
29 63 1.2484377059378042
29 64 1.2258571326182577
29 65 1.3107254976817575
29 66 1.4244818504406545
29 67 1.2968609300508254
29 68 1.2558053473457538
29 69 1.4119801436274884
29 70 1.2486023135750073
29 71 1.2183255769428767
29 72 1.2636820800784925
29 73 1.293641151616078
29 74 1.2765671000504557
29 75 1.2445260018642297
29 76 1.242653964936506
29 77 1.3345303094016243
29 78 1.305742265025533
29 79 1.3921923895160502
29 80 1.2619181964480202
29 81 1.161074382419764
29 82 1.3869848405029073
29 83 1.307418935875512
29 84 1.4573421831158493
29 85 1.3116474928021953
29 86 1.2263697111836964
29 87 1.2620499591475096
29 88 1.3363624466414328
29 89 1.3449376654445564
30 31 1.2487676381819288
30 32 1.4878915144022276
30 33 1.2450390583948026
30 34 1.2527261825207527
30 35 1.3830720476611753
30 36 1.2454758374461947
30 37 1.088047280240444
30 38 1.2759190126454811
30 39 1.222363563423066
30 40 1.1961972613739071
30 41 1.2151845952321718
30 42 1.1994242382467422
30 43 1.3351288248300683
30 44 1.4357825442940675
30 45 1.3237637423469695
30 46 1.3759033752526348
30 47 1.3492538324528114
30 48 1.2930253533249192
30 49 1.3370177909936494
30 50 1.316029574422148
30 51 1.0142281451737805
30 52 1.3735076792271315
30 53 1.00983085069633
30 54 1.0183257988863912
30 55 1.3458546802405493
30 56 1.4360804042956468
30 57 1.3334676311182092
30 58 1.2470468604932732
30 59 1.3116449303875333
30 60 1.192865469818269
30 61 1.2862140670291482
30 62 1.1523917552334428
30 63 1.232835222546148
30 64 1.2243524312272636
30 65 1.3595492046709787
30 66 1.4269630567121816
30 67 1.1575349629825766
30 68 1.158164987292605
30 69 1.3829394322616715
30 70 1.3240835382329097
30 71 1.1785003841793982
30 72 1.4124577586117144
30 73 1.2568748182080256
30 74 1.3151377940172972
30 75 1.356844024236714
30 76 1.0160756895381307
30 77 1.2715768176153666
30 78 1.333871073067918
30 79 1.3164485247666282
30 80 1.3224225252549544
30 81 1.222194766200383
30 82 1.324179603099997
30 83 1.372032944273957
30 84 1.4878412718430334
30 85 1.2764132588371406
30 86 1.4519764438821658
30 87 1.2564244391727886
30 88 1.409542853659167
30 89 1.3031855869403564
31 32 1.2844731540247938
31 33 1.2373000589338579
31 34 1.1658955669929287
31 35 1.291595210012606
31 36 1.327508000189604
31 37 1.2442765928548711
31 38 1.3100174046456354
31 39 1.2119773993015577
31 40 1.2268069215932562
31 41 1.2090900361216474
31 42 1.084776170155208
31 43 1.2943165346670231
31 44 1.3830615256726515
31 45 1.2818979879653234
31 46 1.3906706143641947
31 47 1.225034684901576
31 48 1.3493523332665147
31 49 1.2245248666689013
31 50 1.313391005223641
31 51 1.1314331516611045
31 52 1.3325143456162523
31 53 1.154417613114646
31 54 1.270174549918319
31 55 1.3862847190937186
31 56 1.3356287153155968
31 57 1.3689554610493437
31 58 0.9793725091080426
31 59 1.2664906153101618
31 60 1.1387404286447467
31 61 1.1561906337511125
31 62 1.2853912576731648
31 63 1.1109058520179977
31 64 1.2632740728557308
31 65 1.3076567211499466
31 66 1.417568189857935
31 67 1.2027927799726745
31 68 1.0529172933021615
31 69 1.3835942562960801
31 70 1.2832901602796025
31 71 1.2936621124798322
31 72 1.3631289429037245
31 73 1.202642842797509
31 74 1.2869381734796592
31 75 1.3128381150131985
31 76 1.1983950613766137
31 77 1.312304363346364
31 78 1.3234283474520432
31 79 1.3332881176702442
31 80 1.3639426492080384
31 81 1.256839320701865
31 82 1.2630276626828532
31 83 1.3158268338903163
31 84 1.4045317612021406
31 85 1.2875552223606137
31 86 1.3290640891444059
31 87 1.2422420843782596
31 88 1.3092308160789528
31 89 1.2560610124004974
32 33 1.2987128101265977
32 34 1.299003042518539
32 35 0.928307285011986
32 36 1.3875969891410904
32 37 1.3519727067007141
32 38 1.3437704965350774
32 39 1.2801010344100885
32 40 1.2954129721177254
32 41 1.3325903338733072
32 42 1.2938770394149568
32 43 1.2298775981352357
32 44 1.2181267114510816
32 45 1.304010670719364
32 46 1.4917188944415796
32 47 1.3086788652563515
32 48 1.4818209590949558
32 49 1.1624121182229306
32 50 1.4253265340629548
32 51 1.3102856344504696
32 52 1.4748369433887782
32 53 1.3336094569089298
32 54 1.417797171295088
32 55 0.8491987606877874
32 56 1.3260104225729068
32 57 1.4308839741384345
32 58 1.2996433342386025
32 59 1.2309468722825647
32 60 1.3447631384701748
32 61 1.1959034767682541
32 62 1.4013396788865762
32 63 1.364708105299754
32 64 1.3279501540435756
32 65 1.1029425465901752
32 66 1.3307655850938436
32 67 1.4151596199376844
32 68 1.2720281076252251
32 69 1.3410956494322332
32 70 1.3541394303941312
32 71 1.313466091836834
32 72 0.9059274958440058
32 73 1.1840213769937467
32 74 1.4060554614586942
32 75 0.8653576275270889
32 76 1.2828785836057544
32 77 1.4561974240599163
32 78 1.413304548757146
32 79 1.3736396896182688
32 80 1.2986395734744636
32 81 1.1793161646143098
32 82 1.3195416575632697
32 83 1.2664752687370664
32 84 1.2445502532856174
32 85 1.4942245503114204
32 86 0.6673223672357202
32 87 1.341756077619701
32 88 1.2130982776860697
32 89 1.399445105251816
33 34 1.2083196579453297
33 35 1.291873964445225
33 36 1.368995110429856
33 37 1.147471830339933
33 38 1.2447518599641891
33 39 0.6202011587352505
33 40 0.742639136539705
33 41 1.2916427901138525
33 42 0.9918621769768791
33 43 1.1742691426548932
33 44 1.4780878642387056
33 45 1.2983962788285783
33 46 1.2980099255298028
33 47 1.4541800570143335
33 48 1.3026215501477871
33 49 1.2249634461196566
33 50 1.1673896606198297
33 51 1.0326672570405024
33 52 1.319897584836302
33 53 1.201702488594678
33 54 1.183247513197811
33 55 1.1915565497427387
33 56 1.5064104301127363
33 57 1.4615103824912787
33 58 1.204377603332725
33 59 0.5042108828935586
33 60 1.15846200263765
33 61 1.0743657203320187
33 62 1.2072590084882184
33 63 1.2734275444093162
33 64 1.1462235196249666
33 65 1.3685824430212816
33 66 1.639848196060557
33 67 1.2301046852309705
33 68 1.1733689203972733
33 69 1.4603496737101445
33 70 1.2904804538485424
33 71 1.2655219729877851
33 72 1.2955580763261816
33 73 1.019742678709223
33 74 1.3169768468993073
33 75 1.2560453460488858
33 76 1.1992918919875635
33 77 1.4330428964741155
33 78 1.3472280426241388
33 79 1.4282284763287096
33 80 1.115271109448075
33 81 0.8243796553241427
33 82 1.2588988445704532
33 83 1.297648995249966
33 84 1.4496681926933899
33 85 1.1433650613204926
33 86 1.1979680029260782
33 87 1.1906953988161224
33 88 1.456607121456442
33 89 1.172845082147272
34 35 1.269137110623324
34 36 1.3296480537337374
34 37 1.2466058237555735
34 38 1.362437289755174
34 39 1.1393926135857466
34 40 1.2118151744197512
34 41 0.6529721552889114
34 42 1.1525507946299962
34 43 1.205529482258589
34 44 1.358699938648811
34 45 1.354221064528668
34 46 1.39163640022542
34 47 1.2661499434989074
34 48 1.2904031003242022
34 49 1.2076105513192217
34 50 1.3690428976894904
34 51 1.1250363907831993
34 52 1.2475569690232502
34 53 1.2950432297504006
34 54 1.2732239553292566
34 55 1.3552524105177097
34 56 1.3508540157565134
34 57 1.41007500435964
34 58 1.2800962740963917
34 59 1.2034757490800863
34 60 1.318992681839748
34 61 1.272320180143516
34 62 1.3185495265421614
34 63 1.212671909779404
34 64 1.1241522210353605
34 65 1.3050315426455668
34 66 1.486191503242558
34 67 1.245836092784745
34 68 1.0750094708667057
34 69 1.3145820558372783
34 70 1.2165150808258642
34 71 1.2294474118375975
34 72 1.3554048668818524
34 73 1.1903912690795044
34 74 1.3709718102420605
34 75 1.2516296562085454
34 76 1.1408969510429496
34 77 1.3248992170344804
34 78 1.2406350254536573
34 79 1.316472388926003
34 80 1.3079312320980099
34 81 1.2458272968628779
34 82 1.2098606984786888
34 83 1.3518752041931812
34 84 1.3491004978758458
34 85 1.2968725074592478
34 86 1.339673082297537
34 87 1.3273392197635865
34 88 1.3121863778669784
34 89 1.2546487420547643
35 36 1.2749377127713106
35 37 1.376888801579619
35 38 1.4344687588480214
35 39 1.263151352703342
35 40 1.305595872647607
35 41 1.295453171673367
35 42 1.3184278910540839
35 43 1.4055354059842442
35 44 1.267897222633609
35 45 1.3260900801715394
35 46 1.4836011220496494
35 47 1.3189365254965966
35 48 1.4889648411267904
35 49 1.236924146769923
35 50 1.3669798726875275
35 51 1.2339838176942282
35 52 1.3150631083811957
35 53 1.4464842418236648
35 54 1.4244211523063997
35 55 0.9121174573434948
35 56 1.292230125873028
35 57 1.4360300512140098
35 58 1.3298588357259404
35 59 1.2339850549020506
35 60 1.4070995640116373
35 61 1.2673753803184102
35 62 1.3519747350473972
35 63 1.3842063624886354
35 64 1.3147945620178716
35 65 1.289297718972403
35 66 1.407580504611658
35 67 1.42831753722392
35 68 1.2381329938732377
35 69 1.3847662547343351
35 70 1.25252935895447
35 71 1.3283670175349245
35 72 0.9462182902932907
35 73 1.337415025791548
35 74 1.465140518693823
35 75 0.90994714064747
35 76 1.235210665911861
35 77 1.461570441391622
35 78 1.3784017462493594
35 79 1.4529275195120135
35 80 1.5120284165093554
35 81 1.1765995390368271
35 82 1.272772021155976
35 83 1.2482719887009541
35 84 1.2749213096258392
35 85 1.3125718353719757
35 86 0.850489619239201
35 87 1.237624575788628
35 88 1.2536442890736395
35 89 1.3880107004234574
36 37 1.4017697615337135
36 38 1.316526216512102
36 39 1.3308130281970179
36 40 1.330445387333482
36 41 1.2201441679488856
36 42 1.2134963500665394
36 43 1.3073611344360239
36 44 1.3053371444139277
36 45 1.4081243604953484
36 46 1.375186391568449
36 47 1.1000616028703964
36 48 1.374113430271576
36 49 1.33349092890555
36 50 1.3497629971645673
36 51 1.1849193349858198
36 52 1.4071934711212801
36 53 1.2565415531229982
36 54 1.2894045064301893
36 55 1.2679490649664746
36 56 1.0767909250767789
36 57 1.3419833809167707
36 58 1.1719686440234598
36 59 1.4132751102712373
36 60 1.2911825594898108
36 61 1.2310264183054864
36 62 1.3534370419013224
36 63 1.2275350602488664
36 64 1.2984088498990074
36 65 1.3203131389402014
36 66 1.365345615442676
36 67 1.2463829856148607
36 68 1.2337967123071545
36 69 1.3137659277089593
36 70 1.2466470662849642
36 71 1.2736095543658168
36 72 1.3622316756216288
36 73 1.420428528547049
36 74 1.375786580388218
36 75 1.2751096439320562
36 76 1.2801437314124355
36 77 1.2483251162495523
36 78 1.2246526779250968
36 79 1.1523700179704333
36 80 1.3360664666591466
36 81 1.3282363797672303
36 82 1.3891784802687808
36 83 1.3787546293313953
36 84 1.3701804728156564
36 85 1.0703411560678797
36 86 1.3726192837372106
36 87 1.298027191731832
36 88 1.1992808086469366
36 89 1.3559117489827228
37 38 1.2777237551167209
37 39 1.1232619842287088
37 40 1.1407863408291454
37 41 1.2503956168511476
37 42 1.07226255499585
37 43 1.2694428232535233
37 44 1.4015049823457155
37 45 1.300071671007464
37 46 1.4294194165208702
37 47 1.4286160225438944
37 48 1.3199232635277371
37 49 1.1195700602480283
37 50 1.2681047157802392
37 51 1.1173248329213947
37 52 1.3768229176925908
37 53 1.0587014127007943
37 54 0.7451563288329514
37 55 1.3709594173549045
37 56 1.4693617542568684
37 57 1.4303500740098611
37 58 1.34383551425701
37 59 1.154099056280121
37 60 1.1317554008240098
37 61 1.1673717350451078
37 62 1.2715230923500807
37 63 1.1897551611500616
37 64 1.1676281845261431
37 65 1.3014976866430823
37 66 1.5177890948712685
37 67 1.1489353505908606
37 68 1.1692387823505443
37 69 1.41104269240712
37 70 1.3738363066470711
37 71 1.1293741484987971
37 72 1.4310317656316751
37 73 1.1669005195259146
37 74 1.2172005362664584
37 75 1.329531910281421
37 76 1.1666063416069867
37 77 1.2864370377413372
37 78 1.3925390618620967
37 79 1.355282636758364
37 80 1.2513190304532849
37 81 1.1478569272885506
37 82 1.333014709547447
37 83 1.367463705878391
37 84 1.4916233905724694
37 85 1.2767636704891887
37 86 1.3966103058058854
37 87 1.2264511501858766
37 88 1.4089094306483003
37 89 1.3851015511679425
38 39 1.1652030219249865
38 40 1.2408736001988463
38 41 1.3695936802190583
38 42 1.184153062058357
38 43 1.1506751253091405
38 44 1.4296372670865911
38 45 1.2728361351433768
38 46 1.2869253347490843
38 47 1.3509984043766843
38 48 1.3117414096441027
38 49 1.2350363122267474
38 50 1.2612542404157563
38 51 1.1386617612776413
38 52 1.329088483287355
38 53 1.2387412996813916
38 54 1.2937045860230898
38 55 1.3352048686336149
38 56 1.4314397213032672
38 57 1.44175616822055
38 58 1.2722210830439191
38 59 1.2008042805958399
38 60 1.2746693344021247
38 61 1.1381136475308888
38 62 0.9405406937376487
38 63 1.170300729131725
38 64 1.3626668651894949
38 65 1.294690012636862
38 66 1.454475508728226
38 67 1.3598401607753128
38 68 1.2575036790276566
38 69 1.3999793616711107
38 70 1.3554915457225698
38 71 1.1551611788982605
38 72 1.3707700672005505
38 73 1.2316366166325303
38 74 1.2232986759854783
38 75 1.317297933092258
38 76 1.235447938852739
38 77 1.2899211239076778
38 78 1.3161843029915588
38 79 1.4175315168938107
38 80 1.1610511662566787
38 81 1.240300201662489
38 82 1.3626860437860007
38 83 1.4058114777582562
38 84 1.4667741824918439
38 85 1.3497920709400937
38 86 1.3329228817616494
38 87 1.286375084447051
38 88 1.3565232174283757
38 89 1.2822386436913897
39 40 0.7657420991945623
39 41 1.2009193780825373
39 42 0.9870079635716519
39 43 1.0427740361858402
39 44 1.4430204791020926
39 45 1.2855691284333324
39 46 1.2812594853703967
39 47 1.4183368751658962
39 48 1.288689762532223
39 49 1.1619082687765772
39 50 1.1794948138729555
39 51 1.044644437774399
39 52 1.2601698221693707
39 53 1.1929438604310254
39 54 1.1555723240702145
39 55 1.2163023705966887
39 56 1.5332831415492092
39 57 1.449685523032274
39 58 1.1754717561541588
39 59 0.6784925281928822
39 60 1.2151826829605303
39 61 1.0603524242701894
39 62 1.23810544104679
39 63 1.2625691669234818
39 64 1.1512696151388615
39 65 1.3117755747755404
39 66 1.6289976149393568
39 67 1.204088068218804
39 68 1.1249236530734148
39 69 1.4643234824496043
39 70 1.2788592197338953
39 71 1.1827100082671884
39 72 1.314503140522935
39 73 1.0152872425364476
39 74 1.3253001351455747
39 75 1.2208835213466087
39 76 1.2129517723591376
39 77 1.4248771883521028
39 78 1.2639386437173854
39 79 1.4720564612685219
39 80 1.0513457639494497
39 81 0.8485741947350381
39 82 1.2898615582572281
39 83 1.3136966628781994
39 84 1.4258470151269946
39 85 1.1941545835700802
39 86 1.1807738898015068
39 87 1.148196291293726
39 88 1.3979597743516852
39 89 1.1980556519987675
40 41 1.2077891367855287
40 42 1.1524139180458242
40 43 1.1523627813445092
40 44 1.4280854987991076
40 45 1.228306002736267
40 46 1.3449693044401436
40 47 1.2896597633438944
40 48 1.3973071421889662
40 49 1.2284498577570535
40 50 1.1614335843926467
40 51 1.023963039129604
40 52 1.2965579722217786
40 53 1.1941809592109232
40 54 1.1268389337030036
40 55 1.2085037303414674
40 56 1.3883533190946382
40 57 1.433874101006713
40 58 1.2369557691435666
40 59 0.8138901124808707
40 60 1.2042614410746764
40 61 1.0648652088337491
40 62 1.2238448069535162
40 63 1.1852672359761245
40 64 1.1186701167886526
40 65 1.2681465220447277
40 66 1.5621313429290453
40 67 1.2709972819162045
40 68 1.1418306792058766
40 69 1.427965368500995
40 70 1.2467625467085162
40 71 1.217561827803021
40 72 1.307150189034372
40 73 1.1391628553221675
40 74 1.4369088763315923
40 75 1.227294007282343
40 76 1.14613493828679
40 77 1.3141383320926139
40 78 1.3359535285630877
40 79 1.3162273210032844
40 80 1.0557076758331065
40 81 0.8736627355291894
40 82 1.2725881065613203
40 83 1.2827324660192088
40 84 1.3484262544159753
40 85 1.211927071255671
40 86 1.227386732237943
40 87 1.0878673822561487
40 88 1.3761339370889454
40 89 1.3067200925977298
41 42 1.1542066143302225
41 43 1.2321187671787273
41 44 1.3483668799527893
41 45 1.3969885306887364
41 46 1.4279739601153927
41 47 1.154850807125268
41 48 1.3873606229709448
41 49 1.2193449531718603
41 50 1.3708040007476066
41 51 1.1043016715974752
41 52 1.3151984395700114
41 53 1.257966324036943
41 54 1.2424665401916426
41 55 1.3363292479992521
41 56 1.334316429762305
41 57 1.3890272117088311
41 58 1.2980983248959792
41 59 1.2858285094874773
41 60 1.3139263205046758
41 61 1.237918002541063
41 62 1.3078432409545142
41 63 1.2590852613025554
41 64 1.1747374502779628
41 65 1.314837942312066
41 66 1.458749191535571
41 67 1.2626452657009517
41 68 1.055122044797477
41 69 1.3128954735662683
41 70 1.2580015652337966
41 71 1.2233962465520025
41 72 1.325228536901064
41 73 1.252809234220457
41 74 1.3530815901427025
41 75 1.2227731885930997
41 76 1.094601880156382
41 77 1.3209058108419902
41 78 1.2587754059127176
41 79 1.3495090189057124
41 80 1.33260062705317
41 81 1.2819692430300904
41 82 1.2187048723070957
41 83 1.3388985388699695
41 84 1.3625917803253782
41 85 1.2471390163888092
41 86 1.3572589101925197
41 87 1.3345871431163936
41 88 1.2521535012589045
41 89 1.3354837018014918
42 43 1.2213534768856524
42 44 1.4027126155100356
42 45 1.224621265203444
42 46 1.244460270178932
42 47 1.2620865306176423
42 48 1.1996574951779866
42 49 1.1267367923577574
42 50 1.247772675233193
42 51 0.8264908095189435
42 52 1.3724260372948847
42 53 1.0551728464164472
42 54 1.0963599901596024
42 55 1.3587926624970954
42 56 1.4147602637573238
42 57 1.3279175531357037
42 58 1.1211322102545178
42 59 1.0498944613421934
42 60 1.002760410485283
42 61 0.9077837362778988
42 62 1.2145319408329656
42 63 1.1371022385925011
42 64 1.1631401793320602
42 65 1.3183045619764366
42 66 1.4937483660080424
42 67 1.0193718248040067
42 68 1.0188986489720795
42 69 1.4200162531034188
42 70 1.3287053425700392
42 71 1.151833486144091
42 72 1.3468644191012589
42 73 1.1285942710452646
42 74 1.1201987573257288
42 75 1.2709267947149734
42 76 1.166567948064619
42 77 1.3173662212423995
42 78 1.2507763154046552
42 79 1.3436611630877313
42 80 1.2172695294550118
42 81 1.0564878708221037
42 82 1.2437404589626824
42 83 1.3462590832029988
42 84 1.5179368842019425
42 85 1.1057975449730995
42 86 1.3369880957851186
42 87 1.085923243929021
42 88 1.2918731605031306
42 89 1.194084309870741
43 44 1.3596316216426132
43 45 1.2579536057576846
43 46 1.4497194347403681
43 47 1.3875856006521756
43 48 1.3069809650208728
43 49 1.2556682749974344
43 50 1.4154414464885612
43 51 1.146692654783309
43 52 1.3004543390868721
43 53 1.2071881667980837
43 54 1.242266320271194
43 55 1.2622491291418014
43 56 1.4567750828846793
43 57 1.3726324767852303
43 58 1.2573958807613532
43 59 1.1499420839509054
43 60 1.3182778999813065
43 61 1.152385234026082
43 62 1.2119246197017952
43 63 1.2697207277439477
43 64 1.2378709486931756
43 65 1.252729669205567
43 66 1.4571027968827623
43 67 1.3115631802559726
43 68 1.2263910564705371
43 69 1.333444871677939
43 70 1.282116396109675
43 71 1.246710942499532
43 72 1.2135946616645998
43 73 1.1156738255210588
43 74 1.350943530801203
43 75 1.2451101841968453
43 76 1.2794143983986401
43 77 1.372931617115129
43 78 1.3044660367335261
43 79 1.4514614703431428
43 80 1.120490715921028
43 81 1.1772155191630167
43 82 1.4608027019582317
43 83 1.3633500757983472
43 84 1.4499267897050188
43 85 1.270188468504216
43 86 1.2126762808777283
43 87 1.3184086611335122
43 88 1.345494614207821
43 89 1.337044329337308
44 45 1.3848015005000878
44 46 1.4413303853328294
44 47 1.341184718871915
44 48 1.4373678762319089
44 49 1.3332285024217512
44 50 1.4082869110376652
44 51 1.321303209621065
44 52 1.4760498127368966
44 53 1.3373344812178074
44 54 1.3931855447205221
44 55 1.4120569675512058
44 56 1.304404521100092
44 57 1.3493498909352397
44 58 1.224799709623573
44 59 1.4933145038433029
44 60 1.455354480739149
44 61 1.3037666077670826
44 62 1.3018089975540978
44 63 1.253799715746708
44 64 1.3738342040598799
44 65 1.2279563741258772
44 66 1.1808028305311047
44 67 1.327201652393149
44 68 1.2710195676970202
44 69 1.2991757243242348
44 70 1.292443364646072
44 71 1.2611723387272975
44 72 1.3236241042137529
44 73 1.3158488871775686
44 74 1.4605184917927205
44 75 1.2680250072470192
44 76 1.4298732402976044
44 77 1.1893077717831328
44 78 1.2808280302051294
44 79 1.4559861440075137
44 80 1.400866052188157
44 81 1.4426370432887812
44 82 1.4909086703583603
44 83 1.3232908700535562
44 84 1.2110878080093763
44 85 1.4826188577869193
44 86 1.3180129369588034
44 87 1.351855628557095
44 88 1.3177816521708714
44 89 1.3878571907753432
45 46 1.4067952888846968
45 47 1.3626918702723503
45 48 1.2609132779424101
45 49 1.3645989370120792
45 50 1.3846086222904928
45 51 1.1955422109501825
45 52 1.270130450722768
45 53 1.3272429774755174
45 54 1.2908826701350797
45 55 1.3614035998355902
45 56 1.4758387182199968
45 57 1.3194944871603516
45 58 1.411866208575341
45 59 1.224328585492595
45 60 1.3216981342930316
45 61 1.3068544062624305
45 62 1.2738492732691977
45 63 1.2408649910801308
45 64 1.2840530407597501
45 65 1.3300969735984651
45 66 1.362224030141884
45 67 1.3882591833807645
45 68 1.2777194467154471
45 69 1.4413657580064951
45 70 1.3422243553657605
45 71 1.2238975297139603
45 72 1.2980892887505808
45 73 1.3453332926080563
45 74 1.4221281997049036
45 75 1.3573868945529115
45 76 1.3647754745184753
45 77 1.4376405870980844
45 78 1.3473454846215245
45 79 1.3939264438105277
45 80 1.265436147762806
45 81 1.2436401770002656
45 82 1.3642776360323217
45 83 1.2742167584068467
45 84 1.306986562491428
45 85 1.4119841579745867
45 86 1.3446480424136633
45 87 1.3116530750770259
45 88 1.43089926529212
45 89 1.2781737086663045
46 47 1.4324810305774616
46 48 1.3625603706964464
46 49 1.4081251346411134
46 50 1.1927612046884681
46 51 1.361413923125398
46 52 1.3029925791320098
46 53 1.368096509649614
46 54 1.421267470861139
46 55 1.5066396767998365
46 56 1.4663199246766838
46 57 1.3802209356688353
46 58 1.319749897770188
46 59 1.3167450587117935
46 60 1.283755442445831
46 61 1.3566042281671726
46 62 1.3216562609898126
46 63 1.391256888306751
46 64 1.347955925793415
46 65 1.3581571087333966
46 66 1.5353555518316204
46 67 1.3579238737982027
46 68 1.2169169505195012
46 69 1.4324374041348438
46 70 1.5220216514586817
46 71 1.253824076452464
46 72 1.4799536103287088
46 73 1.322982483299206
46 74 1.2956905155182274
46 75 1.5231668014195465
46 76 1.4036466878947005
46 77 1.3203102057367742
46 78 1.3710151487607625
46 79 1.468555189748162
46 80 1.2883746672819263
46 81 1.3730059417506382
46 82 1.2958890867096813
46 83 1.45481679558033
46 84 1.4175201348869761
46 85 1.3396306506463287
46 86 1.513276553597692
46 87 1.380186649117523
46 88 1.4030190819817734
46 89 1.331439920354115
47 48 1.3564270194175638
47 49 1.2681167121147923
47 50 1.311884747735151
47 51 1.2322791808921734
47 52 1.4228414030766392
47 53 1.3429797328894564
47 54 1.324661885793685
47 55 1.312745140110137
47 56 0.8783368633187569
47 57 1.2036140466882184
47 58 1.2407329595573486
47 59 1.5132407240905181
47 60 1.3222553120379068
47 61 1.235397524457298
47 62 1.362483177591359
47 63 1.2442599640810221
47 64 1.3981387549145532
47 65 1.2011005855294055
47 66 1.2665129715765917
47 67 1.2847612916212714
47 68 1.1788537671106756
47 69 1.3219854620113254
47 70 1.3742325152733257
47 71 1.4091480921397557
47 72 1.3025436463199453
47 73 1.4081970755087319
47 74 1.4377156281321115
47 75 1.3480165006148748
47 76 1.20719946851657
47 77 1.2676012314914433
47 78 1.290274277460329
47 79 1.0771830990712608
47 80 1.3644443374409947
47 81 1.367697579687868
47 82 1.372161127063384
47 83 1.4028638011029684
47 84 1.2680489791767842
47 85 1.3093225566701772
47 86 1.3275730296637431
47 87 1.2680316411889274
47 88 1.2036122706812766
47 89 1.28565768620479
48 49 1.471889186251427
48 50 1.4192780078299685
48 51 1.3087998321363752
48 52 1.3287343242056666
48 53 1.317800479676827
48 54 1.3392687564720303
48 55 1.5430141069165153
48 56 1.3809308160927412
48 57 1.2584605949274843
48 58 1.3429216846920284
48 59 1.3575327756106714
48 60 1.391667621397368
48 61 1.3130722079418837
48 62 1.29067510570873
48 63 1.2700474018569574
48 64 1.2644939804678925
48 65 1.3518048100072553
48 66 1.4162631834642032
48 67 1.2860353463858696
48 68 1.3390082453956649
48 69 1.3053179494769296
48 70 1.2624144590111155
48 71 1.34020013796331
48 72 1.4434878141646614
48 73 1.3435563012092913
48 74 1.3014234264063198
48 75 1.5784913018759337
48 76 1.345052825466144
48 77 1.3678925157933426
48 78 1.1070908615537367
48 79 1.4061636818359096
48 80 1.2478779344746345
48 81 1.3676125442639357
48 82 1.2965943300302312
48 83 1.3158865726594433
48 84 1.3816928283670897
48 85 1.3075518308710166
48 86 1.498293493101281
48 87 1.2985827713727318
48 88 1.6173222203881898
48 89 1.2960276762715508
49 50 1.2748452229579113
49 51 1.1079995518153452
49 52 1.3626600748831028
49 53 1.269124858231439
49 54 1.1675327952899008
49 55 1.2508498070454521
49 56 1.3547353529087978
49 57 1.3967262654739032
49 58 1.2538703775400208
49 59 1.21000630493776
49 60 1.1843922327323146
49 61 1.135595317204074
49 62 1.237613756300172
49 63 1.32764512841504
49 64 1.345646364882058
49 65 1.2204535778764238
49 66 1.4906581439227546
49 67 1.1948192240648114
49 68 1.0325812410062782
49 69 1.51746053459779
49 70 1.4553347824215868
49 71 1.1659857324394984
49 72 1.2585862166984987
49 73 1.1804606255606134
49 74 1.3162755626010836
49 75 1.202530252109175
49 76 1.2099483787901701
49 77 1.310848943607468
49 78 1.3214447971003374
49 79 1.381176676789648
49 80 1.2612773640064308
49 81 1.20849970737735
49 82 1.280039314528975
49 83 1.413350039177763
49 84 1.3897459804384453
49 85 1.284677390930321
49 86 1.163797112984533
49 87 1.2674241434967946
49 88 1.2383341832362054
49 89 1.3216297624364697
50 51 1.2788653042689153
50 52 1.3302086256239583
50 53 1.2831719319925265
50 54 1.2722346115326049
50 55 1.356592010804186
50 56 1.455528088628963
50 57 1.346766114405621
50 58 1.3271280078864325
50 59 1.1774301552959643
50 60 1.1318013224406882
50 61 1.2335814701454229
50 62 1.3104859519286325
50 63 1.2822442855131853
50 64 1.2793487460541357
50 65 1.4112263388203448
50 66 1.4981324631460382
50 67 1.2727842249063563
50 68 1.2544475941723254
50 69 1.4976290983136238
50 70 1.415014627421756
50 71 1.2771608696473062
50 72 1.4436251825762307
50 73 1.2646641298894803
50 74 1.2408952002203135
50 75 1.3666234876507446
50 76 1.3708674585356442
50 77 1.256902544203852
50 78 1.3567273787846414
50 79 1.3229497748885257
50 80 1.2136161009756683
50 81 1.2460525992134583
50 82 1.202237879738469
50 83 1.4115091584864323
50 84 1.4202903298241838
50 85 1.3011366957419104
50 86 1.4140330094781584
50 87 1.2549043815403427
50 88 1.3670299432792865
50 89 1.3121847586041393
51 52 1.2488586259501735
51 53 1.001319770889312
51 54 1.0540069787271176
51 55 1.313741053824253
51 56 1.3743551265200202
51 57 1.2845654347285718
51 58 1.098136018757074
51 59 1.048422961742482
51 60 1.0324496417560838
51 61 0.8817404910207127
51 62 1.0332434787880345
51 63 1.011465063235421
51 64 1.1482253991836602
51 65 1.2361422037686942
51 66 1.38909639965295
51 67 1.1206383073835342
51 68 1.0015114299220074
51 69 1.400531651583749
51 70 1.2312994675073639
51 71 1.0648868932863818
51 72 1.2758805369882424
51 73 1.1002443770173567
51 74 1.255041601179623
51 75 1.1974950751910893
51 76 1.0124070419062274
51 77 1.2406158079221627
51 78 1.2154050250563393
51 79 1.320656531296422
51 80 1.2251479432912342
51 81 1.0383238725617692
51 82 1.195334869016076
51 83 1.3295254864057713
51 84 1.4626600885814494
51 85 1.1452077783387777
51 86 1.3044846008212776
51 87 1.0655341391352304
51 88 1.291084235729354
51 89 1.2557042736376995
52 53 1.4074241415143072
52 54 1.364782075427049
52 55 1.4563873645866845
52 56 1.364672266791032
52 57 1.326748524786817
52 58 1.4047318857645414
52 59 1.1995310935173118
52 60 1.3573430797931918
52 61 1.3693660107061008
52 62 1.280675881303937
52 63 1.2889237182227318
52 64 1.22078162512284
52 65 1.3516309583623989
52 66 1.4345807887019826
52 67 1.400648400826326
52 68 1.4537705245007855
52 69 1.352260027685707
52 70 1.2862918167974875
52 71 1.2766965103971386
52 72 1.3932835247314033
52 73 1.2878516965226423
52 74 1.2825390206989093
52 75 1.4349368184037066
52 76 1.3097950299943175
52 77 1.2913944157448938
52 78 1.3065203153917033
52 79 1.3782041350386784
52 80 1.271514324464644
52 81 1.3690626025878503
52 82 1.108610287250071
52 83 1.3255928092575324
52 84 1.4033352791119962
52 85 1.2944785967822836
52 86 1.4475884564049704
52 87 1.3369533650276126
52 88 1.4160125213875252
52 89 1.4070765739931226
53 54 0.9674572144031864
53 55 1.371996399464127
53 56 1.5227784639811042
53 57 1.3522256486246798
53 58 1.295819416439733
53 59 1.243595382442782
53 60 1.0951691761493838
53 61 1.0032416565557212
53 62 1.2273057276974841
53 63 1.0887490453084354
53 64 1.2412532872037612
53 65 1.2814863892698676
53 66 1.5031412857354516
53 67 0.8884114360502536
53 68 1.1931892015761791
53 69 1.4248472880615581
53 70 1.3649012005704142
53 71 1.2040020680071604
53 72 1.374119540743796
53 73 1.1809940051427088
53 74 1.1204473165652875
53 75 1.3013268720587399
53 76 1.2144324321909474
53 77 1.0627101461385822
53 78 1.2717489157830881
53 79 1.2768466664708658
53 80 1.21672863131467
53 81 1.2209691417913215
53 82 1.3628206866047945
53 83 1.3591049166783227
53 84 1.583619025080253
53 85 1.292413074648203
53 86 1.354099372158237
53 87 1.2470678528157662
53 88 1.3670431443576518
53 89 1.2559343171624913
54 55 1.3879816766977287
54 56 1.411037104560756
54 57 1.3658541628924024
54 58 1.300144957128064
54 59 1.207840037260246
54 60 1.1878511464005408
54 61 1.1241112068639165
54 62 1.1965734930573648
54 63 1.2041651227428318
54 64 1.2274137630004927
54 65 1.3544931116416243
54 66 1.535035256568801
54 67 1.1046567777999816
54 68 1.2412539081727385
54 69 1.4901109334276683
54 70 1.3370734331988978
54 71 1.202793288712179
54 72 1.396081938914954
54 73 1.1487478738720107
54 74 1.2208965959437605
54 75 1.358054123670178
54 76 1.0992974753622407
54 77 1.2399356195785092
54 78 1.3029127294109737
54 79 1.2080476787877503
54 80 1.2354445267787622
54 81 1.1587628037539082
54 82 1.3257578287276828
54 83 1.3520083048304972
54 84 1.5033394904845434
54 85 1.2916174780815992
54 86 1.4177595099053062
54 87 1.1464098844380293
54 88 1.3685713493535
54 89 1.4019909545079634
55 56 1.2912607162022396
55 57 1.448047125906213
55 58 1.3773050025254023
55 59 1.171851482028058
55 60 1.3587865035197455
55 61 1.2402291975144555
55 62 1.40255957825488
55 63 1.4527922247635296
55 64 1.356822708468663
55 65 1.2214864963946568
55 66 1.4216254729762514
55 67 1.3878918043806798
55 68 1.3112288008527868
55 69 1.3377940112409612
55 70 1.4165949188343867
55 71 1.3693421986555196
55 72 0.8206441712312097
55 73 1.2657279414868416
55 74 1.4422031159595012
55 75 0.8379793965901797
55 76 1.3099157780728177
55 77 1.4486144537127243
55 78 1.4511061255522006
55 79 1.361675855961897
55 80 1.3210633681740966
55 81 1.1123513381608048
55 82 1.3070530398733928
55 83 1.319941612447488
55 84 1.3664381721421357
55 85 1.3374867140631947
55 86 0.6168642017542973
55 87 1.2817898706088766
55 88 1.2183202488065552
55 89 1.364500625367702
56 57 1.2899833300740047
56 58 1.2594514219611646
56 59 1.5300983665590686
56 60 1.4041028130931055
56 61 1.37457496455156
56 62 1.4032183875235256
56 63 1.2827306952205522
56 64 1.4941272083572874
56 65 1.2422068258333734
56 66 1.1967372026057843
56 67 1.3976549945576375
56 68 1.3094481252587853
56 69 1.1927866231656912
56 70 1.3721164133709123
56 71 1.4392014194487561
56 72 1.357819485181159
56 73 1.4706147904242417
56 74 1.481455089768416
56 75 1.3739753446608347
56 76 1.325825144461349
56 77 1.336470480594265
56 78 1.3681006779203873
56 79 1.0945593445605986
56 80 1.3986273831928664
56 81 1.4564176606599948
56 82 1.4090821229385868
56 83 1.4501164483818374
56 84 1.290180897363066
56 85 1.3706716711685436
56 86 1.3474445645339275
56 87 1.3194507951691603
56 88 1.268908111941921
56 89 1.4707973290440188
57 58 1.3222390249525935
57 59 1.4755491225065192
57 60 1.3669751131527523
57 61 1.2517953676140603
57 62 1.3571582706281435
57 63 1.1971697634018492
57 64 1.284032843347809
57 65 1.3464919250200378
57 66 1.274110848671424
57 67 1.2925301352399163
57 68 1.3184975456077295
57 69 1.3689543241625768
57 70 1.321615244946517
57 71 1.2345623936538113
57 72 1.325140175028711
57 73 1.4352997391284468
57 74 1.4323898652049842
57 75 1.4547470703224419
57 76 1.3621522093218539
57 77 1.319059239106153
57 78 1.2879747846034175
57 79 1.2727986039359578
57 80 1.3906034139703354
57 81 1.4774851511485665
57 82 1.3623531694625663
57 83 1.3571972401121835
57 84 1.3962903621125426
57 85 1.317886482340851
57 86 1.4443135691400115
57 87 1.3556993810757212
57 88 1.3070927824884455
57 89 1.3299548081224641
58 59 1.23888044458656
58 60 1.2210623851315643
58 61 1.14643608973364
58 62 1.2153335343791034
58 63 1.115441517896739
58 64 1.3896978959131436
58 65 1.2690820051009482
58 66 1.3173863237058463
58 67 1.1849704194559643
58 68 1.1774944709968953
58 69 1.3647580690484886
58 70 1.308644667709451
58 71 1.2786059102195784
58 72 1.3743569459764275
58 73 1.2082359257293855
58 74 1.386205206421643
58 75 1.330411943436743
58 76 1.2433203935632358
58 77 1.314386236005049
58 78 1.2442639977404304
58 79 1.2982428297768434
58 80 1.2725858859956134
58 81 1.205953779468966
58 82 1.3265533754205845
58 83 1.3834870749801846
58 84 1.4246986439420048
58 85 1.2351568955892598
58 86 1.3447927931502164
58 87 1.2054881783864413
58 88 1.3970047229600697
58 89 1.2531653137011165
59 60 1.1688470043276633
59 61 1.119513442022626
59 62 1.2055380577546424
59 63 1.2784534475589846
59 64 1.1033004170113299
59 65 1.3883983686659431
59 66 1.620691886404562
59 67 1.2935611682546053
59 68 1.272928784201555
59 69 1.4656766729917519
59 70 1.3152969586772012
59 71 1.2454580116205072
59 72 1.2630522773966462
59 73 1.0352330082239896
59 74 1.3188511932716485
59 75 1.213171509500054
59 76 1.2182439600587505
59 77 1.4428946618991452
59 78 1.3516857565191616
59 79 1.4575082514928577
59 80 1.137338760345722
59 81 0.8045824800135036
59 82 1.1774022149756285
59 83 1.365321624165542
59 84 1.4891754612384338
59 85 1.1909327096094053
59 86 1.149581425273593
59 87 1.2104174385136417
59 88 1.4686708821171819
59 89 1.2560213199201467
60 61 0.9799841368000524
60 62 1.218109737269425
60 63 1.1346705040568605
60 64 1.2304483353515903
60 65 1.3673040750755123
60 66 1.361388676387313
60 67 1.1272968817507492
60 68 1.1982027453476018
60 69 1.3762041181746683
60 70 1.4037749004465923
60 71 1.1599891298626275
60 72 1.3715416089807841
60 73 1.2148573322637972
60 74 1.092910431210193
60 75 1.2474565407751763
60 76 1.238616069949969
60 77 1.2822771512677429
60 78 1.3374062994869271
60 79 1.2388626150636084
60 80 1.1785565155692244
60 81 1.2039557623666532
60 82 1.2189355646992197
60 83 1.3890593446895827
60 84 1.4929381921721894
60 85 1.2200471365471601
60 86 1.4152619532617912
60 87 1.1998562988240147
60 88 1.295282087129968
60 89 1.289854659586092
61 62 1.0861235355735137
61 63 1.0229947760002356
61 64 1.1903063021445748
61 65 1.3085813112038018
61 66 1.372392853450991
61 67 1.1040121548468964
61 68 1.1538896714887577
61 69 1.400041708616659
61 70 1.2780348628677094
61 71 1.144816055851342
61 72 1.2110212133635012
61 73 1.1647220107896212
61 74 1.175023355796726
61 75 1.1625541069080836
61 76 1.2276018041078771
61 77 1.2624794093962688
61 78 1.2735196359939616
61 79 1.3193929289246822
61 80 1.1413846810372412
61 81 1.0678879009661737
61 82 1.211600876183127
61 83 1.3197876135261466
61 84 1.467386379661508
61 85 1.2160754091465436
61 86 1.228876702248128
61 87 1.0272121872424502
61 88 1.2930722769516227
61 89 1.1514278503594286
62 63 1.1231900574385458
62 64 1.3199185527884143
62 65 1.3571766369815073
62 66 1.40722735344008
62 67 1.2697581696012499
62 68 1.25708718719743
62 69 1.3881933792788708
62 70 1.2875595695224598
62 71 1.1812730383117611
62 72 1.3718976589625174
62 73 1.2061812841090729
62 74 1.2530166538246685
62 75 1.3825461381379593
62 76 1.1836979923445246
62 77 1.3295470039325896
62 78 1.3180309496513793
62 79 1.4475825309931298
62 80 1.3587608276281486
62 81 1.2553220897333286
62 82 1.331112732129491
62 83 1.4451716746046246
62 84 1.4386272749359954
62 85 1.2851691140234476
62 86 1.413391312237351
62 87 1.2638447962486437
62 88 1.3979432776746434
62 89 1.2563422902497372
63 64 1.1997532176015693
63 65 1.3125648535233947
63 66 1.2026858337040431
63 67 1.1318480337799013
63 68 1.1990758234578982
63 69 1.335704724646508
63 70 1.158515845992418
63 71 1.0994135046262579
63 72 1.4043476252230456
63 73 1.2569397413233914
63 74 1.2259448541093236
63 75 1.376080846727449
63 76 1.202392462003968
63 77 1.1918124891508046
63 78 1.261607823927813
63 79 1.2080386727303338
63 80 1.2100022113703313
63 81 1.276443324949848
63 82 1.2549538754881018
63 83 1.34432431143627
63 84 1.3598754228505077
63 85 1.2294529998563948
63 86 1.4540103588212256
63 87 1.1860343950902317
63 88 1.3186041094790102
63 89 1.219282689909478
64 65 1.31721712656139
64 66 1.4701341823314629
64 67 1.3076182188329677
64 68 1.112991858141315
64 69 1.2959424095063259
64 70 1.0652847477364324
64 71 1.0353203031287028
64 72 1.2701114704041356
64 73 1.249510161851625
64 74 1.3435288671165067
64 75 1.2865917523913688
64 76 1.2081490158606463
64 77 1.3582712681154943
64 78 1.2818972690776276
64 79 1.3992146698092243
64 80 1.236102156277872
64 81 1.1574099654489263
64 82 1.195023034849299
64 83 1.3364641841829807
64 84 1.3528576017149965
64 85 1.0941520200261112
64 86 1.3539649176286865
64 87 1.264648721184983
64 88 1.2462791018487922
64 89 1.259944429267718
65 66 1.3479406198175485
65 67 1.3643119881749535
65 68 1.1779370523549826
65 69 1.2399761073872277
65 70 1.279886054997082
65 71 1.2196879597552404
65 72 1.3070687058237704
65 73 1.2170372874070412
65 74 1.478892618554074
65 75 1.1485478543325105
65 76 1.3305931889782676
65 77 1.281618646202353
65 78 1.302009782616792
65 79 1.2727804536685647
65 80 1.1867696859083086
65 81 1.3621796237698856
65 82 1.3769639969627883
65 83 1.3705444660652037
65 84 1.1376927444851688
65 85 1.3779694638720057
65 86 1.1328102190642724
65 87 1.3368908114046745
65 88 1.2882949104213495
65 89 1.3606561942376847
66 67 1.4787862313882707
66 68 1.4337621840009578
66 69 1.1434745567031368
66 70 1.3210594823841262
66 71 1.3677802588551091
66 72 1.3754381311620638
66 73 1.5611577579240663
66 74 1.4336736421359342
66 75 1.4047284725951057
66 76 1.397064423632914
66 77 1.377367371339315
66 78 1.3724559412751045
66 79 1.3922492654548866
66 80 1.4593114044442588
66 81 1.5197171010147041
66 82 1.4008271816060607
66 83 1.4510734486906225
66 84 1.2540893589818092
66 85 1.4509917518140432
66 86 1.4087027912044814
66 87 1.3977284209553689
66 88 1.3525808058260191
66 89 1.391236031090651
67 68 1.1893768875245347
67 69 1.5036148840568646
67 70 1.4702572030763401
67 71 1.264314911946631
67 72 1.4630023741031888
67 73 1.235132889824677
67 74 1.1578778370640965
67 75 1.4380376893343585
67 76 1.360531723466624
67 77 1.18160309188849
67 78 1.3087700370570783
67 79 1.281841548907064
67 80 1.2815886654316742
67 81 1.3252437364593992
67 82 1.3089475603622849
67 83 1.4194784841447152
67 84 1.5590927315283925
67 85 1.1845334903107632
67 86 1.4175678708318622
67 87 1.2783247018654376
67 88 1.386789300814271
67 89 1.2289639989543772
68 69 1.4245757737889082
68 70 1.322782795792666
68 71 1.045446029876752
68 72 1.250791471575424
68 73 1.2349822757312545
68 74 1.3332890669547708
68 75 1.2861343874369233
68 76 1.1488935506885132
68 77 1.301728849947486
68 78 1.2792334182401632
68 79 1.4317338631252226
68 80 1.2400622191640964
68 81 1.1973676508605982
68 82 1.3825715924212547
68 83 1.349004345167126
68 84 1.3986717391734247
68 85 1.1940993109591749
68 86 1.3035032241361573
68 87 1.287559403064253
68 88 1.2989532457544772
68 89 1.2056185769359447
69 70 1.2961962413032362
69 71 1.3525984332285677
69 72 1.2846784828094902
69 73 1.3755286191799942
69 74 1.4008565268334716
69 75 1.2941679787827332
69 76 1.3823181520238474
69 77 1.3416687062141597
69 78 1.404749816395604
69 79 1.3996445771945931
69 80 1.3362201351006817
69 81 1.4200813849009173
69 82 1.28994837970131
69 83 1.3604519185958464
69 84 1.230358889324585
69 85 1.4183601005764446
69 86 1.3366278811631112
69 87 1.3552674204913757
69 88 1.3698960483096876
69 89 1.4417711456836664
70 71 1.194922943904219
70 72 1.3021621068796567
70 73 1.328869190189252
70 74 1.3864770058233675
70 75 1.3352796133175284
70 76 1.2340299693279027
70 77 1.3294954513344948
70 78 1.2003956046633977
70 79 1.3133518093268404
70 80 1.3783981765008462
70 81 1.320028206145842
70 82 1.3341194410587331
70 83 1.3081778673350135
70 84 1.3447592461024644
70 85 1.216890558661097
70 86 1.3670817525874164
70 87 1.3328400441830395
70 88 1.3382058050974142
70 89 1.2993478423714584
71 72 1.3269098589632309
71 73 1.2521143058268056
71 74 1.2856306921763756
71 75 1.2631664132618945
71 76 1.1381347911818684
71 77 1.2095309808040755
71 78 1.1897158289900893
71 79 1.386304937214365
71 80 1.157585880689126
71 81 1.2935449353386128
71 82 1.337593888757238
71 83 1.3264429213779425
71 84 1.3207008388796757
71 85 1.224070498264627
71 86 1.3692943505153017
71 87 1.3240570997091374
71 88 1.2121800034710701
71 89 1.2579852327922567
72 73 1.2257923818791845
72 74 1.4248596173551316
72 75 0.9368760046509278
72 76 1.2993944614938866
72 77 1.4353548289061744
72 78 1.3829443804185921
72 79 1.4112713184088668
72 80 1.354641970531251
72 81 1.1464205778996692
72 82 1.307033527458563
72 83 1.1929069103027994
72 84 1.3012220311994764
72 85 1.3025884112361046
72 86 0.7679539697124399
72 87 1.2793866907351177
72 88 1.3082928957423188
72 89 1.3364143033489642
73 74 1.3212701406631322
73 75 1.1747062675923239
73 76 1.2459086810968647
73 77 1.3468078202472786
73 78 1.3239885301935967
73 79 1.3767693781811772
73 80 1.1066724619382764
73 81 1.1200262549450282
73 82 1.2643129335599854
73 83 1.2589049903415022
73 84 1.4012363560851437
73 85 1.3100833168574464
73 86 1.2107597871130582
73 87 1.283439816798539
73 88 1.2657406848664758
73 89 1.3193038019789418
74 75 1.4223554962351102
74 76 1.3321999847903834
74 77 1.2768346232707275
74 78 1.3729484057326267
74 79 1.3624547752836274
74 80 1.274063678038588
74 81 1.3312128566575352
74 82 1.201651978232184
74 83 1.4271359618813046
74 84 1.6268538900830134
74 85 1.3205825741665116
74 86 1.4431038055111496
74 87 1.4832117916783456
74 88 1.4710721417598345
74 89 1.354631712711356
75 76 1.2432202171008995
75 77 1.4244589311060365
75 78 1.4024215646309675
75 79 1.3725892454879747
75 80 1.2986674245912797
75 81 1.1278566252392466
75 82 1.3641511324205113
75 83 1.3307142725296799
75 84 1.2630352523891517
75 85 1.358056771444788
75 86 0.7727411377952573
75 87 1.2366271801038162
75 88 1.134644132995576
75 89 1.4423685792892436
76 77 1.3145602132327134
76 78 1.329725142041522
76 79 1.3938989743616594
76 80 1.330629920407295
76 81 1.1225178544136072
76 82 1.323426394504863
76 83 1.2975781386733056
76 84 1.4084894156709682
76 85 1.288104091109639
76 86 1.3311735207226447
76 87 1.281591982477364
76 88 1.2852651599490332
76 89 1.3602127468617384
77 78 1.297076620358928
77 79 1.151161066219646
77 80 1.3046137209635886
77 81 1.46142726129983
77 82 1.3023638303284406
77 83 1.3363676637702766
77 84 1.4531848138943544
77 85 1.2865784760851264
77 86 1.4746665919164894
77 87 1.3728372988622985
77 88 1.3483718082940201
77 89 1.3074794777425733
78 79 1.3434841990260187
78 80 1.3136731590904531
78 81 1.371819928019815
78 82 1.3877549065900345
78 83 1.324107980307622
78 84 1.44948782273441
78 85 1.291682472783835
78 86 1.4175374760182076
78 87 1.2439950177486936
78 88 1.427981668732401
78 89 1.234623113404202
79 80 1.2607148086087103
79 81 1.4174194016835384
79 82 1.3592657768669345
79 83 1.4131990581327012
79 84 1.3498609798390377
79 85 1.3542986836028326
79 86 1.4309901181416587
79 87 1.3748537900853026
79 88 1.2635952416551062
79 89 1.377867456244789
80 81 1.202654165161096
80 82 1.2898835346249782
80 83 1.3287264278538296
80 84 1.393497722804553
80 85 1.2979183707316755
80 86 1.3406189421028367
80 87 1.2853227867563
80 88 1.384144414888658
80 89 1.3322376021216258
81 82 1.2597327910021534
81 83 1.2431275868068634
81 84 1.3782614983560355
81 85 1.2451891950857261
81 86 1.1107135166408426
81 87 1.0848625191019117
81 88 1.4291144621248701
81 89 1.2861366621728452
82 83 1.3913874418712366
82 84 1.3421813146203911
82 85 1.2690732689141295
82 86 1.302110842962184
82 87 1.2621691599751552
82 88 1.414372889947728
82 89 1.3771140959410528
83 84 1.2713790662949274
83 85 1.4063307817084794
83 86 1.3046408792815307
83 87 1.2898356628226642
83 88 1.3810297967173166
83 89 1.390587583845379
84 85 1.4694261881005266
84 86 1.2488187698493391
84 87 1.3789006370884078
84 88 1.2418401536192492
84 89 1.3623080396155076
85 86 1.3567630620241138
85 87 1.2716950950949675
85 88 1.31064128039889
85 89 1.1945742657575897
86 87 1.2670509127542982
86 88 1.2422542632763107
86 89 1.3600800518441338
87 88 1.3592375119764837
87 89 1.3732155027579298
88 89 1.362145810252781
