75 0
0 1 1.4747754917235396
0 2 1.4401524433946757
0 3 1.3898375695316056
0 4 1.4843221041927774
0 5 1.3923705881098416
0 6 1.2897917835588226
0 7 1.2201335731776817
0 8 1.573815092775736
0 9 1.3356479066286817
0 10 1.2490701581575485
0 11 1.3957334670073158
0 12 1.2756066635951917
0 13 1.400805540657406
0 14 1.3703148246428065
0 15 1.3355350487147541
0 16 1.4355681839168888
0 17 1.5166755937484968
0 18 1.3319067098194148
0 19 1.3657590177430659
0 20 1.3223086006244735
0 21 1.404463875407537
0 22 1.3715909190844222
0 23 1.3241215828189479
0 24 1.352621240659652
0 25 1.3463324103788104
0 26 1.1386700362023612
0 27 1.3159061129939011
0 28 1.3124648045828102
0 29 1.3049196451254819
0 30 1.0986562324382505
0 31 1.3597251585357026
0 32 1.3852578080563154
0 33 1.410745391964666
0 34 1.2501614766682678
0 35 1.3568059528333383
0 36 1.3654830575463741
0 37 1.3631319227637182
0 38 1.3033017853909072
0 39 1.3304730550616763
0 40 1.3336693153121704
0 41 1.362985901950999
0 42 1.3777600049841214
0 43 1.422925139151241
0 44 1.491619944068832
0 45 1.3882303645374718
0 46 1.4110553731010262
0 47 1.4319854330143005
0 48 1.2957345690960498
0 49 1.390053456655834
0 50 1.3648124648596855
0 51 1.393284268486436
0 52 1.4672246713009804
0 53 1.3848135746007455
0 54 1.4749388426239343
0 55 1.4798658776275193
0 56 1.4070937782640616
0 57 1.2005874818630837
0 58 1.470135507571681
0 59 1.1260983129914652
0 60 1.4816575209827574
0 61 1.3872149295561984
0 62 1.3259746552874303
0 63 1.2487352742285351
0 64 1.4787191030579525
0 65 1.3366446783230503
0 66 1.1421750870130174
0 67 1.4105646229212376
0 68 1.2931801486306906
0 69 1.2685600133515946
0 70 1.3881519673912515
0 71 1.093104769218832
0 72 1.4609550819284494
0 73 1.3439252645812276
0 74 1.4697420973411561
1 2 1.333829150661836
1 3 1.1106910882982803
1 4 1.295569779269082
1 5 1.1660661366210368
1 6 1.1486111417331246
1 7 1.533564482695003
1 8 1.0523370285158746
1 9 1.2064455737773685
1 10 1.3384210004737793
1 11 1.2429180698624094
1 12 1.1542310108088367
1 13 1.3276004076187187
1 14 1.179643255187624
1 15 1.1788984354955268
1 16 1.3978715692720813
1 17 1.389045617067564
1 18 1.3038275357906026
1 19 1.3538643044927197
1 20 1.1528452103091655
1 21 1.155324141676444
1 22 1.3294800377145386
1 23 1.2210586231403737
1 24 1.3179838735154235
1 25 1.1968119286090049
1 26 1.3456872671752576
1 27 1.2657239600930876
1 28 1.2624794636559744
1 29 1.2474793468218126
1 30 1.5416188018368937
1 31 1.3406294119246902
1 32 1.0383188295919403
1 33 1.1610960647674102
1 34 1.3232323893590128
1 35 1.0721585251024426
1 36 1.2053044134904043
1 37 1.05686507178438
1 38 1.1843166559148046
1 39 1.3853181267108663
1 40 1.218289418817684
1 41 1.145544175930351
1 42 0.8900294411842142
1 43 0.9988457798673083
1 44 1.3595370281064696
1 45 0.8206921169756177
1 46 1.1475619012455562
1 47 0.6752547394053373
1 48 1.2885534063206423
1 49 1.249161485712304
1 50 1.3084866515609583
1 51 1.275779911602908
1 52 0.7019729687389471
1 53 1.1221308235392198
1 54 1.1869006126312862
1 55 0.6002828258197036
1 56 1.2362200807209263
1 57 1.2088474192968268
1 58 1.4116100523128354
1 59 1.6288148155359359
1 60 0.7081859543728287
1 61 1.2211850903211607
1 62 1.0998195252405345
1 63 1.2335229399909033
1 64 0.9482822925399347
1 65 1.2209360143908157
1 66 1.4581638300474031
1 67 1.1193671053922352
1 68 1.21572542296616
1 69 1.2936535759775822
1 70 1.1738909229793326
1 71 1.6418342223356825
1 72 0.6886882290664836
1 73 1.254905743140644
1 74 1.050705204667972
2 3 1.3723540362012459
2 4 1.3625603706964464
2 5 1.342324745357518
2 6 1.3785765302571105
2 7 1.4233148107248086
2 8 1.385531342260556
2 9 1.2115895245482788
2 10 1.396376395297193
2 11 1.4643827904880118
2 12 1.3535061484582656
2 13 1.3623284665555573
2 14 1.2867968221681498
2 15 1.4659834045535916
2 16 1.3070035152404909
2 17 1.3708154002114608
2 18 1.5488358571675087
2 19 1.1005676480520434
2 20 1.303121612290157
2 21 1.3769871003720904
2 22 1.2736876486989532
2 23 1.498293493101281
2 24 1.3988332035017508
2 25 1.471753447255924
2 26 1.3880110748556256
2 27 1.2770792279629721
2 28 1.332168671716593
2 29 1.3605714476744326
2 30 1.4632730370893943
2 31 1.2901431112280706
2 32 1.1996574951779866
2 33 1.3541442134286474
2 34 1.2656255833723524
2 35 1.3000088281933508
2 36 1.303504775979879
2 37 1.275740414627281
2 38 1.340511579687179
2 39 1.3290286573484094
2 40 1.3701372247695953
2 41 1.3254374696675004
2 42 1.340346219840256
2 43 1.2501151814964675
2 44 1.315096609305956
2 45 1.4064609189657458
2 46 1.2444182117069102
2 47 1.3436539272321488
2 48 1.4511329445618453
2 49 1.2860763403600466
2 50 1.2848188763750423
2 51 1.3547511284320182
2 52 1.3026215501477871
2 53 1.247600585255069
2 54 1.3439226566717886
2 55 1.288689762532223
2 56 1.4431920708233446
2 57 1.3429216846920284
2 58 1.375098122349322
2 59 1.4346790789675
2 60 1.3720694011148944
2 61 1.5430141069165153
2 62 1.4073708615528209
2 63 1.342944831365797
2 64 1.3767939679659742
2 65 1.396638001275338
2 66 1.377613774187913
2 67 1.2953009473577544
2 68 1.4471486464039716
2 69 1.3857558462496755
2 70 1.2946483627245353
2 71 1.322414367109928
2 72 1.3951980860649706
2 73 1.29067510570873
2 74 1.3018230277197238
3 4 1.307954071564697
3 5 1.048420592829545
3 6 1.1668626055126128
3 7 1.3378973110815697
3 8 1.0882677972324168
3 9 1.1386555109329202
3 10 1.2311784309175327
3 11 1.3408356846960763
3 12 1.1079706785127592
3 13 1.2658250593293925
3 14 1.334782294444204
3 15 1.254721768915521
3 16 1.4719603223001518
3 17 1.468413925953057
3 18 1.208741713567233
3 19 1.3119491043892264
3 20 1.1886895702831288
3 21 1.2209836613107394
3 22 1.2988749551507897
3 23 1.2115610055411032
3 24 1.341041808165042
3 25 1.2150437624423185
3 26 1.3670445521459507
3 27 1.3492281264071766
3 28 1.332627353486302
3 29 1.3173439027660232
3 30 1.3894809818284986
3 31 1.2597284575210863
3 32 1.139967467512461
3 33 1.2349558243954977
3 34 1.3459135050570006
3 35 1.017405900942384
3 36 1.3464314376695203
3 37 1.1311907612304493
3 38 1.2634149259190255
3 39 1.4151534233744665
3 40 1.2013367437816054
3 41 1.2937386634121903
3 42 1.056887301324957
3 43 1.1891965009334469
3 44 1.2957855527205329
3 45 0.9257762616921525
3 46 1.275690767573544
3 47 1.0552473071868873
3 48 1.2385490009566147
3 49 1.3269583374665632
3 50 1.2878402329781535
3 51 1.362616088870095
3 52 1.046165820290739
3 53 1.2375245736556328
3 54 1.3646760224211294
3 55 1.042899693586249
3 56 1.2414864987231533
3 57 1.1490397205834402
3 58 1.2781365777683507
3 59 1.3282683469338796
3 60 1.0641641062831824
3 61 1.1988389577755871
3 62 1.2201614227778468
3 63 0.9335236534589719
3 64 1.2564153100274775
3 65 1.2051149224897386
3 66 1.2752563847214387
3 67 1.183208727131346
3 68 1.2078296181663384
3 69 1.229533629362083
3 70 1.1880928860533824
3 71 1.3228238983374967
3 72 1.0494116285161046
3 73 1.1512961098708931
3 74 1.1824935077326884
4 5 1.2393542985676274
4 6 1.3411965782154822
4 7 1.4409222173126153
4 8 1.3087837246407947
4 9 1.2073967900282527
4 10 1.419259695312611
4 11 1.0700404971569895
4 12 1.2287575103511232
4 13 1.3390603651230388
4 14 1.3258748108852925
4 15 1.5237247587825502
4 16 1.3751159588380877
4 17 1.3409200383614035
4 18 1.4394012016346907
4 19 1.4511701270214439
4 20 1.3724593417402993
4 21 1.3255530709525019
4 22 1.3657631022197148
4 23 1.513276553597692
4 24 1.3660409225930723
4 25 1.5089933407437313
4 26 1.3784807617212194
4 27 1.352216012662529
4 28 1.3546498477149915
4 29 1.2676323069356406
4 30 1.4603256069337711
4 31 1.3840460860631005
4 32 1.244460270178932
4 33 1.3071354103165183
4 34 1.3418774455717575
4 35 1.3347256902363605
4 36 1.3355984745831808
4 37 1.3500692491227129
4 38 1.2767493505459993
4 39 1.28831554363422
4 40 1.4219894770453976
4 41 1.3278383099396165
4 42 1.291805406854912
4 43 1.2850252302440814
4 44 1.3055448805254615
4 45 1.3422108514936946
4 46 1.2660384589287506
4 47 1.326877109181831
4 48 1.3957249468963455
4 49 1.199306053021791
4 50 1.2076719271432104
4 51 1.3952447571252908
4 52 1.2980099255298028
4 53 1.2758586149350655
4 54 1.365587828097271
4 55 1.2812594853703967
4 56 1.5172886154278369
4 57 1.319749897770188
4 58 1.461652492822208
4 59 1.4738642331582408
4 60 1.291610174748696
4 61 1.5066396767998365
4 62 1.398649313563245
4 63 1.4013674387073416
4 64 1.3172792660584178
4 65 1.3941658552734586
4 66 1.3896367254448836
4 67 1.3283763442392928
4 68 1.348912916501169
4 69 1.2757083767715902
4 70 1.331078790390547
4 71 1.5540858742155754
4 72 1.2547452329518716
4 73 1.3216562609898126
4 74 1.3511041693792392
5 6 1.2323020590767049
5 7 1.379136815820376
5 8 1.1148803903158349
5 9 1.1600594367848345
5 10 1.16472505924759
5 11 1.2946964697409715
5 12 1.1539522254699708
5 13 1.217344315513221
5 14 1.273686595401801
5 15 1.317883023263724
5 16 1.428956366416136
5 17 1.397283606297111
5 18 1.222490580344227
5 19 1.3059423041415341
5 20 1.1877402515807274
5 21 1.2707460865489513
5 22 1.262359219965596
5 23 1.3365624167400754
5 24 1.3301364122195964
5 25 1.2783290367878353
5 26 1.3442464491749053
5 27 1.2349026766926232
5 28 1.262306947509379
5 29 1.2400001123196844
5 30 1.4565672608128122
5 31 1.3155032961091122
5 32 0.9984981474037177
5 33 1.204230015986615
5 34 1.2724733510488155
5 35 1.1745185466795935
5 36 1.1722299627039001
5 37 1.0323951438068777
5 38 1.1233764077081252
5 39 1.3238559791388866
5 40 1.153440665418303
5 41 1.2939465029154087
5 42 1.0697056171117618
5 43 1.1938847720165424
5 44 1.2315000660487503
5 45 1.1331445879573327
5 46 1.2701594225598063
5 47 1.0676170002681977
5 48 1.252310184186705
5 49 1.3469048907176884
5 50 1.28257346117331
5 51 1.2176157101016907
5 52 1.1309417233858206
5 53 1.2132165377922035
5 54 1.2317109550506449
5 55 1.0896387023664744
5 56 1.250753009794749
5 57 1.1369970995060537
5 58 1.3890829048972693
5 59 1.4436844368073232
5 60 1.1300501191880477
5 61 1.351003029869944
5 62 1.1779692537207973
5 63 1.2311564541016462
5 64 1.18959443095386
5 65 1.2971831925986836
5 66 1.2431161615723691
5 67 1.1243999511072345
5 68 1.215433872218847
5 69 1.2560947395785764
5 70 1.193937736504126
5 71 1.4762252314453161
5 72 1.0824329166679254
5 73 1.2122378472637187
5 74 1.1999800755930408
6 7 1.4114088690333286
6 8 1.1443034833703971
6 9 1.2000728917586514
6 10 1.3175609336807161
6 11 1.2427316404434121
6 12 1.1972069123624212
6 13 1.3072134062433713
6 14 1.2429147044957747
6 15 1.2506077695725573
6 16 1.3907733635441721
6 17 1.3368991117848417
6 18 1.2833838427185633
6 19 1.3166953140110038
6 20 1.13281688257361
6 21 1.2736264897572795
6 22 1.2502756285268826
6 23 1.2401602097947975
6 24 1.3092121670425985
6 25 1.216919008236637
6 26 1.3345662759643995
6 27 1.285631726559286
6 28 1.3747542288408054
6 29 1.2525744010723858
6 30 1.3987011130764628
6 31 1.2065279434933631
6 32 1.104795856436833
6 33 1.307030837814814
6 34 1.2499117764150176
6 35 1.1414699452278891
6 36 1.2799744090161247
6 37 1.1932960046864765
6 38 1.1709317032799944
6 39 1.386686288348914
6 40 1.3367837758217531
6 41 1.2739313599719038
6 42 1.1679630668393952
6 43 1.1885837352743147
6 44 1.3439487526731346
6 45 1.1201455977558845
6 46 1.1805054082114805
6 47 1.1770670892104973
6 48 1.2401357814830056
6 49 1.2474707566366094
6 50 1.273314506731833
6 51 1.3175452471556444
6 52 1.2307843479955218
6 53 1.2611862421780387
6 54 1.2609307195386703
6 55 1.164202449175735
6 56 1.3133484843058711
6 57 1.2424502547299108
6 58 1.4449411420072427
6 59 1.4469978839125086
6 60 1.1903957665291742
6 61 1.271209126142634
6 62 1.1813857689819107
6 63 1.1303269686886264
6 64 1.260391125934996
6 65 1.105157953260954
6 66 1.3055206704572893
6 67 1.204353734698358
6 68 1.2432431996163662
6 69 1.2775884952677299
6 70 1.2137487915199767
6 71 1.390127262255223
6 72 1.1801432290385112
6 73 1.3648980378693167
6 74 1.2075792360466018
7 8 1.4587218123992038
7 9 1.3993509999106397
7 10 1.2834927714046909
7 11 1.5009649734543775
7 12 1.3753040439814288
7 13 1.4096160438142582
7 14 1.4409318415408674
7 15 1.3880512116813672
7 16 1.540159634890459
7 17 1.5121320441315276
7 18 1.3699593854063234
7 19 1.4025574418566422
7 20 1.341535028523518
7 21 1.4294113622033964
7 22 1.3193960145061927
7 23 1.416718419464976
7 24 1.4125539237846103
7 25 1.206839421256856
7 26 1.3591891971857193
7 27 1.4656444854238961
7 28 1.3569923018895826
7 29 1.4281088486383444
7 30 1.2697347174635387
7 31 1.4480652892800538
7 32 1.4138131180614069
7 33 1.4270735395355807
7 34 1.4630406064352535
7 35 1.4006303611281368
7 36 1.4530619927635429
7 37 1.4291280374594608
7 38 1.43877509631814
7 39 1.4886143963960115
7 40 1.3956004677990972
7 41 1.3730014717895302
7 42 1.440245114914923
7 43 1.4063621147476248
7 44 1.4175741541600348
7 45 1.4473909167971786
7 46 1.4035666719092168
7 47 1.5594370199307743
7 48 1.4144423341246182
7 49 1.4571446244359385
7 50 1.4086391967552436
7 51 1.5140230513780695
7 52 1.552813032802003
7 53 1.4056239172862321
7 54 1.5224798477666477
7 55 1.556838356024757
7 56 1.4661231907424723
7 57 1.3247206314509834
7 58 1.2434373312092968
7 59 0.8648164545595346
7 60 1.5704611308196896
7 61 1.4180020259989854
7 62 1.3666026369637023
7 63 1.3035222504559973
7 64 1.4791823355127913
7 65 1.4124753947850255
7 66 1.155138500990262
7 67 1.4144666680667457
7 68 1.4778160717127287
7 69 1.3274683656567345
7 70 1.403949370484924
7 71 1.0122401242755135
7 72 1.5592887641814712
7 73 1.3657362158148565
7 74 1.4284359567001577
8 9 1.150228064503848
8 10 1.3570248741693294
8 11 1.3406046175225157
8 12 1.1880401353817382
8 13 1.1934702603450849
8 14 1.2633707026755359
8 15 1.1521141329083293
8 16 1.271170935867391
8 17 1.4067735663548493
8 18 1.1943085122184234
8 19 1.2380449084314036
8 20 1.060562359332613
8 21 1.1155279538718381
8 22 1.2652630064031294
8 23 1.1751291618084
8 24 1.3281655050296723
8 25 1.1446122398951601
8 26 1.5016123400865065
8 27 1.313164990668897
8 28 1.3143792028484031
8 29 1.2735315916704217
8 30 1.5253647582300076
8 31 1.3270600697491375
8 32 1.0319906416463727
8 33 1.1986367382400263
8 34 1.3641632167568687
8 35 1.1353559851798412
8 36 1.2490711356329474
8 37 1.0420672865945009
8 38 1.2162720390670076
8 39 1.2560091361468189
8 40 1.1876559471065389
8 41 1.31017840143799
8 42 0.9959847413012608
8 43 1.036661834263376
8 44 1.259839331038817
8 45 1.0269591513971634
8 46 1.2744224646839262
8 47 1.021888444464346
8 48 1.325118702937052
8 49 1.2978993037522135
8 50 1.3075416213441686
8 51 1.3665493908432658
8 52 1.0454270470432991
8 53 1.067291030378417
8 54 1.160478143391973
8 55 0.9933592143133059
8 56 1.1807811970110709
8 57 1.2481796917160988
8 58 1.2879181297559432
8 59 1.5455757144756173
8 60 1.0028243880883296
8 61 1.2324228818069294
8 62 1.2059971773139484
8 63 1.2394945924754528
8 64 1.0377662549434057
8 65 1.1523398868018426
8 66 1.324547980009441
8 67 1.0515611740984443
8 68 1.157945898498326
8 69 1.3350496445260551
8 70 1.2241283432445502
8 71 1.461090337867965
8 72 0.9967943527654993
8 73 1.2755390675687321
8 74 1.1601033911208045
9 10 1.4124050716515517
9 11 1.1722158720273899
9 12 1.0782949594682547
9 13 1.277634491761978
9 14 1.1788767204883608
9 15 1.4393022003145564
9 16 1.2584578677110076
9 17 1.2157974099745583
9 18 1.4129576787385312
9 19 1.1154476634091974
9 20 1.0866311587065183
9 21 1.1609649492588987
9 22 1.2853346975887692
9 23 1.4047060828296125
9 24 1.2036281791935037
9 25 1.35748473055776
9 26 1.279320346844524
9 27 1.1997476336918627
9 28 1.2498378333474027
9 29 1.1025381437356805
9 30 1.4809680694886818
9 31 1.2627618229270585
9 32 0.9863271088831111
9 33 1.1758935746002825
9 34 1.2151104062449252
9 35 1.1319009867123386
9 36 1.0764578094395914
9 37 1.1491796045480185
9 38 1.2428678954977097
9 39 1.173984548738566
9 40 1.2651230006888683
9 41 1.1711858888005897
9 42 1.117341530308103
9 43 1.0647885714551542
9 44 1.0711807857338935
9 45 1.1108117383393148
9 46 1.1061477079316195
9 47 1.1563924314319327
9 48 1.2977757231735045
9 49 1.0995835006116694
9 50 1.0658442372405867
9 51 1.2981040195141627
9 52 1.1663585506640126
9 53 1.160697663388359
9 54 1.2847569804711187
9 55 1.1590171874083248
9 56 1.3596197702387496
9 57 1.2269128556503943
9 58 1.2715403411004425
9 59 1.3548168434948398
9 60 1.2179956010553752
9 61 1.4014400629103023
9 62 1.2527228475494772
9 63 1.114272015444631
9 64 1.2789038101318984
9 65 1.2141084906515325
9 66 1.2971939750106838
9 67 1.1257250296625432
9 68 1.3524363996344082
9 69 1.0855732812145018
9 70 1.0601176817348625
9 71 1.2883431877327318
9 72 1.189051084099338
9 73 1.194601726591117
9 74 1.2588854659863533
10 11 1.4669045568325731
10 12 1.3263613620297388
10 13 1.3773720426221923
10 14 1.2866697484546472
10 15 1.345712030328167
10 16 1.4551479841295116
10 17 1.4462753994865625
10 18 1.2485866733261417
10 19 1.3659493058436032
10 20 1.292220321326707
10 21 1.3757687283932936
10 22 1.3480231908086462
10 23 1.339298260740373
10 24 1.381641361024918
10 25 1.289500704535481
10 26 1.2545967103076232
10 27 1.273404769525517
10 28 1.2409990785246994
10 29 1.3529531022474088
10 30 1.38603224790158
10 31 1.4047895942260382
10 32 1.273485786580303
10 33 1.3002687201464203
10 34 1.352176979017037
10 35 1.2593462352558833
10 36 1.2985563057369436
10 37 1.3610799651237508
10 38 1.2960570330236145
10 39 1.380619928405781
10 40 1.2020680046566876
10 41 1.2707781620656526
10 42 1.339408107253849
10 43 1.3356522364968313
10 44 1.2914628630506972
10 45 1.2422423313672208
10 46 1.337270023104045
10 47 1.2856462059715015
10 48 1.0893704654951069
10 49 1.4449191307881948
10 50 1.3715231620816477
10 51 1.251905094719265
10 52 1.2870411495088727
10 53 1.3610828428971338
10 54 1.382169528842459
10 55 1.2921971553596885
10 56 1.3418109147570458
10 57 1.1020872464419744
10 58 1.3235720325217695
10 59 1.2759432657697984
10 60 1.3016180816367455
10 61 1.3012418050800532
10 62 1.2574478627049148
10 63 1.2467096458393556
10 64 1.379081486128923
10 65 1.3537524663606586
10 66 1.2578727719476204
10 67 1.2649306141790535
10 68 1.2214147519892011
10 69 1.3328276581938259
10 70 1.3534756604670077
10 71 1.3663714728420535
10 72 1.3280954257128144
10 73 1.3937296222620117
10 74 1.3397329434122303
11 12 1.2426747733917574
11 13 1.269946749921758
11 14 1.1732136470197367
11 15 1.4214168547157955
11 16 1.2701550306013647
11 17 1.1314345296527206
11 18 1.4357338537638742
11 19 1.447374036957957
11 20 1.2125964724463403
11 21 1.3366571803777165
11 22 1.385153873418947
11 23 1.4554000286099584
11 24 1.0466705158036234
11 25 1.4440241026215213
11 26 1.2948641501081608
11 27 1.2313217391569435
11 28 1.298768947401809
11 29 1.1291421956764869
11 30 1.436734781383912
11 31 1.3790181058567095
11 32 1.2549950825666496
11 33 1.2719288371577198
11 34 1.2084576340675202
11 35 1.3198413274463865
11 36 1.1898697727259366
11 37 1.3529279463718102
11 38 1.3021690964124744
11 39 1.1972382431744852
11 40 1.355786967930041
11 41 1.4206322949658896
11 42 1.2315122563524725
11 43 1.2168811589275053
11 44 1.199309718345739
11 45 1.2279273184305377
11 46 1.2372229483459398
11 47 1.2534395368243
11 48 1.3261440707627539
11 49 1.2364259308233583
11 50 1.167951677420984
11 51 1.3119937492304283
11 52 1.2279857376345822
11 53 1.3872839328084445
11 54 1.288915848510841
11 55 1.2426070605726491
11 56 1.4141548188256825
11 57 1.333075228824408
11 58 1.4393131838775797
11 59 1.5494966557169458
11 60 1.2624232521678176
11 61 1.3981965837666384
11 62 1.3612391495452774
11 63 1.3447889287908916
11 64 1.305341002985838
11 65 1.3831034406971294
11 66 1.4623295918235952
11 67 1.3742034537666725
11 68 1.319121226185284
11 69 1.1440713893679346
11 70 1.2478213340086635
11 71 1.5272412918333291
11 72 1.2557968389379404
11 73 1.2644820415069773
11 74 1.3215990379254832
12 13 1.3597087761122157
12 14 1.2295767760135787
12 15 1.256762774712918
12 16 1.350782826628309
12 17 1.3364393665552092
12 18 1.2751345097978828
12 19 1.2893091255322406
12 20 1.0893335129404744
12 21 1.2320615195813518
12 22 1.3662368250501722
12 23 1.2731098389193036
12 24 1.3663305287345389
12 25 1.258941135587546
12 26 1.196986024218447
12 27 1.1657892533189307
12 28 1.1563032001994074
12 29 1.1697133934082917
12 30 1.3514281713029337
12 31 1.3257457311316587
12 32 1.0409188148150903
12 33 1.115488324298044
12 34 1.2026278140079703
12 35 1.224607480137257
12 36 1.2515228251107064
12 37 1.0925289621411096
12 38 1.220265395435746
12 39 1.295749714356961
12 40 1.40620424878249
12 41 1.0990342800805075
12 42 1.1018184158617796
12 43 1.163779274547901
12 44 1.30654998161555
12 45 1.1104483877096865
12 46 1.2363230312599691
12 47 1.1602504783104108
12 48 1.3388588021345298
12 49 1.2785809579200318
12 50 1.1917620121483399
12 51 1.349299260307105
12 52 1.162509045281228
12 53 1.2066270603854015
12 54 1.358957714250745
12 55 1.0946520663928048
12 56 1.3010675299180618
12 57 1.1359097337971018
12 58 1.3527451358243228
12 59 1.358999664520586
12 60 1.1536311761379567
12 61 1.2780767713004935
12 62 1.2085882408868387
12 63 1.0930785362408106
12 64 1.2192432750187059
12 65 1.3191312925766234
12 66 1.2402255225298497
12 67 1.1979758619695302
12 68 1.256223737042026
12 69 1.2411621462370461
12 70 1.1921545915480491
12 71 1.3467887594907006
12 72 1.1379851259772629
12 73 0.988353581401552
12 74 1.3107769464418366
13 14 1.2193687883360065
13 15 1.3284600933354562
13 16 1.2798576281536331
13 17 1.3065157999016828
13 18 1.340335258790167
13 19 1.3964112147154963
13 20 1.151801788551546
13 21 1.2633794719080365
13 22 1.2832390862367482
13 23 1.3576483746073953
13 24 1.3720372154548368
13 25 1.2918539382598022
13 26 1.2108493972617198
13 27 1.2054952603259566
13 28 1.3358110213500023
13 29 1.4029006635356926
13 30 1.4664412316776294
13 31 1.4561211933225764
13 32 1.1528228315495042
13 33 1.1873581312240333
13 34 1.177081078780632
13 35 1.3378762203966574
13 36 1.1931009299462925
13 37 1.1592812311057468
13 38 1.283690705371535
13 39 1.3155808534654074
13 40 1.3372325573200927
13 41 1.6476774185281773
13 42 1.1675246622173696
13 43 1.2351155999032282
13 44 1.2473799174270057
13 45 1.1676641293202132
13 46 1.3517847446502376
13 47 1.2345882358590266
13 48 1.2967173193335924
13 49 1.4817209754659273
13 50 1.3863096209036359
13 51 1.2989188398605478
13 52 1.2577539624021514
13 53 1.27478124317578
13 54 1.373201285268019
13 55 1.2713254392953237
13 56 1.2851309908797552
13 57 1.3048693439152512
13 58 1.3752076722405664
13 59 1.3984331790091578
13 60 1.293885359059763
13 61 1.3321028181960075
13 62 1.2094367965075639
13 63 1.3531633697775316
13 64 1.2111841050274952
13 65 1.336626317814037
13 66 1.4248076385396997
13 67 1.17359498748881
13 68 1.4210606658327276
13 69 1.232393279690719
13 70 1.2572529852007877
13 71 1.336692036034616
13 72 1.241022339168408
13 73 1.3077725937339604
13 74 1.2808313919702867
14 15 1.423203567377092
14 16 1.2707400613657147
14 17 1.2841931903961123
14 18 1.4636934314212466
14 19 1.3711437990775623
14 20 1.1343256023030905
14 21 1.258195644378924
14 22 1.317050494866374
14 23 1.4425029871317456
14 24 1.3251552948367404
14 25 1.4464409065815744
14 26 1.218671653817824
14 27 0.9554581172679717
14 28 1.198509158976679
14 29 1.1897406174592047
14 30 1.5047842008572332
14 31 1.3797381569828133
14 32 1.1089362079895149
14 33 1.0310819200709067
14 34 0.9707902856059965
14 35 1.3309530707453443
14 36 0.8728283602279421
14 37 1.1637428022693477
14 38 1.232450101347265
14 39 1.271554199670755
14 40 1.2765158296641532
14 41 1.2626338634894057
14 42 1.204960647435061
14 43 1.1660013324809837
14 44 1.2200910353030496
14 45 1.2688532516892974
14 46 1.1588237350399158
14 47 1.187606508085568
14 48 1.278672738365071
14 49 1.3146076234088289
14 50 1.265723710840002
14 51 1.0253147976909327
14 52 1.204979967897176
14 53 1.2375102250685726
14 54 1.151008323637432
14 55 1.1604994167290457
14 56 1.4144176870810927
14 57 1.264672418758945
14 58 1.3199790333976569
14 59 1.509627408578483
14 60 1.2558423283039633
14 61 1.4327773435808686
14 62 1.2663982685063522
14 63 1.3090868776600981
14 64 1.2468156038797333
14 65 1.3624298170666516
14 66 1.428310073826431
14 67 1.2006672365027313
14 68 1.3257021859681235
14 69 1.256773748220342
14 70 1.0866011765846464
14 71 1.4586065290165604
14 72 1.2056102548407814
14 73 1.2981181915068958
14 74 1.1903439482244567
15 16 1.4283555378207262
15 17 1.4891731505589971
15 18 0.9116741069933458
15 19 1.3547171511834752
15 20 1.2368686917364655
15 21 1.1854098791367562
15 22 1.2808662178547894
15 23 0.6359018580751132
15 24 1.439558856495482
15 25 0.8473406228490696
15 26 1.3216090614906937
15 27 1.4515518260275093
15 28 1.3602176204685859
15 29 1.3989029688372097
15 30 1.424462890803226
15 31 1.3773755803230767
15 32 1.3140981005700836
15 33 1.3211745043850738
15 34 1.3625625793775393
15 35 1.207629386451426
15 36 1.43671083688679
15 37 1.2224279232655044
15 38 1.4293076456363163
15 39 1.5090135475513127
15 40 1.3464519237629429
15 41 1.3548596785970275
15 42 1.2689751618141525
15 43 1.2939810726986944
15 44 1.4496334504355721
15 45 1.137806437724192
15 46 1.4706536392469935
15 47 1.2273477821651915
15 48 1.2162074760402475
15 49 1.4158206099029371
15 50 1.4192252013392266
15 51 1.4096145561883573
15 52 1.2306717639184828
15 53 1.335936550753771
15 54 1.3139108925505671
15 55 1.2114104623238249
15 56 0.7119387703628235
15 57 1.387744408262241
15 58 1.424707330292933
15 59 1.4218506255649437
15 60 1.2235603343975556
15 61 0.7118394380788375
15 62 1.1554283507627956
15 63 1.2941645394234689
15 64 1.205968578458632
15 65 1.212209324167599
15 66 1.2809940410142273
15 67 1.2858154421799837
15 68 1.1386222175580711
15 69 1.3740242187665166
15 70 1.454166177217749
15 71 1.410739634447312
15 72 1.2195381655446162
15 73 1.3639967503098598
15 74 1.3137792081318178
16 17 1.3586237104182342
16 18 1.3661699289248357
16 19 1.3869902136285577
16 20 1.1612309751533745
16 21 1.4561254904280652
16 22 1.3437528686003557
16 23 1.3973019410393432
16 24 1.3144037818915562
16 25 1.404828083936455
16 26 1.3738267010075116
16 27 1.0644895272804673
16 28 1.3961330559891454
16 29 1.23997695744821
16 30 1.5911093177009195
16 31 1.5576190190769754
16 32 1.1666933630534855
16 33 1.2878378276867037
16 34 1.2849765973859077
16 35 1.3590139111083446
16 36 1.1870050524684292
16 37 1.3021861686232343
16 38 1.4605068480949304
16 39 0.96342443586065
16 40 1.3767926445006644
16 41 1.4698929080006615
16 42 1.3738660792415711
16 43 1.276628496226197
16 44 1.111510789311161
16 45 1.3740793732158225
16 46 1.2535025975450618
16 47 1.3553785596369083
16 48 1.426715371790067
16 49 1.322970523378203
16 50 1.2823070706519906
16 51 1.3338927504758786
16 52 1.398765792361991
16 53 1.385573263178075
16 54 1.3786248926245066
16 55 1.390180505088429
16 56 1.4014858421756016
16 57 1.3808280128900743
16 58 1.3267679245815542
16 59 1.4548931269813323
16 60 1.4146803894878572
16 61 1.3921151905274138
16 62 1.3279174950044972
16 63 1.4262353169347854
16 64 1.3457225177811902
16 65 1.3694828531708418
16 66 1.5067314232956273
16 67 1.4007336880868317
16 68 1.4069301144554143
16 69 1.2791508404507883
16 70 1.1588647540770827
16 71 1.434167257044616
16 72 1.3513935527306198
16 73 1.4739281004341132
16 74 1.6372582402700229
17 18 1.538426202924358
17 19 1.389879527024628
17 20 1.2867397971004866
17 21 1.432957223175862
17 22 1.37434228806145
17 23 1.5232559842613071
17 24 1.1701327201778273
17 25 1.503140285539768
17 26 1.3930481428923063
17 27 1.2613088907047556
17 28 1.4161728404910576
17 29 1.287774348065405
17 30 1.4705134833511784
17 31 1.4323800831448767
17 32 1.373560853106052
17 33 1.3446322423929402
17 34 1.3232997353539155
17 35 1.4424457494602068
17 36 1.2257219701665347
17 37 1.3896327314512489
17 38 1.3398216932320162
17 39 1.2671837153723888
17 40 1.3766294424974514
17 41 1.3987538278196452
17 42 1.4280478709278308
17 43 1.3438326281073885
17 44 1.2839074200335348
17 45 1.418416954510079
17 46 1.288655636203124
17 47 1.438307994055965
17 48 1.4057820959463871
17 49 1.3337403904084595
17 50 1.3012251059997568
17 51 1.3384271574274595
17 52 1.431961471566493
17 53 1.445178073009272
17 54 1.3988151395253918
17 55 1.4044232427250172
17 56 1.4431718839125918
17 57 1.4227524703910572
17 58 1.352476095476119
17 59 1.4324672556836922
17 60 1.4272772013901034
17 61 1.4693981247599448
17 62 1.417259337329191
17 63 1.4254601040770545
17 64 1.423321734124913
17 65 1.453504904693101
17 66 1.393829697798852
17 67 1.361668469950662
17 68 1.4315283584779064
17 69 1.2405443983900377
17 70 1.2938126865811066
17 71 1.434559143337442
17 72 1.4469884270220565
17 73 1.3231433388144123
17 74 1.395301780609249
18 19 1.362646967242766
18 20 1.2940920318144855
18 21 1.2801390582720151
18 22 1.360094138717785
18 23 0.9266915756423115
18 24 1.468538475033056
18 25 0.9913671776086975
18 26 1.3791764952150456
18 27 1.466136086646956
18 28 1.3072348934916613
18 29 1.3943300227081716
18 30 1.391764742606447
18 31 1.2834787995642776
18 32 1.298847372673644
18 33 1.4598219113046158
18 34 1.441444735009715
18 35 1.324387889112137
18 36 1.4140724153106192
18 37 1.2664188752608236
18 38 1.303329195060986
18 39 1.5144861173699395
18 40 1.3439642297171175
18 41 1.4148830471886849
18 42 1.302340345796561
18 43 1.3843300345592349
18 44 1.3902202537501982
18 45 1.1764230001217186
18 46 1.4117054538820228
18 47 1.2977523572506386
18 48 1.1731940010132673
18 49 1.398956335547645
18 50 1.4218732784967736
18 51 1.35188992766998
18 52 1.3713519720740568
18 53 1.406569499503748
18 54 1.3379441247681552
18 55 1.3179944648844064
18 56 1.0456943536403394
18 57 1.3518523310247017
18 58 1.3727667905189864
18 59 1.3538377123874905
18 60 1.3358911977712822
18 61 0.9698611275962156
18 62 1.1779308800607642
18 63 1.2696668497280124
18 64 1.3148141671815006
18 65 1.2786371625098594
18 66 1.2934445475555922
18 67 1.2456983380261926
18 68 1.1333909256210513
18 69 1.3466099877797773
18 70 1.3887385242472643
18 71 1.3853692423968098
18 72 1.29172263010874
18 73 1.4029305134110075
18 74 1.4071636494241397
19 20 1.2487737530602676
19 21 1.2150965800482
19 22 1.252528380203264
19 23 1.4054649081525155
19 24 1.3916319068045415
19 25 1.3850708343055318
19 26 1.4418342020833879
19 27 1.4089248446721263
19 28 1.3828260805785364
19 29 1.31082618909978
19 30 1.4734351397886203
19 31 1.0731328380292244
19 32 1.2626734288637171
19 33 1.3188619472000813
19 34 1.3432469980259116
19 35 1.2940525242039695
19 36 1.3104335329128753
19 37 1.2102455166484476
19 38 1.3357360599975445
19 39 1.340652410893605
19 40 1.2176719218074672
19 41 1.305842244031268
19 42 1.2925393642632352
19 43 1.2053784988235987
19 44 1.349084993638269
19 45 1.3346873329886297
19 46 1.2633804240664337
19 47 1.3401878647459362
19 48 1.26579188611409
19 49 1.301503778605914
19 50 1.2226171084434707
19 51 1.3464699568098706
19 52 1.309981506580316
19 53 1.1703288494908266
19 54 1.2686807968471892
19 55 1.301119962637005
19 56 1.3495454503927604
19 57 1.3852075954593381
19 58 1.29352240116061
19 59 1.3914481891979695
19 60 1.3984221330690736
19 61 1.3743208845940253
19 62 1.3509077319481475
19 63 1.3617833123462162
19 64 1.2500521298097511
19 65 1.2776419683172249
19 66 1.299036399753592
19 67 1.2773421459011747
19 68 1.3171438688212882
19 69 1.4170199721968018
19 70 1.2889541223790812
19 71 1.3345875464434205
19 72 1.3845153859322377
19 73 1.2053985071656657
19 74 1.2846883948148933
20 21 1.2221454834059498
20 22 1.2261601157766882
20 23 1.256507254630007
20 24 1.2619105127323698
20 25 1.1577926039897095
20 26 1.193972675518654
20 27 0.9858104211025599
20 28 1.258468776093964
20 29 1.1301179476011072
20 30 1.4149987193478233
20 31 1.3425853765896687
20 32 0.9037389770396009
20 33 1.0352102130102092
20 34 1.080712709540207
20 35 1.1866026589063279
20 36 1.071493678142834
20 37 1.0104848271335225
20 38 1.1414998497152058
20 39 1.1054144139798876
20 40 1.1935559340738071
20 41 1.210832719807634
20 42 1.09361887745152
20 43 1.048304161359627
20 44 1.1715698947527213
20 45 1.0268797580432183
20 46 1.148059814801453
20 47 1.1128572832573538
20 48 1.325807168578654
20 49 1.3393415823212942
20 50 1.3000019366725053
20 51 1.225555312148312
20 52 1.141453346726135
20 53 1.24704826488133
20 54 1.2676796118899072
20 55 1.0915973798288876
20 56 1.205550965270921
20 57 1.1539649478298637
20 58 1.2585899226888437
20 59 1.3818515083639165
20 60 1.18623409275133
20 61 1.267818757414169
20 62 1.1310918658671598
20 63 1.183957976241202
20 64 1.2158476887532796
20 65 1.227267045954281
20 66 1.3547016309156348
20 67 1.1041562551062667
20 68 1.2653789844480323
20 69 1.1664504916373117
20 70 1.0770051003929664
20 71 1.3444354038497046
20 72 1.1236673734087834
20 73 1.228769170060052
20 74 1.297400135065686
21 22 1.2929274370774746
21 23 1.2417125621674856
21 24 1.290475576660995
21 25 1.247826241006898
21 26 1.2384519611766485
21 27 1.337552806272418
21 28 1.314457490952365
21 29 1.2806215981352866
21 30 1.4070397472844243
21 31 1.2131374466229254
21 32 1.2210998047257844
21 33 1.243425627944428
21 34 1.2835549526040289
21 35 1.22165815294399
21 36 1.2563847082731299
21 37 1.1832508006076852
21 38 1.2528065173256855
21 39 1.3664026397167424
21 40 1.2858991253610474
21 41 1.3293221339412045
21 42 1.1663271050807311
21 43 1.2138172323598604
21 44 1.229403065658354
21 45 1.2177694899973812
21 46 1.229765159053859
21 47 1.2082484484022853
21 48 1.4557500757857884
21 49 1.3196479840782775
21 50 1.2689239736926894
21 51 1.3597102104882635
21 52 1.1903854868367292
21 53 1.2362821177652428
21 54 1.3244273797418766
21 55 1.2069930323185338
21 56 1.2121739458337148
21 57 1.2573374624895453
21 58 1.3235376393695581
21 59 1.469435082009284
21 60 1.1772111872572206
21 61 1.2455532480535119
21 62 1.1623406907265101
21 63 1.3012476369336434
21 64 1.1343154092464292
21 65 1.2340593084577611
21 66 1.360384424377965
21 67 1.214453992693101
21 68 1.1927387247902852
21 69 1.409802261789935
21 70 1.1919062504407825
21 71 1.4101954858897785
21 72 1.2254888728103184
21 73 1.2473001352717241
21 74 1.2247718275589745
22 23 1.3078271281641685
22 24 1.3778545571528444
22 25 1.384863611103336
22 26 1.3231164770999109
22 27 1.3390078696349454
22 28 1.3515448130062881
22 29 1.3404964433503854
22 30 1.3439701510786697
22 31 1.2966673769965213
22 32 1.2866639260347015
22 33 1.2953299477957367
22 34 1.2784993714257555
22 35 1.3873352228618763
22 36 1.2461356865520514
22 37 1.1418905737932792
22 38 1.239612965154062
22 39 1.3850681956133424
22 40 1.2478912674123617
22 41 1.3781457045075383
22 42 1.3791288287525616
22 43 1.296349230471342
22 44 1.3250245288842852
22 45 1.2919740632556973
22 46 1.1678178391161456
22 47 1.357900954865843
22 48 1.3466368501821773
22 49 1.328789192513516
22 50 1.5196991074667427
22 51 1.3460644275901985
22 52 1.3883012433326813
22 53 1.2893349519062602
22 54 1.3558021990320328
22 55 1.2630553255470978
22 56 1.4018745326958135
22 57 1.2557783163226681
22 58 1.3706800391796556
22 59 1.382467901259685
22 60 1.3914097944411983
22 61 1.3680279324149502
22 62 1.1511289351663154
22 63 1.3912543857330844
22 64 1.2698863840973842
22 65 1.314123166386726
22 66 1.3887492808905615
22 67 1.3756083731404645
22 68 1.4108673009947064
22 69 1.3472902284008836
22 70 1.1179702996428165
22 71 1.3492221822230475
22 72 1.3642910177421805
22 73 1.36346667213697
22 74 1.2813345401912037
23 24 1.421966442521667
23 25 0.8912971893474287
23 26 1.3981838189832856
23 27 1.4095182939676636
23 28 1.340283926049078
23 29 1.4301030044425675
23 30 1.3542921009889914
23 31 1.4006093522505243
23 32 1.3369880957851186
23 33 1.3172332355915488
23 34 1.3624831933892783
23 35 1.254990224876505
23 36 1.4386196062974894
23 37 1.2641082686807237
23 38 1.3931105285403147
23 39 1.480964503497088
23 40 1.3111124464194186
23 41 1.3289680859353037
23 42 1.2341464293616364
23 43 1.3546685873161517
23 44 1.47029554487895
23 45 1.1448151587423536
23 46 1.42538434545759
23 47 1.211656427472717
23 48 1.2475834168098685
23 49 1.4461599092935988
23 50 1.455394066179967
23 51 1.4580112736727355
23 52 1.1979680029260782
23 53 1.3783480471286131
23 54 1.327507992413842
23 55 1.1807738898015068
23 56 0.7279982412354254
23 57 1.3447927931502164
23 58 1.369051085153236
23 59 1.4012681529302693
23 60 1.2089326865098609
23 61 0.6168642017542973
23 62 1.1521554415986246
23 63 1.2895294039006662
23 64 1.2484243282559113
23 65 1.2588859780228232
23 66 1.3156543057073449
23 67 1.2480981777494073
23 68 1.111670444581975
23 69 1.388249422294463
23 70 1.3867300053096656
23 71 1.4125958744928888
23 72 1.2065579717565547
23 73 1.413391312237351
23 74 1.3545206498260192
24 25 1.453081560343576
24 26 1.375774325266157
24 27 1.3535286559761555
24 28 1.2998500922979315
24 29 1.2425159749025894
24 30 1.4885226024014082
24 31 1.3540282275636288
24 32 1.317965566023877
24 33 1.3926137965139123
24 34 1.3572573888880841
24 35 1.359196838776682
24 36 1.3521062200479776
24 37 1.352101878394754
24 38 1.3598378738345147
24 39 1.224870365563917
24 40 1.271908594639521
24 41 1.3455213430228155
24 42 1.3255293097125693
24 43 1.3268512144370108
24 44 1.2766409296273282
24 45 1.3687310808908577
24 46 1.2242470716836602
24 47 1.3368949702866755
24 48 1.48023433182541
24 49 1.118967644919854
24 50 1.1598518381107474
24 51 1.480572671875833
24 52 1.3239332946050557
24 53 1.4402485617215788
24 54 1.368098709413591
24 55 1.3184467220901526
24 56 1.415760529997186
24 57 1.3463802904816193
24 58 1.4121139374156904
24 59 1.4421203160403036
24 60 1.3541527231280714
24 61 1.4412393043956477
24 62 1.3375231776340366
24 63 1.4427086153546607
24 64 1.3802099126791303
24 65 1.3687988254105619
24 66 1.3500477506274118
24 67 1.3490914217182797
24 68 1.3533963316145616
24 69 1.2128289439983913
24 70 1.2341732305153144
24 71 1.390076894415311
24 72 1.3436826799651025
24 73 1.3336440635767033
24 74 1.3567425000555882
25 26 1.3715163307914755
25 27 1.3517037584826803
25 28 1.3811608282198393
25 29 1.433254927150103
25 30 1.4020535200832893
25 31 1.4120197740024274
25 32 1.2504737727742057
25 33 1.340313421413595
25 34 1.4769276284343413
25 35 1.2492893278127417
25 36 1.4230627964363316
25 37 1.190528789765214
25 38 1.3597657909085612
25 39 1.4582519712190471
25 40 1.2848922296040997
25 41 1.3271506342642283
25 42 1.1256334033151587
25 43 1.2401862697022223
25 44 1.4466013071229864
25 45 1.1023345579277077
25 46 1.442456716767793
25 47 1.1699386283971713
25 48 1.2253051747668608
25 49 1.463181353963113
25 50 1.3896196809835033
25 51 1.419220271231005
25 52 1.2035992453685085
25 53 1.2549265342123668
25 54 1.283591470166275
25 55 1.1851802814740462
25 56 0.9098076433637248
25 57 1.346888048374709
25 58 1.3533285650794946
25 59 1.3583433131110902
25 60 1.1964095344270318
25 61 0.8176011430075331
25 62 1.2166359845164003
25 63 1.2454411212299101
25 64 1.3144309492289667
25 65 1.2268329878925825
25 66 1.19279083558587
25 67 1.2057037982018919
25 68 1.254748714907463
25 69 1.3949965704717433
25 70 1.3428797407416173
25 71 1.3655079902386371
25 72 1.1692557697552288
25 73 1.4023015243375327
25 74 1.409820526541265
26 27 1.244918308954775
26 28 1.3007134271535945
26 29 1.2768809337833762
26 30 1.4067457897214057
26 31 1.4122956491958851
26 32 1.250887244393847
26 33 1.1799120470657467
26 34 1.1084197255574328
26 35 1.2898995391884067
26 36 1.2697339367945661
26 37 1.2824395948369258
26 38 1.1836062242550296
26 39 1.383761404720004
26 40 1.4499554329569835
26 41 1.3328501018978827
26 42 1.330914377564971
26 43 1.2900729987754749
26 44 1.25848943133415
26 45 1.2301546349291324
26 46 1.326807445651102
26 47 1.3191962514251179
26 48 1.3179684648087866
26 49 1.4076293172620509
26 50 1.360623173273153
26 51 1.333530969379315
26 52 1.3450506296586286
26 53 1.360070182020128
26 54 1.3650416092092128
26 55 1.372059917175155
26 56 1.3613355553217763
26 57 1.2149197256458009
26 58 1.5066614129311502
26 59 1.3468976289098624
26 60 1.394312014072295
26 61 1.3470147807976411
26 62 1.1593602549212354
26 63 1.2560540506680307
26 64 1.344415391954119
26 65 1.4223646121272517
26 66 1.3954173594605435
26 67 1.3642856919904314
26 68 1.367154055102176
26 69 1.251237259390518
26 70 1.3060058013621754
26 71 1.298058341406913
26 72 1.328115685755924
26 73 1.3286932358922219
26 74 1.3355544436961524
27 28 1.2191618679452683
27 29 1.1603523486283895
27 30 1.4315692146801406
27 31 1.4911495212289512
27 32 1.0158905380591177
27 33 0.9860340929861507
27 34 0.9833667849243398
27 35 1.3596772499130685
27 36 0.899625637067945
27 37 1.1813784842742165
27 38 1.3396163917059105
27 39 0.9837573602739568
27 40 1.289963949079667
27 41 1.2927064662719736
27 42 1.2338235908630961
27 43 1.19023777979279
27 44 1.1112928597808467
27 45 1.2649703030405144
27 46 1.097042051804696
27 47 1.186913729484705
27 48 1.3453971037985983
27 49 1.4153871834476983
27 50 1.2991887015936587
27 51 1.111777650369873
27 52 1.2239290096487772
27 53 1.3325355734016981
27 54 1.3539257817783492
27 55 1.1982070495726376
27 56 1.3673236533111939
27 57 1.1982303499806783
27 58 1.3115767082221472
27 59 1.4653789515856475
27 60 1.2664820473085479
27 61 1.3800127486646594
27 62 1.2732861356392091
27 63 1.3128784699541047
27 64 1.3871016856677294
27 65 1.4071271175451427
27 66 1.4046682518878693
27 67 1.2156538894316402
27 68 1.3965285058948522
27 69 1.2097842921891129
27 70 0.966105194395208
27 71 1.4131068901483745
27 72 1.19854207645733
27 73 1.255909010397996
27 74 1.4899518808610066
28 29 1.3006015912357334
28 30 1.3662562456328167
28 31 1.418500762428897
28 32 1.2290501053106266
28 33 1.2308952740701038
28 34 1.1642265019524636
28 35 1.3288498616115483
28 36 1.214868919958226
28 37 1.2978338669700684
28 38 1.3162133714209738
28 39 1.3577577683189765
28 40 1.2849292055894832
28 41 1.2270460002834807
28 42 1.1779782318147005
28 43 1.3289525355577807
28 44 1.2921631070144055
28 45 1.2858732521017753
28 46 1.311572281281808
28 47 1.2427373165366211
28 48 1.4174212550337333
28 49 1.3400733424022406
28 50 1.2883894387010053
28 51 1.2329496004811795
28 52 1.2045222092520238
28 53 1.3626360734519425
28 54 1.3340820028415483
28 55 1.2217704880109805
28 56 1.4005474236357596
28 57 1.303416514268512
28 58 1.34937970059107
28 59 1.4259336868364334
28 60 1.2474723604466773
28 61 1.3868623667709734
28 62 1.255811502887443
28 63 1.2601242749817592
28 64 1.3411396570571965
28 65 1.394752631133641
28 66 1.3157904429640197
28 67 1.3284240009021475
28 68 1.387141128436218
28 69 1.3421266632384505
28 70 1.3238069704656865
28 71 1.4289618762935858
28 72 1.2879340410356115
28 73 1.1578890784912155
28 74 1.2925313366283597
29 30 1.443187645275472
29 31 1.292988401931945
29 32 1.10745825271494
29 33 1.3488045748130715
29 34 1.2199863841683476
29 35 1.268472764752817
29 36 1.0904304306720636
29 37 1.2875145911819725
29 38 1.2968910116399501
29 39 1.1924829819100267
29 40 1.2894388853029715
29 41 1.2828812349763625
29 42 1.2677265581160981
29 43 1.2024415689691488
29 44 1.186607523846302
29 45 1.2456259550026683
29 46 1.2625133597788851
29 47 1.282386087428092
29 48 1.2884651487815753
29 49 1.1855469998129007
29 50 1.2183487998679157
29 51 1.2232632891513313
29 52 1.2988857046274258
29 53 1.2187271177115417
29 54 1.3089247359772307
29 55 1.2960476885241725
29 56 1.3720056761770492
29 57 1.22121131924544
29 58 1.4077907367214397
29 59 1.4471708889342179
29 60 1.3021786911312356
29 61 1.4273013597567532
29 62 1.2441226233468108
29 63 1.296461129838199
29 64 1.3260737469062254
29 65 1.3730564871833946
29 66 1.3434202576324459
29 67 1.3287615151438417
29 68 1.265667316533146
29 69 1.0546127552904312
29 70 1.1724498277645683
29 71 1.3866567347356165
29 72 1.2867057705242613
29 73 1.1798221988200233
29 74 1.3344139830690822
30 31 1.3626611320074635
30 32 1.51471082168117
30 33 1.3574162805014862
30 34 1.451069361113523
30 35 1.4643712536200584
30 36 1.5062533744356306
30 37 1.5102784348356098
30 38 1.3758012005309204
30 39 1.4510081135145363
30 40 1.4626550597246715
30 41 1.3568325553973875
30 42 1.4749440126754567
30 43 1.4969784085398725
30 44 1.5083447931155851
30 45 1.4598973343622068
30 46 1.4718896414026985
30 47 1.5482847026109077
30 48 1.4487423569068254
30 49 1.390948317851684
30 50 1.483123687935679
30 51 1.500402536251457
30 52 1.5217112954820262
30 53 1.508641033378599
30 54 1.5453873435110819
30 55 1.5569374509795473
30 56 1.430800420140229
30 57 1.3197567967485415
30 58 1.3869711130936158
30 59 1.2694805544681425
30 60 1.498692373598302
30 61 1.4306492029779514
30 62 1.466482276935172
30 63 1.2454952456142885
30 64 1.5243637738473972
30 65 1.389897031873751
30 66 1.1838304758279257
30 67 1.5175067474302302
30 68 1.4465154804045677
30 69 1.4244898553821923
30 70 1.4569558376423501
30 71 1.2996272461557028
30 72 1.5402728539129293
30 73 1.261543205087775
30 74 1.4132511225652253
31 32 1.3397613849863066
31 33 1.4008213911591785
31 34 1.4124277687662892
31 35 1.4093742101412352
31 36 1.405585683930762
31 37 1.2406146871713981
31 38 1.1961655692603068
31 39 1.4908639572712041
31 40 1.3274905239276884
31 41 1.3209971374803344
31 42 1.3532530347171396
31 43 1.264949316603858
31 44 1.3877181152524565
31 45 1.291320381932724
31 46 1.3221395970830654
31 47 1.3611108147900863
31 48 1.3020705887265998
31 49 1.2408319272384911
31 50 1.24016000724482
31 51 1.4484184448217485
31 52 1.4017483208774733
31 53 1.2363356907227327
31 54 1.2955997152251968
31 55 1.3483597709827344
31 56 1.3839937125218653
31 57 1.299455357906355
31 58 1.4230257713113112
31 59 1.4005881405596834
31 60 1.3984356597463343
31 61 1.3968467936341842
31 62 1.2932060867802226
31 63 1.3065916684948584
31 64 1.295493582041638
31 65 1.2655475358882877
31 66 1.2939625776803647
31 67 1.2521949472093554
31 68 1.2968091598779385
31 69 1.4354688358563408
31 70 1.4069195794091793
31 71 1.3398676360906518
31 72 1.3960508513797847
31 73 1.3384792605918134
31 74 1.1505557200236405
32 33 1.0745646888014413
32 34 1.1777675679050863
32 35 1.130547737581738
32 36 1.0465519595350172
32 37 0.9616709710599287
32 38 1.2111255830738163
32 39 1.1345034339679518
32 40 1.2404860766975534
32 41 1.1992309639993317
32 42 0.9881759416518021
32 43 1.1098465251070073
32 44 1.0636332722645228
32 45 0.9583267696586336
32 46 1.0947676737344914
32 47 0.9179240789161239
32 48 1.2802012314020301
32 49 1.3175773878873493
32 50 1.1614458070722253
32 51 1.1396981880626738
32 52 0.9918621769768791
32 53 1.1271726739213181
32 54 1.2413612487923258
32 55 0.9870079635716519
32 56 1.2800671669887491
32 57 1.1211322102545178
32 58 1.2784233740497197
32 59 1.4583629904805469
32 60 1.0276835204965395
32 61 1.3587926624970954
32 62 1.1147147169780047
32 63 1.1166398582665644
32 64 1.1701796591315965
32 65 1.2392341324702427
32 66 1.3885138016279988
32 67 1.1056907340656044
32 68 1.2532429640355105
32 69 1.1668466814494698
32 70 1.051596575069199
32 71 1.415647583368554
32 72 0.9359502670332671
32 73 1.2145319408329656
32 74 1.2669463006593824
33 34 1.0616766720637711
33 35 1.3097564042439194
33 36 1.016102380687639
33 37 1.1461498017855998
33 38 1.2691072990909706
33 39 1.2329651635630658
33 40 1.3473131704660892
33 41 1.1706774850624677
33 42 1.1468981967093599
33 43 1.1588767255959629
33 44 1.1848675206176913
33 45 1.1247925875946176
33 46 1.2417908482517752
33 47 1.155145048320567
33 48 1.3256093299026492
33 49 1.3514706022802758
33 50 1.2614533195899642
33 51 1.2648425134005064
33 52 1.1436153280810513
33 53 1.288597410766316
33 54 1.2250193439181938
33 55 1.1193442956023327
33 56 1.2806487868452339
33 57 1.1811491646082792
33 58 1.2242503546659462
33 59 1.4431102276129761
33 60 1.2381898864150862
33 61 1.300473610010266
33 62 1.2120466250752502
33 63 1.2315462678774154
33 64 1.1670457745775584
33 65 1.3435367976514714
33 66 1.371956950612541
33 67 1.1654035658547552
33 68 1.3664595966209978
33 69 1.3170190992041715
33 70 1.1482823963441513
33 71 1.4327343653159357
33 72 1.1819497558966856
33 73 1.1108035749390055
33 74 1.180221800146167
34 35 1.3292241821838435
34 36 0.9097237135014319
34 37 1.1210910225073378
34 38 1.2806768449345711
34 39 1.2418751442155331
34 40 1.308359698638307
34 41 1.3387080259756179
34 42 1.3297370110366562
34 43 1.253213247625646
34 44 1.2862424266874475
34 45 1.329332540559129
34 46 1.1577579605178865
34 47 1.304863444900668
34 48 1.305254393322172
34 49 1.3614577357072382
34 50 1.304317913728458
34 51 1.0673533058427913
34 52 1.3010589423013665
34 53 1.3786803448362002
34 54 1.3053106707800328
34 55 1.28388520373926
34 56 1.3853690948484796
34 57 1.2718130437303765
34 58 1.4080384314387264
34 59 1.4097114434605975
34 60 1.4034592332912776
34 61 1.3909204111498188
34 62 1.2243985800677641
34 63 1.3457252802660458
34 64 1.2714735367031833
34 65 1.295572092608309
34 66 1.453727433162833
34 67 1.18248431482013
34 68 1.2850750978149492
34 69 1.2715835713255959
34 70 1.1495980813494135
34 71 1.3566193155358777
34 72 1.3175087134225616
34 73 1.2009218269520003
34 74 1.3140933872426568
35 36 1.3695050210315192
35 37 1.2891158244877834
35 38 1.3388065936072453
35 39 1.3346096684276767
35 40 1.2946715242486997
35 41 1.2989935450772443
35 42 1.1170785820586022
35 43 1.1661012566567694
35 44 1.335586774146747
35 45 0.98905051021318
35 46 1.1987361923971724
35 47 1.0428127740215936
35 48 1.2937116904401065
35 49 1.2885403845335397
35 50 1.3020588314735646
35 51 1.331293348307483
35 52 1.0182303413054425
35 53 1.289905854976195
35 54 1.3192026591507258
35 55 1.034704059521317
35 56 1.2286749235759973
35 57 1.1211011560238082
35 58 1.4010723639507832
35 59 1.4114357593866975
35 60 1.0461530169641884
35 61 1.2344304621872042
35 62 1.2188519999434944
35 63 0.9936296091252143
35 64 1.220454744946567
35 65 1.1499051726420855
35 66 1.3952913121680397
35 67 1.1628318808566451
35 68 1.1822459827593037
35 69 1.2478592255883625
35 70 1.240162178217069
35 71 1.4065418713249418
35 72 1.0370368256163451
35 73 1.2480268097360339
35 74 1.24096009508775
36 37 1.0135873270626605
36 38 1.260520265026247
36 39 1.1737992097123473
36 40 1.2083567216776046
36 41 1.2555392147874584
36 42 1.1946986913181392
36 43 1.144019044774069
36 44 0.9856785637128403
36 45 1.2557229691530896
36 46 1.1475700541269824
36 47 1.1904799664034675
36 48 1.3016502376321373
36 49 1.3308638861203805
36 50 1.2954343737406502
36 51 0.9014121749666711
36 52 1.216008852076424
36 53 1.2862339593251988
36 54 1.2962665710759953
36 55 1.1923532467928075
36 56 1.408614084352085
36 57 1.2722320666099294
36 58 1.3355783220676383
36 59 1.5190785503678244
36 60 1.2735702317744355
36 61 1.431874216866676
36 62 1.1994752279965086
36 63 1.3913345848774403
36 64 1.230909082281194
36 65 1.3815792888866305
36 66 1.4299060227041653
36 67 1.1120153497668361
36 68 1.3026485411277868
36 69 1.2685278589093751
36 70 1.0633550223914743
36 71 1.4743332864548997
36 72 1.169389078148871
36 73 1.2164090453743528
36 74 1.254293218835653
37 38 1.149102010318915
37 39 1.3118850556298054
37 40 1.1786486438280208
37 41 1.2865610168219463
37 42 1.0397061682674513
37 43 1.1163298191669724
37 44 1.2495619888469216
37 45 1.0539677443890452
37 46 1.1831210444803733
37 47 0.9965259142450538
37 48 1.322368143995837
37 49 1.386110118310539
37 50 1.2868046071081245
37 51 1.2228291774828506
37 52 1.0899525106086947
37 53 1.1746651807926802
37 54 1.2914072645664276
37 55 1.020346291130153
37 56 1.24182901725241
37 57 1.180950809742027
37 58 1.361496005948133
37 59 1.4639511114111055
37 60 1.0823556961527208
37 61 1.2298966930688426
37 62 1.147670171232964
37 63 1.2843287833579569
37 64 1.136197195812953
37 65 1.209829476918168
37 66 1.3568096531792149
37 67 1.0502629304428128
37 68 1.2224955122636747
37 69 1.3409050148453339
37 70 1.1311585246690705
37 71 1.4360686094019668
37 72 0.9309551999449428
37 73 1.1915163003094555
37 74 1.172400749648332
38 39 1.3728594217725247
38 40 1.2304861878036284
38 41 1.3171604638683967
38 42 1.1650123612291934
38 43 1.2001916422398322
38 44 1.3925086876826465
38 45 1.1631556672193706
38 46 1.2574881369828033
38 47 1.1865073260307193
38 48 1.3196972901040287
38 49 1.3426074800555938
38 50 1.305928658814004
38 51 1.330475938000825
38 52 1.2298451151306136
38 53 1.1628184093948037
38 54 1.199124846321874
38 55 1.1904593185696222
38 56 1.3837810399826378
38 57 1.2471445950635207
38 58 1.4071387978979621
38 59 1.4737445005205354
38 60 1.2150628746410241
38 61 1.490451262520531
38 62 1.0740303645045972
38 63 1.2835231786871393
38 64 1.1802243534060255
38 65 1.2128569849819717
38 66 1.3415144797921608
38 67 1.1474788676864882
38 68 1.235333133876564
38 69 1.3445935663284836
38 70 1.304078513224376
38 71 1.4838131854127783
38 72 1.2014795615991092
38 73 1.2664610379428387
38 74 1.1944447457773502
39 40 1.301880425213352
39 41 1.418855135175843
39 42 1.3564303386095005
39 43 1.2186133792257763
39 44 1.206537519191096
39 45 1.3898084476180712
39 46 1.2028044758171923
39 47 1.334709237541598
39 48 1.4332460868904253
39 49 1.3212486156004635
39 50 1.2287269131414518
39 51 1.3129617940660052
39 52 1.3403856959327471
39 53 1.282522815911612
39 54 1.3662323824392981
39 55 1.3401311253248878
39 56 1.4249997008344384
39 57 1.1921897628644027
39 58 1.3708871405833465
39 59 1.4739539006727016
39 60 1.3609862392920014
39 61 1.4856034549915933
39 62 1.3627598831488976
39 63 1.4302123936721394
39 64 1.3412419992714468
39 65 1.451167935131545
39 66 1.4127222831913462
39 67 1.3532362040408892
39 68 1.4067308532666714
39 69 1.2153929927075684
39 70 1.1447276059205727
39 71 1.4051287028244492
39 72 1.3175634066602748
39 73 1.3618582309132077
39 74 1.6343456609043188
40 41 1.2529693911274216
40 42 1.085263910894929
40 43 1.2512966400753303
40 44 1.3951900826908437
40 45 1.2400411818516084
40 46 1.2407557910850897
40 47 1.110351272360776
40 48 1.172547643501381
40 49 1.335378947699935
40 50 1.3127557934568055
40 51 1.2690903944250729
40 52 1.1552565827285668
40 53 1.2082141208591781
40 54 1.2053516370318629
40 55 1.1226538196438784
40 56 1.353296026903955
40 57 1.2823312446700306
40 58 1.3851830451937726
40 59 1.4598365889177978
40 60 1.184324613334516
40 61 1.329453165599501
40 62 1.2056380752217324
40 63 1.3608493675159228
40 64 1.3000239057867577
40 65 1.300564100780533
40 66 1.3569689902437532
40 67 1.3085088586952143
40 68 1.224974780204605
40 69 1.399701976332958
40 70 1.262282588192319
40 71 1.485502029773273
40 72 1.191381145632177
40 73 1.343343125564181
40 74 1.3254259577295933
41 42 1.2173748419985924
41 43 1.2404821831901467
41 44 1.3732872325109495
41 45 1.2357704650478807
41 46 1.2010243838140677
41 47 1.2170255828911039
41 48 1.3294094573322213
41 49 1.1784218109607487
41 50 1.2820452069953634
41 51 1.3154988594336374
41 52 1.20543378060882
41 53 1.2992991402844416
41 54 1.22478040279072
41 55 1.1608298800602985
41 56 1.4158235735024511
41 57 1.2725971327060364
41 58 1.3664038641932084
41 59 1.4547987383113221
41 60 1.2211891856732042
41 61 1.3235290002581441
41 62 1.2958200777043878
41 63 1.155054110156467
41 64 1.402532851338896
41 65 1.391776052642919
41 66 1.2685618965898782
41 67 1.3205331407168783
41 68 1.3051066662221353
41 69 1.363710281074926
41 70 1.3376828384990558
41 71 1.4735720769298852
41 72 1.2153514359419029
41 73 1.2483536813868736
41 74 1.2008933355106295
42 43 0.9928562748211914
42 44 1.3033510163042683
42 45 0.8680883783930521
42 46 1.1862496952280202
42 47 0.7081231804397912
42 48 1.317820450600233
42 49 1.3385317668309846
42 50 1.2510777171040457
42 51 1.2375178518146426
42 52 0.7739075150115186
42 53 0.9957265557072648
42 54 1.1976756930717145
42 55 0.7414490821041627
42 56 1.2497073148295987
42 57 1.173620782138534
42 58 1.3205372429892817
42 59 1.5273488202368237
42 60 0.7409976196651907
42 61 1.2503511493783548
42 62 1.1332130990543956
42 63 1.1044447713598342
42 64 1.1855966123605082
42 65 1.2342802281483762
42 66 1.2815551834220698
42 67 1.1271919613813504
42 68 1.2678452891503287
42 69 1.3180569945188314
42 70 1.1783536272590482
42 71 1.4843019254714707
42 72 0.7551686028911876
42 73 1.1511562761149479
42 74 1.0846071597721603
43 44 1.1848687269173233
43 45 1.0404136574076577
43 46 1.1029123418574018
43 47 1.004333393995451
43 48 1.2890720521043644
43 49 1.271376363138801
43 50 1.296747487090492
43 51 1.2679906932580878
43 52 0.991412187365664
43 53 1.0493482091179573
43 54 1.2520792035534232
43 55 0.9368757698949581
43 56 1.298033915134124
43 57 1.2079096581575184
43 58 1.3826058625334878
43 59 1.5233017410721756
43 60 1.0306718072378505
43 61 1.3344186058971959
43 62 1.166096482393886
43 63 1.1638128920803728
43 64 1.1554331247380103
43 65 1.2601314762172753
43 66 1.3674334600105535
43 67 1.0687651481483467
43 68 1.2564952095280404
43 69 1.2665697829744045
43 70 1.1497229372290378
43 71 1.4422075851283225
43 72 1.0113572024848083
43 73 1.2808974332464507
43 74 1.103173473839735
44 45 1.2481664375719423
44 46 1.2114275065396731
44 47 1.254660112790115
44 48 1.4438853533728935
44 49 1.3894928315767499
44 50 1.2505514935562299
44 51 1.2561306848070417
44 52 1.2639552471086524
44 53 1.3476478408638413
44 54 1.4380469770093605
44 55 1.323874757977682
44 56 1.409851059652961
44 57 1.3054232158616959
44 58 1.3814293481002495
44 59 1.4220251261966297
44 60 1.316360991960977
44 61 1.465698474370903
44 62 1.282168811291685
44 63 1.3086396863870098
44 64 1.3459210876000103
44 65 1.36874546649761
44 66 1.4888700318827073
44 67 1.2403679705709423
44 68 1.3468678386465445
44 69 1.2257180590064893
44 70 1.119325333095938
44 71 1.363784150174701
44 72 1.28044836330094
44 73 1.3067853832506213
44 74 1.3765597867480845
45 46 1.1884258708686544
45 47 0.7365992107508578
45 48 1.2395105918587805
45 49 1.3694727460696594
45 50 1.3143586436677854
45 51 1.3322047726123851
45 52 0.7949943436233247
45 53 1.1784316312230239
45 54 1.3278559355438753
45 55 0.7763610858476734
45 56 1.1597424878427132
45 57 1.106237156779358
45 58 1.3193618261776536
45 59 1.4235790709125278
45 60 0.7859431788148095
45 61 1.1691742795695372
45 62 0.9868820372980609
45 63 0.9689418810818561
45 64 1.1013382815581603
45 65 1.1796574747713748
45 66 1.407332294318075
45 67 1.0956297851507966
45 68 1.2081259401363034
45 69 1.2381354236843989
45 70 1.1731980105963407
45 71 1.466336570328974
45 72 0.7632241136372636
45 73 1.2307342500978609
45 74 1.0615729140599817
46 47 1.150129878093825
46 48 1.4243743112548566
46 49 1.2994701677326832
46 50 1.3840764891988493
46 51 1.2359240930840714
46 52 1.1862858895947366
46 53 1.2209228620752495
46 54 1.2985608962235662
46 55 1.084139624746275
46 56 1.5358203654275295
46 57 1.2876078244674114
46 58 1.370000960234595
46 59 1.4514800771852423
46 60 1.210965707523652
46 61 1.4492569788836605
46 62 1.060727033187035
46 63 1.28400213764516
46 64 1.3134278850535275
46 65 1.2751305501838124
46 66 1.471691822177957
46 67 1.121798662803637
46 68 1.3296061713843912
46 69 1.3368219264551902
46 70 0.8476897907681352
46 71 1.417976830829532
46 72 1.170457421095242
46 73 1.346668082297257
46 74 1.3125656417212648
47 48 1.2642308514700666
47 49 1.3806553202294785
47 50 1.3082951192585677
47 51 1.2387158016552882
47 52 0.4498546705676212
47 53 1.0684166238384925
47 54 1.2134899184806502
47 55 0.5686785668293814
47 56 1.1749241898773581
47 57 1.1724457329515685
47 58 1.3995250179801484
47 59 1.6173580867657638
47 60 0.4510885093673465
47 61 1.2005798335101279
47 62 1.0871498725395086
47 63 1.1297561047864597
47 64 1.091735956263169
47 65 1.2093535752118032
47 66 1.4559135487742765
47 67 1.1637283359559423
47 68 1.2058757631433017
47 69 1.3175347055453477
47 70 1.1730712178594853
47 71 1.5849028636758153
47 72 0.4454284111635796
47 73 1.253160129111575
47 74 1.0596399020962273
48 49 1.3570051335711018
48 50 1.2869486683973337
48 51 1.1796121127128443
48 52 1.2896360963298348
48 53 1.2776449806465013
48 54 1.1461825927457574
48 55 1.305489775364929
48 56 1.2220091192867766
48 57 1.2713707004897437
48 58 1.342170200774343
48 59 1.3933837704908199
48 60 1.3249535689140486
48 61 1.1997397106116696
48 62 1.3625528270799427
48 63 1.2459922450903265
48 64 1.3316034496919669
48 65 1.3439621542762539
48 66 1.342918631937416
48 67 1.3629125597424
48 68 1.3145605095300144
48 69 1.2675345759332697
48 70 1.4138250076879313
48 71 1.387880384990372
48 72 1.281449539393647
48 73 1.4807666313232233
48 74 1.3384233335863929
49 50 1.1607230336743284
49 51 1.3834453548349888
49 52 1.3914499313447346
49 53 1.3693743443155004
49 54 1.25805745211665
49 55 1.3420382957679393
49 56 1.4355476940543395
49 57 1.3293423771051802
49 58 1.426114704902873
49 59 1.4693552458637822
49 60 1.3776014099822043
49 61 1.4419279231978759
49 62 1.3651464841316248
49 63 1.3085539428488737
49 64 1.3764505561707663
49 65 1.3413229014065138
49 66 1.2740817891501344
49 67 1.3689062383491
49 68 1.409306620416173
49 69 1.2740729843425627
49 70 1.3050594356511336
49 71 1.4859680973610863
49 72 1.3516555309788785
49 73 1.2631875307338771
49 74 1.3537586262992405
50 51 1.3458017429765778
50 52 1.3078816452663442
50 53 1.278121907620605
50 54 1.3453437547856408
50 55 1.3375229412990144
50 56 1.3807716774477174
50 57 1.2768838749599936
50 58 1.294030963081343
50 59 1.391053856979965
50 60 1.290950758558621
50 61 1.3725508740438577
50 62 1.4309678119297482
50 63 1.3113553634127941
50 64 1.325176161062644
50 65 1.2574757619405947
50 66 1.167839704519267
50 67 1.3403111996488282
50 68 1.3377645232272202
50 69 1.2546915356000368
50 70 1.3591055465815818
50 71 1.406764621011474
50 72 1.310403531819544
50 73 1.2220722757297529
50 74 1.3583589502214497
51 52 1.262815546849018
51 53 1.288289353881748
51 54 1.289084609437427
51 55 1.1963442230605934
51 56 1.421707890743482
51 57 1.3627614781175346
51 58 1.35178651553584
51 59 1.5286371119893811
51 60 1.2819382386044613
51 61 1.445887628479014
51 62 1.2846445914239348
51 63 1.4125010922185477
51 64 1.3734904642712658
51 65 1.365267847367891
51 66 1.4458409146263307
51 67 1.2318731171764346
51 68 1.328750658971174
51 69 1.3727734513268919
51 70 1.264774239745022
51 71 1.5242144900163141
51 72 1.2361259739141448
51 73 1.3316439313008757
51 74 1.32925069441398
52 53 1.0795056364389812
52 54 1.2381373241911031
52 55 0.6202011587352505
52 56 1.172378060440236
52 57 1.204377603332725
52 58 1.4077216002176767
52 59 1.6282350439255
52 60 0.48196670172203654
52 61 1.1915565497427387
52 62 1.1460768243202482
52 63 1.144624574054347
52 64 1.0591199255656394
52 65 1.2898227396238438
52 66 1.4401694757948498
52 67 1.1679196452950702
52 68 1.2297178467791574
52 69 1.3672813979382021
52 70 1.2281751285294973
52 71 1.6053737370677272
52 72 0.5313313554291225
52 73 1.2072590084882184
52 74 1.0303732169099336
53 54 1.2249558524442317
53 55 1.0867925539144072
53 56 1.3587133435002519
53 57 1.2979806313265383
53 58 1.3626354829679133
53 59 1.4440928912422024
53 60 1.0822892276988618
53 61 1.3625338088520145
53 62 1.2401852172416425
53 63 1.2873778352980159
53 64 1.1643855906983105
53 65 1.2971429557496519
53 66 1.2385740442753312
53 67 1.1286583447675078
53 68 1.2993370652082799
53 69 1.3404397859811308
53 70 1.2281965273769457
53 71 1.3882623793538165
53 72 1.104501286564135
53 73 1.3156674379252324
53 74 1.1718051524459678
54 55 1.178260004800358
54 56 1.2882385001202175
54 57 1.324365785646042
54 58 1.3963301714526857
54 59 1.6604418648835049
54 60 1.2875211742447135
54 61 1.3718863661355154
54 62 1.3375834421029151
54 63 1.399457964090732
54 64 1.2064715551102996
54 65 1.3479084628902553
54 66 1.4088082225081349
54 67 1.2557886093037478
54 68 1.2907223020868062
54 69 1.3105476242370933
54 70 1.2809653878306944
54 71 1.5116213246096244
54 72 1.238964622571341
54 73 1.4240561070226518
54 74 1.2878588136758693
55 56 1.2492618229353691
55 57 1.1754717561541588
55 58 1.3929907647185982
55 59 1.613682372676576
55 60 0.6458641570739816
55 61 1.2163023705966887
55 62 1.083331884086821
55 63 1.1923628244308782
55 64 1.0829740183328826
55 65 1.2192528857997236
55 66 1.4459434875017456
55 67 1.0589319715913956
55 68 1.1992891056179438
55 69 1.2970659995968061
55 70 1.1044007555378186
55 71 1.596108041591703
55 72 0.6334893837237461
55 73 1.23810544104679
55 74 1.0602148466642547
56 57 1.3254752481948804
56 58 1.3760767782445793
56 59 1.482020407535405
56 60 1.203993854484194
56 61 0.7682037648516671
56 62 1.2553576777240034
56 63 1.2906909999594471
56 64 1.244667804528993
56 65 1.240090247042175
56 66 1.3420915681780827
56 67 1.2563569546730133
56 68 1.2019498236379422
56 69 1.3950579256704274
56 70 1.4020855895236835
56 71 1.4375945715962264
56 72 1.204509298570725
56 73 1.3461147826364852
56 74 1.3265960730351563
57 58 1.3764089681212242
57 59 1.2985482174224074
57 60 1.1750061891437718
57 61 1.3773050025254023
57 62 1.2364023397186408
57 63 1.0623458992835801
57 64 1.2557454143015376
57 65 1.3115923131122844
57 66 1.294032150479684
57 67 1.2708759999309862
57 68 1.325259734816117
57 69 1.1941819259111637
57 70 1.1625681946261308
57 71 1.3154541331658323
57 72 1.1690669286908622
57 73 1.2153335343791034
57 74 1.277434638036824
58 59 1.1187967808700674
58 60 1.4118410001754604
58 61 1.3685231648866227
58 62 1.3934169483357628
58 63 1.2068170548213992
58 64 1.3919955466697853
58 65 1.442860901371665
58 66 1.3175618767280377
58 67 1.3101741409605439
58 68 1.5170473956593709
58 69 1.3220093408502789
58 70 1.2906884547923236
58 71 1.1910560106151904
58 72 1.4094871026536633
58 73 1.330901462863743
58 74 1.346136452584972
59 60 1.6299704554873025
59 61 1.4183735623105949
59 62 1.3924246523372168
59 63 1.217565709020387
59 64 1.4875002163101838
59 65 1.4014467563174697
59 66 1.1522084172001337
59 67 1.4087490728826422
59 68 1.4764362366773107
59 69 1.261028212801567
59 70 1.4032833738495294
59 71 0.7489272901511836
59 72 1.6262291737842913
59 73 1.4101406103647036
59 74 1.476792557265421
60 61 1.201348987208254
60 62 1.1591360086823592
60 63 1.1246701592877373
60 64 1.0934957130188163
60 65 1.2485554755982444
60 66 1.4181816356500723
60 67 1.2104157222674823
60 68 1.219935268927777
60 69 1.3419192554716097
60 70 1.2505349748226875
60 71 1.6206732437234903
60 72 0.5143889810928429
60 73 1.2512037597337486
60 74 1.021722785663137
61 62 1.1948554410051884
61 63 1.2655373328515434
61 64 1.2805206773774442
61 65 1.2982470532999093
61 66 1.2684825693133668
61 67 1.302386676355316
61 68 1.1917839421558472
61 69 1.3515642269768129
61 70 1.3890919507606976
61 71 1.4293495103697809
61 72 1.1926101399237987
61 73 1.40255957825488
61 74 1.3416740154248579
62 63 1.25040249264267
62 64 1.107300413835701
62 65 1.208169330320515
62 66 1.4738907550693054
62 67 1.1044392648421186
62 68 1.1767522105106316
62 69 1.3009859243656723
62 70 1.186443016699783
62 71 1.4493044568958855
62 72 1.1276148286462508
62 73 1.3213871352522517
62 74 1.2346792117703673
63 64 1.4340406580864962
63 65 1.256089173451573
63 66 1.2736805966963636
63 67 1.2610836654103934
63 68 1.3090002176491848
63 69 1.168133311087477
63 70 1.2577595987205406
63 71 1.2081470127872591
63 72 1.17314080241977
63 73 1.1731149065606559
63 74 1.1948367842893324
64 65 1.2845244440278318
64 66 1.4623670165604639
64 67 1.1557051123366755
64 68 1.2666026020466084
64 69 1.4186048941720877
64 70 1.2603601248069047
64 71 1.5211847445894873
64 72 1.0801242355786052
64 73 1.3283722139609213
64 74 1.1110461252276507
65 66 1.3670520978145622
65 67 1.1362237172767324
65 68 1.2280271934459162
65 69 1.383217850265119
65 70 1.3236979248358116
65 71 1.420828850888006
65 72 1.2445673988648798
65 73 1.392531033030672
65 74 1.3357185842399268
66 67 1.3757111703012324
66 68 1.3724070895584826
66 69 1.2808056405747126
66 70 1.3956894581165067
66 71 1.1732915861494093
66 72 1.446082917953385
66 73 1.2579406718704915
66 74 1.348845568013215
67 68 1.1840422534811474
67 69 1.3765348492326772
67 70 1.1576319571458822
67 71 1.435301891130272
67 72 1.1331368820639454
67 73 1.2729812461806453
67 74 1.169992563533032
68 69 1.337399097755034
68 70 1.364689372546582
68 71 1.4552438157925078
68 72 1.2188524190838388
68 73 1.3278645622196057
68 74 1.2925082061245308
69 70 1.1916052591210022
69 71 1.1920546695301948
69 72 1.3082888135695632
69 73 1.3044860589648557
69 74 1.4083308969514143
70 71 1.3676761398678978
70 72 1.1827771878396793
70 73 1.2827095539090518
70 74 1.3489404454881884
71 72 1.6412613925931834
71 73 1.3395427963834434
71 74 1.4487647726125155
72 73 1.2666072035252083
72 74 1.1055409068754793
73 74 1.1982555814457638
