75 0
0 1 1.1594738298908942
0 2 1.1803265269767484
0 3 1.3421776930123481
0 4 1.0880505049203486
0 5 1.2840700093135022
0 6 1.2822933547309063
0 7 1.3977726064370888
0 8 1.5099377020274098
0 9 1.16791398766843
0 10 0.9063494842067605
0 11 0.9557597448440615
0 12 1.050133357249746
0 13 1.2503215626111976
0 14 1.0462473851472391
0 15 1.0091025783553929
0 16 1.0704128692971142
0 17 1.2781630517318023
0 18 1.223585281751968
0 19 1.0739844192746764
0 20 1.4430754063947142
0 21 1.4132631778917433
0 22 1.2209467171638764
0 23 1.051915775738136
0 24 0.956483477892157
0 25 1.319782015575556
0 26 1.29444098247961
0 27 1.3392165003028769
0 28 1.316370982590611
0 29 1.2645792684156534
0 30 1.1890836217274858
0 31 1.330181214447539
0 32 1.459018195618931
0 33 1.1535502975256364
0 34 1.1425157872686427
0 35 1.0645727117720218
0 36 1.1870149889746873
0 37 0.829759713040424
0 38 1.031090210378988
0 39 0.995952875033326
0 40 1.2523715388907208
0 41 1.404221866876017
0 42 1.0735465162199644
0 43 0.9494621420926057
0 44 1.2228790695855958
0 45 1.2297309731235022
0 46 1.2076938133732038
0 47 1.051566241501291
0 48 0.9723172646924981
0 49 0.9765699960917404
0 50 1.3308353817833596
0 51 1.1112303998886244
0 52 1.2778495813717476
0 53 1.2556612237527587
0 54 0.7452002130685864
0 55 0.8552481052053478
0 56 1.3074741769494889
0 57 1.2371884615210602
0 58 0.776403077147574
0 59 1.2310770795380834
0 60 1.3265300395447113
0 61 0.9421360798227641
0 62 1.102947173995485
0 63 1.2185258907603767
0 64 1.280172849911297
0 65 1.3036453076049612
0 66 0.9201135239220389
0 67 1.0211867970477408
0 68 1.240893521201216
0 69 1.1841025002441958
0 70 1.1883115636279713
0 71 0.6685140778212056
0 72 1.251394229111488
0 73 1.459175901535293
0 74 1.3431128638892489
1 2 1.340323351961784
1 3 1.2908248579252717
1 4 1.277214560191768
1 5 1.2533255472360672
1 6 1.3097033955277564
1 7 1.381656746649449
1 8 1.3542577563484721
1 9 1.2639517898369
1 10 1.1043016715974752
1 11 1.2339284973721412
1 12 1.3345871431163936
1 13 1.2187048723070957
1 14 1.2410347242361823
1 15 1.241995776462698
1 16 1.2434338790315755
1 17 1.364540832167157
1 18 1.2626452657009517
1 19 1.1634759792001652
1 20 1.4269733963209572
1 21 1.3625917803253782
1 22 1.3464739750830297
1 23 1.247567778014779
1 24 1.1927827657585817
1 25 1.4159844419600363
1 26 1.3969885306887364
1 27 1.278997246124517
1 28 1.3015145979822895
1 29 1.4154558187847068
1 30 1.2772501975409671
1 31 1.290657182041204
1 32 1.3809829494594708
1 33 1.2246305282373091
1 34 1.3078432409545142
1 35 1.0600058451303722
1 36 1.2889685174119518
1 37 1.2281791149242973
1 38 1.29393099407412
1 39 1.0518499065406814
1 40 1.295257374429279
1 41 1.4579906969100767
1 42 1.187654712746559
1 43 1.1802791337535594
1 44 1.3336301676047564
1 45 1.2022540875641803
1 46 1.3258998291862847
1 47 1.284204316338648
1 48 1.112487465122872
1 49 1.190144822220461
1 50 1.2513794450388074
1 51 1.2518021253689504
1 52 1.4286792025296164
1 53 1.2850819977542902
1 54 1.233345074459322
1 55 1.2712722957057168
1 56 1.238328131067949
1 57 1.2516877259878518
1 58 1.1893982590484664
1 59 1.2282427672983003
1 60 1.3402959124102465
1 61 1.3208217526410366
1 62 1.2517883909538496
1 63 1.2473386860540066
1 64 1.3608137107798484
1 65 1.4090952766918279
1 66 1.2588682392732702
1 67 1.283869312020929
1 68 1.2944512337683904
1 69 1.2625128079950974
1 70 1.269062341355954
1 71 1.2140422238704112
1 72 1.3655977587440884
1 73 1.3167483505275885
1 74 1.304645110062687
2 3 1.306008252492273
2 4 1.4300629523954635
2 5 1.3129840139594677
2 6 1.0034824853237636
2 7 1.2643094874217915
2 8 1.1689272784050122
2 9 1.3032795419423604
2 10 1.2791295247509944
2 11 1.2581692802187516
2 12 1.290612587162453
2 13 1.3909073937801326
2 14 1.1809840489370609
2 15 1.2156853830060077
2 16 1.3242067995916245
2 17 1.459915863895074
2 18 1.3942723355987752
2 19 1.2992597248336228
2 20 1.287809068532366
2 21 1.023960983392066
2 22 1.2697155087833585
2 23 1.2314983923244724
2 24 1.274526991241425
2 25 1.1351897067595083
2 26 1.1756008666831603
2 27 1.3727838217001045
2 28 1.3116479062847801
2 29 1.3214934349402199
2 30 1.1961535297820594
2 31 1.2212850610324635
2 32 1.3144079262753383
2 33 1.3526727201396944
2 34 1.3225163818836212
2 35 1.2718730331167634
2 36 1.2393485551239942
2 37 1.2639423572296258
2 38 1.2117826274740842
2 39 1.2384203982039317
2 40 1.4967660536365477
2 41 1.3153572075840718
2 42 1.1893214264948744
2 43 1.2961220535661437
2 44 0.9905348851789711
2 45 1.2922431189007533
2 46 1.3159070485231081
2 47 1.2251195797977916
2 48 1.2199203619765164
2 49 1.220648692321923
2 50 1.3174116825704172
2 51 1.322313103674952
2 52 1.387420403606456
2 53 1.1887102022635976
2 54 1.237865235909496
2 55 1.238050404571952
2 56 1.2896387991838074
2 57 1.4837798109479745
2 58 1.2313515858133726
2 59 1.4774271898398872
2 60 1.3216049118703135
2 61 1.2832009753150238
2 62 1.2571889501786029
2 63 1.4113266737041221
2 64 1.4046396789329831
2 65 1.269754238570785
2 66 1.2895807356753137
2 67 1.1231828423739265
2 68 1.389899986174217
2 69 1.258454503232252
2 70 1.2238840207444395
2 71 1.1967986761893132
2 72 1.4244196118388004
2 73 1.338207892821161
2 74 1.3518810960981054
3 4 1.507331995113899
3 5 1.3295070728827172
3 6 1.2560896006494953
3 7 1.273668968830573
3 8 1.4611364608835269
3 9 1.3541171775151861
3 10 1.44273307657499
3 11 1.4715835267053776
3 12 1.380128406787815
3 13 1.2086997570583997
3 14 1.319576223055801
3 15 1.3813860231148922
3 16 1.4497874360941376
3 17 1.4731581947475723
3 18 1.4563752757686093
3 19 1.416898564637991
3 20 1.3709358656393724
3 21 1.2381762013060482
3 22 1.322595403229375
3 23 1.272059128664343
3 24 1.3602047696557316
3 25 1.447951577200489
3 26 1.384323783849524
3 27 1.484905752745332
3 28 1.4411980120411287
3 29 1.3348203721629224
3 30 1.31293289512454
3 31 1.281406241586264
3 32 1.3239614100853558
3 33 1.338036171308519
3 34 1.4170632182885912
3 35 1.3290124223017075
3 36 1.4276075286682424
3 37 1.3578947666396863
3 38 1.408540340845756
3 39 1.415638900293178
3 40 1.4620828207418402
3 41 1.381258521077104
3 42 1.3922469807186095
3 43 1.3185918829415522
3 44 1.2917732541150115
3 45 1.4094552314501507
3 46 1.405311464903622
3 47 1.4151751220429818
3 48 1.3077246056941028
3 49 1.2774767935878313
3 50 1.372084542864147
3 51 1.3685984088026129
3 52 1.3459037064744284
3 53 1.2886979896628072
3 54 1.3984673016255698
3 55 1.431101457633471
3 56 1.3746936689499636
3 57 1.4709221700514947
3 58 1.4378935680945575
3 59 1.524708198673299
3 60 1.2407549562586038
3 61 1.4454806100664996
3 62 1.4051659247903054
3 63 1.3166822571260761
3 64 1.3632787090232268
3 65 1.2799266712730748
3 66 1.4334970043840587
3 67 1.4318208071349694
3 68 1.3705351004928514
3 69 1.3850299466049956
3 70 1.4089045614422857
3 71 1.3885337147179542
3 72 1.389533127565431
3 73 1.3645214639357413
3 74 1.1715523494437796
4 5 1.3008335170057048
4 6 1.4637174125105992
4 7 1.3485234880952899
4 8 1.432383929849581
4 9 1.2369237979642067
4 10 1.0574103473010965
4 11 1.1077130188401554
4 12 1.2300246533188397
4 13 1.3148818443395833
4 14 1.1736104103085487
4 15 1.1335107437952028
4 16 1.2103452359488445
4 17 1.2432072428821526
4 18 1.1617425861563306
4 19 1.3014884193377603
4 20 1.3110793814447737
4 21 1.5388049964756074
4 22 1.2925880068055402
4 23 1.2808365627579121
4 24 1.1944411111864763
4 25 1.3548926635513188
4 26 1.373304115293009
4 27 1.249788710122336
4 28 1.211235443564341
4 29 1.3049564843996604
4 30 1.307352259095039
4 31 1.5763336925046858
4 32 1.3115735335708867
4 33 1.3132896425717628
4 34 1.1335526107697975
4 35 1.3128440714118381
4 36 1.3051721287875617
4 37 1.2547170870687425
4 38 1.3054846891011582
4 39 1.182831483633768
4 40 1.2424551032947935
4 41 1.4052442254813435
4 42 1.218398853061505
4 43 1.102770384053844
4 44 1.358157839705968
4 45 1.3110935592357431
4 46 1.2665328317849565
4 47 1.2508757052630555
4 48 1.2320571130337157
4 49 1.1381588195717696
4 50 1.3769621494368909
4 51 1.358664290207601
4 52 1.384685223209833
4 53 1.3089529685530308
4 54 1.2163802815088072
4 55 1.2323375593368995
4 56 1.3134840681250062
4 57 1.1789047565561543
4 58 1.2125519689806632
4 59 1.2614512644534852
4 60 1.3664961206368667
4 61 1.2174897225487158
4 62 1.1442942175739903
4 63 1.3475232855160069
4 64 1.3592026351363358
4 65 1.3137336569611142
4 66 1.2002915553423057
4 67 1.1932578448357136
4 68 1.3468614025953358
4 69 1.297372047657611
4 70 1.1402603375938325
4 71 1.2283329297961383
4 72 1.200780708850567
4 73 1.4035268778270296
4 74 1.3469757725166256
5 6 1.3256224036802238
5 7 1.3222179812744612
5 8 1.3497643519525453
5 9 1.2062029949606101
5 10 1.2957531193962726
5 11 1.335016881082539
5 12 1.3839005805025053
5 13 1.211399872021477
5 14 1.3467447461230109
5 15 1.3877051260764546
5 16 1.38627313690545
5 17 1.4509038307773554
5 18 1.3823664801274091
5 19 1.1107352633449528
5 20 1.378874710728812
5 21 1.3393210047828743
5 22 1.3233685556853605
5 23 1.3725453972747947
5 24 1.0508691004585144
5 25 1.0969376124608718
5 26 1.4021405738714403
5 27 1.3821025798434474
5 28 1.4668793536754101
5 29 1.3188829759335372
5 30 1.1427419488974044
5 31 1.395025319798068
5 32 1.4356530934031446
5 33 1.3321404199823503
5 34 1.441067195226539
5 35 1.1261323083462114
5 36 1.3400085925914627
5 37 1.152863179780968
5 38 1.1823125744304424
5 39 1.1083143619355194
5 40 1.3699278165448507
5 41 1.35571045903577
5 42 1.2037801300849282
5 43 1.2013571828743967
5 44 1.3504559483698348
5 45 1.2757152030820202
5 46 1.3617028248474352
5 47 1.3536899952466008
5 48 1.1064628021754028
5 49 1.2300081801947294
5 50 1.3984949243435174
5 51 1.3460014434671024
5 52 1.5208375889613466
5 53 1.272247727375532
5 54 1.1987639890596455
5 55 1.1127621393381255
5 56 1.4047364360117331
5 57 1.5350315563645607
5 58 1.2440536247416127
5 59 1.4729697773416428
5 60 1.2699777493189714
5 61 1.299201702561535
5 62 1.4457651007746377
5 63 1.2458450694446475
5 64 1.1630420924906317
5 65 1.3070573886368324
5 66 1.3028901619967648
5 67 1.2887363634309885
5 68 1.5106267477165916
5 69 0.8893166341949423
5 70 1.3555993032384874
5 71 1.2260391938572015
5 72 1.2105386769979094
5 73 1.3941622799302256
5 74 1.2344677303379592
6 7 1.2255770959208974
6 8 1.2948783770527605
6 9 1.2993047660369348
6 10 1.3869367229534806
6 11 1.412737489788112
6 12 1.2546668184163332
6 13 1.2473254784967271
6 14 1.2417233304463864
6 15 1.2753486728636734
6 16 1.3095854894449785
6 17 1.4670095329356652
6 18 1.4680045327198306
6 19 1.3509463161970197
6 20 1.2595688801043876
6 21 0.703308561132794
6 22 1.3203682156001364
6 23 1.25105452679828
6 24 1.3293588609089992
6 25 1.1815110186767728
6 26 1.268502470577927
6 27 1.328703347449284
6 28 1.2644756448025025
6 29 1.3305271604600195
6 30 1.2208031742096364
6 31 1.2056305809261574
6 32 1.2891364643999539
6 33 1.2948946897482017
6 34 1.3986329072595896
6 35 1.299857977528364
6 36 1.3062298298002328
6 37 1.336271373903875
6 38 1.3727682298109776
6 39 1.327666699918174
6 40 1.4543699198802895
6 41 1.319260546198167
6 42 1.2939094701248777
6 43 1.3055133120718836
6 44 0.9919293885900204
6 45 1.2743712228835493
6 46 1.299009572040936
6 47 1.4151348515876794
6 48 1.191582678618894
6 49 1.2911026243139587
6 50 1.455145139655106
6 51 1.343444511145329
6 52 1.3855179447082226
6 53 1.1333588512449202
6 54 1.2957666664271437
6 55 1.283105533057354
6 56 1.3463247039909634
6 57 1.4555205176790007
6 58 1.410198434714072
6 59 1.48937767256391
6 60 1.3393594138359721
6 61 1.253615263101541
6 62 1.3547992046434276
6 63 1.452060040883295
6 64 1.4546185710670727
6 65 1.271674838592202
6 66 1.3073720314729158
6 67 1.2952875741146046
6 68 1.3954534687860896
6 69 1.335914137970784
6 70 1.2066980205649984
6 71 1.308788982977682
6 72 1.4531252188879855
6 73 1.3027251702169993
6 74 1.320096626775223
7 8 1.262421642996554
7 9 1.3330214883037192
7 10 1.2750755900239152
7 11 1.3663531351744027
7 12 1.3445242122663763
7 13 1.302563062217827
7 14 1.2782766575501123
7 15 1.3223770408943876
7 16 1.4151675183996595
7 17 1.3990512638838002
7 18 1.5170865795633721
7 19 1.4335262087350824
7 20 0.7586547811672117
7 21 1.2385701348262206
7 22 1.3600469127594932
7 23 1.3707026588414086
7 24 1.3503196179177288
7 25 1.314227534664314
7 26 1.3680215074842765
7 27 1.2872439599267775
7 28 1.2124176721024233
7 29 1.4470748799426902
7 30 1.317580929389725
7 31 1.32036370401971
7 32 0.7353856408898458
7 33 1.370155534196652
7 34 1.3288831433256427
7 35 1.379477105848266
7 36 1.37575975249908
7 37 1.5609151890408883
7 38 1.4702643092829293
7 39 1.386844665484508
7 40 1.570678249789821
7 41 1.2913238924982848
7 42 1.3445608887505867
7 43 1.3904911647638818
7 44 1.1911976550509917
7 45 1.1885178171791275
7 46 1.3360152907157454
7 47 1.284632597773636
7 48 1.4174497464680051
7 49 1.3447468790547248
7 50 1.477532085829507
7 51 1.380815891688689
7 52 1.439619865904472
7 53 1.2928320064831331
7 54 1.5121040238481278
7 55 1.5232538225199301
7 56 1.2012185878390773
7 57 1.3781796157141155
7 58 1.5348467443909373
7 59 1.446725025797523
7 60 1.3386759863947237
7 61 1.4345621189947793
7 62 1.249131693699031
7 63 1.3951579412474489
7 64 1.395390844234665
7 65 1.3066440120952272
7 66 1.4707339735510085
7 67 1.265621460150995
7 68 1.383727971483336
7 69 1.3420766916939113
7 70 1.2631160350246182
7 71 1.5103217336123174
7 72 1.3020199212175485
7 73 1.404503436881701
7 74 1.3815398820714413
8 9 1.3235847470477187
8 10 1.3604512289271793
8 11 1.3730835551988385
8 12 1.4247498318977367
8 13 1.4250067516929532
8 14 1.2712194748743229
8 15 1.3155894596573412
8 16 1.3704434267394767
8 17 1.3754288413767142
8 18 1.393001474049443
8 19 1.4066496274406488
8 20 1.2270914425600365
8 21 1.1922548419336123
8 22 1.4344945163264442
8 23 1.2868350860886149
8 24 1.4500577432310755
8 25 1.2116949943187807
8 26 1.4079742819243644
8 27 1.37888250206371
8 28 1.2200187582177016
8 29 1.377754223777152
8 30 1.3194894860292523
8 31 1.3535874108370538
8 32 1.2130081214380923
8 33 1.483763913030655
8 34 1.2297550362343759
8 35 1.2876030199131323
8 36 1.3900542830083304
8 37 1.512524149120112
8 38 1.34354182260304
8 39 1.3808358500185856
8 40 1.4274830913870507
8 41 1.2818350100725673
8 42 1.3614708690659263
8 43 1.4269448530869682
8 44 1.2001719074185178
8 45 1.369649378004591
8 46 1.4446091778822654
8 47 1.3579462148267576
8 48 1.438167847864137
8 49 1.3906606649974698
8 50 1.3887068249356869
8 51 1.3940002564357894
8 52 1.4615881655897722
8 53 1.372868599096928
8 54 1.5400843091330416
8 55 1.5457484256356975
8 56 1.2064512785937014
8 57 1.4970249305340586
8 58 1.45457572195541
8 59 1.4975766638125523
8 60 1.4015553945255685
8 61 1.4547473603273042
8 62 1.3268098048296328
8 63 1.3065163258333745
8 64 1.3316455554376294
8 65 1.4276181543939312
8 66 1.408110132503595
8 67 1.2134420397827952
8 68 1.380804786433207
8 69 1.3379896292123528
8 70 1.2573439059545053
8 71 1.5348917102835387
8 72 1.4142086275505747
8 73 1.435881050243139
8 74 1.4355250911228419
9 10 1.1626862673027611
9 11 1.2190093297435174
9 12 1.1368183153328215
9 13 1.3036278843012608
9 14 1.2640820881124748
9 15 1.1966857862415419
9 16 1.2580568858856858
9 17 1.2135907814849571
9 18 1.1983532286163276
9 19 1.1989068815218917
9 20 1.3592789128374294
9 21 1.4376007357240659
9 22 1.3884846986184234
9 23 1.176154767693547
9 24 1.173957111670328
9 25 1.2489169989647253
9 26 1.3868772174722774
9 27 1.3353565525760058
9 28 1.389427988851416
9 29 1.152112540843978
9 30 1.3708741709515342
9 31 1.3669113922696081
9 32 1.372850783387088
9 33 1.3029928271264457
9 34 1.2702334828824913
9 35 1.1755233567287984
9 36 1.2137390926254261
9 37 1.2634172767549177
9 38 1.112517641231448
9 39 1.2219935875443235
9 40 1.1922427262063802
9 41 1.4039172216897693
9 42 1.2193216528186221
9 43 1.2736305532570231
9 44 1.2649989148544638
9 45 1.3166703378800704
9 46 1.1706861616207145
9 47 1.315996412810391
9 48 1.2312060395481892
9 49 1.242395450814264
9 50 1.2291476193274011
9 51 1.2645830427346683
9 52 1.3690492939271273
9 53 1.2877647495962874
9 54 1.199148353123487
9 55 1.2421459364069298
9 56 1.20416428984059
9 57 1.264658741693795
9 58 1.1744622064143337
9 59 1.2715885579446766
9 60 1.43571120142773
9 61 1.333760177784451
9 62 1.3101207019845835
9 63 1.286406998815909
9 64 1.3138464660135145
9 65 1.3044506834692515
9 66 1.2635813815724086
9 67 1.171257537891621
9 68 1.3793037557040764
9 69 1.260509385857798
9 70 1.2593030179993348
9 71 1.1949155555574873
9 72 1.300065753856012
9 73 1.3519597128101202
9 74 1.4340684608040861
10 11 0.8006176773544764
10 12 1.0655341391352304
10 13 1.195334869016076
10 14 1.0052088174146496
10 15 1.0046461981421193
10 16 1.1111671608746698
10 17 1.2055382990514352
10 18 1.1206383073835342
10 19 1.0274644065456566
10 20 1.2712111020522343
10 21 1.4626600885814494
10 22 1.286207108541441
10 23 1.0505692562532323
10 24 0.8854845361289106
10 25 1.3218739031540157
10 26 1.1955422109501825
10 27 1.3193800197625187
10 28 1.2452798876133442
10 29 1.2843572456951524
10 30 1.1380664157385687
10 31 1.3053494862283426
10 32 1.3160525086963835
10 33 1.2715898721230068
10 34 1.0332434787880345
10 35 1.021440589709905
10 36 1.1413172662738071
10 37 1.079332853824709
10 38 1.0099933263084762
10 39 0.9517965653444492
10 40 1.1768323308707236
10 41 1.3404595455739519
10 42 0.9531027496937344
10 43 1.1285699330804448
10 44 1.3063006562606594
10 45 1.1776489011560987
10 46 1.2319015329042557
10 47 1.1100661855125071
10 48 1.0376085518738287
10 49 0.9631637526388954
10 50 1.291711510836874
10 51 1.1799378564557086
10 52 1.3856740850517322
10 53 1.287717357058833
10 54 1.0121313349713335
10 55 1.1118185546071715
10 56 1.1792753081862806
10 57 1.0295005567894158
10 58 0.9756668048770218
10 59 1.1617631771123063
10 60 1.3353089535927938
10 61 1.0443242504660657
10 62 0.9995075231942839
10 63 1.1477649991531966
10 64 1.2691721686064876
10 65 1.316820294484462
10 66 0.9914725070049413
10 67 1.0724791290386975
10 68 1.1469646058616132
10 69 1.2002724706184968
10 70 1.0842970818852882
10 71 0.9370848145994929
10 72 1.104592470396125
10 73 1.3893134247780232
10 74 1.4128346041658837
11 12 1.1894712576810487
11 13 1.2934669365576221
11 14 1.0463980413121847
11 15 1.1353255922433063
11 16 1.1687291535972864
11 17 1.1927538625663225
11 18 1.0912358787224004
11 19 1.1246017873128509
11 20 1.3603232327723598
11 21 1.524525139464303
11 22 1.3529511698006127
11 23 1.1154635596471874
11 24 0.9871127913116399
11 25 1.3611435091112352
11 26 1.3022541906500698
11 27 1.2780917953098194
11 28 1.3852024049190088
11 29 1.2681861853487857
11 30 1.325075115023285
11 31 1.3474050212894761
11 32 1.3735732109543055
11 33 1.228922617919925
11 34 1.022798962857596
11 35 1.0294183585095087
11 36 1.2553881177909854
11 37 1.0740654689218085
11 38 1.107203978717712
11 39 0.9960237156108152
11 40 1.1900436097878244
11 41 1.4088363076321277
11 42 1.082597552010372
11 43 1.146943740416284
11 44 1.3616790787984279
11 45 1.2614907827901467
11 46 1.271535919642068
11 47 1.2102270690282255
11 48 1.1613687467945173
11 49 1.0738096050281964
11 50 1.2068174847562596
11 51 1.1913104373447847
11 52 1.3103036559083394
11 53 1.3040831043371437
11 54 1.1013930055471828
11 55 1.17219376067878
11 56 1.2332128862318965
11 57 1.1238824297158776
11 58 1.0290482206399865
11 59 1.1711378356668891
11 60 1.3327090374422252
11 61 1.140811938871809
11 62 1.024329958366385
11 63 1.1112223000796806
11 64 1.2316951249745378
11 65 1.3263527296348887
11 66 1.1091028618212084
11 67 1.1227615970145908
11 68 1.2061674114475707
11 69 1.2880524145747119
11 70 1.1474860711404415
11 71 1.0361129484624099
11 72 1.163667567495677
11 73 1.4851128777577194
11 74 1.4031172958422553
12 13 1.2621691599751552
12 14 1.1842879681975012
12 15 1.1582544190259607
12 16 1.1382467973813686
12 17 1.3590756631941943
12 18 1.2783247018654376
12 19 1.226262847575614
12 20 1.3570880438059674
12 21 1.3789006370884078
12 22 1.3383145574829338
12 23 1.1424788430337272
12 24 1.0649507464166097
12 25 1.3047029454241053
12 26 1.3116530750770259
12 27 1.4060347529846502
12 28 1.3289487968976799
12 29 1.2831055845295583
12 30 1.3211965299534711
12 31 1.268553685959317
12 32 1.3860969079556298
12 33 1.195713440238535
12 34 1.2638447962486437
12 35 1.2860397769340541
12 36 1.0465524117225915
12 37 1.1976010397913577
12 38 1.147009655074269
12 39 1.073635218990501
12 40 1.257114304980575
12 41 1.3632349364801393
12 42 1.1681786305811568
12 43 1.1107642282279908
12 44 1.2857081427685888
12 45 1.2431691864734784
12 46 1.2043297489864835
12 47 1.2422888630790638
12 48 1.1044188680896765
12 49 1.0750129415793288
12 50 1.3600406759190047
12 51 1.2876782143397825
12 52 1.4385329136356506
12 53 1.3030216268479364
12 54 1.0510386344185199
12 55 1.1497456830889088
12 56 1.254533523037432
12 57 1.1502431759606302
12 58 1.1546489984756931
12 59 1.243521251744843
12 60 1.2817911766043162
12 61 1.2450114063749296
12 62 1.2766396367140773
12 63 1.4608870699366134
12 64 1.4592780220861647
12 65 1.276520013833335
12 66 1.1949330521354173
12 67 1.2593241535517754
12 68 1.300653888669723
12 69 1.2138973624294724
12 70 1.2453755212884294
12 71 1.0847523817362599
12 72 1.3787430812366364
12 73 1.2946934976387527
12 74 1.4290027917506436
13 14 1.2670885795062083
13 15 1.2605296284666905
13 16 1.1605133573571513
13 17 1.2856372316422646
13 18 1.3089475603622849
13 19 1.3286533592300358
13 20 1.338540990204822
13 21 1.3421813146203911
13 22 1.274152113653407
13 23 1.3340475838427253
13 24 1.2569723640367574
13 25 1.3810880415973554
13 26 1.3642776360323217
13 27 1.4158246480793804
13 28 1.3674704370982973
13 29 1.4022281145431965
13 30 1.2757932775982372
13 31 1.3084362731791825
13 32 1.3340326397559632
13 33 1.1882301218822058
13 34 1.331112732129491
13 35 1.2742681488735095
13 36 1.3082397503262573
13 37 1.2769755399956708
13 38 1.4286405641139281
13 39 1.321670136791374
13 40 1.29513763051116
13 41 1.3254078996543048
13 42 1.3244968745236125
13 43 1.1388213315195743
13 44 1.2907643230608774
13 45 1.277075301293555
13 46 1.296053047278531
13 47 1.3749345474084798
13 48 1.2796695354274223
13 49 1.232220850313427
13 50 1.432108926501186
13 51 1.340408926330838
13 52 1.3074357445652274
13 53 1.295142733967476
13 54 1.2682447785969457
13 55 1.250060010509488
13 56 1.37153754937235
13 57 1.2897080395958302
13 58 1.2790047195374954
13 59 1.3117807601884093
13 60 1.3636392646692812
13 61 1.3007536750397555
13 62 1.299720231340745
13 63 1.282441246919585
13 64 1.211405102080862
13 65 1.3250193396588412
13 66 1.1595061685837538
13 67 1.3125094228462766
13 68 1.556459285670411
13 69 1.2770382821647528
13 70 1.2465610681330004
13 71 1.2246101745182445
13 72 1.1712316370818643
13 73 1.3770062615964471
13 74 1.3123364522584864
14 15 1.1369635414458699
14 16 1.2582720609701632
14 17 1.2512650112499653
14 18 1.2796614319788457
14 19 1.2031746982697475
14 20 1.2323274613873751
14 21 1.2972415660263763
14 22 1.301697171144585
14 23 1.0446816355792825
14 24 1.101659952273543
14 25 1.3641537019928962
14 26 1.213853830561598
14 27 1.2738574049177154
14 28 1.2068079282101665
14 29 1.2716976010207586
14 30 1.1924141922216647
14 31 1.3082730488124288
14 32 1.2362527993300874
14 33 1.279114483389011
14 34 1.1176026739292715
14 35 1.1891912558995763
14 36 1.1751455560422541
14 37 1.1757905271805962
14 38 1.1786479193129393
14 39 1.1905399124237002
14 40 1.3171972885593317
14 41 1.2652640795228938
14 42 1.2261722871193272
14 43 1.1278907884715705
14 44 1.2138911040217322
14 45 1.2903129255856294
14 46 1.3429578097204045
14 47 1.1943421187058911
14 48 1.1690513685457928
14 49 1.1843409296804015
14 50 1.350043747534327
14 51 1.117457892866576
14 52 1.3247460302547631
14 53 1.2361335692864637
14 54 1.2089306380753686
14 55 1.2137968349158752
14 56 1.2021158690973759
14 57 1.236072597213713
14 58 1.1842409332048502
14 59 1.3328456866792515
14 60 1.3366730094239623
14 61 1.1639045277936204
14 62 1.0734580915813332
14 63 1.2907720411560555
14 64 1.264520250558108
14 65 1.2661673415325225
14 66 1.2088945314864834
14 67 1.1070541596132326
14 68 1.2674072120471096
14 69 1.3549154539540706
14 70 1.229861428249499
14 71 1.134446853329417
14 72 1.1815291395742211
14 73 1.3814969928611207
14 74 1.4157488765706052
15 16 1.1357274525641328
15 17 1.1547493112770855
15 18 1.2428813312522924
15 19 1.2599565369234422
15 20 1.2704967270032015
15 21 1.3847155291813271
15 22 1.2559503072674811
15 23 1.0463900220826705
15 24 1.254253367190171
15 25 1.339550334517592
15 26 1.3522532468878534
15 27 1.1780072018627643
15 28 1.3275872307671075
15 29 1.2997622130191673
15 30 1.2531554098197433
15 31 1.24913919313635
15 32 1.2678248784711064
15 33 1.307435875865132
15 34 1.1710869634195415
15 35 1.2630416975103023
15 36 1.26125799329216
15 37 1.2359128894299487
15 38 1.1952873901006225
15 39 1.157173978252252
15 40 1.4081782601142208
15 41 1.247297998173472
15 42 1.2016463470306498
15 43 1.1588849705667381
15 44 1.1971499036509845
15 45 1.2542160059745637
15 46 1.2892703130061478
15 47 0.9863610008049121
15 48 1.2373005977436047
15 49 1.161289295695201
15 50 1.3694937212398572
15 51 1.221554553997737
15 52 1.3572813906866428
15 53 1.320047200521777
15 54 1.1943106969332111
15 55 1.1290335400168423
15 56 1.1366076591185654
15 57 1.194642296047413
15 58 1.0756199181714592
15 59 1.3061780638396028
15 60 1.4461003017584095
15 61 1.1859712051874485
15 62 1.0679374889903919
15 63 1.2555111787987396
15 64 1.4523632077543913
15 65 1.2912834984610646
15 66 1.1390228569205585
15 67 0.8555085619641756
15 68 1.3709999383517604
15 69 1.296474377951749
15 70 1.0991703412960818
15 71 1.1050892553425988
15 72 1.2723764613935225
15 73 1.4652080099231752
15 74 1.3768058026167724
16 17 1.1773294447831044
16 18 1.1161631418425166
16 19 1.2145173157485554
16 20 1.454435182696521
16 21 1.3995355704778756
16 22 1.3632074377143306
16 23 1.2339077923486355
16 24 1.1958199867241088
16 25 1.3904527793264976
16 26 1.3137556937763322
16 27 1.39921165852181
16 28 1.3439693065096414
16 29 1.3277215114048466
16 30 1.2477996265502194
16 31 1.2833943027352224
16 32 1.4173405526669258
16 33 1.3192714290884746
16 34 1.249722070760175
16 35 1.2309881250858041
16 36 1.1251020951695239
16 37 1.1890156637558524
16 38 1.1913798675920606
16 39 1.1866959731586684
16 40 1.1844541347003685
16 41 1.4414134033660633
16 42 1.281984561966651
16 43 1.2375139303410647
16 44 1.347846964869272
16 45 1.3850272298951731
16 46 1.3072776071187315
16 47 1.303152108741289
16 48 1.150925535999641
16 49 1.2157808382189568
16 50 1.3358400127568106
16 51 1.3438257394834965
16 52 1.4255328128451814
16 53 1.293579266923274
16 54 1.1061165018153836
16 55 1.193184752223088
16 56 1.313258925827527
16 57 1.1083471799638995
16 58 1.0817238426610556
16 59 1.196023284196344
16 60 1.3152268059447543
16 61 1.1737921720625257
16 62 1.1459653105671939
16 63 1.3079258595624779
16 64 1.319146769479485
16 65 1.4162718625120871
16 66 1.1039096169051015
16 67 1.2021957736543754
16 68 1.2806992077134554
16 69 1.285243084362263
16 70 1.2094140401530842
16 71 1.0942250338689767
16 72 1.308541009651539
16 73 1.433353510437155
16 74 1.4652207661061527
17 18 1.0509978462026266
17 19 1.3175803246956954
17 20 1.3006551916017566
17 21 1.5209671622911451
17 22 1.3629196269054618
17 23 1.2797481830062951
17 24 1.355886739467745
17 25 1.3823859468111077
17 26 1.5089187341664623
17 27 1.2604168166387741
17 28 1.2996296170957056
17 29 1.2782700316709301
17 30 1.4366809103170464
17 31 1.4495977566576943
17 32 1.2822596157021469
17 33 1.3442330843920387
17 34 1.2326798870844276
17 35 1.325018001387696
17 36 1.2443123904412356
17 37 1.5350352156539424
17 38 1.3608391343339736
17 39 1.3660481886291904
17 40 1.1373142657271724
17 41 1.4407468701819008
17 42 1.3092092093845558
17 43 1.3593277819825904
17 44 1.395545720080815
17 45 1.2787723835520945
17 46 1.4267694316643116
17 47 1.3212118937672728
17 48 1.4016380219947606
17 49 1.3932679485085675
17 50 1.2256413965679385
17 51 1.2642176954462319
17 52 1.2789769533413875
17 53 1.3881378209966306
17 54 1.5246091208525192
17 55 1.3971362810144539
17 56 1.1160374112474354
17 57 1.1493666289156304
17 58 1.3685903100073906
17 59 1.198967292551961
17 60 1.4524472914802558
17 61 1.3488721003872761
17 62 1.0566381085841599
17 63 1.2885118306977363
17 64 1.2689385617395406
17 65 1.3671620331345964
17 66 1.319092194042638
17 67 1.2350401231970778
17 68 1.3083417752009165
17 69 1.4330438649128756
17 70 1.2349810032018456
17 71 1.3734921632714556
17 72 1.150153339466845
17 73 1.5478743983673564
17 74 1.5057979385848448
18 19 1.2746552551528507
18 20 1.4338848931104646
18 21 1.5590927315283925
18 22 1.4558325509483978
18 23 1.2268067300724448
18 24 1.2362533475198916
18 25 1.4724284790646085
18 26 1.3882591833807645
18 27 1.3097822562940047
18 28 1.2883289343720683
18 29 1.1235548806638496
18 30 1.4585834822041526
18 31 1.4194681405229477
18 32 1.4279854982869744
18 33 1.3995964635667952
18 34 1.2697581696012499
18 35 1.2230584297933103
18 36 1.2251097952555863
18 37 1.2706662098528418
18 38 1.268525900921913
18 39 1.2804902140056154
18 40 0.9933607367473042
18 41 1.4603129671326918
18 42 1.1974334200935965
18 43 1.2762391453818052
18 44 1.3487053912030225
18 45 1.3090424318267757
18 46 1.4456168818200656
18 47 1.3227151628378766
18 48 1.4298958664094783
18 49 1.2965521992143094
18 50 1.0591774279996475
18 51 1.3067308196987573
18 52 1.426541135490987
18 53 1.4206356293423443
18 54 1.2704968134708268
18 55 1.30646348714242
18 56 1.153239804932135
18 57 1.0987135777219568
18 58 1.2154978436481005
18 59 1.0370804189352918
18 60 1.3563000719024627
18 61 1.321325722578505
18 62 1.1833935835749263
18 63 1.1893175636383737
18 64 1.2559437094120796
18 65 1.4012489168478894
18 66 1.3201694539444826
18 67 1.2934239439647786
18 68 1.2774064812342363
18 69 1.4097234514236394
18 70 1.3381421033035226
18 71 1.2624047850885929
18 72 1.232198965301405
18 73 1.4914177739874863
18 74 1.4522763153799017
19 20 1.4056087610554884
19 21 1.3887386307898355
19 22 1.3994315334475365
19 23 1.2049672772231481
19 24 0.9714025291954811
19 25 1.2496783947319052
19 26 1.3196875295318922
19 27 1.417571115298965
19 28 1.350998546700762
19 29 1.2349743344784931
19 30 1.213143546944632
19 31 1.315189601541341
19 32 1.3874299415020375
19 33 1.3457361047022862
19 34 1.3213871352522517
19 35 1.056677954372393
19 36 1.2094367965075639
19 37 1.0998195252405345
19 38 1.0125610987041096
19 39 1.1129512612171835
19 40 1.179362604756026
19 41 1.4312661647878624
19 42 1.1061390080563356
19 43 1.3426601441799098
19 44 1.4030106293275233
19 45 1.258555075102186
19 46 1.2094389230668865
19 47 1.3592184834622743
19 48 0.9119418834854891
19 49 1.151708050050078
19 50 1.2561194318434372
19 51 1.266841009033452
19 52 1.48743434683207
19 53 1.1666750731263442
19 54 1.0978140057529484
19 55 1.146721512825558
19 56 1.3164723938073322
19 57 1.3600210490485236
19 58 1.087231676447773
19 59 1.2801731096503755
19 60 1.3289095946311202
19 61 1.1706598248171671
19 62 1.2298194889448755
19 63 1.2877375187136892
19 64 1.227119370667846
19 65 1.282615662470447
19 66 1.1210267913111118
19 67 1.25040249264267
19 68 1.3090635073801233
19 69 1.134497693977609
19 70 1.2665629268668976
19 71 1.0807872159877103
19 72 1.1705647370565657
19 73 1.361915098930197
19 74 1.3729475202210724
20 21 1.2706741063997342
20 22 1.4277081212540725
20 23 1.31745744408503
20 24 1.369862710023658
20 25 1.2858403884129594
20 26 1.3478854473537907
20 27 1.3061029311671093
20 28 1.2067377060057525
20 29 1.4104521737784792
20 30 1.2965037871756744
20 31 1.3557471028544754
20 32 0.6162802176920265
20 33 1.4001954573438122
20 34 1.3934066407760564
20 35 1.4494504651294462
20 36 1.395099377378893
20 37 1.621599186080363
20 38 1.4691076965287486
20 39 1.4340130180918762
20 40 1.4689401445639296
20 41 1.2887370891077674
20 42 1.3946047804742743
20 43 1.4011303474835985
20 44 1.1767054316474377
20 45 1.1918029264230878
20 46 1.437813397294166
20 47 1.3082322231913877
20 48 1.4588112590228293
20 49 1.4316315409614178
20 50 1.4710839525888828
20 51 1.428720972836905
20 52 1.397157085639706
20 53 1.3480041311613704
20 54 1.575095520879027
20 55 1.5365912416847605
20 56 1.142966043545831
20 57 1.3835676744577134
20 58 1.5740756628275925
20 59 1.4773907354635878
20 60 1.402166973011259
20 61 1.5237590250687965
20 62 1.267093307589274
20 63 1.3808302585194143
20 64 1.432844448897043
20 65 1.302409100343522
20 66 1.495840637830445
20 67 1.2503702514196702
20 68 1.458835529322053
20 69 1.3503278592337316
20 70 1.2882339683698678
20 71 1.5570648594387155
20 72 1.2340572127041756
20 73 1.4018139910354854
20 74 1.479665294008862
21 22 1.3271350201027774
21 23 1.30949508790934
21 24 1.4492179249935326
21 25 1.2116283476216203
21 26 1.306986562491428
21 27 1.2704535364815823
21 28 1.2939420595293625
21 29 1.4080170390270286
21 30 1.2449283683757435
21 31 1.2174636006086972
21 32 1.2497933780260246
21 33 1.3239123691783887
21 34 1.4386272749359954
21 35 1.3650898219865055
21 36 1.3814516650254816
21 37 1.4318064109488242
21 38 1.4051165096867382
21 39 1.3893920449672361
21 40 1.54904828135986
21 41 1.2838856820829307
21 42 1.3455052623917816
21 43 1.3783494861610297
21 44 1.0329187717721415
21 45 1.2702676938733601
21 46 1.2901368211671018
21 47 1.4340012798366681
21 48 1.2885839610993293
21 49 1.3146380044116548
21 50 1.5085381404518166
21 51 1.474749994064445
21 52 1.451752403325528
21 53 1.1842806779957167
21 54 1.4284727513323088
21 55 1.399775790643623
21 56 1.4494726860911786
21 57 1.5340348787566498
21 58 1.4906255088562
21 59 1.5472979786663705
21 60 1.3343734819883217
21 61 1.2912639053633568
21 62 1.4236718104121926
21 63 1.482171361350331
21 64 1.4120840789392286
21 65 1.3201820537653648
21 66 1.3723140697599887
21 67 1.3674052944186381
21 68 1.3816901780989097
21 69 1.3974334124681878
21 70 1.2612618202065597
21 71 1.4333049956207966
21 72 1.4544198910742339
21 73 1.2606729171601538
21 74 1.2854873687803523
22 23 1.2665672252719633
22 24 1.3081673358871035
22 25 1.3940485815567178
22 26 1.2319782081557906
22 27 1.3492579174732904
22 28 1.4675343245471983
22 29 1.3746866696392501
22 30 1.131795845537698
22 31 1.2331876589005644
22 32 1.4459750992663052
22 33 1.3561301258717715
22 34 1.3333322928940368
22 35 1.2056495763768789
22 36 1.3686541390182116
22 37 1.3073774604222284
22 38 1.409861183096436
22 39 1.2490969278251611
22 40 1.5156586202928017
22 41 1.39081444767876
22 42 1.3362834955517602
22 43 1.2498131180191299
22 44 1.2941321001804686
22 45 1.352946762197993
22 46 1.3393083184683907
22 47 1.2686791520993899
22 48 1.333517641135427
22 49 1.289488766626863
22 50 1.4678861825768694
22 51 1.3066300896038976
22 52 1.4061144011489985
22 53 1.3563198594761228
22 54 1.3134324093278147
22 55 1.1938017797425282
22 56 1.4316944074727616
22 57 1.3849786102926573
22 58 1.2706389340763153
22 59 1.4482585902717777
22 60 1.2024696569472353
22 61 1.2307620233282552
22 62 1.3503124593214368
22 63 1.3427562343983805
22 64 1.44619425156165
22 65 1.3897107763388346
22 66 1.1778001492701988
22 67 1.2483376932096486
22 68 1.4591761672714596
22 69 1.3885398177257149
22 70 1.2878258128379387
22 71 1.2409875357504077
22 72 1.357123874669207
22 73 1.3756866274917365
22 74 1.1295581388491
23 24 1.1444482374450462
23 25 1.2875734497789086
23 26 1.222101919265388
23 27 1.2871320497150065
23 28 1.3074850820546844
23 29 1.2488103055155446
23 30 1.235330329645383
23 31 1.1766875016429952
23 32 1.3357023512286652
23 33 1.1705039833095374
23 34 1.2549314106831473
23 35 1.1584831767375665
23 36 1.2618803556516742
23 37 1.155945662354426
23 38 1.1760511056714837
23 39 1.1784124043177913
23 40 1.3229373876118233
23 41 1.2883346183333826
23 42 1.1138788537934403
23 43 1.105483115971111
23 44 1.2283687688305742
23 45 1.2679407361281585
23 46 1.3067104455767584
23 47 1.210227649577812
23 48 1.1586334708414892
23 49 1.1878165059192385
23 50 1.3096540572944395
23 51 1.2600792281209887
23 52 1.4178155799759093
23 53 1.2763952377368164
23 54 1.1456423942660412
23 55 1.160945096480499
23 56 1.2359487125554542
23 57 1.2135269201302563
23 58 1.1543093657513424
23 59 1.2661379562969897
23 60 1.3698838370405166
23 61 1.3254510072209362
23 62 1.1077260744719317
23 63 1.2189249377832079
23 64 1.4419602902712088
23 65 1.220927861326182
23 66 1.1383592951383203
23 67 1.1312087624132319
23 68 1.175964297464255
23 69 1.3317363579113688
23 70 1.2453672826998616
23 71 1.1175494508111936
23 72 1.2962396486607621
23 73 1.3348646399111723
23 74 1.349643517906525
24 25 1.2736290332443947
24 26 1.2070510813670245
24 27 1.4502106093881206
24 28 1.3684949100440655
24 29 1.2181750028787446
24 30 1.0794016681403142
24 31 1.3325531785464253
24 32 1.4386771869057016
24 33 1.260086581200541
24 34 1.2219524272017197
24 35 0.9642882929396239
24 36 1.1380333991337124
24 37 1.055279065906429
24 38 0.8616839705196172
24 39 0.8562524969255133
24 40 1.1514028145238593
24 41 1.3720967480283388
24 42 0.9408398830456219
24 43 1.1756422033014897
24 44 1.275083577311318
24 45 1.2792228267223955
24 46 1.2323147657794744
24 47 1.2571578037624633
24 48 0.9489996147653781
24 49 1.0475714794980804
24 50 1.2580158856877552
24 51 1.2041044411227815
24 52 1.4346593709489532
24 53 1.2141859519928244
24 54 0.9526077012791441
24 55 1.018733782750626
24 56 1.2992142275315608
24 57 1.2140109924894775
24 58 1.0657569399693154
24 59 1.291918156131745
24 60 1.2166974898289011
24 61 1.1181221607092664
24 62 1.1961859065024671
24 63 1.1767865034103628
24 64 1.230748078294941
24 65 1.1921491002283757
24 66 1.201128210615214
24 67 1.2189515493252503
24 68 1.2704027001325908
24 69 1.0431478893243433
24 70 1.1932566187770652
24 71 0.9769457707065284
24 72 1.2150164312764633
24 73 1.3403333610117647
24 74 1.365238186147452
25 26 1.296207035073794
25 27 1.3682467761365869
25 28 1.3527121370014872
25 29 1.4006806505156741
25 30 1.3013316881157058
25 31 1.3426976719612562
25 32 1.354583227085918
25 33 1.271370008257468
25 34 1.4078841749977602
25 35 1.2523951314670851
25 36 1.3662132524277464
25 37 1.312003254635822
25 38 1.2407506734804559
25 39 1.2117772268218086
25 40 1.3985427183358425
25 41 1.3335532066162774
25 42 1.2655588459164997
25 43 1.364576861277836
25 44 1.1728175155527654
25 45 1.2205442364010297
25 46 1.3187551563574527
25 47 1.365107892531209
25 48 1.1556122892633265
25 49 1.302833070019385
25 50 1.4156874729687974
25 51 1.357233362234181
25 52 1.4795148145862982
25 53 1.1968224681838606
25 54 1.266928325462408
25 55 1.2504598524618937
25 56 1.3034049831610037
25 57 1.5237309124911653
25 58 1.3014021602756336
25 59 1.4809927054703393
25 60 1.4073086049722128
25 61 1.3828502893570507
25 62 1.4556166437919436
25 63 1.3931922040951348
25 64 1.255593440238097
25 65 1.2498544420912094
25 66 1.2620852984400672
25 67 1.2087511980792984
25 68 1.4246375725396225
25 69 1.070954101796344
25 70 1.1937676958293921
25 71 1.2870488385927081
25 72 1.3468358726915228
25 73 1.358330026552469
25 74 1.3507667179927476
26 27 1.42748729444691
26 28 1.3413098105074055
26 29 1.3692732469674107
26 30 1.192831494674733
26 31 1.2035245222265472
26 32 1.3662623512803895
26 33 1.39883209600463
26 34 1.2738492732691977
26 35 1.1804458372304873
26 36 1.3965576849442989
26 37 1.1791560337230846
26 38 1.2627587592540372
26 39 1.321350184927144
26 40 1.3949556615179586
26 41 1.126798181247464
26 42 1.2782547746551394
26 43 1.2174752366563821
26 44 1.2879400429241785
26 45 1.3650345558320216
26 46 1.2769999642059318
26 47 1.3771996347106668
26 48 1.2826664552323166
26 49 1.2873788359324612
26 50 1.3405818733700015
26 51 1.4067525034391541
26 52 1.4712660921065877
26 53 1.3285783733820313
26 54 1.2122065589027728
26 55 1.2687108194629668
26 56 1.3370614037228763
26 57 1.413313880429447
26 58 1.2379227947861005
26 59 1.4558463457890147
26 60 1.209392829200592
26 61 1.2080875459271563
26 62 1.3105210432586385
26 63 1.2804770134592043
26 64 1.354858982915933
26 65 1.2963776966799934
26 66 1.25791531359135
26 67 1.2938391931028892
26 68 1.3421945005194478
26 69 1.3095025115522958
26 70 1.298586495700417
26 71 1.243228612496513
26 72 1.25335694720987
26 73 1.3596540367943784
26 74 1.3803906560366226
27 28 1.3571800973257908
27 29 1.367069030227878
27 30 1.4000301719399861
27 31 1.306369041666
27 32 1.2825749000871365
27 33 1.3380144672272767
27 34 1.308477895696603
27 35 1.3272954187636494
27 36 1.462605420766807
27 37 1.3976366992880465
27 38 1.4253602287287745
27 39 1.3805510601752908
27 40 1.3516012953489251
27 41 1.3461758449576646
27 42 1.390689814286974
27 43 1.319102869883378
27 44 1.3080093029491273
27 45 1.112913382064883
27 46 1.3440368503749247
27 47 1.1833010816279224
27 48 1.4143406316735383
27 49 1.3196711377597814
27 50 1.3568644578788394
27 51 1.3208713723052026
27 52 1.4047211359535243
27 53 1.3394481794520077
27 54 1.4782555611757495
27 55 1.358601033120956
27 56 1.3322388738634097
27 57 1.3357074508793803
27 58 1.358988017601525
27 59 1.3024997742055464
27 60 1.3715709711080843
27 61 1.3386376995406275
27 62 1.3040106656767356
27 63 1.2560851792849037
27 64 1.4161090415040845
27 65 1.3576100735816594
27 66 1.3966374145996274
27 67 1.200988130862986
27 68 1.3808405804186925
27 69 1.447450850991017
27 70 1.310054650870283
27 71 1.3611129560903104
27 72 1.3618741413145714
27 73 1.3844899133084827
27 74 1.1796808274395314
28 29 1.3669482751463065
28 30 1.3770007619142006
28 31 1.4645631551945952
28 32 1.1798385968260277
28 33 1.3096430553709124
28 34 1.2807100625273988
28 35 1.3445679924632405
28 36 1.072268295955403
28 37 1.4671681073065088
28 38 1.4431869081143955
28 39 1.3835651375620364
28 40 1.3492666522133954
28 41 1.361652518003175
28 42 1.307939861727717
28 43 1.3710145046289808
28 44 1.2154410523769295
28 45 1.1513681603631192
28 46 1.3517501519130024
28 47 1.3339122815821653
28 48 1.412680625445957
28 49 1.3455668113894328
28 50 1.4192622850399697
28 51 1.3733408168420378
28 52 1.4074072135980842
28 53 1.3506641608845946
28 54 1.3925382530594115
28 55 1.438217669384884
28 56 1.0907994521844142
28 57 1.321925273710532
28 58 1.438107378004505
28 59 1.3378184311009471
28 60 1.4124935300277663
28 61 1.3439515151159231
28 62 1.2327893810800172
28 63 1.5536477152498263
28 64 1.4129370224774727
28 65 1.3559896029444085
28 66 1.4128201242172356
28 67 1.3855713875995561
28 68 1.3159587610440646
28 69 1.435864938392287
28 70 1.2864390880930319
28 71 1.3945011441684156
28 72 1.3828841091463786
28 73 1.4099243506725823
28 74 1.4501067247506114
29 30 1.2686774410273287
29 31 1.4781487887180427
29 32 1.3867358752856844
29 33 1.5245082245617718
29 34 1.2526643716224068
29 35 1.0863984069626509
29 36 1.257270067559252
29 37 1.2691738096252807
29 38 1.1246920039439254
29 39 1.2194708597019501
29 40 1.1339390495474697
29 41 1.3903434795591674
29 42 1.2212453770657556
29 43 1.4328892829139177
29 44 1.2867649332130824
29 45 1.3742163128629994
29 46 1.301445267402516
29 47 1.3519398725311271
29 48 1.317359943067559
29 49 1.3026383588460941
29 50 1.1325400045164409
29 51 1.253387441049343
29 52 1.298050219140954
29 53 1.3704141267964836
29 54 1.2846366293699392
29 55 1.2772273469849658
29 56 1.2647097216832441
29 57 1.2666214997632608
29 58 1.3067665368982493
29 59 1.270539021092304
29 60 1.3810501197633052
29 61 1.3203646825218542
29 62 1.298211449486166
29 63 1.2492240492561089
29 64 1.2533278581142573
29 65 1.3775893475032965
29 66 1.3571161917244166
29 67 1.2950548191812847
29 68 1.358484447722583
29 69 1.336748601229816
29 70 1.2887056811009086
29 71 1.2337949869583706
29 72 1.2743756116161384
29 73 1.415198640600346
29 74 1.368050228247514
30 31 1.3224464014294857
30 32 1.3916855674500983
30 33 1.396649649068029
30 34 1.2463572344415688
30 35 1.1373730730964793
30 36 1.2980459649715606
30 37 1.1702610291344708
30 38 1.205901927184174
30 39 1.1408432737815966
30 40 1.3828159633390482
30 41 1.286273141642747
30 42 1.26765865416556
30 43 1.2688899885690357
30 44 1.187846450702371
30 45 1.330331036081297
30 46 1.3581194186216805
30 47 1.3141856723241518
30 48 1.0777746069235692
30 49 1.187562912562243
30 50 1.3640589391887163
30 51 1.3440046744468406
30 52 1.4420787682018246
30 53 1.2430405684722272
30 54 1.2121542774432903
30 55 1.1787996415109152
30 56 1.4368042707172994
30 57 1.2988880265168168
30 58 1.2459168572487105
30 59 1.4379906022742481
30 60 1.2084911575378636
30 61 1.1491929295529844
30 62 1.2020482913142858
30 63 1.1853208529953088
30 64 1.3545883830231162
30 65 1.3887809870714147
30 66 1.2315855751540639
30 67 1.1991096822653236
30 68 1.3670316712561312
30 69 1.1676124237799088
30 70 1.1687233798359742
30 71 1.16903297050217
30 72 1.2947459788226339
30 73 1.3229757419502526
30 74 1.2653329362983918
31 32 1.3581857040985787
31 33 1.4023916413855988
31 34 1.4471252136306112
31 35 1.2718946111221632
31 36 1.3615331019440067
31 37 1.3146140540660478
31 38 1.3363128126798693
31 39 1.3156100653615102
31 40 1.4605693199690821
31 41 1.2556015476747737
31 42 1.3753584874927522
31 43 1.2767425892270792
31 44 1.2689589340684069
31 45 1.3183457413460138
31 46 1.36846407231091
31 47 1.3482786674365785
31 48 1.284277284071587
31 49 1.305851837679598
31 50 1.4597407294081532
31 51 1.3862191582232644
31 52 1.350010541243507
31 53 1.296447401582676
31 54 1.2945608756001843
31 55 1.328779860290833
31 56 1.4003348392832908
31 57 1.3776040162547305
31 58 1.3285735879433276
31 59 1.4035187028882319
31 60 1.1516569736524833
31 61 1.364213267438947
31 62 1.3322744169923038
31 63 1.3284352062572597
31 64 1.3665987717968722
31 65 1.3328060988960388
31 66 1.248521569994249
31 67 1.2475412470123608
31 68 1.2105043930514698
31 69 1.3905911677407186
31 70 1.3380156025119136
31 71 1.3363235014095176
31 72 1.3700280017040865
31 73 1.0707496851504263
31 74 1.2076695268961386
32 33 1.4086822623941522
32 34 1.3399338233393385
32 35 1.475525344712617
32 36 1.3650295786905917
32 37 1.6586399412072876
32 38 1.4772184605430823
32 39 1.4537473019596971
32 40 1.4824529671738742
32 41 1.2285640115543486
32 42 1.3972380385268124
32 43 1.403209253645397
32 44 1.2687476047478305
32 45 1.2211310454518
32 46 1.418486057987876
32 47 1.3227929975239148
32 48 1.472610847929476
32 49 1.3815787747239583
32 50 1.4220711232487588
32 51 1.3626005365238412
32 52 1.4209374667598307
32 53 1.3748439925048197
32 54 1.607196548518233
32 55 1.5964573986498145
32 56 1.1508970184173608
32 57 1.358671175447606
32 58 1.5885762512855612
32 59 1.4142300398939573
32 60 1.3844397804377553
32 61 1.530452058133909
32 62 1.2139350307353727
32 63 1.4091954851550732
32 64 1.4438892310950977
32 65 1.329896586656545
32 66 1.5061960103677994
32 67 1.2404558450075271
32 68 1.3824538314338604
32 69 1.44480769452526
32 70 1.3003592091554836
32 71 1.6130785734766502
32 72 1.2090154179858799
32 73 1.4263964472591073
32 74 1.4234885081053066
33 34 1.3514387855401537
33 35 1.3341627936948008
33 36 1.3059429886206155
33 37 1.2821649870191485
33 38 1.4170450453234726
33 39 1.237446091397502
33 40 1.3557291812275285
33 41 1.3535736011280644
33 42 1.3171593317246133
33 43 1.136023140207261
33 44 1.232542288503699
33 45 1.2450132904000026
33 46 1.3026250385774054
33 47 1.3976453492860348
33 48 1.2438824452066335
33 49 1.2379294114394184
33 50 1.4338786137736839
33 51 1.3146747554711111
33 52 1.279071468835165
33 53 1.2804221636234938
33 54 1.2705576820738664
33 55 1.2797845629376394
33 56 1.2938679544501799
33 57 1.3017923068764259
33 58 1.2846435073833733
33 59 1.2967198277837904
33 60 1.4022381188444233
33 61 1.345035172086472
33 62 1.3319715677793909
33 63 1.4472643885288912
33 64 1.4539673276489933
33 65 1.1829562258081996
33 66 1.3237970405242552
33 67 1.3924983189247364
33 68 1.3466301816578774
33 69 1.319570094332596
33 70 1.2612347253199956
33 71 1.1961046641347133
33 72 1.3561583644478936
33 73 1.3976745105572523
33 74 1.3496788438286897
34 35 1.1244915700993388
34 36 1.3077725937339604
34 37 1.254905743140644
34 38 1.2307175454609165
34 39 1.1662096910435378
34 40 1.301409647961928
34 41 1.333071458684556
34 42 1.175806928556562
34 43 1.2358550929883365
34 44 1.2499759191705788
34 45 1.3515490139907258
34 46 1.2576796113774367
34 47 1.23751458597385
34 48 1.2643949521963411
34 49 1.2671353489974786
34 50 1.307488148606082
34 51 1.2678043855291121
34 52 1.2878589433150172
34 53 1.378507668801133
34 54 1.2478539061474727
34 55 1.335503281859685
34 56 1.2377251269912932
34 57 1.137091318513762
34 58 1.2031229936001322
34 59 1.249133983014355
34 60 1.3314595068693365
34 61 1.134320197914986
34 62 1.008591292124194
34 63 1.21787033300096
34 64 1.3896837076308761
34 65 1.3674964617698844
34 66 1.2574490760981747
34 67 1.1731149065606559
34 68 1.1669589346860396
34 69 1.3706569363406274
34 70 1.1737757876202892
34 71 1.1871652321848882
34 72 1.261588309527364
34 73 1.4863074434665577
34 74 1.3544573173263161
35 36 1.3344499661572136
35 37 1.0029361494504054
35 38 1.07944409423685
35 39 0.9263517103163229
35 40 1.2189901143611486
35 41 1.3965269677424168
35 42 1.1107105228312573
35 43 1.182455978601165
35 44 1.2264918501089999
35 45 1.2138840700543472
35 46 1.2046173336084476
35 47 1.2953328662385895
35 48 1.0416542735238958
35 49 1.1789492767608893
35 50 1.2231541757246371
35 51 1.2200595057451755
35 52 1.405548780508956
35 53 1.250169787185285
35 54 1.049369056370463
35 55 1.1184361158952532
35 56 1.3203636052107872
35 57 1.3012057257089407
35 58 1.0988374149919728
35 59 1.2821138210407874
35 60 1.1845177135605718
35 61 1.0625747754130852
35 62 1.1960362606871464
35 63 1.0005730809409554
35 64 1.1846237779476678
35 65 1.300608366374441
35 66 1.146136944212735
35 67 1.2520877887747783
35 68 1.2608928421584873
35 69 1.1569890014474258
35 70 1.1312289364082282
35 71 1.0025747136695655
35 72 1.2642415601774075
35 73 1.3479147228560204
35 74 1.2715934211936586
36 37 1.3276004076187187
36 38 1.2133638606581185
36 39 1.2006011756127548
36 40 1.2020635631997487
36 41 1.460734215392937
36 42 1.2248628053441795
36 43 1.365800942506932
36 44 1.317510023464628
36 45 1.2786087496516496
36 46 1.3705086162682296
36 47 1.3236633604077803
36 48 1.2582407516202205
36 49 1.1625235771394191
36 50 1.2821523333010998
36 51 1.1643879504437418
36 52 1.3396425070584106
36 53 1.3431954184833483
36 54 1.2017982111137528
36 55 1.224342545930881
36 56 1.155448411518974
36 57 1.1864410447510414
36 58 1.2413624928800253
36 59 1.2642071295847193
36 60 1.3752162934825987
36 61 1.3851632879797346
36 62 1.2516683224565324
36 63 1.5526251116196552
36 64 1.3775878194742746
36 65 1.3587856382647197
36 66 1.318149089395132
36 67 1.3531633697775316
36 68 1.3319468655873241
36 69 1.3332683410982236
36 70 1.3005676824182175
36 71 1.1715990852000124
36 72 1.3644703327729972
36 73 1.4043281302945871
36 74 1.4545257036061048
37 38 1.0771008996131317
37 39 1.0375710286046178
37 40 1.2580501096858194
37 41 1.3752662239841087
37 42 1.1636356112206638
37 43 1.0683657743166615
37 44 1.3579476491875406
37 45 1.3412118221402616
37 46 1.2283686750177865
37 47 1.2176121060035374
37 48 1.0088329855704439
37 49 1.0891770573883204
37 50 1.2693195444447285
37 51 1.199868386719578
37 52 1.394165929945566
37 53 1.2834640660222725
37 54 0.6833631073459077
37 55 0.7970440289717122
37 56 1.454319762779768
37 57 1.3926606621166049
37 58 0.6861533432961203
37 59 1.3297078462956757
37 60 1.2721542766642173
37 61 0.9600575002482322
37 62 1.3401469785922846
37 63 1.134910600906177
37 64 1.1791311657197303
37 65 1.3575187481351205
37 66 0.9361371578899624
37 67 1.2335229399909033
37 68 1.3454008986741566
37 69 1.1380704180770473
37 70 1.2689933312071506
37 71 0.6840500340560826
37 72 1.2563704846354573
37 73 1.392866928426977
37 74 1.2545820426618948
38 39 0.9681253637595356
38 40 1.2729047906109772
38 41 1.3920280642474139
38 42 0.90496719303908
38 43 1.2962568451258847
38 44 1.3217326947107098
38 45 1.3766111731269293
38 46 1.2419067249308304
38 47 1.217847760870567
38 48 1.0892765912755358
38 49 1.0952004316520902
38 50 1.243964298148483
38 51 1.214537303838874
38 52 1.438286660897251
38 53 1.311680849182538
38 54 1.0273580854225077
38 55 1.096087179845918
38 56 1.3297467669048029
38 57 1.3163257076978578
38 58 1.0456816003738272
38 59 1.3710686031830646
38 60 1.3759785199552559
38 61 1.1168353074161559
38 62 1.265149987885056
38 63 1.2167187958360455
38 64 1.176699657004057
38 65 1.3127693135013676
38 66 1.1183791827801932
38 67 1.163447602801996
38 68 1.2993922104601605
38 69 1.072701584483521
38 70 1.2462120171242592
38 71 1.03070903958242
38 72 1.2049307818333277
38 73 1.3787770884975354
38 74 1.3809660731781517
39 40 1.3002155965711097
39 41 1.3144324566484997
39 42 1.0485657340284285
39 43 1.1428453271562098
39 44 1.307370890435933
39 45 1.229029634030797
39 46 1.179133626582192
39 47 1.1619784648549933
39 48 0.9724450735343592
39 49 1.095462163254673
39 50 1.341592505533646
39 51 1.19606351144083
39 52 1.359830088792364
39 53 1.2218019248589795
39 54 1.0200335118858561
39 55 1.04589494377311
39 56 1.2681985591738625
39 57 1.2059778128338972
39 58 1.0811219040066031
39 59 1.221286874612847
39 60 1.3043553333025732
39 61 1.1134667364273596
39 62 1.2165282085863491
39 63 1.196244409003559
39 64 1.2931570981120977
39 65 1.3654021397635323
39 66 1.1687649221512773
39 67 1.1570556703620227
39 68 1.2700200848345415
39 69 1.0812706847117826
39 70 1.1874851522485692
39 71 1.0044061256892616
39 72 1.2387114233340084
39 73 1.3512678032674923
39 74 1.276403727003784
40 41 1.4324164874765295
40 42 1.286771782054607
40 43 1.3526284241096733
40 44 1.3995161609858444
40 45 1.3792436246767303
40 46 1.295243754032551
40 47 1.42706423393305
40 48 1.2654259730130835
40 49 1.2747797396182396
40 50 1.0739586234089915
40 51 1.2693426776377066
40 52 1.353830857155815
40 53 1.3858631418351028
40 54 1.2809998201754929
40 55 1.3170519499539963
40 56 1.2742759626299676
40 57 1.1379736961515567
40 58 1.238599558172173
40 59 1.0908986592353584
40 60 1.2986762147576503
40 61 1.3437539542572543
40 62 1.3041544311195636
40 63 1.2680913335542048
40 64 1.2501744978183111
40 65 1.3415844688908176
40 66 1.2227269229326836
40 67 1.4856895609630987
40 68 1.2651610513323046
40 69 1.3166794143695841
40 70 1.33356459398913
40 71 1.2110646849037077
40 72 1.287502064903728
40 73 1.4479239748633688
40 74 1.4696763917587443
41 42 1.3212033107632426
41 43 1.2160349250733056
41 44 1.21663426659928
41 45 1.3261895232750565
41 46 1.388362455638937
41 47 1.3824779667927651
41 48 1.405833413531973
41 49 1.4086124741983777
41 50 1.41016201382041
41 51 1.4084311526892754
41 52 1.3861812348611693
41 53 1.3066124819788496
41 54 1.4209909959484108
41 55 1.3932749915190763
41 56 1.2767753799744443
41 57 1.45070906481112
41 58 1.4250994931490513
41 59 1.4852405763229546
41 60 1.4387674062748956
41 61 1.3542277685938762
41 62 1.4010247267532994
41 63 1.2827339706516134
41 64 1.3903728630007706
41 65 1.3589577717221595
41 66 1.477558532316464
41 67 1.2450357886396575
41 68 1.393404052765799
41 69 1.3068660991138483
41 70 1.3704612822974591
41 71 1.4305810603198394
41 72 1.2411392667593482
41 73 1.3589904127284367
41 74 1.3254519753623684
42 43 1.2327035391693228
42 44 1.235435288520958
42 45 1.3001892589238937
42 46 1.2081084827345796
42 47 1.2709712033406178
42 48 1.1524766881458617
42 49 1.1639973468663276
42 50 1.240055607938045
42 51 1.2794766655537115
42 52 1.4596217900631794
42 53 1.2322159579529652
42 54 1.0720251748187648
42 55 1.120438938671712
42 56 1.2088382852962503
42 57 1.2331784699908073
42 58 1.1185682013110614
42 59 1.2592205923592303
42 60 1.3338638944907906
42 61 1.1658484757122058
42 62 1.175730569852362
42 63 1.272573554303855
42 64 1.2485343151652786
42 65 1.2178487647445735
42 66 1.169207450278814
42 67 1.2191659830659047
42 68 1.2279339790353843
42 69 1.1240085185699586
42 70 1.1487470693088286
42 71 1.056248882464517
42 72 1.1807054121773723
42 73 1.3737698628918138
42 74 1.4126695514015024
43 44 1.2769304767413145
43 45 1.2727849789128718
43 46 1.3404394075305395
43 47 1.2156154787600042
43 48 1.1701853525985626
43 49 1.100443576430854
43 50 1.469287255586011
43 51 1.2663958503269652
43 52 1.33348672108668
43 53 1.3406010167071842
43 54 1.0691185595056758
43 55 1.1558845036023027
43 56 1.369211532215119
43 57 1.2830078843767616
43 58 1.0908938587867016
43 59 1.3538744493543264
43 60 1.2895155983326243
43 61 1.1421399284410532
43 62 1.2329037751146756
43 63 1.2119097518271194
43 64 1.3585277824138873
43 65 1.3489004717114774
43 66 1.1454555715367105
43 67 1.1792750093795388
43 68 1.293507417742794
43 69 1.2215837473999462
43 70 1.3287223429681332
43 71 1.0555573426958396
43 72 1.2591997137268627
43 73 1.3480769695264698
43 74 1.2759648643937718
44 45 1.249655338970329
44 46 1.3354875731216747
44 47 1.3445543273128657
44 48 1.3209695716208583
44 49 1.3060599806580302
44 50 1.404155582662058
44 51 1.3956170445784752
44 52 1.3328044232798384
44 53 1.1972767871921328
44 54 1.3119179606732359
44 55 1.312319671655321
44 56 1.2345043315770137
44 57 1.350689798739717
44 58 1.3862375850932445
44 59 1.4823415478699082
44 60 1.3647127853664571
44 61 1.2673774988984858
44 62 1.274318231484558
44 63 1.3795961693928467
44 64 1.4792060171245207
44 65 1.2311132748888742
44 66 1.3125727085756207
44 67 1.2596061660358062
44 68 1.3980449520228635
44 69 1.2948953128572491
44 70 1.1301574515722603
44 71 1.322719299414568
44 72 1.4713751828345396
44 73 1.3881577023929552
44 74 1.3101992038571117
45 46 1.3104076365349884
45 47 1.233461151652909
45 48 1.2822565007656668
45 49 1.2905764306526593
45 50 1.3725322868295762
45 51 1.3281816484840658
45 52 1.4506490437254322
45 53 1.1284628636492233
45 54 1.289702754131888
45 55 1.2912274469341518
45 56 1.1334388945450906
45 57 1.328271570633648
45 58 1.3189075630734899
45 59 1.2797813378124727
45 60 1.4162490415231261
45 61 1.3492371023918885
45 62 1.3229793209448655
45 63 1.3092524617810513
45 64 1.3498921903957684
45 65 1.270845850979945
45 66 1.345286677929352
45 67 1.2286390287069722
45 68 1.3881005542096012
45 69 1.290538282872233
45 70 1.2483303872510678
45 71 1.2934272230551793
45 72 1.2625005645661693
45 73 1.4372230937877846
45 74 1.3581332980755734
46 47 1.425211763452139
46 48 1.1438787031192525
46 49 1.2016204198169658
46 50 1.3836720794308377
46 51 1.3940187749177704
46 52 1.3951221751326681
46 53 1.1622953090365105
46 54 1.2065769997885003
46 55 1.2888684549563376
46 56 1.4411289612784886
46 57 1.334151479573981
46 58 1.2380310673288375
46 59 1.288506643424972
46 60 1.324399293269348
46 61 1.2071069744917584
46 62 1.3029927005450197
46 63 1.2908954608174183
46 64 1.3395478312836309
46 65 1.1838936572197911
46 66 1.1708039586281436
46 67 1.4108259676502026
46 68 1.391435491090103
46 69 1.3153647112332636
46 70 1.069874411121886
46 71 1.2060834019831164
46 72 1.2423740054399877
46 73 1.2434619636979247
46 74 1.338795093225034
47 48 1.3202747676176925
47 49 1.2095683537508894
47 50 1.4047820061258143
47 51 1.2357403259795072
47 52 1.3928693123675804
47 53 1.4098471145167655
47 54 1.1994804531344125
47 55 1.0843457535314944
47 56 1.2528650236168557
47 57 1.3621544090275701
47 58 1.027610882502694
47 59 1.3009669006533762
47 60 1.4192262695653766
47 61 1.227140310447612
47 62 1.1420052384441313
47 63 1.2365465502975164
47 64 1.3782400126806167
47 65 1.4917344199166918
47 66 1.2161523375523633
47 67 0.885045082834858
47 68 1.3253944232117325
47 69 1.2999816331057996
47 70 1.458594614209424
47 71 1.1155956848418445
47 72 1.3539479095161295
47 73 1.488343476331143
47 74 1.3925669071117255
48 49 1.0447462735890665
48 50 1.3552406698070651
48 51 1.2591242004829974
48 52 1.438710911485486
48 53 1.112663965363092
48 54 1.0020674280064958
48 55 1.080178535871991
48 56 1.3913978919086654
48 57 1.333832582497317
48 58 1.0617457692070928
48 59 1.3239062452549837
48 60 1.2868182261226515
48 61 1.1301321384753744
48 62 1.154016616435096
48 63 1.290385399475072
48 64 1.3212228144339229
48 65 1.2327241935831021
48 66 1.0850402861191653
48 67 1.2379344809383048
48 68 1.2026269636887883
48 69 1.055434674415933
48 70 1.1235360793575535
48 71 1.0013572138026514
48 72 1.2414449388500988
48 73 1.3164321362532385
48 74 1.34124253019546
49 50 1.2967671760635644
49 51 1.1602630832207883
49 52 1.4023554388709494
49 53 1.2266730994668225
49 54 1.0574845367972794
49 55 1.07006310743546
49 56 1.3851767754355773
49 57 1.2851857955597616
49 58 1.0882489916739235
49 59 1.3125882541797442
49 60 1.254925197799514
49 61 1.138429862890344
49 62 1.1912905854798768
49 63 1.292508860113063
49 64 1.297512844933716
49 65 1.3500706987110254
49 66 1.0680375015499275
49 67 1.2217558857544528
49 68 1.3002152636478892
49 69 1.251930360340104
49 70 1.0973948648367267
49 71 1.0505193432059556
49 72 1.2731431998915281
49 73 1.4178682552551765
49 74 1.2342088078458797
50 51 1.2692259215985808
50 52 1.4415290860491163
50 53 1.3829052107164288
50 54 1.3374780091870115
50 55 1.3978691999706496
50 56 1.190759645547169
50 57 1.3396063126440356
50 58 1.2687299802357945
50 59 1.180996535163923
50 60 1.3845551032667422
50 61 1.4004447886177849
50 62 1.1808477761090235
50 63 1.2226561510633287
50 64 1.3555853804167302
50 65 1.4001986024344972
50 66 1.4119997802426723
50 67 1.356446631952648
50 68 1.3960363131457527
50 69 1.359986200333771
50 70 1.311503268174793
50 71 1.2967366271498424
50 72 1.356096024969973
50 73 1.4675067181928185
50 74 1.463357557358126
51 52 1.3525237897159044
51 53 1.3022636841985225
51 54 1.268880990485091
51 55 1.2177048035720752
51 56 1.311180969725528
51 57 1.2670284584833023
51 58 1.2023063044257107
51 59 1.2546065968161253
51 60 1.3548099961071605
51 61 1.2610568851011366
51 62 1.2967851967578374
51 63 1.1982030662856882
51 64 1.2689658506419943
51 65 1.4202623292491658
51 66 1.2007230592889395
51 67 1.2703933124296296
51 68 1.3433715808201434
51 69 1.4581534788203752
51 70 1.3509042729609262
51 71 1.1466798651632173
51 72 1.281807056705904
51 73 1.45287777744942
51 74 1.3818099873724008
52 53 1.393844670941479
52 54 1.420273950107951
52 55 1.4115174687707364
52 56 1.395811286903159
52 57 1.310167567800105
52 58 1.4272412841323472
52 59 1.3679021424828468
52 60 1.4055502126191493
52 61 1.4083857804145825
52 62 1.2989969666118313
52 63 1.4037392323378945
52 64 1.3638200070244322
52 65 1.365935656798812
52 66 1.353648648841968
52 67 1.3537549443511656
52 68 1.3070335862492681
52 69 1.5147158347222491
52 70 1.380303842502061
52 71 1.3660853598190394
52 72 1.3603811494482099
52 73 1.3393654628316312
52 74 1.3262059835479965
53 54 1.2170431788258176
53 55 1.2474215582903718
53 56 1.3556486791336504
53 57 1.4026843196205612
53 58 1.3289087760774967
53 59 1.321287977758129
53 60 1.4112047047937046
53 61 1.3024982663536104
53 62 1.2918112626114175
53 63 1.2907927572701692
53 64 1.3512843877185072
53 65 1.278098501897349
53 66 1.248028512485183
53 67 1.2979778402601645
53 68 1.4082822856531174
53 69 1.2970441309826959
53 70 1.1450651049901963
53 71 1.2026500014557246
53 72 1.3105748516054065
53 73 1.3134043012268564
53 74 1.36052184369648
54 55 0.7298963104397396
54 56 1.4340911120716586
54 57 1.3498654189804526
54 58 0.7280422306054296
54 59 1.2409738407715303
54 60 1.2816435119754248
54 61 1.0345016199651094
54 62 1.3029797291694667
54 63 1.2982627237068667
54 64 1.2994271648048656
54 65 1.3087115804720884
54 66 0.9775471175172727
54 67 1.1212454087812105
54 68 1.3244222323884567
54 69 1.1541272395219684
54 70 1.2194651607704998
54 71 0.5813846021294522
54 72 1.3150397296048462
54 73 1.3218725261353625
54 74 1.3502316441202127
55 56 1.4321404060532306
55 57 1.407465609790505
55 58 0.6694397675808229
55 59 1.2993468728982582
55 60 1.3383821919969758
55 61 0.9992752981628644
55 62 1.3646169471196234
55 63 1.2880283951800784
55 64 1.2934403376009422
55 65 1.344362571522609
55 66 0.9468262002275465
55 67 1.1166512544948752
55 68 1.4242596933484468
55 69 1.130026369928592
55 70 1.2684375163396067
55 71 0.7151108482654609
55 72 1.2870268991529898
55 73 1.426563545467601
55 74 1.3206020776228926
56 57 1.270739085094128
56 58 1.3650732986213279
56 59 1.242492432897922
56 60 1.4573296256787966
56 61 1.4885890833623552
56 62 1.2326251077537869
56 63 1.3774013621618104
56 64 1.3975406977002742
56 65 1.256487932762991
56 66 1.4885646270814041
56 67 1.1896431976696527
56 68 1.3590199538545573
56 69 1.2722916889184732
56 70 1.2639906035429636
56 71 1.4038951960440231
56 72 1.2741459886172057
56 73 1.60015107909831
56 74 1.5337736076663955
57 58 1.3603652517906781
57 59 1.0882264112273163
57 60 1.3414808102290052
57 61 1.3364571136307466
57 62 1.0386714032819413
57 63 1.3795701798103948
57 64 1.4933590289261893
57 65 1.3543494422944842
57 66 1.2817282914538042
57 67 1.3266010354888433
57 68 1.1418311583466942
57 69 1.4993729909621942
57 70 1.2307432466582366
57 71 1.316262997603753
57 72 1.329431766205585
57 73 1.4212081603685705
57 74 1.4299349087716395
58 59 1.2662200498749725
58 60 1.3309762646189347
58 61 0.9451660764531586
58 62 1.2689328972510285
58 63 1.182856808158021
58 64 1.2442847201475138
58 65 1.3867371101439674
58 66 0.848077903248755
58 67 1.0233640707970728
58 68 1.363479344423058
58 69 1.187242317752213
58 70 1.2543673550757302
58 71 0.6241792106488413
58 72 1.2425803782415115
58 73 1.4372083586808126
58 74 1.3562440592627076
59 60 1.4075769570345664
59 61 1.3271554848212146
59 62 1.2382399109455722
59 63 1.2850895904964328
59 64 1.3780770727029084
59 65 1.3611120878171847
59 66 1.2999829451401883
59 67 1.3493870798616607
59 68 1.2611931299534291
59 69 1.4750063901973027
59 70 1.3146490681478502
59 71 1.262784980577334
59 72 1.3049951209509183
59 73 1.4797192417879217
59 74 1.647011843837534
60 61 1.3112386706425463
60 62 1.3378577033664951
60 63 1.3671199924917616
60 64 1.3414413465254367
60 65 1.3545251100649738
60 66 1.2602962500073471
60 67 1.3827317261740493
60 68 1.279198518076652
60 69 1.3699472307662848
60 70 1.3696357417651313
60 71 1.3123899730754143
60 72 1.367884175946322
60 73 1.2036451103843169
60 74 1.2324016112547116
61 62 1.1895639575711123
61 63 1.2240368309311753
61 64 1.2322016886829672
61 65 1.3893969660684151
61 66 0.934593868800751
61 67 1.245812868954493
61 68 1.3292386170664563
61 69 1.2676865576589127
61 70 1.1988204311803974
61 71 0.9172502512231231
61 72 1.2984839425393289
61 73 1.4794434186456502
61 74 1.3516647640192299
62 63 1.2381590995674097
62 64 1.422087366821377
62 65 1.3244231464909624
62 66 1.2299064362155283
62 67 1.1075957843476665
62 68 1.175311006448185
62 69 1.383748123995218
62 70 1.1178388586625252
62 71 1.2094192604251695
62 72 1.2245213176846745
62 73 1.3930588398643018
62 74 1.3896389880625835
63 64 1.1249801981164724
63 65 1.3843651368381085
63 66 1.2588492549341737
63 67 1.1809151565528078
63 68 1.321555901747167
63 69 1.3233692004304904
63 70 1.2627057788492768
63 71 1.2232815119153293
63 72 1.2180915519793347
63 73 1.4028794383951133
63 74 1.353413162578782
64 65 1.4043562366554918
64 66 1.1900823969381158
64 67 1.314974040258758
64 68 1.3273377657380805
64 69 1.2762587800629273
64 70 1.2786559691541206
64 71 1.28020063708472
64 72 1.0000186639909576
64 73 1.3892434770708355
64 74 1.3821329636449953
65 66 1.39910206161632
65 67 1.3524643907793041
65 68 1.3244450509787764
65 69 1.3019867568902803
65 70 1.084853414253051
65 71 1.3457235607650968
65 72 1.3149123929589999
65 73 1.3062343395674014
65 74 1.4081992290643406
66 67 1.1944219668603888
66 68 1.295524310124049
66 69 1.252437781205284
66 70 1.1643832322307222
66 71 0.8982433120368247
66 72 1.1955311604970142
66 73 1.4276588450322718
66 74 1.3508074438437556
67 68 1.3573750485562253
67 69 1.3010640811815635
67 70 1.2476451158280157
67 71 1.1370301891211987
67 72 1.2119820624930604
67 73 1.4259790910666108
67 74 1.3919603753394434
68 69 1.4055637280378066
68 70 1.2691640071813213
68 71 1.3420783410227681
68 72 1.386874666510151
68 73 1.2753705935410005
68 74 1.3402636667932055
69 70 1.2669801321232994
69 71 1.1375796750702452
69 72 1.2920460321693568
69 73 1.418810346631896
69 74 1.3246425828786241
70 71 1.1924973635414249
70 72 1.2360160588518034
70 73 1.3274010841006705
70 74 1.3238080991703705
71 72 1.2873319150342375
71 73 1.3819853131934958
71 74 1.3288097845147697
72 73 1.418549055846755
72 74 1.3795790927111373
73 74 1.180021991692031
