75 0
0 1 1.3473208023281553
0 2 1.3138905305950759
0 3 1.345960176010935
0 4 1.201979305348912
0 5 1.2701698729496154
0 6 1.287019608549843
0 7 1.411325504191466
0 8 1.2399000683098838
0 9 1.2195503988365037
0 10 1.3963616911382095
0 11 1.3701369921925028
0 12 1.3572881446622502
0 13 1.3176087377824501
0 14 1.3288190928422252
0 15 1.2632376565894001
0 16 1.456889057006271
0 17 1.4302072822260983
0 18 1.3296706365793627
0 19 1.342859135409676
0 20 1.3472580569486288
0 21 1.3444296032083194
0 22 1.3777192032802237
0 23 1.2952307143874635
0 24 1.2572184789779985
0 25 1.420333954603614
0 26 1.359823895089067
0 27 1.3885306249669018
0 28 1.226815809502742
0 29 1.4073437700424634
0 30 1.253310861680696
0 31 1.3225039151133906
0 32 1.4023388155977228
0 33 1.3335893996528296
0 34 1.4253927226755214
0 35 1.3454110617781565
0 36 1.3542186735178792
0 37 1.2690398662332367
0 38 1.2365695727285182
0 39 1.298699940885538
0 40 1.3338330756179417
0 41 1.3896213429575297
0 42 1.4185831066006607
0 43 1.1406723730359105
0 44 1.4692103114060806
0 45 1.4257336290721359
0 46 1.3524168546333037
0 47 1.1446582001660037
0 48 1.3970006594910926
0 49 1.2000261289492413
0 50 1.472841419293376
0 51 1.3228606516283263
0 52 1.2081377988487783
0 53 1.3779549986821436
0 54 1.5207432010550088
0 55 1.4470008591814993
0 56 1.3223253382582891
0 57 1.3582704796477234
0 58 1.3346977663076973
0 59 1.2049677501372713
0 60 1.33276641275777
0 61 1.3131955416627794
0 62 1.4128491165060277
0 63 1.4408434078742922
0 64 1.2544930941964954
0 65 1.3437621456070152
0 66 1.2648916830439212
0 67 1.3380436921604295
0 68 1.3482659304781552
0 69 1.452121374541965
0 70 1.4561394203850224
0 71 1.4402151625373132
0 72 1.330270241680558
0 73 1.2629095824160377
0 74 1.3329606591735284
1 2 1.2640820881124748
1 3 1.3258060045741207
1 4 1.2795175455230443
1 5 1.142142689332055
1 6 1.2210683722615512
1 7 1.3663641824308623
1 8 1.319576223055801
1 9 1.2021158690973759
1 10 1.3637517873947953
1 11 1.4237026229692156
1 12 1.284167523879537
1 13 1.2920446146723694
1 14 1.117457892866576
1 15 1.3494707752950945
1 16 1.0617534149606427
1 17 1.1805085364770762
1 18 1.108612783524746
1 19 1.2103386506930776
1 20 1.30166978029109
1 21 1.2349639577207985
1 22 1.3233745455630925
1 23 1.3031768959959287
1 24 1.2880476050876606
1 25 1.1751455560422541
1 26 1.1823796343578648
1 27 1.2743734037205767
1 28 1.1073176884869158
1 29 1.2312979272738462
1 30 1.2475980124773014
1 31 1.2362527993300874
1 32 1.139620004577948
1 33 1.4364889233754945
1 34 1.1326530244794628
1 35 1.3430971096423012
1 36 1.3282635133212823
1 37 1.3386185978764888
1 38 1.3655805580177536
1 39 1.1438977166988011
1 40 1.2512650112499653
1 41 1.2435373476800315
1 42 1.2785122824806854
1 43 1.2661673415325225
1 44 1.1639045277936204
1 45 1.287856870294362
1 46 1.3228193124705296
1 47 1.3800515849054893
1 48 1.2990196983407192
1 49 1.327251864525795
1 50 1.196685722804338
1 51 1.2225732212833154
1 52 1.3405169392049463
1 53 1.2584457141323793
1 54 1.3628102101578188
1 55 1.4051757545442312
1 56 1.2535083117394892
1 57 1.213853830561598
1 58 1.1220500087665943
1 59 1.2410347242361823
1 60 1.3089691627646571
1 61 1.066929803521997
1 62 1.4410109981418142
1 63 1.2582720609701632
1 64 1.2102248797427737
1 65 0.996137545681668
1 66 1.1783499786851295
1 67 1.1880484560166051
1 68 1.32604981147872
1 69 1.2079430645066156
1 70 1.229582313870222
1 71 1.1800360677315256
1 72 1.2029632721907346
1 73 1.3511062271416423
1 74 1.2187766361563672
2 3 1.412557827299315
2 4 1.2705522224410497
2 5 1.299487783245359
2 6 1.3897234086401051
2 7 1.3965190277725432
2 8 1.3541171775151861
2 9 1.20416428984059
2 10 1.3451742305487644
2 11 1.3028379384104174
2 12 1.3917544783773257
2 13 1.347623207549805
2 14 1.2645830427346683
2 15 1.443199188424127
2 16 1.253348608988381
2 17 1.2551655534643087
2 18 1.2729759499567759
2 19 1.3658133430389694
2 20 1.4725431585397104
2 21 1.1584537875427623
2 22 1.3733033785349407
2 23 1.3970951550571835
2 24 1.322308919993531
2 25 1.2137390926254261
2 26 1.2874896026138531
2 27 1.1791667503549934
2 28 1.1742972204406112
2 29 1.264203449676324
2 30 1.3407189423713266
2 31 1.372850783387088
2 32 1.2820924644262992
2 33 1.3915987651113695
2 34 1.2184299455631422
2 35 1.3508229145795982
2 36 1.4319787903885337
2 37 1.316784564871557
2 38 1.4301636266656927
2 39 1.2995953714017718
2 40 1.2135907814849571
2 41 1.2520554201610987
2 42 1.4592692336841524
2 43 1.3044506834692515
2 44 1.333760177784451
2 45 1.4242306677212697
2 46 1.3445006638651582
2 47 1.265929938254293
2 48 1.2430001591263775
2 49 1.1665902844112885
2 50 1.1885762459777716
2 51 1.3498754612212085
2 52 1.393844928471289
2 53 1.5164555951495184
2 54 1.3811887029003516
2 55 1.477340659998289
2 56 1.3848640781247965
2 57 1.3868772174722774
2 58 1.2525416956747955
2 59 1.2639517898369
2 60 1.3190123891723908
2 61 1.220529744370822
2 62 1.3467904923229281
2 63 1.2580568858856858
2 64 1.3564577991679587
2 65 1.2965914106243184
2 66 1.3211942040677698
2 67 1.300234724921562
2 68 1.4152865246940067
2 69 1.249724660531244
2 70 1.3554000622369726
2 71 1.2183507552128603
2 72 1.3742579105233543
2 73 1.3171885046503151
2 74 1.2764209295144855
3 4 1.3264749666906155
3 5 1.2608885488385524
3 6 1.309057976465167
3 7 1.410493297518893
3 8 1.2765809156949635
3 9 1.333285022012508
3 10 1.4121610265746067
3 11 1.5428065114618075
3 12 1.286085820262775
3 13 1.3153546930278603
3 14 1.3415275939185283
3 15 1.1849461195094244
3 16 1.3220808935870951
3 17 1.3575961401419723
3 18 1.3522162776869702
3 19 1.235463591172269
3 20 1.3237998814604932
3 21 1.2994340067646213
3 22 1.3246836875383818
3 23 1.284595715323127
3 24 1.0643240489045676
3 25 1.382737820373175
3 26 1.4660404028135061
3 27 1.4363666270194404
3 28 1.2718891076745589
3 29 1.3303485941645197
3 30 1.406169113166955
3 31 1.266940082032088
3 32 1.3803152925381845
3 33 1.3680113203426727
3 34 1.4291306942166166
3 35 1.3635352534933807
3 36 1.4249354167431252
3 37 1.2628850191330507
3 38 1.3496767728676522
3 39 1.355918326432183
3 40 1.4243017126653408
3 41 1.3571164598569636
3 42 1.399669938119302
3 43 1.2772499446607601
3 44 1.3371434144393262
3 45 1.376995113587128
3 46 1.3628373503710882
3 47 1.357782772710922
3 48 1.3022173462020372
3 49 1.3582738580207312
3 50 1.4447471935619485
3 51 1.3074657975032675
3 52 1.3326601772643347
3 53 1.3865124522899888
3 54 1.3615678601199852
3 55 1.4212643590402665
3 56 1.1561337292399803
3 57 1.3211884543949088
3 58 1.3073589905167273
3 59 1.335839530975918
3 60 1.3272844995861128
3 61 1.2312748036518881
3 62 1.3282056931979094
3 63 1.4217963404325877
3 64 0.8744684527674019
3 65 1.345843801787562
3 66 1.3548215553735155
3 67 1.2704492367855629
3 68 1.295437007558828
3 69 1.4721165037989137
3 70 1.3137863842227848
3 71 1.3983924317544243
3 72 1.261210723609603
3 73 1.0782899855377222
3 74 1.3605440313064878
4 5 1.3948598425522725
4 6 1.4177756317767813
4 7 1.342229377211466
4 8 1.2827921947205134
4 9 1.4413104487395616
4 10 1.315883361050749
4 11 1.4188449318723566
4 12 1.440362585615428
4 13 1.3249136485856843
4 14 1.320025493441362
4 15 1.3647249086559932
4 16 1.2223770386636095
4 17 1.1451823932031617
4 18 1.3050517748958512
4 19 1.438216983072048
4 20 1.3314765507758444
4 21 1.3340169800896111
4 22 1.3761482474400812
4 23 1.2362164214711933
4 24 1.3211334762940865
4 25 1.3778636431544404
4 26 1.1802662707080072
4 27 1.3679445942840154
4 28 1.2092153257977478
4 29 1.3151156251300298
4 30 1.1878545716317597
4 31 1.402899811473445
4 32 1.334404337747901
4 33 1.3759071977254913
4 34 1.3203246911519209
4 35 1.249937529140124
4 36 1.3513672091196791
4 37 1.2950458522570094
4 38 1.381847971595844
4 39 1.2575198911808447
4 40 1.4039632606824073
4 41 1.3372954801721386
4 42 1.4252515221166764
4 43 1.2398731435650499
4 44 1.178023923478443
4 45 1.3489876409026382
4 46 1.4465609932970465
4 47 1.330196227252452
4 48 1.4240329976692379
4 49 1.3442437869676738
4 50 1.216333510435698
4 51 1.3277984412433128
4 52 1.2864300269679503
4 53 1.2740793906098233
4 54 1.3383723172170363
4 55 1.4096057950335839
4 56 1.2599831887939565
4 57 1.2454264417583998
4 58 1.1964683094778243
4 59 1.3601195578162284
4 60 1.2896645955354678
4 61 1.2618989188110437
4 62 1.4330294443259766
4 63 1.3085488153678209
4 64 1.2112727847635274
4 65 1.2062629150136808
4 66 1.3375519850405015
4 67 1.2327143394966025
4 68 1.470590900428783
4 69 1.3285126618347256
4 70 1.2428600797993175
4 71 1.2528292653438944
4 72 1.4149090770958568
4 73 1.3453673794696017
4 74 1.1813724040914606
5 6 0.7704518925232514
5 7 1.4247931610653521
5 8 1.3486088283968134
5 9 1.1586429290194564
5 10 1.5625737617083375
5 11 1.484975685463193
5 12 0.8283871185269555
5 13 1.2865363496823627
5 14 1.3452039893901477
5 15 1.1801910735613244
5 16 1.462177805454341
5 17 1.3504533269656929
5 18 1.1768605458088714
5 19 0.8754431637433644
5 20 1.4208007588787674
5 21 1.388122834182032
5 22 1.3889839384703693
5 23 1.409617416638084
5 24 0.9883201291583222
5 25 1.2891597411470335
5 26 1.359339001057703
5 27 1.4183205541145723
5 28 1.268010058156586
5 29 1.4607985321721242
5 30 1.3854411016570145
5 31 0.7804564228948275
5 32 1.433306788471334
5 33 1.4440036123434257
5 34 1.2599890672307634
5 35 1.4475773287845515
5 36 1.4081050757484406
5 37 1.4218104881204385
5 38 1.4517263654446841
5 39 1.3655917695014461
5 40 1.2987074167875297
5 41 1.2827391265565098
5 42 1.419598046073914
5 43 1.265254077002675
5 44 1.4681081288514897
5 45 1.4140271185819526
5 46 1.4158826691057986
5 47 1.3013560686889099
5 48 1.3009556579806631
5 49 1.3043272981437153
5 50 1.5664967781664592
5 51 1.3480931616347398
5 52 1.3079270267304781
5 53 1.4388514879316587
5 54 1.4631029526147328
5 55 1.564832326801969
5 56 1.1988555734071145
5 57 1.2609000163334252
5 58 1.2040615527815908
5 59 1.4177490101823793
5 60 1.4733689388617162
5 61 1.241878576511489
5 62 1.4453152739947788
5 63 1.3876148006847122
5 64 1.196770342767061
5 65 1.2049566487865808
5 66 1.2922398713414878
5 67 1.3501660302981653
5 68 0.9218133018228786
5 69 1.4128271114592457
5 70 1.4033643367461526
5 71 1.3984083444935922
5 72 0.7306766960009841
5 73 1.052192888526331
5 74 1.449585176049784
6 7 1.492766605633656
6 8 1.342520844329618
6 9 1.1206137751975658
6 10 1.4736131114945932
6 11 1.466109028670059
6 12 0.585542889175016
6 13 1.2766676097955874
6 14 1.3920119526494383
6 15 1.1277219767258195
6 16 1.554846460612383
6 17 1.4044396381521203
6 18 1.2715155584922304
6 19 0.8052370849547996
6 20 1.4925872870184917
6 21 1.4359773226096266
6 22 1.4463213093544467
6 23 1.390315596053324
6 24 1.0271233334697256
6 25 1.4025824637446411
6 26 1.3975041140194664
6 27 1.509566536018724
6 28 1.3744160576584536
6 29 1.4936059123919099
6 30 1.448704190128786
6 31 0.5727498614482168
6 32 1.4867529550848289
6 33 1.4636287240644144
6 34 1.2507493841115314
6 35 1.4606677116159257
6 36 1.4499598415169506
6 37 1.4242711240216948
6 38 1.4771858744862172
6 39 1.422403532545096
6 40 1.3133273548626643
6 41 1.3661359688141854
6 42 1.4284722129464715
6 43 1.3066775986488586
6 44 1.53292872378078
6 45 1.4353716538997292
6 46 1.4111214982596614
6 47 1.3605731473814007
6 48 1.3224060192681302
6 49 1.3793802954777248
6 50 1.6405905670767305
6 51 1.4540319707512412
6 52 1.4511328804285348
6 53 1.39495909211019
6 54 1.427173760302847
6 55 1.5475498331065989
6 56 1.2671879573020637
6 57 1.3704789692110466
6 58 1.213935185864683
6 59 1.4586841276545421
6 60 1.395016827569921
6 61 1.2182419362779384
6 62 1.3977086212477756
6 63 1.4823920566241717
6 64 1.2888230052962255
6 65 1.3302996014132673
6 66 1.4351584068177186
6 67 1.4232107605089537
6 68 0.775337174112089
6 69 1.402082088423856
6 70 1.474160996783851
6 71 1.317060012789223
6 72 0.4998994650183062
6 73 1.0717488668723179
6 74 1.5498328172820741
7 8 1.3571110133759352
7 9 1.5392354826104135
7 10 1.362566272400033
7 11 1.4481611251525182
7 12 1.443596167403747
7 13 1.4744679609244906
7 14 1.4306452507833332
7 15 1.405698300011151
7 16 1.2940930525275633
7 17 1.314324678726904
7 18 1.3370831341661673
7 19 1.3179695130581939
7 20 1.083483714677144
7 21 1.3691667550540048
7 22 1.3152340269401435
7 23 1.2392428564563105
7 24 1.5258397540876731
7 25 1.3952269953007488
7 26 1.3499119359023273
7 27 1.3814808063824657
7 28 1.2775460485511378
7 29 1.265731181029418
7 30 1.3939050448288246
7 31 1.4535714069490302
7 32 1.3781453023139953
7 33 1.4464704154444556
7 34 1.3047146755984615
7 35 1.3421764792473596
7 36 1.2298126162867522
7 37 1.3185590262114677
7 38 1.3709939971593175
7 39 1.4490105815407206
7 40 1.6949521245148143
7 41 1.4359333548646664
7 42 1.2661351121389233
7 43 1.365153967850176
7 44 1.4131494069519877
7 45 1.2604632170581822
7 46 1.4603878296558397
7 47 1.448190794519493
7 48 1.3835490690439374
7 49 1.2685930694130871
7 50 1.3486001018961067
7 51 1.1098583313488795
7 52 1.476713584629651
7 53 1.168411118602975
7 54 1.3627371120459166
7 55 1.417579846920002
7 56 1.345914709534091
7 57 1.1768030790354216
7 58 1.3355853207704675
7 59 1.3085218822718707
7 60 1.3818743840689047
7 61 1.3443448637708009
7 62 1.2847033950541673
7 63 1.3342380349100267
7 64 1.3480932217807922
7 65 1.3538750545096385
7 66 1.2940558509560964
7 67 1.2912979274840768
7 68 1.4570003060146497
7 69 1.3687598588274437
7 70 1.2660069074142235
7 71 1.3663399255693611
7 72 1.4901058197140369
7 73 1.4823246301671014
7 74 1.2651098639141496
8 9 1.3746936689499636
8 10 1.3562893304856163
8 11 1.2708710804746564
8 12 1.3875523799665999
8 13 1.438931200285763
8 14 1.3685984088026129
8 15 1.3023328120035544
8 16 1.416092089580542
8 17 1.336678193989196
8 18 1.3549416614160277
8 19 1.4528517228834315
8 20 1.1748343030310364
8 21 1.3813787488105553
8 22 1.371062167256446
8 23 1.203915229554735
8 24 1.2714354174350098
8 25 1.4276075286682424
8 26 1.349360390446558
8 27 1.379869683227918
8 28 1.385882603543389
8 29 1.3357664836280387
8 30 1.2422357424842412
8 31 1.3239614100853558
8 32 1.447493382048587
8 33 1.4082403034167388
8 34 1.454852324007923
8 35 1.2045642008742639
8 36 1.2741479865751644
8 37 1.2122425109622494
8 38 1.2991999747908538
8 39 1.4007510115337807
8 40 1.4731581947475723
8 41 1.384047525480398
8 42 1.2814833009296005
8 43 1.2799266712730748
8 44 1.4454806100664996
8 45 1.3517125416982292
8 46 1.365344026263275
8 47 1.4444806591728232
8 48 1.441267029346729
8 49 1.3544153766454088
8 50 1.4886739960640873
8 51 1.2230859245796568
8 52 1.361673419316742
8 53 1.3957774857471845
8 54 1.5179703802043338
8 55 1.4025162256337182
8 56 1.2081368604977363
8 57 1.384323783849524
8 58 1.4351958173886992
8 59 1.2908248579252717
8 60 1.3597325295290803
8 61 1.4077367636610298
8 62 1.344472492980051
8 63 1.4497874360941376
8 64 1.27684103229628
8 65 1.3881628787492675
8 66 1.3497136271015802
8 67 1.3970435387710483
8 68 1.3211329088025427
8 69 1.4304204212914269
8 70 1.4132250149096461
8 71 1.4620030039457357
8 72 1.3676457895225995
8 73 1.3265218714721856
8 74 1.3589415172450905
9 10 1.3279925208156849
9 11 1.3859024308632057
9 12 1.1589275471438634
9 13 1.2951661885574226
9 14 1.311180969725528
9 15 1.2082446865338137
9 16 1.3703985086439585
9 17 1.503077601252104
9 18 1.1948585190990273
9 19 1.2160134240322624
9 20 1.5042315847804781
9 21 1.2472403640190246
9 22 1.2471424002264255
9 23 1.42808806616265
9 24 1.2421008359710666
9 25 1.155448411518974
9 26 1.3856181940561045
9 27 1.3081122190147574
9 28 1.3117718581124658
9 29 1.3499558851604827
9 30 1.3590457880941103
9 31 1.1508970184173608
9 32 1.3393064357972715
9 33 1.4549471657013269
9 34 1.2089967763509408
9 35 1.4628806159237064
9 36 1.4685192761255557
9 37 1.367284947261793
9 38 1.3468299187009132
9 39 1.3674095084107725
9 40 1.1160374112474354
9 41 1.2364207792466617
9 42 1.3976203688640896
9 43 1.256487932762991
9 44 1.4885890833623552
9 45 1.5005370559775395
9 46 1.242429800441429
9 47 1.3135200089679344
9 48 1.2252234196838174
9 49 1.32208364427436
9 50 1.48250625560656
9 51 1.5297194234174798
9 52 1.452915460520199
9 53 1.4678939135629416
9 54 1.3748966124047954
9 55 1.478464287921809
9 56 1.3892876460090693
9 57 1.3370614037228763
9 58 1.3218058923732414
9 59 1.238328131067949
9 60 1.3101896604281185
9 61 1.221690866712652
9 62 1.4078743777633387
9 63 1.313258925827527
9 64 1.2935835355431555
9 65 1.228441788136946
9 66 1.2678122589027716
9 67 1.316155497140161
9 68 1.2129470227191104
9 69 1.3609839913982409
9 70 1.4120871247057667
9 71 1.2360250556195675
9 72 1.0835464636906786
9 73 1.2528203227021657
9 74 1.369140459183367
10 11 1.2671837153723888
10 12 1.4647327536537693
10 13 1.380619928405781
10 14 1.2911248228474466
10 15 1.4333415453254614
10 16 1.40715354023888
10 17 1.2257365151916542
10 18 1.3655881494758153
10 19 1.5020879452198674
10 20 1.3247184843303799
10 21 1.2329651635630658
10 22 1.4122584408381489
10 23 1.3442558817375172
10 24 1.4566765428437438
10 25 1.3155808534654074
10 26 1.4340901152876389
10 27 1.1821296991244268
10 28 1.3806143867425065
10 29 1.3367990164662726
10 30 1.301880425213352
10 31 1.4386709598081813
10 32 1.309867654464245
10 33 1.3953835050878862
10 34 1.2097797612589742
10 35 1.3212486156004635
10 36 1.322016287420743
10 37 1.2287269131414518
10 38 1.2825113484504345
10 39 1.361512683544178
10 40 1.1597816154258072
10 41 1.3161101713813481
10 42 1.3373417016169835
10 43 1.3307304630035686
10 44 1.4167206796919547
10 45 1.3833483501089607
10 46 1.2872312456038943
10 47 1.4548173888008777
10 48 1.383761404720004
10 49 1.4745677337217855
10 50 1.3175634066602748
10 51 1.4090972491357165
10 52 1.570830405549487
10 53 1.420435925043769
10 54 1.3661385314105192
10 55 1.0870229304673746
10 56 1.478002018153628
10 57 1.4450628418575513
10 58 1.3838671349970602
10 59 1.3398128034654129
10 60 1.1891799285292095
10 61 1.2612293878849785
10 62 1.255809565271638
10 63 1.2867209886879813
10 64 1.441081717215476
10 65 1.440345121554313
10 66 1.427220541804467
10 67 1.4704098768980374
10 68 1.361414785342549
10 69 1.430205888426719
10 70 1.6343456609043188
10 71 1.1921897628644027
10 72 1.4360642421405503
10 73 1.487949865562475
10 74 1.3628375139432554
11 12 1.5117663854442167
11 13 1.4462753994865625
11 14 1.4624927767640152
11 15 1.4457970657504453
11 16 1.433045897124521
11 17 1.2646080653179537
11 18 1.412769026781144
11 19 1.4766863670553376
11 20 1.3458355676313476
11 21 1.3446322423929402
11 22 1.4670267188903063
11 23 1.3871089533169043
11 24 1.4261642701227284
11 25 1.3065157999016828
11 26 1.4090829298736391
11 27 1.2678084360809525
11 28 1.3809578145739239
11 29 1.397915126581353
11 30 1.3766294424974514
11 31 1.431592259088622
11 32 1.2959420985056782
11 33 1.4089394141605873
11 34 1.3724265620712188
11 35 1.3337403904084595
11 36 1.3200757790989588
11 37 1.3012251059997568
11 38 1.384994369213724
11 39 1.4326247469322182
11 40 1.3402987014360548
11 41 1.4547194975199067
11 42 1.3171859009593028
11 43 1.3640928833458645
11 44 1.4223006229609816
11 45 1.4154086256701877
11 46 1.2915399110801995
11 47 1.4667770111878424
11 48 1.3930481428923063
11 49 1.4338963098938204
11 50 1.4469884270220565
11 51 1.459232365109847
11 52 1.5493872061214398
11 53 1.567719158678688
11 54 1.3588762817360827
11 55 1.2071029565429043
11 56 1.406859379033056
11 57 1.486541744543061
11 58 1.3635374414319081
11 59 1.3416817333396955
11 60 1.3053426038785614
11 61 1.3331885800450962
11 62 1.4520865300551489
11 63 1.350245838690225
11 64 1.484615818887975
11 65 1.4603380177909322
11 66 1.4548079227774113
11 67 1.4721457239079792
11 68 1.3478922839239476
11 69 1.518177333450042
11 70 1.395301780609249
11 71 1.4227524703910572
11 72 1.4742641511826258
11 73 1.3829051081259882
11 74 1.419218004398543
12 13 1.3159577365612525
12 14 1.410289493532066
12 15 1.1434745567031368
12 16 1.5621313429290453
12 17 1.3923560686771117
12 18 1.3170943717339196
12 19 0.7628033800937443
12 20 1.4903540793965944
12 21 1.3967444816509282
12 22 1.451077578907865
12 23 1.4423743734380121
12 24 1.021372473464468
12 25 1.4166926605807872
12 26 1.418125002521352
12 27 1.5373566206560527
12 28 1.4218737374270398
12 29 1.502316125042825
12 30 1.496615317635732
12 31 0.5248057588911283
12 32 1.535035256568801
12 33 1.4621382960387779
12 34 1.2475495005498696
12 35 1.4715671796813563
12 36 1.4345807887019826
12 37 1.465536798928371
12 38 1.4977549280619857
12 39 1.4197094444748048
12 40 1.3622402060848608
12 41 1.391146589416298
12 42 1.4707165442038173
12 43 1.380522674452857
12 44 1.5568131528683655
12 45 1.3660651725170623
12 46 1.459848897485703
12 47 1.4017483804012993
12 48 1.3482845257973333
12 49 1.407580504611658
12 50 1.6679875162435238
12 51 1.4298484866444374
12 52 1.5061561329333744
12 53 1.424153780267589
12 54 1.4173508026313089
12 55 1.5364933389847686
12 56 1.280126863392807
12 57 1.362224030141884
12 58 1.1953421139002025
12 59 1.458749191535571
12 60 1.4229913660006532
12 61 1.2026858337040431
12 62 1.3785316577070004
12 63 1.4521853222282677
12 64 1.2846488763881423
12 65 1.339446727433616
12 66 1.4327331731222455
12 67 1.4456817775024087
12 68 0.7538282595063774
12 69 1.4412137294145961
12 70 1.4566355765508008
12 71 1.3173863237058463
12 72 0.5285666423327938
12 73 1.04318355726935
12 74 1.5523946757950158
13 14 1.3345288614483557
13 15 1.3848530285530412
13 16 1.3207313948999102
13 17 1.275674202577291
13 18 1.3461235589881122
13 19 1.2942315436148775
13 20 1.406247763325409
13 21 1.3002687201464203
13 22 1.430775717982098
13 23 1.4469879013931857
13 24 1.338583121390923
13 25 1.3773720426221923
13 26 1.3644581635092357
13 27 1.331885178381937
13 28 1.2891615512730894
13 29 1.3972352875629943
13 30 1.2020680046566876
13 31 1.3106867385642251
13 32 1.3651187952197863
13 33 1.3782120802528486
13 34 1.2753540359197753
13 35 1.4449191307881948
13 36 1.424622650828907
13 37 1.3715231620816477
13 38 1.3627769032177686
13 39 1.2936261133570632
13 40 1.3041857705576743
13 41 1.2148886432645527
13 42 1.427262462629561
13 43 1.326794387159406
13 44 1.2939117516142848
13 45 1.4677377306738746
13 46 1.2441618046121814
13 47 1.4008750881833418
13 48 1.2545967103076232
13 49 1.2618218687950782
13 50 1.3280954257128144
13 51 1.374936060758681
13 52 1.3647823557993533
13 53 1.3744984431201046
13 54 1.3861227216720275
13 55 1.425848599622715
13 56 1.3700383944964825
13 57 1.357222456031149
13 58 1.3641392812776172
13 59 1.3508787445211847
13 60 1.3134520201178197
13 61 1.3685649604473091
13 62 1.3813812332809343
13 63 1.2935593161142849
13 64 1.3083138839301627
13 65 1.290642081469755
13 66 1.362356003973261
13 67 1.3307481249433857
13 68 1.2847150614115521
13 69 1.3285786302499147
13 70 1.3397329434122303
13 71 1.1020872464419744
13 72 1.273477998288436
13 73 1.3142527670347417
13 74 1.3578350459174213
14 15 1.3604739247124709
14 16 1.1959897170515943
14 17 1.1887651280060967
14 18 1.3107132784785245
14 19 1.4409356971689744
14 20 1.3633835994471135
14 21 1.2161107219404352
14 22 1.4021774277605918
14 23 1.3510644183815457
14 24 1.3691822595957976
14 25 1.1643879504437418
14 26 1.3701029221260115
14 27 1.1897374923824426
14 28 1.183595460687691
14 29 1.1791377955769249
14 30 1.337551797445697
14 31 1.3626005365238412
14 32 1.2406132783449304
14 33 1.2804447749402137
14 34 1.282720573932955
14 35 1.3645048318902824
14 36 1.4492638752040699
14 37 1.3970465876858238
14 38 1.328065359752564
14 39 1.1907618470431616
14 40 1.2642176954462319
14 41 1.2762229012274995
14 42 1.3727894246928156
14 43 1.4202623292491658
14 44 1.2610568851011366
14 45 1.2971038773106696
14 46 1.2731137833470247
14 47 1.35812758529694
14 48 1.2301524270420054
14 49 1.519326985519577
14 50 1.2399721409100652
14 51 1.3123284923751497
14 52 1.3562008496859634
14 53 1.3473536130807224
14 54 1.6074040108008754
14 55 1.2961656716067878
14 56 1.4001717101886078
14 57 1.4067525034391541
14 58 1.3533555294970667
14 59 1.2518021253689504
14 60 1.2735973878477436
14 61 1.2644647419589654
14 62 1.3640071760774424
14 63 1.3438257394834965
14 64 1.4099091254792786
14 65 1.2324990167153238
14 66 1.3739573874929543
14 67 1.3193023402152333
14 68 1.4721187355311665
14 69 1.2709890115367144
14 70 1.3105314261738645
14 71 1.2966225146152084
14 72 1.3722409651831893
14 73 1.4160841175428718
14 74 1.2395733696916416
15 16 1.427965368500995
15 17 1.3850230217113915
15 18 1.36956114687428
15 19 1.1866584642939029
15 20 1.353610549808871
15 21 1.416141986676401
15 22 1.3196725337159043
15 23 1.2549148730571364
15 24 1.1343768884374081
15 25 1.4101032257708084
15 26 1.3857418714014247
15 27 1.4089075318803208
15 28 1.3554081643866105
15 29 1.4064017637710424
15 30 1.412016765408697
15 31 1.1543436297452696
15 32 1.4901109334276683
15 33 1.3161757790002322
15 34 1.4081709840520078
15 35 1.5110198576234233
15 36 1.352260027685707
15 37 1.3744634307041281
15 38 1.3900140066064384
15 39 1.3556237532814526
15 40 1.4320798941139004
15 41 1.36902490481135
15 42 1.4511085541289672
15 43 1.2570389408636495
15 44 1.4436490663228698
15 45 1.3939397579817738
15 46 1.406503632890603
15 47 1.376202981373296
15 48 1.3933183904233637
15 49 1.3847662547343351
15 50 1.5157772862465924
15 51 1.3733749225940872
15 52 1.46189380041566
15 53 1.409223524539036
15 54 1.3359498926753355
15 55 1.5000401951138327
15 56 1.2330353419848026
15 57 1.4413657580064951
15 58 1.2557458966886041
15 59 1.3128954735662683
15 60 1.3484346812270271
15 61 1.335704724646508
15 62 1.4051288918605946
15 63 1.4166257114892404
15 64 1.2396629095484213
15 65 1.3945860234570362
15 66 1.3320831779684783
15 67 1.375198191298832
15 68 1.2465344851065088
15 69 1.3881274681602374
15 70 1.375666564056962
15 71 1.3647580690484886
15 72 1.1152247878624235
15 73 1.1378138039388863
15 74 1.3702194573028428
16 17 1.1285032671664856
16 18 1.1564504969072085
16 19 1.5358710830363167
16 20 1.258068431145888
16 21 1.1550225044065372
16 22 1.2437688427167437
16 23 1.3022836566208313
16 24 1.5143782440848836
16 25 1.1635822207771087
16 26 1.1769145635524112
16 27 1.225205881484487
16 28 1.0740608226437962
16 29 1.0453990635644106
16 30 1.1842470887206107
16 31 1.5635334367709255
16 32 1.1268389337030036
16 33 1.4531132017593993
16 34 1.2326363830638611
16 35 1.4418513550699703
16 36 1.2965579722217786
16 37 1.3511819136741716
16 38 1.314532198432071
16 39 1.2727486451061722
16 40 1.4112876795035814
16 41 1.2779733182087942
16 42 1.3444660614159207
16 43 1.3572293082657925
16 44 0.923613131089898
16 45 1.3849382566952875
16 46 1.250355088613994
16 47 1.327003343283284
16 48 1.2824654796625727
16 49 1.305595872647607
16 50 0.7957626552072652
16 51 1.2490457105770891
16 52 1.3188183871414139
16 53 1.2482195730120682
16 54 1.1969201350925573
16 55 1.3679864910889412
16 56 1.3028573289895018
16 57 1.228306002736267
16 58 1.2136327587643139
16 59 1.2077891367855287
16 60 1.2755860566169617
16 61 1.1852672359761245
16 62 1.4299788010647747
16 63 1.1323516148340822
16 64 1.237627663394216
16 65 1.0718061289975231
16 66 1.175883245639556
16 67 1.157260506233157
16 68 1.6242496109484794
16 69 1.0567958900793564
16 70 0.841178942201314
16 71 1.2369557691435666
16 72 1.5532372681389828
16 73 1.5334063538490572
16 74 1.0743285294191276
17 18 1.1834618288242291
17 19 1.3982913359342686
17 20 1.2515098081196059
17 21 1.1579313016052941
17 22 1.322091257482661
17 23 1.2060158776505978
17 24 1.4190953037244363
17 25 1.261793318898827
17 26 1.284701816642406
17 27 1.2280712512056706
17 28 1.1522255524195133
17 29 1.1136530491681196
17 30 1.2999270762639377
17 31 1.3590556235126217
17 32 1.2447924900756673
17 33 1.3937758288979436
17 34 1.143530810829451
17 35 1.2768042986682846
17 36 1.375652788489283
17 37 1.294407246811191
17 38 1.3228221155580482
17 39 1.2137686806461563
17 40 1.2306022046581622
17 41 1.2599421114727047
17 42 1.401331564422594
17 43 1.3244861686639895
17 44 1.1423635047104796
17 45 1.1810339327953414
17 46 1.19738016052341
17 47 1.3177408410145697
17 48 1.1882085421463038
17 49 1.3524306413308973
17 50 1.1427213488311965
17 51 1.198138230861262
17 52 1.3257698955256356
17 53 1.3298275441577252
17 54 1.327080638746262
17 55 1.2591294958267125
17 56 1.2777992561715512
17 57 1.3004100554467493
17 58 1.222632691261766
17 59 1.4135630457789488
17 60 1.235456228484272
17 61 1.1200040773186115
17 62 1.3271344906991969
17 63 1.1614320327879024
17 64 1.35589229072982
17 65 1.1992750412901207
17 66 1.273396814251655
17 67 1.2934995589724123
17 68 1.4025180277856506
17 69 1.236342234520617
17 70 1.199266746431758
17 71 1.1789865256292342
17 72 1.356345399259805
17 73 1.4275509048834372
17 74 1.284105821098738
18 19 1.3119512196341214
18 20 1.3776799926172922
18 21 1.0799757508018752
18 22 1.2128558571023507
18 23 1.2549752370703386
18 24 1.3234841775733024
18 25 1.2615407118352138
18 26 1.1603453273279847
18 27 1.2604601897768253
18 28 1.1018346367179934
18 29 1.230589807850755
18 30 1.3146758650419161
18 31 1.3056593224558461
18 32 1.3294271193740468
18 33 1.4075536947476177
18 34 1.0791134112520009
18 35 1.3573144530892685
18 36 1.2990128912594645
18 37 1.371396265149443
18 38 1.336096008029827
18 39 1.2774479912706254
18 40 1.219711493588296
18 41 1.2611808951408112
18 42 1.2880133547256254
18 43 1.2519786952941636
18 44 1.2374529692208165
18 45 1.3440163007904309
18 46 1.1708540195566155
18 47 1.1950819948763107
18 48 1.2700553361000464
18 49 1.1715566820552707
18 50 1.262328820647798
18 51 1.2545256692971
18 52 1.2558616044599356
18 53 1.3299578156193765
18 54 1.29168096972049
18 55 1.415224163159383
18 56 1.29532472875505
18 57 1.292581372059061
18 58 1.063622790218857
18 59 1.2694148656964535
18 60 1.3128909607657888
18 61 1.0172082017356308
18 62 1.3994091261033677
18 63 1.255061761256477
18 64 1.2642838628828663
18 65 1.1536549787058317
18 66 1.1980622302935386
18 67 1.1840226180152014
18 68 1.389896976536027
18 69 1.2699310408678488
18 70 1.2024613695738569
18 71 1.1773484348647847
18 72 1.2893174607420954
18 73 1.3723990980955667
18 74 1.28708034362918
19 20 1.4316439602928557
19 21 1.3996892946980377
19 22 1.4776702296050943
19 23 1.3706633048841672
19 24 1.1158755044185025
19 25 1.395422355970814
19 26 1.3769315775085313
19 27 1.4472953720072763
19 28 1.2444668015348765
19 29 1.461831465302039
19 30 1.4642255530527128
19 31 0.7477383095597617
19 32 1.456676745907467
19 33 1.4392199405389257
19 34 1.283657160864385
19 35 1.4683250096318026
19 36 1.3896757842358574
19 37 1.3956808706041415
19 38 1.4370895972954134
19 39 1.3899664106290863
19 40 1.3999424722530356
19 41 1.411264409123304
19 42 1.366558817442478
19 43 1.3052256792493824
19 44 1.4958386626539506
19 45 1.389711818765716
19 46 1.374704887239931
19 47 1.435709080251818
19 48 1.3586609272196908
19 49 1.3114701500234505
19 50 1.6046161979790219
19 51 1.362762864767482
19 52 1.459774777107325
19 53 1.3555609823856667
19 54 1.3394275196040892
19 55 1.515080338839219
19 56 1.2743860715603375
19 57 1.304616288037247
19 58 1.1427922079913047
19 59 1.4426174817592945
19 60 1.4057165917798555
19 61 1.1920228405371813
19 62 1.291298144276554
19 63 1.4167324322916668
19 64 1.218771232800835
19 65 1.2576929642012422
19 66 1.371341978620661
19 67 1.2829533818089631
19 68 0.8779782351080037
19 69 1.4562774135983005
19 70 1.480770226363735
19 71 1.2384264245388816
19 72 0.7045399308702226
19 73 1.0926841814810353
19 74 1.4978379808718998
20 21 1.4155494203024919
20 22 1.2900253017621315
20 23 1.012963421772262
20 24 1.4936319413629966
20 25 1.3862428754669207
20 26 1.3219898244541626
20 27 1.3942273461918044
20 28 1.2068757873984173
20 29 1.2153997778942522
20 30 1.3116045170512984
20 31 1.4748820048736313
20 32 1.3298759996696483
20 33 1.3127101865068183
20 34 1.3963409102887105
20 35 1.272268363789933
20 36 1.212957114877064
20 37 1.2083843784694128
20 38 1.3232376002338195
20 39 1.3566290175118985
20 40 1.4797110294828208
20 41 1.381102583613191
20 42 1.276145955333329
20 43 1.4375501527612744
20 44 1.2121153082944491
20 45 1.1243765232821745
20 46 1.3215430152749557
20 47 1.4063597930936573
20 48 1.424122422300848
20 49 1.302932657395571
20 50 1.3067306293057
20 51 0.8325023979817864
20 52 1.4299597979808913
20 53 1.1285833636996347
20 54 1.3735094357223396
20 55 1.3946038869489246
20 56 1.313049634529691
20 57 1.2973509806257242
20 58 1.376728396407979
20 59 1.3060488066842322
20 60 1.37610941174202
20 61 1.3817728049388756
20 62 1.2551300917345942
20 63 1.3272777098639645
20 64 1.2916137381907569
20 65 1.3896884104296825
20 66 1.2529301754274171
20 67 1.3359330120535324
20 68 1.465636561002628
20 69 1.3551804022253175
20 70 1.2811685821914232
20 71 1.432392883193677
20 72 1.4981266786157479
20 73 1.481510370933531
20 74 1.234147818801829
21 22 1.2279618697621242
21 23 1.3670463104421906
21 24 1.3451212536119872
21 25 1.1873581312240333
21 26 1.352449775578328
21 27 1.0784341991912856
21 28 1.2172399373620826
21 29 1.2092843618984452
21 30 1.3473131704660892
21 31 1.323565568244154
21 32 1.1265759340365087
21 33 1.2974964321745341
21 34 1.139927757873568
21 35 1.3514706022802758
21 36 1.3439097617257894
21 37 1.2614533195899642
21 38 1.2612653843322403
21 39 1.3226561309329055
21 40 1.129570899120473
21 41 1.176768214265195
21 42 1.3429692049636026
21 43 1.3051672476682998
21 44 1.2097501984727133
21 45 1.4044653993665495
21 46 1.0720913842523054
21 47 1.3720463143011992
21 48 1.1799120470657467
21 49 1.3293067407621708
21 50 1.1819497558966856
21 51 1.3572675762302566
21 52 1.3590668439424805
21 53 1.410613696333941
21 54 1.3254927920634425
21 55 1.3624897736035066
21 56 1.3489351545949642
21 57 1.3680606577906362
21 58 1.2436300845226205
21 59 1.2070559291471934
21 60 1.275007257097007
21 61 1.0121469905234237
21 62 1.4463539836360981
21 63 1.1776315919700782
21 64 1.3393713762968502
21 65 1.278118810386011
21 66 1.2642629166141548
21 67 1.1130273186685589
21 68 1.3371253080952161
21 69 1.2086634959481735
21 70 1.180221800146167
21 71 1.1811491646082792
21 72 1.3741652459548572
21 73 1.3649685985184765
21 74 1.2372416978559806
22 23 1.3273037801060061
22 24 1.4182861856555564
22 25 1.2839832507603437
22 26 1.3924480308144302
22 27 1.30206577712874
22 28 1.1909080762853244
22 29 1.2802438053192386
22 30 1.3630262695541477
22 31 1.424402331757626
22 32 1.3214240738218308
22 33 1.2979546736274377
22 34 1.3105004295635605
22 35 1.3054501030584245
22 36 1.3845339776958008
22 37 1.333276520438269
22 38 1.37434459825361
22 39 1.4085628371285268
22 40 1.3009285963475643
22 41 1.280483804925172
22 42 1.4070603477167438
22 43 1.3937546570447763
22 44 1.3025637195544402
22 45 1.4238700000029876
22 46 1.3177603541846326
22 47 1.164343024529248
22 48 1.361727053911979
22 49 1.1946127762117842
22 50 1.3033048099401703
22 51 1.293771185888854
22 52 1.2656747695994877
22 53 1.271363442353335
22 54 1.3385393011107165
22 55 1.4704844122250376
22 56 1.340447533300544
22 57 1.4035032213665983
22 58 1.2925346764971537
22 59 1.2768850054919132
22 60 1.3327160246154854
22 61 1.3173021786681385
22 62 1.4469239017501363
22 63 1.2818634921007088
22 64 1.286204479442412
22 65 1.3048165338388615
22 66 0.8514613127131677
22 67 1.1560517521326654
22 68 1.4687453884015695
22 69 1.3186178859297786
22 70 1.280925298776304
22 71 1.4017622042184437
22 72 1.4471513673912753
22 73 1.442285438414678
22 74 1.158402878525705
23 24 1.4021698900065698
23 25 1.4196917889714893
23 26 1.2883323193664675
23 27 1.3246675916335222
23 28 1.152924669061583
23 29 1.3152515519792878
23 30 1.2802839401537416
23 31 1.3716714262191534
23 32 1.3580332364484329
23 33 1.1112399443167513
23 34 1.4294867459777982
23 35 1.203160947026619
23 36 1.2345323558312609
23 37 1.2087199873005738
23 38 1.3483901992140097
23 39 1.3055064862445367
23 40 1.3812605111414284
23 41 1.3741776631090628
23 42 1.2975824124090787
23 43 1.1778224104485255
23 44 1.327144536255871
23 45 1.1402881784250307
23 46 1.2656294536635582
23 47 1.337406469707983
23 48 1.3599359240438287
23 49 1.2611389046858947
23 50 1.3550483071395238
23 51 0.9160678840296905
23 52 1.4085625066732466
23 53 1.2750570710777904
23 54 1.3014079347602936
23 55 1.3555895864495116
23 56 1.38643994222227
23 57 1.2876863708723691
23 58 1.3409218586519982
23 59 1.259129820228457
23 60 1.3642041832777874
23 61 1.2494064247196464
23 62 1.204333370662825
23 63 1.3668557609826748
23 64 1.298999926249675
23 65 1.4175367080216414
23 66 1.2078813252880343
23 67 1.3547963864011119
23 68 1.4547434171514604
23 69 1.3519551630981061
23 70 1.300423883003089
23 71 1.322917117513967
23 72 1.3785515155338208
23 73 1.4602627184188568
23 74 1.3060253503493275
24 25 1.3284598839777335
24 26 1.3638123329185785
24 27 1.365535252559591
24 28 1.3397470293883096
24 29 1.4994905295439316
24 30 1.4010719901111446
24 31 0.9808624148204683
24 32 1.4359898369148372
24 33 1.437742520814009
24 34 1.3665119695640804
24 35 1.413164945891498
24 36 1.3801820158647846
24 37 1.3857448211749
24 38 1.3677416131922862
24 39 1.3498723680903888
24 40 1.345146870972815
24 41 1.3887282768221452
24 42 1.4468224999909438
24 43 1.2163244077995619
24 44 1.4285233330361466
24 45 1.3992385055254968
24 46 1.456474303179562
24 47 1.3672714226038778
24 48 1.3544574579268305
24 49 1.3362814797986788
24 50 1.619106729489702
24 51 1.4308980146027737
24 52 1.4781006241000876
24 53 1.4095812408105628
24 54 1.437912034783922
24 55 1.4703341166996164
24 56 1.1577802410792837
24 57 1.3660193831164804
24 58 1.3007913684002481
24 59 1.3873526634894355
24 60 1.4721149539084983
24 61 1.2498865190266557
24 62 1.4313017867656288
24 63 1.3871510136983711
24 64 1.1038198489742366
24 65 1.3354381171122287
24 66 1.3806342008721586
24 67 1.4281068777347004
24 68 1.1186660339222632
24 69 1.49536646590496
24 70 1.4582653309684221
24 71 1.3755137212439963
24 72 1.0224790689799912
24 73 0.5147225619340305
24 74 1.483631338124564
25 26 1.260052226963268
25 27 0.9909394471678908
25 28 1.2456402236765707
25 29 1.2484973046643573
25 30 1.3372325573200927
25 31 1.3650295786905917
25 32 1.202765117597741
25 33 1.3987395135087897
25 34 1.2089003966252374
25 35 1.4817209754659273
25 36 1.4850390287273187
25 37 1.3863096209036359
25 38 1.2962353489342762
25 39 1.2706870041254852
25 40 1.2443123904412356
25 41 1.2520517673911336
25 42 1.3471711010678702
25 43 1.3587856382647197
25 44 1.3851632879797346
25 45 1.4025699907080882
25 46 1.2327280252017403
25 47 1.3602503367505407
25 48 1.2108493972617198
25 49 1.370354873127565
25 50 1.241022339168408
25 51 1.4093764334047836
25 52 1.407066214176199
25 53 1.4200690695727132
25 54 1.3620902205843315
25 55 1.35114099260223
25 56 1.3542174109614034
25 57 1.3965576849442989
25 58 1.3240188383105582
25 59 1.2889685174119518
25 60 1.3638288227914608
25 61 1.285256626975883
25 62 1.3715090641866592
25 63 1.1251020951695239
25 64 1.1865225209515384
25 65 0.9295901841315047
25 66 1.277313571529831
25 67 1.2868703689172083
25 68 1.37866956976308
25 69 1.2868535693278578
25 70 1.2808313919702867
25 71 1.3048693439152512
25 72 1.3595015156069366
25 73 1.3337079864547516
25 74 1.2545100724986398
26 27 1.3200174009134522
26 28 1.2578717453746633
26 29 1.2368612884162042
26 30 1.2624138594446035
26 31 1.441505363941854
26 32 1.4585789455416458
26 33 1.4642988358651439
26 34 1.1836323951051828
26 35 1.3329707930960377
26 36 1.2003481215476686
26 37 1.3278023739483789
26 38 1.4063836873994136
26 39 1.2531324519724496
26 40 1.4511213656407465
26 41 1.327983972634444
26 42 1.2873206891959728
26 43 1.2800936781658558
26 44 1.1902356671255092
26 45 1.4216131175500337
26 46 1.3354791625501543
26 47 1.327851792405017
26 48 1.4337642707848905
26 49 1.1755544722909577
26 50 1.1627459367367017
26 51 1.2506026469794647
26 52 1.3636266131631334
26 53 1.264235697166546
26 54 1.3167658152202149
26 55 1.4507517040905842
26 56 1.3573316959632855
26 57 1.2535105506400461
26 58 1.2223105924120359
26 59 1.3094374554547727
26 60 1.463889398254933
26 61 1.2839339291887957
26 62 1.3737068719053578
26 63 1.3829015833832903
26 64 1.2531661843411783
26 65 1.1559126854712254
26 66 1.2827489105437984
26 67 1.1728566119237016
26 68 1.4601263307773447
26 69 1.16387222638887
26 70 1.2687942727024664
26 71 1.2489456722615835
26 72 1.4138537453690696
26 73 1.3829586594243144
26 74 1.1008438368754045
27 28 1.287046368945788
27 29 1.239210072935568
27 30 1.203132858495312
27 31 1.4504467174335616
27 32 1.0895462669685796
27 33 1.347065118995082
27 34 1.2950136955084577
27 35 1.4630958397621572
27 36 1.402245500821719
27 37 1.3062976915937445
27 38 1.2771328804366122
27 39 1.2912144159040984
27 40 1.1403854715143495
27 41 1.2202854378601495
27 42 1.3181303838760556
27 43 1.3601632021868502
27 44 1.2707211831187204
27 45 1.3734225674322202
27 46 1.1113872520570183
27 47 1.40220645158948
27 48 1.3208840087754439
27 49 1.3225616423712838
27 50 1.1605432485081646
27 51 1.3230577939993036
27 52 1.4002816889775849
27 53 1.4869661216551466
27 54 1.285851753585632
27 55 1.227486537581256
27 56 1.4315549177323754
27 57 1.4368559853789975
27 58 1.3127042919579606
27 59 1.211231805773516
27 60 1.3572372839178826
27 61 1.2671048154308364
27 62 1.3508605587811293
27 63 1.0421304570771752
27 64 1.3895940903809691
27 65 1.2717884530625825
27 66 1.2430364844055117
27 67 1.2524986783210148
27 68 1.4931117145581938
27 69 1.2536652231956391
27 70 1.4027736230310397
27 71 1.2151182535966432
27 72 1.4447846441371386
27 73 1.3885697584161725
27 74 1.2489767968505117
28 29 1.1033917775243998
28 30 1.3258131093661851
28 31 1.3511545208399605
28 32 1.2045781266471856
28 33 1.2839168024940133
28 34 1.260019304680651
28 35 1.4090476870659614
28 36 1.305506426059949
28 37 1.308374919360113
28 38 1.299213195909095
28 39 1.19428395044773
28 40 1.32990737290861
28 41 1.286051630905032
28 42 1.3085344734585622
28 43 1.3151679315270512
28 44 1.0677561206737276
28 45 1.3371565143282855
28 46 1.157598530499156
28 47 1.1618324701941445
28 48 1.2226662248509454
28 49 1.110868565751718
28 50 1.12198450004655
28 51 1.1289394639807588
28 52 1.281674934926303
28 53 1.2820900815628844
28 54 1.2949855313145626
28 55 1.4360929347262574
28 56 1.3316809307825046
28 57 1.2438077228482831
28 58 1.2125847110964505
28 59 1.1431180619609034
28 60 1.3293517284959335
28 61 1.2018976464272784
28 62 1.3078690482982742
28 63 1.175398472421131
28 64 1.202475581323995
28 65 1.1808053318018645
28 66 1.0844403401477272
28 67 1.1518805521047546
28 68 1.4264588302062577
28 69 1.1690018368480526
28 70 1.1832176045822727
28 71 1.2355645466012126
28 72 1.3467141454192921
28 73 1.3707106263110282
28 74 1.0273396481260124
29 30 1.3095543138778512
29 31 1.4873468657817315
29 32 1.1734128306312734
29 33 1.3375025859304825
29 34 1.264615040831183
29 35 1.3506890186240395
29 36 1.269827611096431
29 37 1.3644450218666258
29 38 1.2851190377288422
29 39 1.2731445264601535
29 40 1.3090639282720897
29 41 1.3145275444535611
29 42 1.3059770866028142
29 43 1.4259029468879354
29 44 1.1561570151728322
29 45 1.3382777293871622
29 46 1.1705339465382596
29 47 1.3198164564785724
29 48 1.3126152199258287
29 49 1.3854161181380298
29 50 1.0683429945323477
29 51 1.194761771415105
29 52 1.3991305469006474
29 53 1.2357898897086597
29 54 1.3561969941058574
29 55 1.3573810052544715
29 56 1.332120639279575
29 57 1.286776884114999
29 58 1.223707453637392
29 59 1.2125427650452258
29 60 1.296891301050602
29 61 1.2427676789633042
29 62 1.3449299686205702
29 63 1.1911920476087456
29 64 1.3451943727390325
29 65 1.3264731697694696
29 66 1.2911020467802399
29 67 1.2888531989239613
29 68 1.5490930295770124
29 69 1.2597804344036727
29 70 1.0909644138356356
29 71 1.2931161303382173
29 72 1.4547328063083942
29 73 1.4927588934692018
29 74 1.1784421663516875
30 31 1.4583475662705103
30 32 1.2892947221601505
30 33 1.442285128016071
30 34 1.2989722276625575
30 35 1.335378947699935
30 36 1.3124979012917408
30 37 1.3127557934568055
30 38 1.255174914442836
30 39 1.2715176339813117
30 40 1.3249882553858825
30 41 1.3329397141557726
30 42 1.3708119945023691
30 43 1.220800470967161
30 44 1.1612506068806479
30 45 1.3241057501876465
30 46 1.3272023151989383
30 47 1.3605649484108189
30 48 1.4499554329569835
30 49 1.282182054421023
30 50 1.191381145632177
30 51 1.2575992942595355
30 52 1.3390581866121947
30 53 1.3320001207827366
30 54 1.2861230900404461
30 55 1.393630027007088
30 56 1.3921167913097015
30 57 1.3240104175147447
30 58 1.3210903150215332
30 59 1.2372456179595517
30 60 1.2895497495214023
30 61 1.3295849957820838
30 62 1.420802946342679
30 63 1.1987200540658582
30 64 1.314145572139749
30 65 1.2900700292044835
30 66 1.2614207310321819
30 67 1.2718284178774026
30 68 1.4014297169453735
30 69 1.3852305313073667
30 70 1.3254259577295933
30 71 1.2823312446700306
30 72 1.4616943205541544
30 73 1.4494419847262217
30 74 1.3092939963370287
31 32 1.4243527097689181
31 33 1.4201088479830262
31 34 1.2530299431802068
31 35 1.4600511019924212
31 36 1.4041891999919913
31 37 1.3981602207769808
31 38 1.4728999038311288
31 39 1.395035734819935
31 40 1.2822596157021469
31 41 1.3382267757698003
31 42 1.4348295383794079
31 43 1.329896586656545
31 44 1.530452058133909
31 45 1.4248337770361843
31 46 1.3279565524983932
31 47 1.4357230693933507
31 48 1.276294982109463
31 49 1.411066918817026
31 50 1.6736817612101904
31 51 1.4542814833228153
31 52 1.486637098979087
31 53 1.4296949443250113
31 54 1.4417512574283384
31 55 1.498350243545021
31 56 1.2776497110353469
31 57 1.3662623512803895
31 58 1.1967906091114227
31 59 1.3809829494594708
31 60 1.3912183640274607
31 61 1.1539697517763499
31 62 1.3858599793803346
31 63 1.4173405526669258
31 64 1.2931165129591087
31 65 1.310581287686158
31 66 1.4063921206873813
31 67 1.381900362179732
31 68 0.6915791813818892
31 69 1.439520973592471
31 70 1.4586148054210206
31 71 1.2993245792282764
31 72 0.5022811604498607
31 73 1.006130438831201
31 74 1.5305154392274598
32 33 1.348026452337532
32 34 1.2546678721080595
32 35 1.4186308987483185
32 36 1.364782075427049
32 37 1.2801959604764195
32 38 1.2688461031864695
32 39 1.2423019136983466
32 40 1.2536866448949258
32 41 1.2883506375580314
32 42 1.3940148406595503
32 43 1.4267900801871436
32 44 1.1897893152918284
32 45 1.4021432076450282
32 46 1.121268026780462
32 47 1.4128263633069391
32 48 1.2836961348511169
32 49 1.4244211523063997
32 50 1.1046251674143053
32 51 1.3445386986128396
32 52 1.3987747081172128
32 53 1.4491513306100892
32 54 1.3061504830190533
32 55 1.3197971472064656
32 56 1.3781807330566864
32 57 1.2908826701350797
32 58 1.227557551952162
32 59 1.2424665401916426
32 60 1.295520083200292
32 61 1.2041651227428318
32 62 1.3541310566111144
32 63 1.0995566467496765
32 64 1.4233251684242456
32 65 1.243749353387765
32 66 1.2442783295868824
32 67 1.2287740690542324
32 68 1.453207507500471
32 69 1.32545049172138
32 70 1.1197880460984782
32 71 1.300144957128064
32 72 1.458504095172011
32 73 1.4448814177242018
32 74 1.3061606678844424
33 34 1.4756616479206366
33 35 1.3742232070487692
33 36 1.3599174299447907
33 37 1.3333343770599375
33 38 1.3434412360677408
33 39 1.399745512792445
33 40 1.3519013755553881
33 41 1.3915652779258383
33 42 1.4432187879290672
33 43 1.3444638365179764
33 44 1.3990910259333558
33 45 1.346267305094854
33 46 1.2389874953399012
33 47 1.242043908783669
33 48 1.3866812801406405
33 49 1.403326002807547
33 50 1.3728003736058545
33 51 1.3107801440460372
33 52 1.390224148265054
33 53 1.3418614972187002
33 54 1.3833693497809818
33 55 1.3399763702437568
33 56 1.4256051842491875
33 57 1.3906027540671413
33 58 1.4963230748331915
33 59 1.284049571144683
33 60 1.4153058366182674
33 61 1.3841838556705777
33 62 1.3996555721561688
33 63 1.383555601515385
33 64 1.392456909779954
33 65 1.4994867866552617
33 66 1.3222332896310771
33 67 1.4214560794243207
33 68 1.4825031040376893
33 69 1.403311779698601
33 70 1.3956491512597238
33 71 1.4076500906275833
33 72 1.4376448408994769
33 73 1.4267060590881242
33 74 1.2715728465474485
34 35 1.3377271895450764
34 36 1.3265559254274577
34 37 1.3392546794929954
34 38 1.3458620649598525
34 39 1.1667501150967199
34 40 1.3096270744774752
34 41 1.1801942004423596
34 42 1.3756524645370534
34 43 1.3373241064638617
34 44 1.3063937914638346
34 45 1.3955880986832458
34 46 1.2643059752992294
34 47 1.386966568173978
34 48 1.2224680008321764
34 49 1.3574331258172683
34 50 1.2315488970952835
34 51 1.426110355915399
34 52 1.4214895613193934
34 53 1.3758296854018062
34 54 1.2689673393425136
34 55 1.3526992209273445
34 56 1.4104022236113962
34 57 1.2581041462496347
34 58 1.1123337991696232
34 59 1.357199432568839
34 60 1.34723980670821
34 61 0.9620661302388557
34 62 1.4012558438843314
34 63 1.2233872134916526
34 64 1.3707007419236579
34 65 1.1538970260819421
34 66 1.2855158933292163
34 67 1.1830936242602381
34 68 1.3148807766880575
34 69 1.1907738938017367
34 70 1.2517014153151098
34 71 1.090409593115934
34 72 1.2463322460445236
34 73 1.3588390461404436
34 74 1.2936698832448503
35 36 1.2995736624158314
35 37 1.1607230336743284
35 38 1.322864454116773
35 39 1.2853954781925092
35 40 1.328062852859251
35 41 1.24652130780957
35 42 1.3979690572222396
35 43 1.338388217809998
35 44 1.3896192526518338
35 45 1.3566442057855603
35 46 1.3654093967216585
35 47 1.3633310286934837
35 48 1.4076293172620509
35 49 1.4679490611990234
35 50 1.3516555309788785
35 51 1.2397405347238826
35 52 1.3585568379045108
35 53 1.2973675900763773
35 54 1.4736074017031096
35 55 1.2416616156501716
35 56 1.3056458740134123
35 57 1.3664319062037054
35 58 1.3654879356365366
35 59 1.4360284940256298
35 60 1.1712635145015404
35 61 1.3230078261712221
35 62 1.389043669741596
35 63 1.464716222524297
35 64 1.363693503330874
35 65 1.4882140343272108
35 66 1.3120659593404074
35 67 1.3949262963440128
35 68 1.4193060662926975
35 69 1.4580925157698035
35 70 1.3537586262992405
35 71 1.3293423771051802
35 72 1.4617149338866948
35 73 1.4087210785838842
35 74 1.2967485930470923
36 37 1.2273815351844326
36 38 1.3290327773771244
36 39 1.456054141588706
36 40 1.5134048000244062
36 41 1.3601325302659124
36 42 1.3656526860393692
36 43 1.4021489747765417
36 44 1.3048264859562404
36 45 1.392752234799083
36 46 1.3464472755601433
36 47 1.4937887062243158
36 48 1.6834837194878902
36 49 1.3150631083811957
36 50 1.3884890218402104
36 51 1.242048846832183
36 52 1.5336416461164044
36 53 1.3545580701590958
36 54 1.321529603191349
36 55 1.3404991347995714
36 56 1.3695989848110184
36 57 1.270130450722768
36 58 1.3450208265373196
36 59 1.3151984395700114
36 60 1.4263280537646288
36 61 1.2889237182227318
36 62 1.3949273817241754
36 63 1.3515687970965167
36 64 1.3928763079142064
36 65 1.3905129601450321
36 66 1.3110908941909776
36 67 1.3608795690894155
36 68 1.4458867354946532
36 69 1.323456017701766
36 70 1.302882917748221
36 71 1.4047318857645414
36 72 1.432545847285522
36 73 1.4035054320165032
36 74 1.3037646014210655
37 38 1.2872655849795092
37 39 1.3016589035441464
37 40 1.3645821702664291
37 41 1.3308048132488648
37 42 1.2924771489620228
37 43 1.2153920933441873
37 44 1.2764534437374775
37 45 1.5498196940325653
37 46 1.2050915446632562
37 47 1.4089433777420177
37 48 1.360623173273153
37 49 1.2226683850443116
37 50 1.310403531819544
37 51 1.2862378065007842
37 52 1.4558429368790728
37 53 1.368896887635002
37 54 1.3880444757704864
37 55 1.2238697393299451
37 56 1.3296102189870695
37 57 1.3413788050040991
37 58 1.3541144562348977
37 59 1.3389645619120707
37 60 1.1831563977124884
37 61 1.1968273387044892
37 62 1.2977925911902668
37 63 1.367526821541815
37 64 1.2784292037007365
37 65 1.454885669830035
37 66 1.3004317303557615
37 67 1.3408155386894645
37 68 1.395625283488281
37 69 1.396258265726212
37 70 1.3583589502214497
37 71 1.2768838749599936
37 72 1.3710560852722717
37 73 1.3792382652760429
37 74 1.2169446915877837
38 39 1.2561789430557204
38 40 1.3410264304836803
38 41 1.2797385928489042
38 42 1.381303831917138
38 43 1.3052578965685562
38 44 1.3418692562268226
38 45 1.3924473437463338
38 46 1.294324077252859
38 47 1.435262674073079
38 48 1.295730600369848
38 49 1.4169191500041232
38 50 1.3232972534809235
38 51 1.3251353452174126
38 52 1.4762300870509573
38 53 1.4153827645769774
38 54 1.396615491275661
38 55 1.3776702315790124
38 56 1.4351359266950694
38 57 1.3676688691542331
38 58 1.313587047269631
38 59 1.3276916765499267
38 60 1.2814736536602194
38 61 1.3187497985571393
38 62 1.4283753124909897
38 63 1.2034400953411901
38 64 1.31430968780397
38 65 1.3426450380461092
38 66 1.4045540693042413
38 67 1.30613680922243
38 68 1.426914963031374
38 69 1.4311672491269987
38 70 1.3762297915197357
38 71 1.4399681525754815
38 72 1.4651722905886952
38 73 1.3461089795716996
38 74 1.3792501068405356
39 40 1.231382211265225
39 41 1.2386698847112694
39 42 1.3245878597728709
39 43 1.2328777472575434
39 44 1.216456087541281
39 45 1.3021491721551206
39 46 1.344079394998542
39 47 1.39639052119799
39 48 1.3218939746447096
39 49 1.3658172139323075
39 50 1.197007108863616
39 51 1.2740084178828495
39 52 1.2780789385160956
39 53 1.2800413085096514
39 54 1.3377797473124111
39 55 1.2855637103484725
39 56 1.2995311261788633
39 57 1.3522987372224196
39 58 1.2185614727281147
39 59 1.2686881085021247
39 60 1.2356270717802083
39 61 1.202614556500715
39 62 1.2629164566041462
39 63 1.2350071862465979
39 64 1.3237427510805795
39 65 1.2538476877986615
39 66 1.3212398238313785
39 67 1.3639362624690228
39 68 1.4823310070938256
39 69 1.2609405464983479
39 70 1.2955943466099111
39 71 1.2280161576865631
39 72 1.429873775176195
39 73 1.3667092341524663
39 74 1.2296856798895845
40 41 1.1405383395796223
40 42 1.3885067202272636
40 43 1.3671620331345964
40 44 1.3488721003872761
40 45 1.3680974722868255
40 46 1.166834360566519
40 47 1.3678933788060914
40 48 1.2680132185280704
40 49 1.4457601788018575
40 50 1.363664369603038
40 51 1.3926821220046444
40 52 1.374160387365282
40 53 1.4594738066986241
40 54 1.3877519334087383
40 55 1.2736319621019334
40 56 1.5041995774723254
40 57 1.5089187341664623
40 58 1.3411391931133991
40 59 1.364540832167157
40 60 1.2276062061227497
40 61 1.2293903098478047
40 62 1.3806491550153805
40 63 1.1773294447831044
40 64 1.486727129799835
40 65 1.4044495221703366
40 66 1.3511948056053156
40 67 1.4099667840851076
40 68 1.3032689127248003
40 69 1.4208670655007116
40 70 1.4865102446782954
40 71 1.2988048015166131
40 72 1.2517303048467598
40 73 1.3708219304681728
40 74 1.3907410038871288
41 42 1.4197503937272942
41 43 1.3030397903307978
41 44 1.304136500535987
41 45 1.3273126034123814
41 46 1.184847328311733
41 47 1.3765306365819485
41 48 1.320442572352616
41 49 1.425295059197685
41 50 1.2284994048726918
41 51 1.2786514407589102
41 52 1.4011758213439838
41 53 1.4048305339217628
41 54 1.3273042778048196
41 55 1.3859684205738867
41 56 1.4887864571246643
41 57 1.4560429631061624
41 58 1.2836699100276379
41 59 1.3477144584078262
41 60 1.4060243333958937
41 61 1.2757741922233905
41 62 1.382993685783142
41 63 1.1167971655392182
41 64 1.35787826066064
41 65 1.2419800008938384
41 66 1.2635928545425907
41 67 1.2383124495501705
41 68 1.353931471208551
41 69 1.2069817838241856
41 70 1.3652594507323643
41 71 1.2291148588072147
41 72 1.3181520014174786
41 73 1.4040231638702017
41 74 1.2425022427503691
42 43 1.3651095345846704
42 44 1.3326434009241042
42 45 1.3919716003732006
42 46 1.2610974339793062
42 47 1.590232198626419
42 48 1.3269572035849513
42 49 1.4234257748983248
42 50 1.357599363375194
42 51 1.315273377437135
42 52 1.4348297378952544
42 53 1.330449234826915
42 54 1.3331441564525797
42 55 1.3339691456237694
42 56 1.3866392545501256
42 57 1.348447978066325
42 58 1.2851261730227768
42 59 1.3049859118383917
42 60 1.3598501925624675
42 61 1.2654670411523958
42 62 1.3747864908877088
42 63 1.4473491795831317
42 64 1.3766034946963546
42 65 1.3927899713620198
42 66 1.3710910854803589
42 67 1.2654900046271054
42 68 1.4589652448906674
42 69 1.3407936177991742
42 70 1.3727669217171101
42 71 1.3565127175205038
42 72 1.4159323140498081
42 73 1.4663151757793969
42 74 1.3116474891365821
43 44 1.3893969660684151
43 45 1.3989158301676419
43 46 1.348230303218639
43 47 1.2312118350755652
43 48 1.3717188213342875
43 49 1.1540737248005244
43 50 1.405275092043084
43 51 1.3313671972517236
43 52 1.3111583154965378
43 53 1.3736617797153898
43 54 1.311502322284522
43 55 1.4263030613882923
43 56 1.3865419651999922
43 57 1.2963776966799934
43 58 1.2655306976739826
43 59 1.4090952766918279
43 60 1.3267688086493277
43 61 1.2220822670328495
43 62 1.2140457990161564
43 63 1.4162718625120871
43 64 1.2398751601586444
43 65 1.352070323443498
43 66 1.2763709676696213
43 67 1.329929508391393
43 68 1.3109755604544127
43 69 1.4659041011376914
43 70 1.3796367951569093
43 71 1.2601166323916693
43 72 1.346498454881913
43 73 1.3162065620482675
43 74 1.3254380020469287
44 45 1.3304701611247227
44 46 1.2041625013157993
44 47 1.3159912434161638
44 48 1.374921250206843
44 49 1.261754938981317
44 50 0.9038242209603443
44 51 1.1956780548619035
44 52 1.3240881581717625
44 53 1.246110842780537
44 54 1.2002053865898947
44 55 1.3959457061848224
44 56 1.249290643377138
44 57 1.2080875459271563
44 58 1.2580938750338362
44 59 1.3208217526410366
44 60 1.3148876260843403
44 61 1.2493645755871905
44 62 1.4040057407684943
44 63 1.1737921720625257
44 64 1.2723291126755707
44 65 1.2191074114981317
44 66 1.245955713045037
44 67 1.2075674547122937
44 68 1.5919375281738675
44 69 1.168241687081962
44 70 1.0614144297247556
44 71 1.3091444628311335
44 72 1.5273110175799565
44 73 1.4660143376217696
44 74 1.1298975550353285
45 46 1.450110135541128
45 47 1.4108315416351935
45 48 1.462112609494838
45 49 1.4896412665218621
45 50 1.3408817595831701
45 51 0.919032729211269
45 52 1.4652340098236822
45 53 1.3036390330302343
45 54 1.3723318439189616
45 55 1.375883525416812
45 56 1.4580799211323205
45 57 1.3634585682975322
45 58 1.316419689168914
45 59 1.3893691505219254
45 60 1.4258889764161984
45 61 1.3262656869313647
45 62 1.3114165623843723
45 63 1.2762707375537152
45 64 1.4036086690133063
45 65 1.283931965548621
45 66 1.360304268910797
45 67 1.360752484935009
45 68 1.4040267706969116
45 69 1.3916513305484275
45 70 1.3963084998211057
45 71 1.3549395986847608
45 72 1.427420733985478
45 73 1.43345443779111
45 74 1.4291899290281163
46 47 1.3216285838033563
46 48 1.1231068395228034
46 49 1.3500023017793987
46 50 1.2453689361711306
46 51 1.3558536953135472
46 52 1.3555578237724124
46 53 1.4202081261377038
46 54 1.3114167693855843
46 55 1.297552297724635
46 56 1.441067567067028
46 57 1.4347727147386167
46 58 1.2967120675824966
46 59 1.239623596968771
46 60 1.2433926432951514
46 61 1.1758131911708356
46 62 1.297617195003977
46 63 1.2718568399396815
46 64 1.400822446794636
46 65 1.2902864603324484
46 66 1.2935812433324696
46 67 1.1528827563945379
46 68 1.3400802232814988
46 69 1.2058700091699177
46 70 1.2284020819790178
46 71 1.158835819590154
46 72 1.3526250929473638
46 73 1.4362452251857412
46 74 1.260294049260649
47 48 1.3540395906937743
47 49 1.06213366206246
47 50 1.2480967648397876
47 51 1.314924678695428
47 52 1.053041819957959
47 53 1.3282137079401712
47 54 1.3713140864560982
47 55 1.4207896866928316
47 56 1.3405415670171188
47 57 1.359968256222231
47 58 1.4195306037099087
47 59 1.355194847175618
47 60 1.3873899209825273
47 61 1.4198265405368375
47 62 1.3704997814396336
47 63 1.3735872000849016
47 64 1.2796536532535938
47 65 1.3460936728290747
47 66 1.017511235567771
47 67 1.3147180521293749
47 68 1.4665026802147025
47 69 1.3734644249446695
47 70 1.369843639836441
47 71 1.3809259768406041
47 72 1.4005971980741603
47 73 1.4214176224334318
47 74 1.3116137371910757
48 49 1.3894322428766424
48 50 1.328115685755924
48 51 1.427102498431991
48 52 1.4064828002582146
48 53 1.4588588264078988
48 54 1.3694400014029666
48 55 1.4073713434501702
48 56 1.4133047674799195
48 57 1.4161782841308501
48 58 1.3363247597134638
48 59 1.345503061285273
48 60 1.2836953221508711
48 61 1.2352701569350417
48 62 1.4028386541271807
48 63 1.3378693586978039
48 64 1.3377617444026053
48 65 1.2975660260484625
48 66 1.3999166523673103
48 67 1.3206526124291367
48 68 1.3048538706737782
48 69 1.23533144806471
48 70 1.3355544436961524
48 71 1.2149197256458009
48 72 1.2670700710204243
48 73 1.3234929323290734
48 74 1.3764485836830394
49 50 1.2904948606736504
49 51 1.2766664127970855
49 52 1.1960586923361531
49 53 1.2867547837143787
49 54 1.2858126035307418
49 55 1.5091393309374788
49 56 1.3296513077077692
49 57 1.3260900801715394
49 58 1.3580525373326533
49 59 1.295453171673367
49 60 1.4730676728530463
49 61 1.3842063624886354
49 62 1.2727733631423575
49 63 1.327035730005078
49 64 1.2044772592188182
49 65 1.3099411698004253
49 66 1.06506578836625
49 67 1.270675854252484
49 68 1.4623943779205433
49 69 1.2986621889606225
49 70 1.3649968377164912
49 71 1.3298588357259404
49 72 1.3988903135605535
49 73 1.3899931873741975
49 74 1.1662258929529712
50 51 1.2605053973247486
50 52 1.292259671256216
50 53 1.2865554238004409
50 54 1.2066146450280024
50 55 1.3070804150544542
50 56 1.3904290940727553
50 57 1.301812094543949
50 58 1.2454185247154015
50 59 1.2601957549934186
50 60 1.2586995175224809
50 61 1.300430874377114
50 62 1.4158313481139735
50 63 1.0894956430771858
50 64 1.3214914569916525
50 65 1.2397733966063107
50 66 1.2307692339435483
50 67 1.1985884100243998
50 68 1.6965288213950138
50 69 0.9661300837279452
50 70 1.1055409068754793
50 71 1.1690669286908622
50 72 1.624453381540841
50 73 1.636755720060622
50 74 0.9891278977408328
51 52 1.3882405831486773
51 53 1.241544747376446
51 54 1.3459877511068155
51 55 1.4574349940199753
51 56 1.363868525311245
51 57 1.2932166082060546
51 58 1.3103430597696177
51 59 1.2951128390458235
51 60 1.3741439808663325
51 61 1.3410188729177073
51 62 1.213080326127634
51 63 1.301241072147258
51 64 1.2395219474923977
51 65 1.3347421936976507
51 66 1.195051012989158
51 67 1.291694596380186
51 68 1.4740201711894207
51 69 1.3557835403582146
51 70 1.2758369871867619
51 71 1.378493081620271
51 72 1.4309564152136778
51 73 1.4252953159387507
51 74 1.2655941369605155
52 53 1.3585946371853541
52 54 1.3964551047331042
52 55 1.434179748288181
52 56 1.2606524346015284
52 57 1.3875587250465646
52 58 1.4704784799403572
52 59 1.411738004430004
52 60 1.3497983157481819
52 61 1.4229549369783177
52 62 1.4235616188017974
52 63 1.472073581457408
52 64 1.2796783881591134
52 65 1.2773112997683813
52 66 1.1671004836593566
52 67 1.2033610993129988
52 68 1.5059948091105135
52 69 1.3304176700452819
52 70 1.2696017848349748
52 71 1.3809894810984469
52 72 1.4590163966590097
52 73 1.4970625917635556
52 74 1.2574545092371514
53 54 1.4001620966691326
53 55 1.3635015477137584
53 56 1.2380484993687413
53 57 1.2469648850753392
53 58 1.3734804025027392
53 59 1.3223664503056543
53 60 1.3420925610514747
53 61 1.3129248631628243
53 62 1.3097631794850022
53 63 1.3395173350284835
53 64 1.3105581602739589
53 65 1.301021628052642
53 66 1.3081430186033571
53 67 1.357088437901997
53 68 1.5175957813396823
53 69 1.314536428597759
53 70 1.314884505990354
53 71 1.3513734384096945
53 72 1.4349310653046246
53 73 1.4575504126563537
53 74 1.1828508319859743
54 55 1.398797659003574
54 56 1.3758258963529553
54 57 1.397516769025791
54 58 1.31944318021479
54 59 1.4496160634168211
54 60 1.3314725209433542
54 61 1.3009460395403545
54 62 1.3954871996601372
54 63 1.160512674872436
54 64 1.3153496246471919
54 65 1.3516141137739237
54 66 1.2949165566604717
54 67 1.2557278530917337
54 68 1.446670107838825
54 69 1.2822706265899462
54 70 1.2456538857972295
54 71 1.158856098483663
54 72 1.3736819836868157
54 73 1.4620902357356471
54 74 1.2959670095957476
55 56 1.4304129672721408
55 57 1.4748153916553566
55 58 1.5053271646550554
55 59 1.426965567970907
55 60 1.1780098004689927
55 61 1.3140622152469628
55 62 1.3440648542079692
55 63 1.3296065151074763
55 64 1.486929695412308
55 65 1.5099900872888368
55 66 1.4960132097048828
55 67 1.526552654040831
55 68 1.497238173088569
55 69 1.4362259837350655
55 70 1.4539156932575992
55 71 1.260666384309199
55 72 1.5104455041924139
55 73 1.5020882708898464
55 74 1.4215071973109006
56 57 1.2258740929463885
56 58 1.347135459456759
56 59 1.3646892014469654
56 60 1.3189853553502011
56 61 1.314199247418074
56 62 1.3957529206515296
56 63 1.3446056540686162
56 64 1.0387581654933307
56 65 1.2656518485231631
56 66 1.279468308930008
56 67 1.4488519129940134
56 68 1.3331532062257976
56 69 1.3896438516225065
56 70 1.2480866890471736
56 71 1.3933190013071883
56 72 1.2828215079057022
56 73 1.153448540425878
56 74 1.343911985261016
57 58 1.2643837597314527
57 59 1.3969885306887364
57 60 1.40570829762097
57 61 1.2408649910801308
57 62 1.3066229229805442
57 63 1.3137556937763322
57 64 1.2015248549663067
57 65 1.2790023448472476
57 66 1.2384790536255006
57 67 1.3015941316409472
57 68 1.3856201197435238
57 69 1.349624174349891
57 70 1.2074520830269024
57 71 1.411866208575341
57 72 1.3733476149297852
57 73 1.3714746864743081
57 74 1.3455682904465476
58 59 1.3075059334238845
58 60 1.232632164302036
58 61 0.8913071562924556
58 62 1.4080710986876754
58 63 1.248022422427916
58 64 1.219767801910137
58 65 1.2075810895908814
58 66 1.2831951896952862
58 67 1.0783816798152877
58 68 1.2526675632341635
58 69 1.3386848733295873
58 70 1.2199812875463292
58 71 1.1865249389500394
58 72 1.188093148175819
58 73 1.3092797069136275
58 74 1.3092485288374727
59 60 1.3538705956139294
59 61 1.2590852613025554
59 62 1.3903797427377937
59 63 1.2434338790315755
59 64 1.293829567571483
59 65 1.345719561262027
59 66 1.226731055794195
59 67 1.1839044329653825
59 68 1.4463648228239705
59 69 1.322789312182345
59 70 1.2832863977802436
59 71 1.2980983248959792
59 72 1.3868616923797696
59 73 1.3514427929667316
59 74 1.0308586865424911
60 61 1.2368365580783778
60 62 1.3973249046095846
60 63 1.4336777657407824
60 64 1.3790751733787678
60 65 1.3861649834670455
60 66 1.388265153725734
60 67 1.388319922720808
60 68 1.3818857214862723
60 69 1.4208254026470526
60 70 1.250057309738498
60 71 1.0979555889148744
60 72 1.3692254245231765
60 73 1.4102141286158796
60 74 1.331636079817298
61 62 1.3813371235269574
61 63 1.1990917204776343
61 64 1.2843666046882067
61 65 1.253049967075817
61 66 1.3494191185286786
61 67 1.1221170947536376
61 68 1.2569521820532534
61 69 1.3190235123107803
61 70 1.1890724506891301
61 71 1.115441517896739
61 72 1.1704514954102037
61 73 1.2766653840764095
61 74 1.3758189901606568
62 63 1.3349243867882121
62 64 1.3470590403762635
62 65 1.387935764144673
62 66 1.4161122072285304
62 67 1.414783016167865
62 68 1.3482836861492513
62 69 1.4787122252561538
62 70 1.4149483527035374
62 71 1.309328116661842
62 72 1.4052367857296835
62 73 1.4937868123851894
62 74 1.425577417171652
63 64 1.3224668636492614
63 65 1.2485358493935277
63 66 1.2669445065333418
63 67 1.2869590111646587
63 68 1.4399062051395006
63 69 1.25503685137905
63 70 1.2785727895598034
63 71 1.2479141888112963
63 72 1.4052705793312628
63 73 1.4235276500310663
63 74 1.211260318892875
64 65 1.1050792606780535
64 66 1.3046775704250488
64 67 1.2292256637018284
64 68 1.3428433717950627
64 69 1.371173227805404
64 70 1.2847401031076686
64 71 1.282222488252528
64 72 1.2640665156498114
64 73 1.1331584726048491
64 74 1.2456267043539768
65 66 1.1985315298233867
65 67 1.100837341019569
65 68 1.3367015434259015
65 69 1.2450963286539334
65 70 1.2764476553174877
65 71 1.248204240177147
65 72 1.3041273390875252
65 73 1.343518566714701
65 74 1.2578033564484257
66 67 1.1537980013882572
66 68 1.4753161961684478
66 69 1.324510211073622
66 70 1.2987800659701618
66 71 1.3823055024556417
66 72 1.4040561227037358
66 73 1.3902945052468092
66 74 1.1225015009865493
67 68 1.377494024589999
67 69 1.2302662263680704
67 70 1.1575077915395284
67 71 1.2071207485048674
67 72 1.3799777809372145
67 73 1.3972982415381157
67 74 1.12254781560589
68 69 1.535120655297182
68 70 1.520765564359323
68 71 1.3712003704836455
68 72 0.7718116699865857
68 73 1.1557748696620722
68 74 1.564470493120354
69 70 1.1829439220867628
69 71 1.1586434712958456
69 72 1.4260761591506341
69 73 1.505072760086489
69 74 1.0918537085911333
70 71 1.277434638036824
70 72 1.4782212007843467
70 73 1.4491524097453357
70 74 1.1946164401613741
71 72 1.2485471246410962
71 73 1.386857899185913
71 74 1.268924720038886
72 73 1.0441376023510125
72 74 1.5075773602505766
73 74 1.4817420010611029
