30 0
0 1 1.2988432134965227
0 2 1.2179689442095916
0 3 1.0589319715913956
0 4 1.4183368751658962
0 5 1.1188163746631656
0 6 1.0427740361858402
0 7 1.2623211298577528
0 8 1.408824038646468
0 9 1.1356631821630752
0 10 1.044644437774399
0 11 1.0666146996408064
0 12 1.1823804675871372
0 13 1.1677058122188064
0 14 1.3650735827469482
0 15 1.2009193780825373
0 16 1.5635392596778648
0 17 1.6395750288357196
0 18 1.2886532181513377
0 19 1.5751616845713006
0 20 1.4731617513648068
0 21 1.1115020032377732
0 22 1.2603257392947227
0 23 1.3510870779567405
0 24 1.3979597743516852
0 25 1.4184782455178226
0 26 1.031387384267065
0 27 1.2895548964833512
0 28 1.2960476885241725
0 29 1.2618378550364582
1 2 1.3545502401349063
1 3 1.269986832857458
1 4 1.3484722386986472
1 5 1.2936759755223175
1 6 1.2906864603768604
1 7 1.337105243765043
1 8 1.4280250916747064
1 9 1.2510699457070416
1 10 1.2515270406500203
1 11 1.178119538133891
1 12 1.363490656407231
1 13 1.261444000384454
1 14 1.3306807256071886
1 15 1.3226540273556338
1 16 1.3284850714918033
1 17 1.399783849498887
1 18 1.379790053633095
1 19 1.3357380156465113
1 20 1.2873008489583941
1 21 1.2878607722650655
1 22 1.424942275600663
1 23 0.9179052190793615
1 24 1.2095618546778422
1 25 1.3150542891462638
1 26 1.2391990866241873
1 27 1.3846384332677057
1 28 1.367031026057489
1 29 1.493202371079117
2 3 1.2819509393386832
2 4 1.2480653854507662
2 5 1.2885250893694582
2 6 1.1295474648183126
2 7 1.2598164892259134
2 8 1.363548919136949
2 9 1.2316299384164864
2 10 1.2035072614395539
2 11 1.2729981449003722
2 12 1.2405952739469972
2 13 1.3380161842880653
2 14 1.3549008760765162
2 15 0.6443553329178889
2 16 1.4018879384708136
2 17 1.4214866814168607
2 18 1.3106618688221223
2 19 1.4403241428470381
2 20 1.3546103069315374
2 21 1.3122818449501952
2 22 1.315934814360494
2 23 1.3467939070751183
2 24 1.2949290702735308
2 25 1.336446169754198
2 26 1.3145956630885294
2 27 1.370510078844665
2 28 1.2564055383350115
2 29 1.2903833057950282
3 4 1.4414314613532926
3 5 1.2154805440804421
3 6 1.2007601972578608
3 7 1.1613514502844444
3 8 1.329058463684853
3 9 1.1142099335210036
3 10 1.0201205368726751
3 11 1.088026328918725
3 12 1.229915570482601
3 13 1.0776916206506248
3 14 1.2916198320460295
3 15 1.2071254369170397
3 16 1.3624987864526834
3 17 1.4559394957005196
3 18 1.3658082038087405
3 19 1.3824398124554946
3 20 1.3618232669614543
3 21 1.2740959869298596
3 22 1.4302719863973419
3 23 1.3307349985798054
3 24 1.2758082045649728
3 25 1.4468192465666982
3 26 1.2733576589787206
3 27 1.2774373433622364
3 28 1.3287615151438417
3 29 1.2361429822279624
4 5 1.1980915137809525
4 6 1.3875856006521756
4 7 1.3893518599807317
4 8 1.348548258807097
4 9 1.3078271125090442
4 10 1.2322791808921734
4 11 1.2908249677892587
4 12 1.337588486520389
4 13 1.4304608294100676
4 14 1.2030210331099993
4 15 1.154850807125268
4 16 1.1830897130564415
4 17 1.2815648672450697
4 18 1.369505016489674
4 19 1.1452159406370754
4 20 1.2527061373362869
4 21 1.2908649311435676
4 22 1.2995598757887685
4 23 1.325410687993554
4 24 1.2036122706812766
4 25 0.9564868010790566
4 26 1.312491993606197
4 27 1.4143155189011127
4 28 1.258394332170901
4 29 1.3758634198763107
5 6 1.2993677315121304
5 7 1.1553978044202402
5 8 1.2797481830062951
5 9 1.2771716481900435
5 10 1.0505692562532323
5 11 1.1368119916224497
5 12 1.2010935537655798
5 13 1.2392465386341756
5 14 1.2210796477314565
5 15 1.247567778014779
5 16 1.3351048758173691
5 17 1.3832306672238728
5 18 1.2616995840327316
5 19 1.3034627380497155
5 20 1.2919812977354765
5 21 1.1775341120472576
5 22 1.4617749533159978
5 23 1.4015119151810391
5 24 1.269252859290832
5 25 1.1978090938469885
5 26 1.094124919912976
5 27 1.3240738819692628
5 28 1.3329279481959853
5 29 1.2661379562969897
6 7 1.2476071446489427
6 8 1.3620688583309275
6 9 1.366541403465965
6 10 1.146692654783309
6 11 1.1116569540711472
6 12 1.2542440644087367
6 13 1.2455472205392002
6 14 1.408011344238183
6 15 1.2321187671787273
6 16 1.3880952279080168
6 17 1.4854816422444086
6 18 1.3431621222883712
6 19 1.5137856120892077
6 20 1.376151119198058
6 21 1.269584866344096
6 22 1.285610947200832
6 23 1.2759028320774384
6 24 1.345494614207821
6 25 1.3512401806815446
6 26 1.1881010922870532
6 27 1.3927031961827065
6 28 1.29442817607416
6 29 1.3388390946232376
7 8 1.2216645576692657
7 9 1.2727347453084379
7 10 1.1057157667385826
7 11 1.177798893974285
7 12 1.1278831093886055
7 13 1.261406870151701
7 14 1.366809017663085
7 15 1.2725475327120443
7 16 1.3934942104857784
7 17 1.4394303769603822
7 18 1.2674243058132426
7 19 1.3898123254442858
7 20 1.3649014104835893
7 21 1.1768189801014934
7 22 1.3850217160208274
7 23 1.4165785948648033
7 24 1.3496893090973603
7 25 1.3465412043370653
7 26 1.3522054356808904
7 27 1.3227296484269453
7 28 1.1377086958636293
7 29 1.2394750689614826
8 9 1.5532411513346325
8 10 1.2055382990514352
8 11 1.1937111494835688
8 12 1.1898964011175404
8 13 1.4663753404893385
8 14 1.3861968722812783
8 15 1.364540832167157
8 16 1.2685250535648502
8 17 1.3553321322483092
8 18 1.2276062061227497
8 19 1.29454047179354
8 20 1.1377436001980692
8 21 1.3936244750413578
8 22 1.2770625667854263
8 23 1.3245644323118355
8 24 1.3630266834287585
8 25 1.3719269441017001
8 26 1.3062888588341963
8 27 1.4984357076872148
8 28 1.2166874863502992
8 29 1.198967292551961
9 10 1.0145492831292184
9 11 1.170944592400157
9 12 1.279525201299918
9 13 1.2516629837175475
9 14 1.3010170514131583
9 15 1.138650260329825
9 16 1.3728565173357532
9 17 1.4403225848430377
9 18 1.300652800129468
9 19 1.368970843500288
9 20 1.4570745883753629
9 21 1.2922113456787303
9 22 1.386812785629568
9 23 1.3272927077643821
9 24 1.3206934672599862
9 25 1.3495327639559132
9 26 1.2364561185137137
9 27 1.2538310741532868
9 28 1.264306157013376
9 29 1.3424248805084953
10 11 0.8631816102132921
10 12 1.10158826733254
10 13 1.0881860480103116
10 14 1.3193729696140886
10 15 1.1043016715974752
10 16 1.2517161688532439
10 17 1.3316014642711764
10 18 1.253482558479311
10 19 1.2710741590810548
10 20 1.2631130670980732
10 21 1.2424829597368823
10 22 1.3052977021557326
10 23 1.2682696960085713
10 24 1.291084235729354
10 25 1.2521956239059397
10 26 1.1232991781908268
10 27 1.2781533006123702
10 28 1.1310937697549528
10 29 1.1617631771123063
11 12 1.1232697201758646
11 13 1.0613667356327976
11 14 1.2808441501328123
11 15 1.147264800454116
11 16 1.3475339543849503
11 17 1.437243572136122
11 18 1.340829540425417
11 19 1.4355290028786554
11 20 1.3178477155941462
11 21 1.2922549839626873
11 22 1.3904029702167928
11 23 1.1537714275356796
11 24 1.257929670747859
11 25 1.2750465019100168
11 26 1.166135324002993
11 27 1.3799188595596166
11 28 1.165724411016321
11 29 1.3185175291733466
12 13 1.2986401440292497
12 14 1.3322474780945748
12 15 1.261006473773256
12 16 1.4043730591754444
12 17 1.466000308820238
12 18 1.2619143817130327
12 19 1.3885686052026087
12 20 1.3784935880943967
12 21 1.2415048033390004
12 22 1.2786356942052832
12 23 1.376006595972474
12 24 1.3046482974720413
12 25 1.3322132956392276
12 26 1.2269620677806177
12 27 1.368827575515257
12 28 1.2127230635306878
12 29 1.2455434551619113
13 14 1.3583486235795923
13 15 1.3213968276068995
13 16 1.4293734952273929
13 17 1.471300210441623
13 18 1.4229478120843613
13 19 1.4239679775447183
13 20 1.3252036364288284
13 21 1.3661898408051354
13 22 1.4077684596625606
13 23 1.3281387797469646
13 24 1.3058757398952126
13 25 1.3745461782295996
13 26 1.3303579671409538
13 27 1.3495961783285557
13 28 1.3415947709665907
13 29 1.3715999524062021
14 15 1.4019458042804465
14 16 1.203343525654155
14 17 1.3325449642788882
14 18 1.3496576724262084
14 19 1.247546420417659
14 20 1.3152915595397403
14 21 1.3220460339024005
14 22 1.5446181920425741
14 23 1.2188484442153276
14 24 1.3345349396822257
14 25 1.3646548766838156
14 26 1.2386144821300018
14 27 1.334448900121169
14 28 1.368224477965875
14 29 1.4384906699693492
15 16 1.38621932650781
15 17 1.4241501292087602
15 18 1.3538705956139294
15 19 1.4311196440175422
15 20 1.3131946778990395
15 21 1.3668652661423184
15 22 1.2853825678890733
15 23 1.3673851490670832
15 24 1.2521535012589045
15 25 1.2743014714360823
15 26 1.3574123637001307
15 27 1.20811312940896
15 28 1.259946054092208
15 29 1.2282427672983003
16 17 0.7364917303985599
16 18 1.3728350685153905
16 19 0.7092200291973174
16 20 1.1797047004780825
16 21 1.4902642267975283
16 22 1.5594003904409266
16 23 1.269961766917985
16 24 1.3393258637626835
16 25 1.22274293420641
16 26 1.357455740350823
16 27 1.530131752260369
16 28 1.394165542887359
16 29 1.3913951347171212
17 18 1.4187078121794812
17 19 0.8150695017039812
17 20 1.1225828526739194
17 21 1.4719241457568004
17 22 1.5491708641004083
17 23 1.3892211492097692
17 24 1.360504101607089
17 25 1.2608598873706094
17 26 1.396501414696938
17 27 1.5494271979115193
17 28 1.4273817226118564
17 29 1.4206225294336945
18 19 1.443645429748906
18 20 1.412668011048694
18 21 1.2991920809121844
18 22 1.2986760200829144
18 23 1.3655068151521013
18 24 1.3192935011684102
18 25 1.3135727527876901
18 26 1.285395264837326
18 27 1.4041041191311314
18 28 1.1971690223747506
18 29 1.2700163650223368
19 20 1.1347760470316397
19 21 1.4501394538223347
19 22 1.5272174772655303
19 23 1.2775665074700688
19 24 1.3546901127159987
19 25 1.2239910202039368
19 26 1.3461206613601644
19 27 1.5147732040533026
19 28 1.4263661257780265
19 29 1.4145299456164837
20 21 1.3793703011389171
20 22 1.434784537308015
20 23 1.2797471779816465
20 24 1.3070524901477263
20 25 1.2961584686547265
20 26 1.3027743233257139
20 27 1.4692316444338804
20 28 1.3871476344734157
20 29 1.4347654919965886
21 22 1.4601236433326314
21 23 1.3984172301470519
21 24 1.2162767550423101
21 25 1.2649422234012624
21 26 0.9664413990758475
21 27 1.4646798572837516
21 28 1.2102817973074753
21 29 1.424793939472123
22 23 1.4054273203785779
22 24 1.4524233428680609
22 25 1.3357482908158276
22 26 1.3682639299078863
22 27 1.4002391476151723
22 28 1.267238535830129
22 29 1.3743904296250655
23 24 1.2515538074130883
23 25 1.3137678678171851
23 26 1.332990980638607
23 27 1.3879017030169787
23 28 1.3324865720907086
23 29 1.5261128867638638
24 25 1.165134530477708
24 26 1.330461361310069
24 27 1.3529766573978315
24 28 1.3289476418780968
24 29 1.2918788613368126
25 26 1.2582481251313185
25 27 1.500136798728124
25 28 1.3335514322645303
25 29 1.3870489340075127
26 27 1.613457205165787
26 28 1.2862944543883712
26 29 1.3640666404522952
27 28 1.4626696685452651
27 29 1.309749359766126
28 29 1.2113397613274868
