50 0
0 1 0.8150583802699589
0 2 1.6695843172815066
0 3 1.6177836589424888
0 4 1.3198469470342091
0 5 1.0029361494504054
0 6 1.1948104960257182
0 7 1.091057453969483
0 8 1.1803854478763331
0 9 1.3043353336835104
0 10 1.159763055313357
0 11 1.2497966648405556
0 12 1.1666829801568566
0 13 0.9361371578899624
0 14 1.6586399412072876
0 15 1.1934314339548788
0 16 0.829759713040424
0 17 1.0572764490856732
0 18 1.1486111417331246
0 19 1.4582561326480645
0 20 1.572198421439994
0 21 1.055279065906429
0 22 1.1009487138948857
0 23 1.4171493341650696
0 24 1.1970963588122612
0 25 1.5661496799376498
0 26 1.2197642991136297
0 27 0.7041680261970285
0 28 1.2171212810084142
0 29 1.155324141676444
0 30 1.3223881385674825
0 31 0.7329290462291066
0 32 1.6474607216221495
0 33 1.2549985851606464
0 34 1.1192307111834703
0 35 1.2211850903211607
0 36 1.1894788946829566
0 37 1.312761133315511
0 38 1.5968324576139323
0 39 1.115410590753884
0 40 1.175731094858581
0 41 1.3752662239841087
0 42 1.3093505518026884
0 43 1.254905743140644
0 44 1.4671681073065088
0 45 1.275779911602908
0 46 1.211258817924454
0 47 1.220340989458811
0 48 1.2853260795839323
0 49 0.6901696163665273
1 2 1.574029518106868
1 3 1.5411105995679377
1 4 1.2973079726318788
1 5 1.1155400372528177
1 6 1.3096472672489816
1 7 1.0841264833948803
1 8 1.2294108302923072
1 9 1.2957809466568495
1 10 1.1336437322182913
1 11 1.2640530488975417
1 12 1.2316472515267909
1 13 0.9370253083722353
1 14 1.5609736023546261
1 15 1.191001611380889
1 16 0.817600697256472
1 17 1.2061416955993731
1 18 1.1528111845509528
1 19 1.3803442705805344
1 20 1.512572285304
1 21 1.1012935306099596
1 22 1.139980236311407
1 23 1.387590682300722
1 24 1.2436819329560453
1 25 1.5184162018218321
1 26 1.2172775208598854
1 27 0.7927226697303337
1 28 1.1468040967476314
1 29 1.2066658715524006
1 30 1.3875959041100614
1 31 0.7338013180543046
1 32 1.5414700460608965
1 33 1.2535838559349273
1 34 1.0804904739705348
1 35 1.169173297469435
1 36 1.2436311236186555
1 37 1.253408786351065
1 38 1.5266485523293445
1 39 1.0876539916549248
1 40 1.2411070660644787
1 41 1.451442488391502
1 42 1.2080218003755046
1 43 1.2577543171438617
1 44 1.3813422280349086
1 45 1.2582340660668643
1 46 1.2243623186923005
1 47 1.2375587078780077
1 48 1.219721823224055
1 49 0.6481182207999376
2 3 1.0030011447527694
2 4 1.3567918365305627
2 5 1.5191813758075743
2 6 1.399783849498887
2 7 1.4982109123075469
2 8 1.5354752346626492
2 9 1.4296912322030906
2 10 1.4990890497610792
2 11 1.1648769188727048
2 12 1.3694349935048848
2 13 1.5300124367570986
2 14 0.6335893323590305
2 15 1.5143792737509234
2 16 1.4852835127837483
2 17 1.4403225848430377
2 18 1.4739045485654805
2 19 0.9996919861513436
2 20 0.805507921202254
2 21 1.4587303562288738
2 22 1.413052037371916
2 23 1.1741301716646921
2 24 1.4874387678628986
2 25 0.7937108759164067
2 26 1.467454571384595
2 27 1.6635334241859092
2 28 1.4947866193546395
2 29 1.4366351089977294
2 30 1.301652232022878
2 31 1.5656298608778112
2 32 0.7183822105050894
2 33 1.5494271979115193
2 34 1.509877180139328
2 35 1.468778542262626
2 36 1.2782548443206714
2 37 1.360829795109704
2 38 0.7364917303985599
2 39 1.472539599616552
2 40 1.4543070502521793
2 41 1.2612181945329146
2 42 1.4157021625212391
2 43 1.3969056456057993
2 44 1.1355354411613827
2 45 1.4970502190410413
2 46 1.4454519591650967
2 47 1.485832829850019
2 48 1.3853324214945741
2 49 1.6245375949753598
3 4 1.311566623807279
3 5 1.433168058287796
3 6 1.3851703472557653
3 7 1.4283520815241524
3 8 1.5208861361855501
3 9 1.3202290459213855
3 10 1.4313407785476198
3 11 1.2766653840764095
3 12 1.362337532776488
3 13 1.470699143216947
3 14 1.006130438831201
3 15 1.352231034023314
3 16 1.4744098570363633
3 17 1.3823838841086271
3 18 1.3957074484512235
3 19 1.2264559291777908
3 20 1.168728693014135
3 21 1.4409115773288887
3 22 1.3707106263110282
3 23 1.2828224576389589
3 24 1.4201745574544797
3 25 1.0926841814810353
3 26 1.4473176635982277
3 27 1.632291073906137
3 28 1.4401058427457427
3 29 1.400983570275102
3 30 1.367613709480804
3 31 1.5264635158487896
3 32 1.0717488668723179
3 33 1.4062282484342306
3 34 1.511736587895955
3 35 1.4396722705580474
3 36 1.3588390461404436
3 37 1.5151129723184489
3 38 1.0097797550614263
3 39 1.4289634391893604
3 40 1.4780407987702406
3 41 1.279645807013058
3 42 1.3628808884096537
3 43 1.3440882885428034
3 44 1.1758661076315382
3 45 1.3756817115790592
3 46 1.392660798857273
3 47 1.4331463384730783
3 48 1.353792678222751
3 49 1.602145447910848
4 5 1.2726437247513382
4 6 1.3331237637058904
4 7 1.1944683087078662
4 8 1.3584668944608562
4 9 1.2910161073373456
4 10 1.1971887288335241
4 11 1.1035956395580886
4 12 1.2965546038652294
4 13 1.1982210853010224
4 14 1.3058135125348536
4 15 1.2602911681682525
4 16 1.235565866209927
4 17 1.2824800990181113
4 18 1.3502939829771459
4 19 1.3077500334053513
4 20 1.3115319972913286
4 21 1.2282372426726333
4 22 1.1193836170846743
4 23 1.3782418691559366
4 24 1.4360694641953617
4 25 1.2916099855046654
4 26 1.3554060088211475
4 27 1.302704899509617
4 28 1.287039921944172
4 29 1.174528941965859
4 30 1.339350799423507
4 31 1.3177816941525957
4 32 1.3879038380724604
4 33 1.3082046004261956
4 34 1.1498451321729024
4 35 1.3676823636740096
4 36 1.2664673152487347
4 37 1.3939532619402917
4 38 1.2912762495265682
4 39 1.3319093283471313
4 40 1.293055232772934
4 41 1.3794928956471126
4 42 1.3260095566537937
4 43 1.2251693312979803
4 44 1.3367583278162647
4 45 1.4045217812860755
4 46 1.1336346318870822
4 47 1.350153957883726
4 48 1.3465378060268192
4 49 1.2858680211179288
5 6 1.2416386686953695
5 7 1.1381666128881958
5 8 1.3178678250546794
5 9 1.2217090224855371
5 10 1.1394460237769706
5 11 1.1724943074383551
5 12 1.217494332111033
5 13 1.146136944212735
5 14 1.475525344712617
5 15 1.121804338409298
5 16 1.0645727117720218
5 17 1.0598164935762215
5 18 1.12393456210016
5 19 1.3191142266094968
5 20 1.4500113420473209
5 21 0.9642882929396239
5 22 0.9973523350014782
5 23 1.2950414047335843
5 24 1.0889564961769798
5 25 1.4807764180377154
5 26 1.2547208446689084
5 27 1.1618891894439007
5 28 1.0306089062942634
5 29 1.2215495297503578
5 30 1.2172977166513164
5 31 1.0351087968212374
5 32 1.45861165039641
5 33 1.2802651668833755
5 34 1.1313844166476186
5 35 1.2324331086026026
5 36 1.1981085328952645
5 37 1.3150386524007651
5 38 1.3819698528456699
5 39 1.0914618710435668
5 40 1.1855034891043437
5 41 1.3965269677424168
5 42 1.2462384974277314
5 43 1.1244915700993388
5 44 1.3445679924632405
5 45 1.313018411054157
5 46 1.1469427852990906
5 47 1.2851105021943747
5 48 1.2397283331143887
5 49 1.0903529009893531
6 7 1.3540276183544149
6 8 1.326735736159275
6 9 1.3222831183887234
6 10 1.3923392984200686
6 11 1.3885322601080838
6 12 1.4156226039587512
6 13 1.243072287845271
6 14 1.3856119854594433
6 15 1.1335397392559103
6 16 1.2353131141131015
6 17 1.2510699457070416
6 18 1.2501380860465896
6 19 1.155301692512096
6 20 1.3441311574934844
6 21 1.129725748949316
6 22 1.1831368424632513
6 23 1.3280872933134784
6 24 1.3104012989115115
6 25 1.2873929393646821
6 26 1.2240477790808932
6 27 1.2326380791744327
6 28 1.2274740734822842
6 29 1.1503046698427801
6 30 1.2799641385884515
6 31 1.233969137075431
6 32 1.3567661685789527
6 33 1.3846384332677057
6 34 1.3754569749892116
6 35 0.879283037518339
6 36 1.3185051174874018
6 37 1.4507447617771936
6 38 1.3284850714918033
6 39 1.2797671016921237
6 40 1.3859139559784046
6 41 1.2752098665300808
6 42 0.9419509989498424
6 43 1.3814120509011527
6 44 1.4397648069230786
6 45 1.4677258380162965
6 46 1.3555115099508939
6 47 0.954283671870048
6 48 1.3959494451723795
6 49 1.2652616956524771
7 8 1.2228129694344922
7 9 1.2558712644720182
7 10 0.9637500865011578
7 11 1.1506937247445053
7 12 1.114925603406539
7 13 1.1086923367774042
7 14 1.415275339843933
7 15 1.1173435822667483
7 16 0.945028691952096
7 17 1.0955187221418068
7 18 1.2360937529991054
7 19 1.235726222594794
7 20 1.3597636708244105
7 21 0.9781325620853907
7 22 1.0588029209558836
7 23 1.2880767771965065
7 24 1.2550179094017424
7 25 1.4060079911126395
7 26 1.2384588696143268
7 27 1.123755375452274
7 28 1.2011418682525967
7 29 1.237011181863784
7 30 1.2824982769713704
7 31 1.0442963162305792
7 32 1.4500484655015224
7 33 1.2950437461209905
7 34 1.1032771105737262
7 35 1.2656235119230745
7 36 1.2302118742881545
7 37 1.2781472387357862
7 38 1.3985703737906092
7 39 1.2285288612443999
7 40 1.1999955207314246
7 41 1.5117923103966853
7 42 1.2891401046982456
7 43 1.237863328871149
7 44 1.3120203983183918
7 45 1.195353138457606
7 46 0.9813918781320867
7 47 1.309822494158358
7 48 1.178411386215877
7 49 1.0100728313364427
8 9 0.7928200104415054
8 10 1.3917986288223312
8 11 1.3699002899057908
8 12 1.2439914139327803
8 13 1.2535253960206472
8 14 1.510136473183738
8 15 1.3463753685399693
8 16 1.1645176904676209
8 17 1.3450810511897826
8 18 1.3264473895858366
8 19 1.4616490613755087
8 20 1.4474684710168013
8 21 1.2861052765840986
8 22 1.310916078302152
8 23 1.425341625273173
8 24 1.2850532179479952
8 25 1.5037541624504434
8 26 1.2495534828846735
8 27 1.2135024623208386
8 28 1.3587788244864851
8 29 1.271846435384382
8 30 1.3152622190615373
8 31 1.198546828587162
8 32 1.4956031128624134
8 33 1.2843728001198627
8 34 1.1295262091302187
8 35 1.2772892868215124
8 36 1.4287713509081073
8 37 1.2711387158763392
8 38 1.5106529190318188
8 39 1.1906624239997579
8 40 1.1808433320210692
8 41 1.421830957255802
8 42 1.3273258370869299
8 43 1.4274894147340795
8 44 1.4086275774714576
8 45 1.3926338190051784
8 46 1.3762431729582123
8 47 1.2857190177561886
8 48 1.388257227116243
8 49 1.2383233073090527
9 10 1.34842810535123
9 11 1.3587299012450056
9 12 1.2212691391717567
9 13 1.303860999800344
9 14 1.3914795137166427
9 15 1.2242012722127436
9 16 1.2472166606888204
9 17 1.3405406320305349
9 18 1.2914126491238263
9 19 1.362203595555499
9 20 1.3468622678634825
9 21 1.3012141012018559
9 22 1.3107689627434935
9 23 1.3824799984548282
9 24 1.2005197090464503
9 25 1.4524803649877263
9 26 1.3909525857468268
9 27 1.3269002026763723
9 28 1.3029605719637856
9 29 1.2800308653317625
9 30 1.2301200689953862
9 31 1.309880247122103
9 32 1.3829696394358029
9 33 1.3293468376783593
9 34 1.1856801915699327
9 35 1.2876616764415525
9 36 1.4244632409618043
9 37 1.3395866951503308
9 38 1.346916243861247
9 39 1.2313385335289837
9 40 1.2135016305569208
9 41 1.3868384237378426
9 42 1.304605906121254
9 43 1.437976258067439
9 44 1.3601072387571453
9 45 1.328285827011896
9 46 1.3522248878886707
9 47 1.3396044501725977
9 48 1.301648640382237
9 49 1.3258136161439942
10 11 1.1920765288144735
10 12 1.3395738305645666
10 13 1.1406716699037114
10 14 1.4751064801312757
10 15 1.2864031910873992
10 16 1.1012902313589752
10 17 1.184171656444802
10 18 1.2091584686833234
10 19 1.3468161935632343
10 20 1.4305539575337138
10 21 1.026331692911424
10 22 1.1686221111422663
10 23 1.2618986138617108
10 24 1.2453287216231745
10 25 1.4656456035078729
10 26 1.2829153069399666
10 27 1.202274163973406
10 28 1.1667147336719512
10 29 1.2552330193584238
10 30 1.3487446036236508
10 31 1.1354839862461514
10 32 1.5031725329120864
10 33 1.2331058068340248
10 34 1.1694471566044815
10 35 1.3833062289415217
10 36 1.155074724343037
10 37 1.33519155310433
10 38 1.4484913797790517
10 39 1.3292724035060661
10 40 1.1914564855624497
10 41 1.3910594374736942
10 42 1.4421307104482664
10 43 1.2323475463915905
10 44 1.2474047292056922
10 45 0.9603314930158914
10 46 1.1444893497114845
10 47 1.3776369529701467
10 48 1.062841781598208
10 49 1.1205388023844316
11 12 1.2041125788513223
11 13 1.204383983906833
11 14 1.1539697517763499
11 15 1.399226793757721
11 16 1.160108087429744
11 17 1.319224493667489
11 18 1.2389117903602498
11 19 1.176175625963094
11 20 1.141285347151834
11 21 1.247290998257155
11 22 1.2018976464272784
11 23 1.1718637404132306
11 24 1.407130521109523
11 25 1.1920228405371813
11 26 1.3576140573864548
11 27 1.2784534475589846
11 28 1.32764512841504
11 29 1.3021627555287378
11 30 1.2845365472273986
11 31 1.2248416129133055
11 32 1.2182419362779384
11 33 1.3120569911413706
11 34 1.1598803945953093
11 35 1.4527922247635296
11 36 0.9620661302388557
11 37 1.279752066019519
11 38 1.1857009901647564
11 39 1.283687374244495
11 40 1.1774431397785945
11 41 1.217031837749218
11 42 1.4043476252230456
11 43 1.1231900574385458
11 44 1.254239660608732
11 45 1.374947408304789
11 46 1.202392462003968
11 47 1.5059650151340858
11 48 1.2167639179471526
11 49 1.2406311245166544
12 13 1.2014125499783384
12 14 1.3667842192220843
12 15 1.3367046057258833
12 16 1.1060618752910891
12 17 1.1996394826397314
12 18 1.1755637950283382
12 19 1.3000595256534648
12 20 1.2986339327844778
12 21 1.2336707400477105
12 22 1.2701150045944423
12 23 1.2977138371456627
12 24 1.1484710489708077
12 25 1.323394297027463
12 26 1.386046842615522
12 27 1.1890698243683047
12 28 1.2454184522313994
12 29 1.279603135845014
12 30 1.3866295140759641
12 31 1.1714315448372363
12 32 1.3502808569635427
12 33 1.4114126144960921
12 34 1.2400541666176947
12 35 1.4349639669883902
12 36 1.1926775623596608
12 37 1.3389773439362855
12 38 1.2918902102312497
12 39 1.1393755065260196
12 40 1.2818650045787157
12 41 1.3663854939541409
12 42 1.379581396805701
12 43 1.2633412913603534
12 44 1.3817562607067473
12 45 1.3791472699792027
12 46 1.2389865728295653
12 47 1.4029774121782692
12 48 1.3606674344714196
12 49 1.1877721706741717
13 14 1.5061960103677994
13 15 1.1727920473387567
13 16 0.9201135239220389
13 17 1.1634615829418429
13 18 1.2134635121099937
13 19 1.3968947148820217
13 20 1.44859052217877
13 21 1.201128210615214
13 22 1.1145972715631802
13 23 1.399181215400023
13 24 1.1768913985383491
13 25 1.4992604626432666
13 26 1.205444860865971
13 27 0.9287865374243182
13 28 1.2132749283963615
13 29 1.0324784425961604
13 30 1.2914209538904584
13 31 0.908848829606246
13 32 1.5441831933936092
13 33 1.2667432035238597
13 34 1.1286397651960811
13 35 1.2635948786242228
13 36 1.2326880051583213
13 37 1.3105527446115843
13 38 1.4719084314401514
13 39 1.0447941927798585
13 40 1.1502532621938226
13 41 1.477558532316464
13 42 1.315362405590365
13 43 1.2574490760981747
13 44 1.4128201242172356
13 45 1.2655122431059473
13 46 1.1120299656926085
13 47 1.2904362805861105
13 48 1.227057306119702
13 49 0.8989925640535193
14 15 1.4608247698923267
14 16 1.459018195618931
14 17 1.3959987029866396
14 18 1.4602464507956046
14 19 0.8913067893971959
14 20 0.6684425673072236
14 21 1.4386771869057016
14 22 1.3511545208399605
14 23 1.1812109568249622
14 24 1.486016348860399
14 25 0.7477383095597617
14 26 1.5075943640908867
14 27 1.6398068461957853
14 28 1.4415418683432013
14 29 1.3993868018673243
14 30 1.3170881857380459
14 31 1.599303758932087
14 32 0.5727498614482168
14 33 1.5277351498260063
14 34 1.4369602476337429
14 35 1.4300971802316553
14 36 1.2530299431802068
14 37 1.3687164643970895
14 38 0.5829854636105509
14 39 1.390084542094565
14 40 1.3665945549852243
14 41 1.2285640115543486
14 42 1.3575535471467652
14 43 1.3399338233393385
14 44 1.1798385968260277
14 45 1.5014200068772854
14 46 1.3417571736017093
14 47 1.4646224999440247
14 48 1.329949580470309
14 49 1.5872623013970615
15 16 1.1450051789548683
15 17 1.1169270437853303
15 18 1.2011532459983687
15 19 1.2986321117898856
15 20 1.3876565851281442
15 21 1.0843534603224796
15 22 1.1383897433805272
15 23 1.4136231645180064
15 24 1.2052463774825481
15 25 1.4334331832758846
15 26 1.257746250938227
15 27 1.1890092175489266
15 28 1.1055756728492392
15 29 1.1390522457361576
15 30 1.2236574013563553
15 31 1.1319234625878918
15 32 1.46973389267404
15 33 1.3570669511298628
15 34 1.367503901217867
15 35 1.097790124462563
15 36 1.4320150803565606
15 37 1.331936839570386
15 38 1.420820319689536
15 39 1.1864715904353678
15 40 1.3475853287649324
15 41 1.4808144662345577
15 42 1.1468653633655788
15 43 1.3239475420762155
15 44 1.4114440177439112
15 45 1.324654706762834
15 46 1.072720528135398
15 47 1.1247568470877372
15 48 1.3653568365134026
15 49 1.1888468233277627
16 17 1.0913976851991753
16 18 1.1163427721653196
16 19 1.2138029939801074
16 20 1.3984367984812054
16 21 0.956483477892157
16 22 1.075208791303543
16 23 1.314213502365658
16 24 1.1428613146240039
16 25 1.4384896560937104
16 26 1.1035392633561774
16 27 0.8620675528395312
16 28 1.1359526426202378
16 29 1.183463603150761
16 30 1.3040516598174212
16 31 0.6195711690724083
16 32 1.4730381961235692
16 33 1.2592238973033074
16 34 1.0673534436608436
16 35 1.2270565952871617
16 36 1.096344571608313
16 37 1.271480626791368
16 38 1.3893207317105232
16 39 0.9681902669470389
16 40 1.1850484904602456
16 41 1.404221866876017
16 42 1.2775948536177137
16 43 1.1425157872686427
16 44 1.316370982590611
16 45 1.2734224200679352
16 46 1.1266011647889513
16 47 1.238442417915689
16 48 1.2037729833369568
16 49 0.7618277052560345
17 18 1.224693134596107
17 19 1.260887415957066
17 20 1.3917727658536236
17 21 1.0229737508250527
17 22 1.095926122198898
17 23 1.2943875352387457
17 24 1.1594317588285967
17 25 1.3413816981773343
17 26 1.2287546576864896
17 27 1.1831548171587352
17 28 1.2083096854233975
17 29 1.200614933586666
17 30 1.2529237300638054
17 31 1.1110155479148305
17 32 1.4570913762330455
17 33 1.2538310741532868
17 34 1.298793438901911
17 35 1.3259998870446668
17 36 1.1846618684045376
17 37 1.3596432705960098
17 38 1.3728565173357532
17 39 1.1523541313086727
17 40 1.2949196467313286
17 41 1.4009224272066645
17 42 1.282911380633195
17 43 1.3323328582488647
17 44 1.3793520572164855
17 45 1.3577450304187957
17 46 1.1106453655204118
17 47 1.3194649664230615
17 48 1.2635417437946885
17 49 1.1265151412235808
18 19 1.3359407070815401
18 20 1.3220736260153707
18 21 1.091038177300737
18 22 1.2129708180672207
18 23 1.3136333786575713
18 24 1.2983358284598596
18 25 1.3565799792446496
18 26 1.2343644660981012
18 27 1.2221451072444864
18 28 1.2001829751997608
18 29 1.2736264897572795
18 30 1.3263633840038223
18 31 1.161191698344597
18 32 1.4352073721542922
18 33 1.2821587242120371
18 34 1.183747291326502
18 35 1.271209126142634
18 36 1.1738357599815041
18 37 1.3558793808813554
18 38 1.3329179965428075
18 39 1.2488088762583691
18 40 1.2775145693306182
18 41 1.27840299455194
18 42 1.2750655501689077
18 43 1.3648980378693167
18 44 1.4543292415988578
18 45 1.3175452471556444
18 46 1.190667894772818
18 47 1.2361393313114983
18 48 1.2809225806653872
18 49 1.2404231086267536
19 20 0.898123672308259
19 21 1.139922027033318
19 22 1.1716542476602911
19 23 1.0997040337404111
19 24 1.3412003616073438
19 25 0.9174240220944387
19 26 1.3949072203026165
19 27 1.4217465137360397
19 28 1.3642693241203323
19 29 1.3483092505143643
19 30 1.3235437919200428
19 31 1.3280629376404134
19 32 0.7932563183303656
19 33 1.4761241769727071
19 34 1.3624394052063271
19 35 1.1921279268535394
19 36 1.167049241763113
19 37 1.3231221519725365
19 38 0.7594495184469409
19 39 1.3029517589759916
19 40 1.338103361282413
19 41 1.2950807700718885
19 42 1.226453151065533
19 43 1.3448349034052447
19 44 1.2908187260496011
19 45 1.49567098705383
19 46 1.2717851320076685
19 47 1.285532999659419
19 48 1.3255034295388697
19 49 1.3862791858360555
20 21 1.4196642013055827
20 22 1.3038156417249878
20 23 1.1637048156844634
20 24 1.4468269289576796
20 25 0.790390868699447
20 26 1.4733725151616979
20 27 1.5457023879843093
20 28 1.4257549167032453
20 29 1.375951913431317
20 30 1.3001603345340425
20 31 1.4922474132006869
20 32 0.7523127861021166
20 33 1.5165100729733643
20 34 1.3789257355932707
20 35 1.4011819379998385
20 36 1.2137991189897128
20 37 1.3515297043285415
20 38 0.693615978507489
20 39 1.330479512638923
20 40 1.2684368726923283
20 41 1.2066868309237224
20 42 1.3954293158573645
20 43 1.360429244751797
20 44 1.1963750179535466
20 45 1.4961168732194279
20 46 1.325276652330091
20 47 1.4872593368331017
20 48 1.3597129078752426
20 49 1.5082314361424212
21 22 0.9246398501108045
21 23 1.3098026864419328
21 24 1.2007924732705928
21 25 1.397779268330725
21 26 1.1079186786457924
21 27 1.1047336125510776
21 28 1.0367563838153147
21 29 1.2031832395827815
21 30 1.2569249078934022
21 31 0.9642391860660776
21 32 1.4045254824702578
21 33 1.360687618964008
21 34 1.1072083555615317
21 35 1.1468790620784333
21 36 1.118647569601615
21 37 1.2539116126970447
21 38 1.3743942123832864
21 39 1.1880926975083335
21 40 1.2006600559516742
21 41 1.3720967480283388
21 42 1.1522135159385711
21 43 1.2219524272017197
21 44 1.3684949100440655
21 45 1.3208156187887268
21 46 1.105372546012914
21 47 1.1030696716437607
21 48 1.2695874614343112
21 49 1.0579899635985122
22 23 1.3359185332093781
22 24 1.381479196655291
22 25 1.2444668015348765
22 26 1.1724266842736522
22 27 1.1167787170841146
22 28 1.2393444738120631
22 29 1.1065024610354577
22 30 1.2403740451377208
22 31 1.0497773044514203
22 32 1.3744160576584536
22 33 1.38056148095686
22 34 1.157495758864408
22 35 1.1472660596999629
22 36 1.260019304680651
22 37 1.2759101221257394
22 38 1.2966422264983366
22 39 1.166032730611225
22 40 1.139268202219594
22 41 1.3640688540410266
22 42 1.0690146757550505
22 43 1.2230789947213638
22 44 1.346015775306841
22 45 1.2857743166076478
22 46 1.1153559664622037
22 47 1.1733835392049274
22 48 1.2291157988121801
22 49 1.0867341301312445
23 24 1.293831661635102
23 25 1.2172099970476067
23 26 1.341473822969158
23 27 1.4712764873982838
23 28 1.342079511823255
23 29 1.3133582798673846
23 30 1.3039316176301678
23 31 1.357846101854615
23 32 1.1039108014424044
23 33 1.4341624636776018
23 34 1.3874424202552047
23 35 1.3874758437316257
23 36 1.0522226375473511
23 37 1.2571102715829507
23 38 1.106064607489309
23 39 1.217822559302345
23 40 1.3319299151796242
23 41 1.2372663353940871
23 42 1.3994626953732996
23 43 1.1883849396488735
23 44 1.0894608338272185
23 45 1.353518378789346
23 46 1.3355906464190181
23 47 1.5246080935359967
23 48 1.2554803209794827
23 49 1.4375056730708944
24 25 1.6208079802618438
24 26 1.3743008833102492
24 27 1.2354016881010006
24 28 1.0710555561054136
24 29 1.2502997698038472
24 30 1.3374022443513651
24 31 1.1599444091295745
24 32 1.4022333418937223
24 33 1.3815277243925252
24 34 1.2485619344377936
24 35 1.3724291234957389
24 36 1.2490602810121754
24 37 1.3295525874656209
24 38 1.3993842802423517
24 39 1.1661973002017199
24 40 1.3279189787617116
24 41 1.4574162211364152
24 42 1.35193456248373
24 43 1.2767602582498483
24 44 1.4065601791911804
24 45 1.2406978615879285
24 46 1.2621260525537863
24 47 1.3616729788423025
24 48 1.2862691113017266
24 49 1.1700992684445184
25 26 1.4539682673097758
25 27 1.558915365201242
25 28 1.54229797020968
25 29 1.3908422190036214
25 30 1.3306181513251354
25 31 1.532951604874643
25 32 0.8052370849547996
25 33 1.4930310827422921
25 34 1.4936068228803265
25 35 1.4039708127093153
25 36 1.283657160864385
25 37 1.3537820469389368
25 38 0.7668776527071739
25 39 1.4459864155451434
25 40 1.4351946000147644
25 41 1.2267831546321573
25 42 1.301750865787855
25 43 1.366498026816321
25 44 1.229305793983808
25 45 1.5235773094287957
25 46 1.362200843621295
25 47 1.4233589659092756
25 48 1.3482424720189001
25 49 1.5316816956105859
26 27 1.1754242971722382
26 28 1.329720275853027
26 29 1.2826111369781745
26 30 1.2969351047257662
26 31 1.1200992818621949
26 32 1.5196019274390298
26 33 1.1690233313966478
26 34 1.3486423145453579
26 35 1.281919856104647
26 36 1.323369049669842
26 37 1.2458581430802347
26 38 1.469803146481252
26 39 1.219595049992852
26 40 1.3199364739911037
26 41 1.4393684059553982
26 42 1.1615703678746943
26 43 1.245251752072373
26 44 1.4013481527594753
26 45 1.4321593553709884
26 46 1.1910022725396088
26 47 1.23920136315102
26 48 1.4126178347336424
26 49 1.2006865235935837
27 28 1.21000630493776
27 29 1.2398709994182608
27 30 1.3487601621905063
27 31 0.6403972157995725
27 32 1.6199109814862824
27 33 1.3502129538494356
27 34 1.1232973445478682
27 35 1.171851482028058
27 36 1.248549898900889
27 37 1.3031828392207558
27 38 1.6003516066545496
27 39 1.1101478274472694
27 40 1.1914626709640013
27 41 1.378725452997717
27 42 1.2630522773966462
27 43 1.2055380577546424
27 44 1.5131411974147053
27 45 1.295433362018493
27 46 1.2182439600587505
27 47 1.2122259359953467
27 48 1.2898113880298483
27 49 0.5268786829570854
28 29 1.1282100331616367
28 30 1.321011292018096
28 31 1.1302142884609871
28 32 1.4454134073877578
28 33 1.4060918881795268
28 34 1.2057520814679796
28 35 1.2508498070454521
28 36 1.2099505204791647
28 37 1.3806379636917787
28 38 1.4224696082022803
28 39 1.1294855402753998
28 40 1.2278551847954322
28 41 1.4240216680570392
28 42 1.2585862166984987
28 43 1.237613756300172
28 44 1.4161977711316234
28 45 1.199955407462851
28 46 1.2099483787901701
28 47 1.272981476303569
28 48 1.2745393634428805
28 49 1.1435483999546594
29 30 1.2208729250280843
29 31 1.2167300945520105
29 32 1.4682228413618736
29 33 1.2875145646279769
29 34 1.2337994796279088
29 35 1.2455532480535119
29 36 1.2643454953232318
29 37 1.3559075492449133
29 38 1.3687557347066963
29 39 1.092208997726175
29 40 1.2923695481796258
29 41 1.3604165621863882
29 42 1.2194352594268125
29 43 1.2473001352717241
29 44 1.3072432988678186
29 45 1.3597102104882635
29 46 1.23173707352822
29 47 1.2589554956455253
29 48 1.339774658349068
29 49 1.2234537440250266
30 31 1.3046788136178802
30 32 1.3148022425692139
30 33 1.422455911287283
30 34 1.3282288536663256
30 35 1.318616967498412
30 36 1.3289135636980072
30 37 1.3523347102115746
30 38 1.265638549512189
30 39 1.235741340362368
30 40 1.3744904887089675
30 41 1.3622821367205122
30 42 1.2372443605679924
30 43 1.3025792222833243
30 44 1.3512516025375678
30 45 1.3946297433879087
30 46 1.3125449763359582
30 47 1.3249188676870485
30 48 1.3336241249968166
30 49 1.3562939808975814
31 32 1.5565632091940564
31 33 1.3245312235196867
31 34 1.0861301578844464
31 35 1.1699170048247145
31 36 1.1430519725114197
31 37 1.2446157249362193
31 38 1.5214916914080636
31 39 1.027982673864593
31 40 1.1669611626428358
31 41 1.4103146185977236
31 42 1.281754380657986
31 43 1.1504072481876093
31 44 1.4079312940413873
31 45 1.2858799296787409
31 46 1.1865908889249646
31 47 1.2373272800234427
31 48 1.2746321355994337
31 49 0.5831039301925183
32 33 1.5474686162360056
32 34 1.4733136860634544
32 35 1.3691625771319824
32 36 1.2507493841115314
32 37 1.3587558715902697
32 38 0.5865086854127476
32 39 1.3820907582735336
32 40 1.3978671456553995
32 41 1.2113605117229203
32 42 1.3007879634938189
32 43 1.3653253365614941
32 44 1.1841545837364083
32 45 1.5249392572564768
32 46 1.4314264710377722
32 47 1.4370258391092219
32 48 1.346226020398366
32 49 1.5740963967707375
33 34 1.2985574761676761
33 35 1.4217336229176325
33 36 1.3476519374144347
33 37 1.3486006212927735
33 38 1.530131752260369
33 39 1.3539431689855836
33 40 1.387081891588978
33 41 1.3442084661902394
33 42 1.3404952783224449
33 43 1.4116112079662992
33 44 1.4639371697562962
33 45 1.3885372737968036
33 46 1.3415975842144678
33 47 1.3693910163806386
33 48 1.4033910621528283
33 49 1.3711266087199747
34 35 1.3557274890927107
34 36 1.1787342093763309
34 37 1.314595439182356
34 38 1.474922962022038
34 39 1.2026419181236943
34 40 0.8258477195408835
34 41 1.409279412090751
34 42 1.3730893442627703
34 43 1.232548115208367
34 44 1.409901321159578
34 45 1.2694042049618826
34 46 1.2342315802205701
34 47 1.4181357577552083
34 48 1.2198356251491824
34 49 1.0407272812557047
35 36 1.4242614670481715
35 37 1.4074085827092964
35 38 1.3628235271285445
35 39 1.3285795842044044
35 40 1.3744459502998794
35 41 1.3666466528827794
35 42 0.8206441712312097
35 43 1.40255957825488
35 44 1.374052986433658
35 45 1.445887628479014
35 46 1.3099157780728177
35 47 0.755114075179264
35 48 1.420351478008978
35 49 1.2148758131668036
36 37 1.2330965606363904
36 38 1.2395934176804662
36 39 1.2727673316205943
36 40 1.202819916639444
36 41 1.1745083312396354
36 42 1.4386140881326124
36 43 1.1196295691504907
36 44 1.313969955130578
36 45 1.3412516922879403
36 46 1.3239409358969954
36 47 1.5003822486932086
36 48 1.310763655212255
36 49 1.2079556317087565
37 38 1.3540620257757658
37 39 1.2861762488689434
37 40 1.3062655618089156
37 41 1.382626349698108
37 42 1.3742025864251939
37 43 1.2701758677712847
37 44 1.398346262307798
37 45 1.3811365755203011
37 46 1.3407042067915553
37 47 1.4670171700236856
37 48 1.3604121411462784
37 49 1.2826606045947289
38 39 1.341613027381067
38 40 1.4188452881797513
38 41 1.215764259669599
38 42 1.2994528047851803
38 43 1.2964909958844926
38 44 1.190185633253805
38 45 1.5189005458202396
38 46 1.313640783587724
38 47 1.4295885829456667
38 48 1.359895538786093
38 49 1.564193063779988
39 40 1.256014393045329
39 41 1.3883179485229271
39 42 1.2647857240955933
39 43 1.2247767753767498
39 44 1.3040967197863969
39 45 1.3604323615652956
39 46 1.2775258403415108
39 47 1.393607923958942
39 48 1.2588517241843333
39 49 1.0545099682530648
40 41 1.3691231284902232
40 42 1.4275342023590858
40 43 1.331107517678372
40 44 1.2945010485994544
40 45 1.276824523332814
40 46 1.261481071986042
40 47 1.4376003637724981
40 48 1.291886213910149
40 49 1.1428202692755363
41 42 1.3042345912343203
41 43 1.333071458684556
41 44 1.361652518003175
41 45 1.4893606562864024
41 46 1.523386087620577
41 47 1.353495893636101
41 48 1.3766524183789517
41 49 1.4653161508557204
42 43 1.3718976589625174
42 44 1.4318228638758455
42 45 1.4698422916709155
42 46 1.2993944614938866
42 47 0.8851732219309951
42 48 1.3910793135035286
42 49 1.2657113705334426
43 44 1.2807100625273988
43 45 1.3316439313008757
43 46 1.1836979923445246
43 47 1.5053512036829806
43 48 1.2933158320831901
43 49 1.1663594019700971
44 45 1.3626559355076278
44 46 1.339651848841244
44 47 1.4425149923387237
44 48 1.30103735072129
44 49 1.444980836037544
45 46 1.254996134614472
45 47 1.4298968395296932
45 48 0.8653538531886249
45 49 1.242456735154874
46 47 1.3071538356997305
46 48 1.268399867493284
46 49 1.1818361369582338
47 48 1.3656029352515675
47 49 1.2755551638245752
48 49 1.2266656020638116
